0.000000 0.000000
0.000000 0.000000
0.000000 0.000000
0.000000 0.000000
0.000000 0.000000
0.000000 0.000000
0.000000 0.000000
0.000000 0.000000
0.000000 0.000000
0.000000 0.000000
0.000000 0.000000
0.000000 0.000000
0.000000 0.000000
0.000000 0.000000
0.000000 0.000000
0.000000 0.000000
0.000000 0.000000
0.000000 0.000000
0.000000 0.000378
0.000000 0.006719
0.000000 0.031986
0.000000 0.087849
0.000000 0.177292
0.000000 0.293684
0.000000 0.419755
0.000000 0.529914
0.000000 0.602032
0.000000 0.626161
0.000000 0.605064
0.000000 0.549673
0.000000 0.473662
0.000000 0.389498
0.000000 0.306502
0.000000 0.230500
0.000000 0.164366
0.000000 0.108895
0.000000 0.063648
0.000000 0.027594
0.000000 -0.000476
0.000000 -0.021727
0.000000 -0.037200
0.000000 -0.047797
0.000378 -0.054313
0.006719 -0.057462
0.031986 -0.057898
0.087849 -0.056225
0.176914 -0.052996
0.287343 -0.048707
0.394488 -0.043788
0.474051 -0.038596
0.512588 -0.033414
0.509391 -0.028455
0.472652 -0.023865
0.414248 -0.019732
0.345682 -0.016099
0.275925 -0.012971
0.210829 -0.010328
0.153479 -0.008133
0.104951 -0.006336
0.065079 -0.004888
0.033072 -0.003734
0.008300 -0.002827
-0.004643 -0.002122
0.006315 -0.001580
0.052080 -0.001167
0.134973 -0.000855
0.248147 -0.000622
0.379377 -0.000409
0.515531 -0.000253
0.645307 -0.000139
0.755731 -0.000058
0.829980 0.000000
0.855311 0.000000
0.829530 0.000000
0.760701 0.000000
0.662730 0.000000
0.550489 0.000000
0.436509 0.000000
0.329580 0.000000
0.234770 0.000000
0.154188 0.000000
0.087951 0.000000
0.035047 0.000000
-0.006038 0.000000
-0.036556 0.000000
-0.052467 0.000000
-0.042206 0.000000
0.004657 0.000000
0.090002 0.000000
0.206580 0.000000
0.341430 0.000000
0.475571 0.000000
0.584819 0.000000
0.649929 0.000000
0.663923 0.000000
0.631860 0.000000
0.566224 0.000000
0.481438 0.000000
0.390193 0.000000
0.301722 0.000000
0.221625 0.000000
0.152523 0.000000
0.094992 0.000000
0.048421 0.000000
0.011650 0.000000
-0.016625 0.000378
-0.037651 0.006719
-0.052538 0.031986
-0.062263 0.087849
-0.067692 0.176914
-0.069569 0.287343
-0.068667 0.394488
-0.065647 0.474051
-0.061110 0.512588
-0.055587 0.509391
-0.049535 0.472652
-0.043328 0.414248
-0.037255 0.345682
-0.031570 0.275925
-0.026360 0.210829
-0.021707 0.153479
-0.017645 0.104951
-0.014169 0.065079
-0.011247 0.033072
-0.008453 0.007922
-0.000143 -0.011363
0.026706 -0.025671
0.083823 -0.035769
0.174251 -0.042320
0.291784 -0.045915
0.424781 -0.047097
0.560652 -0.046369
0.688967 -0.044196
0.802830 -0.041002
0.898340 -0.037160
0.969176 -0.032988
1.003437 -0.028740
0.991471 -0.024614
0.932663 -0.020750
0.835564 -0.017238
0.714039 -0.014124
0.582558 -0.011425
0.453146 -0.009131
0.334096 -0.007214
0.230025 -0.005638
0.142639 -0.004362
0.071696 -0.003341
0.015851 -0.002536
-0.026719 -0.001908
-0.057938 -0.001424
-0.079625 -0.001054
-0.093424 -0.000774
-0.100793 -0.000564
-0.103021 -0.000031
-0.101250 0.006467
-0.096493 0.031847
-0.089639 0.087790
-0.081451 0.177292
-0.072572 0.294062
-0.063520 0.426096
-0.054695 0.555180
-0.046386 0.657895
-0.038784 0.715604
-0.031998 0.721834
-0.026069 0.682085
-0.020987 0.609088
-0.016706 0.517478
-0.013156 0.420074
-0.010255 0.326174
-0.007916 0.241387
-0.006054 0.168310
-0.004589 0.107464
-0.003450 0.058171
-0.002531 0.019196
-0.001832 -0.010463
-0.001306 -0.026536
-0.000913 -0.017242
-0.000622 0.028058
-0.000409 0.111054
-0.000253 0.219080
-0.000139 0.326735
-0.000058 0.409027
0.000000 0.451887
0.000000 0.454056
0.000000 0.423256
0.000000 0.370978
0.000000 0.308427
0.000000 0.244355
0.000000 0.184469
0.000000 0.131772
0.000000 0.087306
0.000000 0.050910
0.000000 0.021824
0.000000 -0.000531
0.000000 -0.011506
0.000000 0.001035
0.000000 0.048055
0.000000 0.131554
0.000000 0.239149
0.000000 0.345698
0.000000 0.426434
0.000000 0.467479
0.000000 0.467766
0.000000 0.435083
0.000000 0.381007
0.000000 0.316802
0.000000 0.251253
0.000000 0.190078
0.000000 0.136241
0.000000 0.090827
0.000000 0.053654
0.000000 0.023941
0.000000 0.000709
0.000000 -0.017001
0.000000 -0.029655
0.000000 -0.032391
0.000000 -0.012870
0.000000 0.040025
0.000000 0.128771
0.000000 0.246639
0.000000 0.381126
0.000000 0.513614
0.000000 0.620326
0.000000 0.682364
0.000000 0.692954
0.000000 0.657413
0.000000 0.588338
0.000000 0.500241
0.000000 0.405950
0.000000 0.314749
0.000000 0.232257
0.000000 0.161096
0.000000 0.101826
0.000000 0.053809
0.000000 0.015855
0.000378 -0.013376
0.006719 -0.035164
0.031986 -0.050652
0.087849 -0.060845
0.177292 -0.066634
0.293684 -0.068827
0.419755 -0.068162
0.529914 -0.065277
0.602032 -0.060840
0.626161 -0.055393
0.605064 -0.049396
0.549673 -0.043270
0.473662 -0.037255
0.389498 -0.031570
0.306502 -0.026360
0.230500 -0.021707
0.164366 -0.017645
0.108895 -0.014169
0.063648 -0.011247
0.027594 -0.008831
-0.000098 -0.006862
-0.015008 -0.005280
-0.005214 -0.004025
0.040051 -0.003041
0.122601 -0.002278
0.229881 -0.001693
0.336590 -0.001248
0.417827 -0.000913
0.459592 -0.000622
0.460683 -0.000409
0.428864 -0.000253
0.375652 -0.000139
0.312267 -0.000058
0.247470 0.000000
0.186963 0.000000
0.133747 0.000000
0.088852 0.000000
0.052108 0.000000
0.022743 0.000000
-0.000210 0.000000
-0.017699 0.000378
-0.030559 0.006719
-0.039503 0.031986
-0.045147 0.087849
-0.048037 0.176914
-0.048677 0.287343
-0.047536 0.394488
-0.045052 0.474051
-0.041625 0.512588
-0.037569 0.509391
-0.033240 0.472652
-0.028880 0.414248
-0.024673 0.345682
-0.020750 0.275925
-0.017238 0.210829
-0.014124 0.153479
-0.011425 0.104951
-0.009131 0.065079
-0.007214 0.033072
-0.005638 0.008300
-0.004362 -0.004643
-0.003341 0.006315
-0.002536 0.052080
-0.001908 0.134595
-0.001424 0.241427
-0.001054 0.347391
-0.000774 0.427682
-0.000564 0.468392
-0.000409 0.468388
-0.000253 0.435492
-0.000139 0.381260
-0.000058 0.316941
0.000000 0.251311
0.000000 0.190078
0.000000 0.136241
0.000000 0.090827
0.000000 0.053654
0.000000 0.023941
0.000000 0.000709
0.000000 -0.017001
0.000000 -0.029655
0.000000 -0.032391
0.000000 -0.012870
0.000000 0.040025
0.000000 0.128771
0.000000 0.246639
0.000000 0.381504
0.000000 0.520333
0.000000 0.652312
0.000000 0.770213
0.000000 0.869869
0.000000 0.944756
0.000000 0.982826
0.000000 0.974292
0.000000 0.918538
0.000000 0.824139
0.000000 0.704909
0.000000 0.575344
0.000000 0.447508
0.000000 0.329735
0.000000 0.226683
0.000000 0.140103
0.000000 0.069787
0.000000 0.014428
0.000000 -0.027773
0.000378 -0.058712
0.006719 -0.080189
0.031986 -0.093833
0.087849 -0.101046
0.177292 -0.103160
0.294062 -0.101308
0.426474 -0.096493
0.561900 -0.089639
0.689881 -0.081451
0.803075 -0.072572
0.892407 -0.063520
0.944162 -0.054695
0.947714 -0.046386
0.902086 -0.038784
0.815893 -0.031998
0.703152 -0.026069
0.578614 -0.020987
0.454577 -0.016706
0.339574 -0.013156
0.238423 -0.010255
0.153003 -0.007916
0.083224 -0.006054
0.027880 -0.004589
-0.014725 -0.003450
-0.046391 -0.002153
-0.068825 0.004887
-0.083569 0.030680
-0.091993 0.086935
-0.095316 0.176670
-0.094623 0.293654
-0.090885 0.426222
-0.084965 0.561760
-0.077610 0.689822
-0.069458 0.803075
-0.061026 0.892407
-0.052720 0.944162
-0.044839 0.947714
-0.037586 0.902086
-0.031079 0.815893
-0.025370 0.703152
-0.020461 0.578614
-0.016313 0.454577
-0.012865 0.339574
-0.010041 0.238423
-0.007760 0.153003
-0.005941 0.083224
-0.004508 0.027880
-0.003391 -0.014725
-0.002153 -0.046391
0.004887 -0.068825
0.030680 -0.083569
0.086935 -0.091993
0.176292 -0.095316
0.286934 -0.094623
0.394236 -0.090885
0.473912 -0.084965
0.512530 -0.077610
0.509391 -0.069458
0.472652 -0.061026
0.414248 -0.052720
0.345682 -0.044839
0.275925 -0.037586
0.210829 -0.031079
0.153479 -0.025370
0.104951 -0.020461
0.065079 -0.016313
0.033072 -0.012865
0.007922 -0.010041
-0.011363 -0.007760
-0.025671 -0.005941
-0.035769 -0.004508
-0.042320 -0.003391
-0.045915 -0.002153
-0.047097 0.004887
-0.046369 0.030680
-0.044196 0.086935
-0.041002 0.176670
-0.037160 0.293654
-0.032988 0.426222
-0.028740 0.561760
-0.024614 0.689822
-0.020750 0.803453
-0.017238 0.898749
-0.014124 0.969428
-0.011425 1.003576
-0.009131 0.991530
-0.007214 0.932663
-0.005638 0.835564
-0.004362 0.714039
-0.003341 0.582558
-0.002536 0.453146
-0.001908 0.334096
-0.001424 0.230025
-0.001054 0.142639
-0.000774 0.071696
-0.000564 0.015851
-0.000409 -0.026719
-0.000253 -0.057938
0.000238 -0.079625
0.006661 -0.093424
0.031986 -0.100793
0.087849 -0.103021
0.176914 -0.101250
0.287343 -0.096493
0.394488 -0.089639
0.474051 -0.081451
0.512588 -0.072572
0.509391 -0.063520
0.472652 -0.054695
0.414248 -0.046386
0.345682 -0.038784
0.275925 -0.031998
0.210829 -0.026069
0.153479 -0.020987
0.104951 -0.016706
0.065079 -0.013156
0.033072 -0.010255
0.007922 -0.007916
-0.011363 -0.006054
-0.025671 -0.004589
-0.035769 -0.003450
-0.042320 -0.002531
-0.045915 -0.001454
-0.047097 0.005413
-0.046369 0.031073
-0.044196 0.087226
-0.041002 0.176884
-0.037160 0.293432
-0.032988 0.419615
-0.028740 0.529856
-0.024614 0.602032
-0.020750 0.626161
-0.017238 0.605064
-0.014124 0.549673
-0.011425 0.473662
-0.009131 0.389498
-0.007214 0.306502
-0.005638 0.230500
-0.004362 0.164366
-0.003341 0.108895
-0.002536 0.063648
-0.001908 0.027594
-0.001046 -0.000476
0.005666 -0.021727
0.031212 -0.037200
0.087284 -0.047797
0.176506 -0.054313
0.287090 -0.057462
0.394349 -0.057898
0.473993 -0.056225
0.512588 -0.052996
0.509391 -0.048707
0.472652 -0.043788
0.414248 -0.038596
0.345682 -0.033414
0.275925 -0.028455
0.210829 -0.023865
0.153479 -0.019732
0.104951 -0.016099
0.065079 -0.012971
0.033072 -0.010328
0.008300 -0.008133
-0.004643 -0.006336
0.006315 -0.004888
0.052080 -0.003734
0.134595 -0.002827
0.241427 -0.002122
0.347391 -0.001580
0.427682 -0.001167
0.468392 -0.000855
0.468388 -0.000622
0.435492 -0.000409
0.381260 -0.000253
0.316941 -0.000139
0.251311 -0.000058
0.190078 0.000000
0.136241 0.000000
0.090827 0.000000
0.053654 0.000000
0.023941 0.000000
0.000709 0.000378
-0.017001 0.006719
-0.030033 0.031986
-0.039110 0.087849
-0.044856 0.177292
-0.047824 0.293684
-0.048521 0.419755
-0.047423 0.529914
-0.044970 0.602032
-0.041567 0.626161
-0.037569 0.605064
-0.033240 0.549673
-0.028880 0.473662
-0.024673 0.389498
-0.020750 0.306502
-0.017238 0.230500
-0.014124 0.164366
-0.011425 0.108895
-0.009131 0.063648
-0.007214 0.027594
-0.005638 -0.000098
-0.004362 -0.015008
-0.003341 -0.005214
-0.002536 0.040051
-0.001908 0.122979
-0.001424 0.236600
-0.001054 0.368576
-0.000774 0.505298
-0.000564 0.630165
-0.000409 0.722759
-0.000253 0.767490
-0.000139 0.760260
-0.000058 0.708086
0.000000 0.624449
0.000000 0.524190
0.000000 0.420014
0.000000 0.320962
0.000000 0.232360
0.000000 0.156550
0.000000 0.093854
0.000000 0.043436
0.000000 0.003944
0.000000 -0.026103
0.000000 -0.047734
0.000000 -0.056624
0.000000 -0.040931
0.000000 0.010021
0.000000 0.098319
0.000000 0.216887
0.000000 0.353336
0.000000 0.494319
0.000000 0.628798
0.000000 0.749325
0.000000 0.851638
0.000000 0.929058
0.000000 0.969511
0.000000 0.963195
0.000000 0.909409
0.000000 0.816721
0.000000 0.698951
0.000000 0.570612
0.000000 0.443789
0.000000 0.326841
0.000000 0.224453
0.000000 0.138400
0.000000 0.068498
0.000000 0.013460
0.000000 -0.028493
0.000000 -0.058866
0.000000 -0.073819
0.000000 -0.062061
0.000000 -0.013353
0.000000 0.073641
0.000000 0.185953
0.000000 0.297937
0.000000 0.384413
0.000000 0.431137
0.000000 0.436818
0.000000 0.409132
0.000000 0.359553
0.000000 0.299296
0.000000 0.237142
0.000000 0.178831
0.000000 0.127410
0.000000 0.083965
0.000000 0.048374
0.000000 0.019916
0.000378 -0.002332
0.006719 -0.019279
0.031986 -0.031725
0.087849 -0.040358
0.177292 -0.045769
0.294062 -0.048446
0.426474 -0.048930
0.561900 -0.047675
0.689881 -0.045110
0.803453 -0.041625
0.898749 -0.037569
0.969428 -0.033240
1.003576 -0.028880
0.991530 -0.024673
0.932663 -0.020750
0.835564 -0.017238
0.714039 -0.014124
0.582558 -0.011425
0.453146 -0.009131
0.334096 -0.007214
0.230025 -0.005638
0.142639 -0.004362
0.071696 -0.003341
0.015851 -0.002536
-0.026719 -0.001908
-0.057938 -0.001046
-0.079625 0.005666
-0.093424 0.031212
-0.100793 0.087284
-0.103021 0.176884
-0.101250 0.293810
-0.096493 0.426335
-0.089639 0.561842
-0.081451 0.689503
-0.072572 0.796733
-0.063520 0.867140
-0.054695 0.888299
-0.046386 0.858270
-0.038784 0.785316
-0.031998 0.683481
-0.026069 0.567727
-0.020987 0.450633
-0.016706 0.341005
-0.013156 0.243900
-0.010255 0.161401
-0.007916 0.093589
-0.006054 0.039408
-0.004589 -0.002697
-0.003450 -0.034397
-0.002531 -0.057278
-0.001454 -0.072769
0.005413 -0.082138
0.031073 -0.086516
0.087226 -0.086918
0.176884 -0.084258
0.293432 -0.079357
0.419615 -0.072936
0.529856 -0.065617
0.602032 -0.057911
0.626161 -0.050225
0.605064 -0.042865
0.549673 -0.036040
0.473662 -0.029881
0.389498 -0.024451
0.306502 -0.019762
0.230500 -0.015787
0.164366 -0.012472
0.108895 -0.009750
0.063648 -0.007546
0.027594 -0.005785
-0.000476 -0.004395
-0.021727 -0.003310
-0.037200 -0.002095
-0.047797 0.004887
-0.054313 0.030680
-0.057462 0.086935
-0.057898 0.176292
-0.056225 0.286934
-0.052996 0.394236
-0.048707 0.473912
-0.043788 0.512530
-0.038596 0.509391
-0.033414 0.472652
-0.028455 0.414248
-0.023865 0.345682
-0.019732 0.275925
-0.016099 0.210829
-0.012971 0.153479
-0.010328 0.104951
-0.008133 0.065079
-0.006336 0.033072
-0.004888 0.007922
-0.003734 -0.011363
-0.002827 -0.025671
-0.001744 -0.035769
0.005140 -0.042320
0.030819 -0.045915
0.086993 -0.047097
0.176670 -0.046369
0.293654 -0.044196
0.426222 -0.041002
0.561760 -0.037160
0.689822 -0.032988
0.803075 -0.028740
0.892407 -0.024614
0.944162 -0.020750
0.947714 -0.017238
0.902086 -0.014124
0.815893 -0.011425
0.703152 -0.009131
0.578614 -0.007214
0.454577 -0.005638
0.339574 -0.004362
0.238423 -0.003341
0.153003 -0.002536
0.083224 -0.001908
0.027880 -0.001424
-0.014725 -0.001054
-0.046391 -0.000774
-0.068825 -0.000564
-0.083191 -0.000409
-0.085274 -0.000253
-0.063330 -0.000139
-0.006774 -0.000058
0.086029 0.000000
0.202378 0.000000
0.316878 0.000000
0.404594 0.000000
0.451563 0.000000
0.456671 0.000000
0.427813 0.000000
0.376662 0.000000
0.314603 0.000000
0.250555 0.000000
0.190368 0.000000
0.137166 0.000000
0.092087 0.000000
0.055038 0.000000
0.025312 0.000000
0.001981 0.000000
-0.015871 0.000000
-0.028685 0.000000
-0.031580 0.000000
-0.012166 0.000000
0.040627 0.000000
0.129281 0.000000
0.247071 0.000000
0.381869 0.000000
0.520645 0.000000
0.652581 0.000000
0.770407 0.000000
0.870008 0.000000
0.944814 0.000000
0.982826 0.000000
0.974292 0.000000
0.918538 0.000000
0.824139 0.000000
0.704909 0.000000
0.575344 0.000000
0.447508 0.000000
0.329735 0.000000
0.226683 0.000000
0.140103 0.000000
0.069787 0.000000
0.014428 0.000000
-0.027773 0.000000
-0.058712 0.000000
-0.080189 0.000000
-0.093833 0.000000
-0.101046 0.000000
-0.103160 0.000000
-0.100930 0.000000
-0.089774 0.000000
-0.057653 0.000000
0.006397 0.000000
0.104720 0.000000
0.230542 0.000000
0.371779 0.000000
0.515514 0.000000
0.651097 0.000000
0.771455 0.000000
0.872680 0.000000
0.948441 0.000000
0.986871 0.000000
0.978374 0.000000
0.922408 0.000000
0.827648 0.000000
0.707985 0.000000
0.577968 0.000000
0.449696 0.000000
0.331566 0.000000
0.228193 0.000000
0.141333 0.000000
0.070782 0.000000
0.015229 0.000000
-0.027128 0.000000
-0.057813 0.000000
-0.073045 0.000000
-0.061496 0.000000
-0.012945 0.000000
0.073894 0.000000
0.186093 0.000000
0.297995 0.000000
0.384413 0.000000
0.431137 0.000000
0.436818 0.000000
0.409132 0.000000
0.359553 0.000000
0.299296 0.000000
0.237142 0.000000
0.178831 0.000000
0.127410 0.000000
0.083965 0.000000
0.048374 0.000000
0.019916 0.000000
-0.002332 0.000000
-0.019279 0.000000
-0.031725 0.000000
-0.040358 0.000000
-0.045769 0.000000
-0.048446 0.000000
-0.048930 0.000000
-0.047675 0.000000
-0.045110 0.000000
-0.041625 0.000000
-0.037569 0.000000
-0.033240 0.000000
-0.028880 0.000000
-0.024673 0.000000
-0.020750 0.000000
-0.017238 0.000000
-0.014124 0.000000
-0.011425 0.000000
-0.009131 0.000000
-0.007214 0.000000
-0.005638 0.000000
-0.004362 0.000000
-0.003341 0.000000
-0.002536 0.000000
-0.001908 0.000000
-0.001424 0.000000
-0.001054 0.000000
-0.000774 0.000000
-0.000564 0.000000
-0.000409 0.000000
-0.000253 0.000000
-0.000139 0.000000
-0.000058 0.000000
0.000000 0.000000
0.000000 0.000000
0.000000 0.000000
0.000000 0.000000
0.000000 0.000000
0.000000 0.000000
0.000000 0.000000
0.000000 0.000000
0.000000 0.000000
0.000000 0.000000
0.000000 0.000000
0.000000 0.000000
0.000000 0.000000
0.000000 0.000000
0.000000 0.000000
0.000000 0.000000
0.000000 0.000000
0.000000 0.000000
0.000000 0.000000
0.000000 0.000000
0.000000 0.000000
0.000000 0.000000
0.000000 0.000000
0.000000 0.000000
0.000000 0.000000
0.000000 0.000000
0.000000 0.000000
0.000000 0.000000
0.000000 0.000000
0.000000 0.000000
0.000000 0.000000
0.000000 0.000000
0.000000 0.000000
0.000000 0.000000
0.000000 0.000000
0.000000 0.000000
0.000000 0.000000
0.000000 0.000000
0.000000 0.000000
0.000000 0.000000
0.000000 0.000000
0.000000 0.000000
0.000000 0.000000
0.000000 0.000000
0.000000 0.000000
