0.000000 0.000000
0.000000 0.000000
0.000000 0.000000
0.000000 0.000000
0.000000 0.000000
0.000000 0.000000
0.000000 0.000000
0.000000 0.000000
0.000000 0.000000
0.000000 0.000000
0.000000 0.000000
0.000000 0.000000
0.000000 0.000000
0.000000 0.000000
0.000000 0.000000
0.000378 0.000000
0.006719 0.000000
0.031986 0.000000
0.087849 0.000000
0.177292 0.000000
0.293684 0.000000
0.419755 0.000000
0.529914 0.000000
0.602032 0.000000
0.626161 0.000000
0.605064 0.000000
0.549673 0.000000
0.473662 0.000000
0.389498 0.000000
0.306502 0.000000
0.230500 0.000000
0.164366 0.000000
0.108895 0.000000
0.063648 0.000000
0.027594 0.000000
-0.000476 0.000378
-0.021727 0.006719
-0.037200 0.031986
-0.047797 0.087849
-0.054313 0.177292
-0.057462 0.294062
-0.057898 0.426474
-0.056225 0.561900
-0.052996 0.689881
-0.048707 0.803453
-0.043788 0.898749
-0.038596 0.969428
-0.033414 1.003576
-0.028455 0.991530
-0.023865 0.932663
-0.019732 0.835564
-0.016099 0.714039
-0.012971 0.582558
-0.010328 0.453146
-0.008133 0.334096
-0.006336 0.230025
-0.004888 0.142639
-0.003734 0.071696
-0.002827 0.015851
-0.002122 -0.026719
-0.001202 -0.057938
0.005553 -0.079625
0.031131 -0.093424
0.087226 -0.100793
0.176884 -0.103021
0.293810 -0.101250
0.426335 -0.096493
0.561842 -0.089639
0.689881 -0.081451
0.803075 -0.072572
0.892407 -0.063520
0.944162 -0.054695
0.947714 -0.046386
0.902086 -0.038784
0.815893 -0.031998
0.703152 -0.026069
0.578614 -0.020987
0.454577 -0.016706
0.339574 -0.013156
0.238423 -0.010255
0.153003 -0.007916
0.083224 -0.006054
0.027880 -0.004589
-0.014725 -0.003450
-0.046391 -0.002153
-0.068825 0.004887
-0.083569 0.030680
-0.091993 0.086935
-0.095316 0.176670
-0.094623 0.293654
-0.090885 0.426222
-0.084965 0.561760
-0.077610 0.689822
-0.069458 0.803075
-0.061026 0.892407
-0.052720 0.944162
-0.044839 0.947714
-0.037586 0.902086
-0.031079 0.815893
-0.025370 0.703152
-0.020461 0.578614
-0.016313 0.454577
-0.012865 0.339574
-0.010041 0.238423
-0.007760 0.153003
-0.005941 0.083224
-0.004508 0.027880
-0.003391 -0.014725
-0.002153 -0.046391
0.004887 -0.068825
0.030680 -0.083569
0.086935 -0.091993
0.176292 -0.095316
0.286934 -0.094623
0.394236 -0.090885
0.473912 -0.084965
0.512530 -0.077610
0.509391 -0.069458
0.472652 -0.061026
0.414248 -0.052720
0.345682 -0.044839
0.275925 -0.037586
0.210829 -0.031079
0.153479 -0.025370
0.104951 -0.020461
0.065079 -0.016313
0.033072 -0.012865
0.008300 -0.010041
-0.004643 -0.007760
0.006315 -0.005941
0.052080 -0.004508
0.134595 -0.003391
0.241427 -0.002531
0.347391 -0.001832
0.427682 -0.001306
0.468392 -0.000913
0.468388 -0.000622
0.435492 -0.000409
0.381260 -0.000253
0.316941 -0.000139
0.251311 -0.000058
0.190078 0.000000
0.136241 0.000000
0.090827 0.000000
0.053654 0.000000
0.023941 0.000000
0.000709 0.000000
-0.017001 0.000000
-0.030033 0.000000
-0.039110 0.000000
-0.044856 0.000000
-0.047824 0.000378
-0.048521 0.006719
-0.047423 0.031986
-0.044970 0.087849
-0.041567 0.176914
-0.037569 0.287343
-0.033240 0.394488
-0.028880 0.474051
-0.024673 0.512588
-0.020750 0.509391
-0.017238 0.472652
-0.014124 0.414248
-0.011425 0.345682
-0.009131 0.275925
-0.007214 0.210829
-0.005638 0.153479
-0.004362 0.104951
-0.003341 0.065079
-0.002536 0.033072
-0.001908 0.008300
-0.001424 -0.004643
-0.001054 0.006315
-0.000774 0.052080
-0.000564 0.134595
-0.000409 0.241427
-0.000253 0.347391
-0.000139 0.427682
-0.000058 0.468392
0.000000 0.468388
0.000000 0.435492
0.000000 0.381260
0.000000 0.316941
0.000000 0.251311
0.000000 0.190078
0.000000 0.136241
0.000000 0.090827
0.000000 0.053654
0.000000 0.023941
0.000378 0.000709
0.006719 -0.017001
0.031986 -0.030033
0.087849 -0.039110
0.177292 -0.044856
0.294062 -0.047824
0.426474 -0.048521
0.561900 -0.047423
0.689881 -0.044970
0.803075 -0.041567
0.892407 -0.037569
0.944162 -0.033240
0.947714 -0.028880
0.902086 -0.024673
0.815893 -0.020750
0.703152 -0.017238
0.578614 -0.014124
0.454577 -0.011425
0.339574 -0.009131
0.238423 -0.007214
0.153003 -0.005638
0.083224 -0.004362
0.027880 -0.003341
-0.014725 -0.002536
-0.046391 -0.001908
-0.068825 -0.001424
-0.083569 -0.001054
-0.091993 -0.000774
-0.094938 -0.000564
-0.087903 -0.000409
-0.058899 -0.000253
0.002884 -0.000139
0.099304 -0.000058
0.217885 0.000000
0.333463 0.000000
0.421331 0.000000
0.467749 0.000000
0.471805 0.000000
0.441573 0.000000
0.388877 0.000000
0.325221 0.000000
0.259613 0.000000
0.197964 0.000000
0.143438 0.000000
0.097191 0.000000
0.059138 0.000000
0.028564 0.000000
0.004531 0.000378
-0.013893 0.006719
-0.027503 0.031986
-0.037075 0.087849
-0.043233 0.177292
-0.046538 0.294062
-0.047506 0.426474
-0.046622 0.561900
-0.044336 0.689881
-0.041060 0.803075
-0.037160 0.892407
-0.032988 0.944162
-0.028740 0.947714
-0.024614 0.902086
-0.020750 0.815893
-0.017238 0.703152
-0.014124 0.578614
-0.011425 0.454577
-0.009131 0.339574
-0.007214 0.238423
-0.005638 0.153003
-0.004362 0.083224
-0.003341 0.027880
-0.002536 -0.014725
-0.001530 -0.046391
0.005296 -0.068825
0.030932 -0.083569
0.087075 -0.091993
0.176350 -0.095316
0.286934 -0.094623
0.394236 -0.090885
0.473912 -0.084965
0.512530 -0.077610
0.509391 -0.069458
0.472652 -0.061026
0.414248 -0.052720
0.345682 -0.044839
0.275925 -0.037586
0.210829 -0.031079
0.153479 -0.025370
0.104951 -0.020461
0.065079 -0.016313
0.033072 -0.012865
0.008300 -0.010041
-0.004643 -0.007760
0.006315 -0.005941
0.052080 -0.004508
0.134973 -0.003391
0.247769 -0.002531
0.372657 -0.001832
0.483545 -0.001306
0.557836 -0.000913
0.585158 -0.000622
0.567904 -0.000409
0.516686 -0.000253
0.444922 -0.000139
0.364883 -0.000058
0.285752 0.000000
0.213263 0.000000
0.150242 0.000000
0.097470 0.000000
0.054518 0.000000
0.020380 0.000000
-0.006114 0.000378
-0.026089 0.006719
-0.040541 0.031986
-0.050333 0.087849
-0.056222 0.176914
-0.058886 0.287343
-0.058951 0.394488
-0.056999 0.474051
-0.053560 0.512588
-0.049116 0.509391
-0.044040 0.472652
-0.038735 0.414248
-0.033472 0.345682
-0.028455 0.275925
-0.023865 0.210829
-0.019732 0.153479
-0.016099 0.104951
-0.012971 0.065079
-0.010328 0.033072
-0.008133 0.007922
-0.005959 -0.011363
0.001832 -0.025671
0.028252 -0.035769
0.085021 -0.042320
0.175170 -0.045915
0.292483 -0.047097
0.425307 -0.046369
0.561045 -0.044196
0.689258 -0.041002
0.802667 -0.037160
0.892154 -0.032988
0.944022 -0.028740
0.947656 -0.024614
0.902086 -0.020750
0.815893 -0.017238
0.703152 -0.014124
0.578614 -0.011425
0.454577 -0.009131
0.339574 -0.007214
0.238423 -0.005638
0.153003 -0.004362
0.083224 -0.003341
0.027880 -0.002536
-0.014725 -0.001908
-0.046391 -0.001424
-0.068825 -0.001054
-0.083191 -0.000774
-0.085274 -0.000564
-0.063330 -0.000409
-0.006774 -0.000253
0.086029 -0.000139
0.202378 -0.000058
0.316878 0.000000
0.404594 0.000000
0.451563 0.000000
0.456671 0.000000
0.427813 0.000000
0.376662 0.000000
0.314603 0.000000
0.250555 0.000000
0.190368 0.000000
0.137166 0.000000
0.092087 0.000000
0.055038 0.000000
0.025312 0.000000
0.001981 0.000000
-0.015871 0.000000
-0.029063 0.000000
-0.038299 0.000000
-0.044152 0.000000
-0.046844 0.000000
-0.041291 0.000000
-0.015005 0.000000
0.043244 0.000000
0.136037 0.000000
0.256762 0.000000
0.393428 0.000000
0.533160 0.000000
0.665266 0.000000
0.782702 0.000000
0.881511 0.000000
0.955304 0.000000
0.992151 0.000000
0.982399 0.000000
0.925449 0.000000
0.829926 0.000000
0.709678 0.000000
0.579216 0.000000
0.450610 0.000000
0.332188 0.000000
0.228601 0.000000
0.141585 0.000000
0.070922 0.000000
0.015287 0.000000
-0.027128 0.000000
-0.058190 0.000000
-0.079764 0.000378
-0.093483 0.006719
-0.100793 0.031986
-0.103021 0.087849
-0.101250 0.177292
-0.096493 0.293684
-0.089639 0.419755
-0.081451 0.529914
-0.072572 0.602032
-0.063520 0.626161
-0.054695 0.605064
-0.046386 0.549673
-0.038784 0.473662
-0.031998 0.389498
-0.026069 0.306502
-0.020987 0.230500
-0.016706 0.164366
-0.013156 0.108895
-0.010255 0.063648
-0.007916 0.027594
-0.006054 -0.000098
-0.004589 -0.015008
-0.003450 -0.005214
-0.002531 0.040051
-0.001832 0.122979
-0.001306 0.236600
-0.000913 0.368576
-0.000622 0.505675
-0.000409 0.636507
-0.000253 0.748026
-0.000139 0.823352
-0.000058 0.849703
0.000000 0.824856
0.000000 0.756861
0.000000 0.659616
0.000000 0.547994
0.000000 0.434534
0.000000 0.328033
0.000000 0.233572
0.000000 0.153269
0.000000 0.087252
0.000000 0.034521
0.000000 -0.006431
0.000000 -0.036847
0.000000 -0.052681
0.000000 -0.042362
0.000000 0.004544
0.000000 0.089921
0.000000 0.206144
0.000000 0.335088
0.000000 0.450305
0.000000 0.528956
0.000000 0.560486
0.000000 0.547153
0.000000 0.499448
0.000000 0.430798
0.000000 0.353458
0.000000 0.276621
0.000000 0.206049
0.000000 0.144604
0.000000 0.093109
0.000000 0.051177
0.000000 0.017844
0.000378 -0.008022
0.006719 -0.027512
0.031986 -0.041595
0.087849 -0.051107
0.177292 -0.056786
0.294062 -0.059294
0.426474 -0.059204
0.561522 -0.057138
0.683161 -0.053618
0.771467 -0.049116
0.811278 -0.044040
0.798855 -0.038735
0.741500 -0.033472
0.652904 -0.028455
0.548055 -0.023865
0.439746 -0.019732
0.337061 -0.016099
0.245331 -0.012971
0.166879 -0.010328
0.101987 -0.008133
0.049773 -0.006336
0.008832 -0.004888
-0.022369 -0.003356
-0.045284 0.003892
-0.061222 0.029864
-0.071338 0.086269
-0.076660 0.175748
-0.078118 0.286487
-0.076553 0.393866
-0.072729 0.473643
-0.067328 0.512336
-0.060943 0.509251
-0.054070 0.472594
-0.047111 0.414248
-0.040370 0.345682
-0.034065 0.275925
-0.028335 0.210829
-0.023253 0.153479
-0.018843 0.104951
-0.015088 0.065079
-0.011946 0.033072
-0.009357 0.007922
-0.007255 -0.010985
-0.005571 -0.018952
-0.004239 -0.003783
-0.003197 0.045529
-0.002391 0.131377
-0.001774 0.246965
-0.001306 0.379727
-0.000913 0.510984
-0.000622 0.616892
-0.000409 0.678444
-0.000253 0.688846
-0.000139 0.653345
-0.000058 0.584474
0.000000 0.496728
0.000000 0.402837
0.000000 0.312050
0.000000 0.229962
0.000000 0.159179
0.000000 0.100251
0.000000 0.052533
0.000000 0.014835
0.000000 -0.013804
0.000000 -0.029073
0.000000 -0.019150
0.000000 0.026634
0.000000 0.110001
0.000000 0.218306
0.000000 0.326171
0.000000 0.408619
0.000000 0.451635
0.000000 0.453916
0.000000 0.423198
0.000000 0.370978
0.000000 0.308427
0.000000 0.244355
0.000000 0.184469
0.000000 0.131772
0.000000 0.087306
0.000000 0.050910
0.000000 0.021824
0.000000 -0.000909
0.000378 -0.018225
0.006719 -0.030951
0.031986 -0.039794
0.087849 -0.045361
0.177292 -0.048193
0.293684 -0.048790
0.419755 -0.047617
0.529914 -0.045110
0.602032 -0.041625
0.626161 -0.037569
0.605064 -0.033240
0.549673 -0.028880
0.473662 -0.024673
0.389498 -0.020750
0.306502 -0.017238
0.230500 -0.014124
0.164366 -0.011425
0.108895 -0.009131
0.063648 -0.007214
0.027594 -0.005638
-0.000476 -0.003984
-0.021727 0.003378
-0.037200 0.029450
-0.047797 0.085940
-0.054313 0.175491
-0.057462 0.286289
-0.057898 0.393714
-0.056225 0.473487
-0.052996 0.512180
-0.048707 0.509138
-0.043788 0.472513
-0.038596 0.414189
-0.033414 0.345682
-0.028455 0.275925
-0.023865 0.210829
-0.019732 0.153479
-0.016099 0.104951
-0.012971 0.065079
-0.010328 0.033072
-0.007755 0.007922
0.000383 -0.011363
0.027099 -0.025671
0.084114 -0.035769
0.174465 -0.042320
0.291940 -0.045915
0.424894 -0.047097
0.560355 -0.046369
0.682306 -0.044196
0.770844 -0.041002
0.810869 -0.037160
0.798603 -0.032988
0.741361 -0.028740
0.652846 -0.024614
0.548055 -0.020750
0.439746 -0.017238
0.337061 -0.014124
0.245331 -0.011425
0.166879 -0.009131
0.101987 -0.007214
0.049773 -0.005638
0.008832 -0.004362
-0.022369 -0.002964
-0.045284 0.004183
-0.061222 0.030078
-0.071338 0.086425
-0.076660 0.176238
-0.078118 0.293288
-0.076553 0.425910
-0.072729 0.561491
-0.067328 0.689628
-0.060943 0.803313
-0.054070 0.898690
-0.047111 0.969428
-0.040370 1.003576
-0.034065 0.991530
-0.028335 0.932663
-0.023253 0.835564
-0.018843 0.714039
-0.015088 0.582558
-0.011946 0.453146
-0.009357 0.334096
-0.007255 0.230025
-0.005571 0.142639
-0.004239 0.071696
-0.003197 0.015851
-0.002391 -0.026719
-0.001396 -0.057938
0.005413 -0.079625
0.031073 -0.093424
0.087226 -0.100793
0.176884 -0.103021
0.293810 -0.101250
0.426335 -0.096493
0.561842 -0.089639
0.689881 -0.081451
0.803075 -0.072572
0.892407 -0.063520
0.944162 -0.054695
0.947714 -0.046386
0.902086 -0.038784
0.815893 -0.031998
0.703152 -0.026069
0.578614 -0.020987
0.454577 -0.016706
0.339574 -0.013156
0.238423 -0.010255
0.153003 -0.007916
0.083224 -0.006054
0.027880 -0.004589
-0.014725 -0.003450
-0.046391 -0.002153
-0.068825 0.004887
-0.083569 0.030680
-0.091993 0.086935
-0.095316 0.176670
-0.094623 0.293654
-0.090885 0.426222
-0.084965 0.561760
-0.077610 0.689445
-0.069458 0.796733
-0.061026 0.867140
-0.052720 0.888299
-0.044839 0.858270
-0.037586 0.785316
-0.031079 0.683481
-0.025370 0.567727
-0.020461 0.450633
-0.016313 0.341005
-0.012865 0.243900
-0.010041 0.161401
-0.007760 0.093589
-0.005941 0.039408
-0.004508 -0.002697
-0.003391 -0.034397
-0.002531 -0.057278
-0.001832 -0.072391
-0.001306 -0.075418
-0.000913 -0.054530
-0.000622 0.000931
-0.000409 0.093034
-0.000253 0.214328
-0.000139 0.346818
-0.000058 0.464297
0.000000 0.544121
0.000000 0.575935
0.000000 0.562200
0.000000 0.513634
0.000000 0.443781
0.000000 0.365046
0.000000 0.286740
0.000000 0.214714
0.000000 0.151894
0.000000 0.099145
0.000000 0.056102
0.000000 0.021809
0.000378 -0.004871
0.006719 -0.025037
0.031986 -0.039672
0.087849 -0.049629
0.176914 -0.055620
0.287343 -0.058375
0.394488 -0.058520
0.474051 -0.056633
0.512588 -0.053249
0.509391 -0.048847
0.472652 -0.043846
0.414248 -0.038596
0.345682 -0.033414
0.275925 -0.028455
0.210829 -0.023865
0.153479 -0.019732
0.104951 -0.016099
0.065079 -0.012971
0.033072 -0.010328
0.007922 -0.008133
-0.011363 -0.006336
-0.025671 -0.004510
-0.035769 0.002985
-0.042320 0.029159
-0.045915 0.085726
-0.047097 0.175712
-0.046369 0.292895
-0.044196 0.425241
-0.041002 0.554558
-0.037160 0.657486
-0.032988 0.715352
-0.028740 0.721695
-0.024614 0.682027
-0.020750 0.609088
-0.017238 0.517478
-0.014124 0.420074
-0.011425 0.326174
-0.009131 0.241387
-0.007214 0.168310
-0.005638 0.107464
-0.004362 0.058171
-0.003341 0.019196
-0.002536 -0.010840
-0.001908 -0.033256
-0.001424 -0.049228
-0.001054 -0.059413
-0.000774 -0.059141
-0.000564 -0.036276
-0.000409 0.020095
-0.000253 0.112268
-0.000139 0.233361
-0.000058 0.371139
0.000000 0.512504
0.000000 0.646611
0.000000 0.765820
0.000000 0.860837
0.000000 0.917802
0.000000 0.926006
0.000000 0.884441
0.000000 0.801723
0.000000 0.691905
0.000000 0.569783
0.000000 0.447715
0.000000 0.334293
0.000000 0.234398
0.000000 0.149962
0.000000 0.080946
0.000000 0.026187
0.000000 -0.015973
0.000378 -0.047304
0.006719 -0.069447
0.031986 -0.083977
0.087849 -0.092246
0.176914 -0.095455
0.287343 -0.094681
0.394488 -0.090885
0.474051 -0.084965
0.512588 -0.077610
0.509391 -0.069458
0.472652 -0.061026
0.414248 -0.052720
0.345682 -0.044839
0.275925 -0.037586
0.210829 -0.031079
0.153479 -0.025370
0.104951 -0.020461
0.065079 -0.016313
0.033072 -0.012865
0.008300 -0.010041
-0.004643 -0.007760
0.006315 -0.005941
0.052080 -0.004508
0.134973 -0.003391
0.248147 -0.002531
0.379377 -0.001832
0.515531 -0.001306
0.645307 -0.000913
0.755731 -0.000622
0.829980 -0.000409
0.855311 -0.000253
0.829530 -0.000139
0.760701 -0.000058
0.662730 0.000000
0.550489 0.000000
0.436509 0.000000
0.329580 0.000000
0.234770 0.000000
0.154188 0.000000
0.087951 0.000000
0.035047 0.000000
-0.006038 0.000000
-0.036933 0.000000
-0.059186 0.000000
-0.074192 0.000000
-0.083192 0.000000
-0.087290 0.000000
-0.087482 0.000000
-0.084666 0.000000
-0.079609 0.000000
-0.073076 0.000000
-0.065675 0.000000
-0.057911 0.000000
-0.050225 0.000000
-0.042865 0.000000
-0.036040 0.000000
-0.029881 0.000000
-0.024451 0.000000
-0.019762 0.000000
-0.015787 0.000000
-0.012472 0.000000
-0.009750 0.000000
-0.007546 0.000000
-0.005785 0.000000
-0.004395 0.000000
-0.003310 0.000000
-0.002472 0.000000
-0.001832 0.000000
-0.001306 0.000000
-0.000913 0.000000
-0.000622 0.000000
-0.000409 0.000000
-0.000253 0.000000
-0.000139 0.000000
-0.000058 0.000000
0.000000 0.000000
0.000000 0.000000
0.000000 0.000000
0.000000 0.000000
0.000000 0.000000
0.000000 0.000000
0.000000 0.000000
0.000000 0.000000
0.000000 0.000000
0.000000 0.000000
0.000000 0.000000
0.000000 0.000000
0.000000 0.000000
0.000000 0.000000
0.000000 0.000000
0.000000 0.000000
0.000000 0.000000
0.000000 0.000000
0.000000 0.000000
0.000000 0.000000
0.000000 0.000000
0.000000 0.000000
0.000000 0.000000
0.000000 0.000000
0.000000 0.000000
0.000000 0.000000
0.000000 0.000000
0.000000 0.000000
0.000000 0.000000
0.000000 0.000000
0.000000 0.000000
0.000000 0.000000
0.000000 0.000000
0.000000 0.000000
0.000000 0.000000
0.000000 0.000000
0.000000 0.000000
0.000000 0.000000
0.000000 0.000000
0.000000 0.000000
0.000000 0.000000
0.000000 0.000000
0.000000 0.000000
0.000000 0.000000
0.000000 0.000000
0.000000 0.000000
0.000000 0.000000
0.000000 0.000000
0.000000 0.000000
0.000000 0.000000
0.000000 0.000000
0.000000 0.000000
0.000000 0.000000
0.000000 0.000000
0.000000 0.000000
0.000000 0.000000
0.000000 0.000000
0.000000 0.000000
0.000000 0.000000
0.000000 0.000000
