0.000000 0.000000
0.000000 0.000000
0.000000 0.000000
0.000000 0.000000
0.000000 0.000000
0.000000 0.000000
0.000000 0.000000
0.000000 0.018566
0.000000 0.165070
0.000000 0.420840
0.000000 0.559289
0.000000 0.498568
0.000000 0.341739
0.000000 0.189522
0.000000 0.079108
0.000000 0.009577
0.018566 -0.029568
0.165070 -0.047478
0.439405 -0.051044
0.724358 -0.045910
0.919408 -0.036718
0.901028 -0.026824
0.688090 -0.018181
0.420847 -0.011557
0.199099 -0.006945
0.049540 -0.003971
-0.037901 -0.002172
-0.080612 0.017424
-0.093389 0.164491
-0.087761 0.439214
-0.072734 0.724358
-0.054899 0.937974
-0.038380 1.047532
-0.025126 0.962426
-0.015527 0.705800
-0.009116 0.412714
-0.005112 0.177664
-0.002750 0.023497
-0.001333 -0.062902
0.017987 -0.101522
0.164878 -0.109197
0.439405 -0.098777
0.724358 -0.079900
0.937974 -0.059290
1.047532 -0.040934
0.962426 -0.026543
0.705800 -0.016282
0.412714 -0.009503
0.177664 -0.005304
0.023497 -0.002750
-0.062902 -0.001333
-0.082956 -0.000578
0.055873 -0.000192
0.322062 0.000000
0.479389 0.000000
0.439279 0.000000
0.300806 0.000000
0.162979 0.000000
0.062826 0.000000
0.000074 0.000000
-0.016306 0.000000
0.114841 0.000000
0.387028 0.000000
0.677869 0.000000
0.901064 0.000000
1.020708 0.000000
0.944245 0.000000
0.694244 0.000000
0.405770 0.000000
0.173693 0.000000
0.021325 0.000000
-0.064043 0.000000
-0.102100 0.018566
-0.109388 0.165070
-0.098777 0.439405
-0.079900 0.724358
-0.059290 0.937974
-0.040934 1.047532
-0.026543 0.962426
-0.016282 0.705800
-0.009503 0.412714
-0.005304 0.177664
-0.002750 0.023497
-0.001333 -0.062902
-0.000578 -0.101522
-0.000192 -0.109197
0.018566 -0.098777
0.165070 -0.079900
0.420840 -0.059290
0.559289 -0.040934
0.498568 -0.026543
0.341739 -0.016282
0.189522 -0.009503
0.079108 -0.005304
0.009577 -0.002750
-0.011003 -0.001333
0.117591 -0.000578
0.388361 -0.000192
0.659882 0.000000
0.736186 0.000000
0.599869 0.000000
0.384956 0.000000
0.195676 0.000000
0.064030 0.000000
-0.015829 0.000000
-0.057783 0.000000
-0.073620 0.000000
-0.072532 0.018566
-0.061910 0.165070
-0.047733 0.439405
-0.033989 0.724358
-0.022572 0.919408
-0.014110 0.901028
-0.008362 0.688090
-0.004725 0.420847
-0.002559 0.199099
-0.001333 0.049540
-0.000578 -0.037901
-0.000192 -0.062046
0.000000 0.071681
0.000000 0.333078
0.000000 0.486555
0.000000 0.443670
0.000000 0.303359
0.000000 0.164396
0.000000 0.063581
0.000000 0.000461
0.000000 -0.034680
0.000000 -0.050228
0.000000 -0.033811
0.000000 0.118581
0.000000 0.402496
0.000000 0.697535
0.000000 0.901227
0.000000 0.889472
0.000000 0.681146
0.000000 0.416877
0.000000 0.196927
0.000000 0.048398
0.000000 -0.038480
0.018566 -0.080804
0.165070 -0.093389
0.439405 -0.087761
0.724358 -0.072734
0.937974 -0.054899
1.047532 -0.038380
0.962426 -0.025126
0.705800 -0.015527
0.412714 -0.009116
0.177664 -0.005112
0.023497 -0.002750
-0.062902 -0.001333
-0.082956 -0.000578
0.055873 -0.000192
0.340628 0.000000
0.644459 0.000000
0.860118 0.000000
0.860094 0.000000
0.661547 0.000000
0.404566 0.000000
0.189596 0.000000
0.044236 0.000000
-0.040651 0.000000
-0.081945 0.018566
-0.093967 0.165070
-0.087953 0.420840
-0.072734 0.559289
-0.054899 0.498568
-0.038380 0.341739
-0.025126 0.189522
-0.015527 0.079108
-0.009116 0.009577
0.013454 -0.029568
0.162319 -0.047478
0.419507 -0.051044
0.558710 -0.045910
0.498377 -0.036718
0.341739 -0.026824
0.189522 -0.018181
0.079108 -0.011557
0.009577 -0.006945
-0.029568 0.014595
-0.047478 0.162898
-0.051044 0.438264
-0.045910 0.723780
-0.036718 0.937782
-0.026824 1.047532
-0.018181 0.962426
-0.011557 0.705800
-0.006945 0.412714
-0.003971 0.177664
-0.002172 0.023497
-0.001141 -0.062902
0.017987 -0.101522
0.164878 -0.109197
0.439405 -0.098777
0.705793 -0.079900
0.772904 -0.059290
0.626693 -0.040934
0.403137 -0.026543
0.207232 -0.016282
0.070975 -0.009503
-0.011858 -0.005304
-0.037046 -0.002750
0.092591 -0.001333
0.367452 -0.000578
0.662640 -0.000192
0.890240 0.000000
1.013543 0.000000
0.939854 0.000000
0.691690 0.000000
0.404352 0.000000
0.172939 0.000000
0.020938 0.000000
-0.064235 0.000000
-0.102100 0.018566
-0.109388 0.165070
-0.098777 0.420840
-0.079900 0.559289
-0.059290 0.498568
-0.040934 0.341739
-0.026543 0.189522
-0.016282 0.079108
-0.009503 0.009577
-0.005304 -0.029568
-0.002750 -0.047478
-0.001333 -0.032478
-0.000578 0.119159
-0.000192 0.384122
0.000000 0.532465
0.000000 0.480387
0.000000 0.330183
0.000000 0.182578
0.000000 0.075137
0.000000 0.007405
0.000000 -0.030710
0.000000 -0.048057
0.018566 -0.051235
0.165070 -0.045910
0.420840 -0.036718
0.559289 -0.026824
0.498568 -0.018181
0.341739 -0.011557
0.189522 -0.006945
0.079108 -0.003971
0.009577 -0.002172
-0.011003 -0.001141
0.117591 -0.000578
0.388361 -0.000192
0.678448 0.000000
0.882690 0.000000
0.874204 0.000000
0.669909 0.000000
0.409291 0.000000
0.192154 0.000000
0.045569 0.000000
-0.040073 0.000000
-0.063188 0.000000
0.071102 0.000000
0.332886 0.000000
0.486555 0.000000
0.443670 0.000000
0.303359 0.000000
0.164396 0.000000
0.063581 0.000000
0.000461 0.000000
-0.034680 0.000000
-0.050228 0.000000
-0.033811 0.000000
0.118581 0.000000
0.383930 0.000000
0.532465 0.000000
0.480387 0.000000
0.330183 0.000000
0.182578 0.000000
0.075137 0.000000
0.007405 0.000000
-0.030710 0.018566
-0.048057 0.165070
-0.051235 0.439405
-0.045910 0.705793
-0.036718 0.772904
-0.026824 0.626693
-0.018181 0.403137
-0.011557 0.207232
-0.006945 0.070975
-0.003971 -0.011858
-0.002172 -0.037046
-0.001141 0.092591
-0.000578 0.348886
-0.000192 0.497570
0.000000 0.450835
0.000000 0.307750
0.000000 0.166950
0.000000 0.064998
0.000000 0.001215
0.000000 -0.015728
0.000000 0.115033
0.000000 0.387028
0.000000 0.677869
0.000000 0.882499
0.000000 0.874204
0.000000 0.669909
0.000000 0.409291
0.000000 0.192154
0.000000 0.045569
0.000000 -0.040073
0.000000 -0.063188
0.000000 0.071102
0.000000 0.351452
0.000000 0.651624
0.000000 0.883075
0.000000 1.009152
0.000000 0.937300
0.000000 0.690273
0.000000 0.403598
0.000000 0.172552
0.000000 0.020746
0.000000 -0.064235
0.000000 -0.083535
0.000000 0.055681
0.000000 0.340628
0.000000 0.644459
0.000000 0.878684
0.000000 1.006598
0.000000 0.935883
0.000000 0.689519
0.000000 0.403211
0.000000 0.172360
0.000000 0.020746
0.000000 -0.064235
0.000000 -0.102100
0.000000 -0.109388
0.000000 -0.098777
0.000000 -0.079900
0.000000 -0.059290
0.000000 -0.040934
0.000000 -0.026543
0.000000 -0.016282
0.000000 -0.009503
0.000000 -0.005304
0.000000 -0.002750
0.000000 -0.001333
0.000000 -0.000578
0.000000 -0.000192
0.000000 0.000000
0.000000 0.000000
0.000000 0.000000
0.000000 0.000000
0.000000 0.000000
0.000000 0.000000
0.000000 0.000000
0.000000 0.000000
0.000000 0.000000
0.000000 0.000000
0.000000 0.000000
0.000000 0.000000
0.000000 0.000000
0.000000 0.000000
0.000000 0.000000
0.000000 0.000000
0.000000 0.000000
0.000000 0.000000
0.000000 0.000000
0.000000 0.000000
0.000000 0.000000
0.000000 0.000000
0.000000 0.000000
0.000000 0.000000
0.000000 0.000000
0.000000 0.000000
0.000000 0.000000
0.000000 0.000000
0.000000 0.000000
0.000000 0.000000
0.000000 0.000000
0.000000 0.000000
0.000000 0.000000
0.000000 0.000000
0.000000 0.000000
0.000000 0.000000
0.000000 0.000000
0.000000 0.000000
0.000000 0.000000
0.000000 0.000000
0.000000 0.000000
0.000000 0.000000
0.000000 0.000000
0.000000 0.000000
0.000000 0.000000
0.000000 0.000000
0.000000 0.000000
0.000000 0.000000
0.000000 0.000000
0.000000 0.000000
0.000000 0.000000
0.000000 0.000000
0.000000 0.000000
0.000000 0.000000
0.000000 0.000000
0.000000 0.000000
0.000000 0.000000
0.000000 0.000000
0.000000 0.000000
