0.000000 0.000000
0.000000 0.000000
0.000000 0.000000
0.000000 0.000000
0.000000 0.000000
0.000000 0.000000
0.000000 0.000000
0.000000 0.000000
0.000000 0.000000
0.000000 0.018566
0.000000 0.165070
0.000000 0.439405
0.000000 0.705793
0.000000 0.772904
0.000000 0.626693
0.000000 0.403137
0.000000 0.207232
0.000000 0.070975
0.000000 -0.011858
0.000000 -0.055611
0.000000 -0.053913
0.000000 0.093116
0.000000 0.377687
0.000000 0.676625
0.000000 0.885419
0.000000 0.878456
0.000000 0.673980
0.000000 0.412486
0.000000 0.194374
0.000000 0.046981
0.000000 -0.039234
0.000000 -0.062625
0.000000 0.071489
0.000000 0.351644
0.000000 0.651624
0.000000 0.883075
0.000000 1.009152
0.000000 0.937300
0.000000 0.690273
0.000000 0.403598
0.000000 0.172552
0.000000 0.020746
0.000000 -0.064235
0.000000 -0.102100
0.000000 -0.109388
0.018566 -0.098777
0.165070 -0.079900
0.439405 -0.059290
0.705793 -0.040934
0.772904 -0.026543
0.626693 -0.016282
0.403137 -0.009503
0.207232 -0.005304
0.070975 -0.002750
-0.011858 -0.001333
-0.055611 -0.000578
-0.072479 -0.000192
-0.071953 0.018566
-0.061718 0.165070
-0.047733 0.420840
-0.033989 0.559289
-0.022572 0.498568
-0.014110 0.341739
-0.008362 0.189522
-0.004725 0.079108
-0.002559 0.009577
0.017233 -0.029568
0.164491 -0.047478
0.439214 -0.051044
0.724358 -0.045910
0.937974 -0.036718
1.047532 -0.026824
0.962426 -0.018181
0.705800 -0.011557
0.412714 -0.006945
0.177664 -0.003971
0.023497 -0.002172
-0.062902 -0.001141
-0.082956 -0.000578
0.055873 -0.000192
0.340628 0.000000
0.625893 0.000000
0.713614 0.000000
0.585759 0.000000
0.376594 0.000000
0.190950 0.000000
0.061472 0.000000
-0.017162 0.000000
-0.039796 0.000000
0.091258 0.000000
0.348308 0.000000
0.497379 0.000000
0.450835 0.000000
0.307750 0.000000
0.166950 0.000000
0.064998 0.000000
0.001215 0.000000
-0.015728 0.000000
0.115033 0.000000
0.387028 0.000000
0.677869 0.000000
0.901064 0.000000
1.020708 0.000000
0.944245 0.000000
0.694244 0.000000
0.405770 0.000000
0.173693 0.000000
0.021325 0.000000
-0.064043 0.000000
-0.102100 0.000000
-0.109388 0.000000
-0.080211 0.000000
0.085170 0.000000
0.380115 0.000000
0.683425 0.000000
0.911431 0.000000
1.031250 0.000000
0.952923 0.000000
0.700497 0.000000
0.409964 0.000000
0.176331 0.000000
0.022918 0.000000
-0.063094 0.000000
-0.082956 0.000000
0.055873 0.000000
0.340628 0.000000
0.644459 0.000000
0.860118 0.000000
0.860094 0.000000
0.661547 0.000000
0.404566 0.000000
0.189596 0.000000
0.044236 0.000000
-0.040651 0.000000
-0.081945 0.000000
-0.075401 0.000000
0.077117 0.000000
0.366671 0.000000
0.669460 0.000000
0.881028 0.000000
0.875902 0.000000
0.672563 0.000000
0.411731 0.000000
0.193987 0.000000
0.046789 0.000000
-0.039234 0.000000
-0.081191 0.018566
-0.093580 0.165070
-0.087761 0.439405
-0.072734 0.724358
-0.054899 0.919408
-0.038380 0.901028
-0.025126 0.688090
-0.015527 0.420847
-0.009116 0.199099
-0.005112 0.049540
-0.002750 -0.037901
0.017233 -0.080612
0.164491 -0.093389
0.439214 -0.087761
0.724358 -0.072734
0.919408 -0.054899
0.901028 -0.038380
0.688090 -0.025126
0.420847 -0.015527
0.199099 -0.009116
0.049540 -0.005112
-0.037901 -0.002750
-0.080612 -0.001333
-0.074823 -0.000578
0.077308 -0.000192
0.348105 0.000000
0.504390 0.000000
0.460188 0.000000
0.316614 0.000000
0.173995 0.000000
0.069992 0.000000
0.004465 0.000000
-0.013753 0.000000
0.116258 0.000000
0.369217 0.000000
0.513187 0.000000
0.461851 0.000000
0.314916 0.000000
0.171341 0.000000
0.067551 0.000000
0.002632 0.000000
-0.014973 0.000000
0.115420 0.000000
0.387220 0.000000
0.677869 0.000000
0.901064 0.000000
1.020708 0.000000
0.944245 0.000000
0.694244 0.000000
0.405770 0.000000
0.173693 0.000000
0.021325 0.000000
-0.064043 0.000000
-0.083535 0.000000
0.055681 0.000000
0.340628 0.000000
0.625893 0.000000
0.713614 0.000000
0.585759 0.000000
0.376594 0.000000
0.190950 0.000000
0.061472 0.000000
-0.017162 0.000000
-0.058362 0.000000
-0.073812 0.000000
-0.072532 0.018566
-0.061910 0.165070
-0.047733 0.439405
-0.033989 0.705793
-0.022572 0.772904
-0.014110 0.626693
-0.008362 0.403137
-0.004725 0.207232
-0.002559 0.070975
-0.001333 -0.011858
0.017987 -0.055611
0.164878 -0.072479
0.420840 -0.071953
0.559289 -0.061718
0.498568 -0.047733
0.341739 -0.033989
0.189522 -0.022572
0.079108 -0.014110
0.009577 -0.008362
-0.029568 0.013841
-0.047478 0.162511
-0.051044 0.438072
-0.045910 0.705214
-0.036718 0.772712
-0.026824 0.626693
-0.018181 0.403137
-0.011557 0.207232
-0.006945 0.070975
-0.003971 -0.011858
0.016394 -0.055611
0.163928 -0.072479
0.420261 -0.071953
0.559097 -0.061718
0.498568 -0.047733
0.341739 -0.033989
0.189522 -0.022572
0.079108 -0.014110
0.009577 -0.008362
-0.029568 0.013841
-0.047478 0.162511
-0.051044 0.419507
-0.045910 0.558710
-0.036718 0.498377
-0.026824 0.341739
-0.018181 0.189522
-0.011557 0.079108
-0.006945 0.009577
-0.003971 -0.011003
-0.002172 0.117591
-0.001141 0.369796
-0.000578 0.513378
-0.000192 0.461851
0.000000 0.314916
0.000000 0.171341
0.000000 0.067551
0.000000 0.002632
0.000000 -0.033539
0.000000 -0.031084
0.000000 0.112885
0.000000 0.392916
0.000000 0.687449
0.000000 0.911150
0.000000 1.029351
0.000000 0.950869
0.000000 0.698856
0.000000 0.408744
0.000000 0.175492
0.000000 0.022355
0.000000 -0.063481
0.000000 -0.083148
0.000000 0.055873
0.000000 0.322062
0.000000 0.479389
0.000000 0.439279
0.000000 0.300806
0.000000 0.162979
0.000000 0.062826
0.000000 0.000074
0.000000 -0.034872
0.000000 -0.031663
0.000000 0.112693
0.000000 0.392916
0.000000 0.668883
0.000000 0.746080
0.000000 0.608511
0.000000 0.391581
0.000000 0.200288
0.000000 0.067004
0.000000 -0.014030
0.000000 -0.038187
0.000000 0.092012
0.000000 0.367260
0.000000 0.644074
0.000000 0.725171
0.000000 0.592703
0.000000 0.380565
0.000000 0.193122
0.000000 0.062613
0.000000 -0.016584
0.000000 -0.039604
0.000000 0.091258
0.000000 0.366873
0.000000 0.662448
0.000000 0.871675
0.000000 0.867039
0.000000 0.665518
0.000000 0.406737
0.000000 0.190737
0.000000 0.044814
0.000000 -0.040460
0.000000 -0.063379
0.000000 0.071102
0.000000 0.351452
0.000000 0.633058
0.000000 0.718005
0.000000 0.588312
0.000000 0.378012
0.000000 0.191705
0.000000 0.061859
0.000000 -0.016970
0.000000 -0.058362
0.000000 -0.073812
0.000000 -0.072532
0.000000 -0.061910
0.000000 -0.047733
0.000000 -0.033989
0.000000 -0.022572
0.000000 -0.014110
0.000000 -0.008362
0.000000 -0.004725
0.000000 -0.002559
0.000000 -0.001333
0.000000 -0.000578
0.000000 -0.000192
0.000000 0.000000
0.000000 0.000000
0.000000 0.000000
0.000000 0.000000
0.000000 0.000000
0.000000 0.000000
0.000000 0.000000
0.000000 0.000000
0.000000 0.000000
0.000000 0.000000
0.000000 0.000000
0.000000 0.000000
0.000000 0.000000
0.000000 0.000000
0.000000 0.000000
0.000000 0.000000
0.000000 0.000000
0.000000 0.000000
0.000000 0.000000
0.000000 0.000000
0.000000 0.000000
0.000000 0.000000
0.000000 0.000000
0.000000 0.000000
0.000000 0.000000
0.000000 0.000000
0.000000 0.000000
0.000000 0.000000
0.000000 0.000000
0.000000 0.000000
0.000000 0.000000
0.000000 0.000000
0.000000 0.000000
0.000000 0.000000
0.000000 0.000000
0.000000 0.000000
0.000000 0.000000
0.000000 0.000000
0.000000 0.000000
0.000000 0.000000
0.000000 0.000000
0.000000 0.000000
0.000000 0.000000
0.000000 0.000000
0.000000 0.000000
0.000000 0.000000
0.000000 0.000000
0.000000 0.000000
0.000000 0.000000
0.000000 0.000000
0.000000 0.000000
0.000000 0.000000
0.000000 0.000000
0.000000 0.000000
0.000000 0.000000
0.000000 0.000000
0.000000 0.000000
0.000000 0.000000
0.000000 0.000000
