0.000000 0.000000
0.000000 0.000000
0.000000 0.000000
0.000000 0.000000
0.000000 0.000000
0.000000 0.000000
0.000000 0.000000
0.000000 0.018566
0.000000 0.165070
0.000000 0.439405
0.000000 0.724358
0.000000 0.937974
0.000000 1.047532
0.000000 0.962426
0.000000 0.705800
0.000000 0.412714
0.000000 0.177664
0.000000 0.023497
0.000000 -0.062902
0.000000 -0.082956
0.000000 0.055873
0.000000 0.340628
0.000000 0.644459
0.000000 0.860118
0.000000 0.860094
0.000000 0.661547
0.000000 0.404566
0.000000 0.189596
0.000000 0.044236
0.000000 -0.040651
0.018566 -0.081945
0.165070 -0.093967
0.439405 -0.087953
0.724358 -0.072734
0.937974 -0.054899
1.047532 -0.038380
0.962426 -0.025126
0.705800 -0.015527
0.412714 -0.009116
0.177664 -0.005112
0.023497 -0.002750
-0.062902 -0.001333
-0.101522 -0.000578
-0.109197 -0.000192
-0.098777 0.018566
-0.079900 0.165070
-0.059290 0.420840
-0.040934 0.559289
-0.026543 0.498568
-0.016282 0.341739
-0.009503 0.189522
-0.005304 0.079108
-0.002750 0.009577
-0.001333 -0.011003
-0.000578 0.117591
-0.000192 0.388361
0.000000 0.659882
0.000000 0.736186
0.000000 0.599869
0.000000 0.384956
0.000000 0.195676
0.000000 0.064030
0.000000 -0.015829
0.000000 -0.039217
0.000000 0.091449
0.000000 0.348308
0.000000 0.497379
0.000000 0.450835
0.000000 0.307750
0.000000 0.166950
0.000000 0.064998
0.000000 0.001215
0.000000 -0.015728
0.000000 0.115033
0.000000 0.368463
0.000000 0.512800
0.000000 0.461659
0.000000 0.314916
0.000000 0.171341
0.000000 0.067551
0.000000 0.002632
0.000000 -0.014973
0.000000 0.115420
0.000000 0.387220
0.000000 0.677869
0.000000 0.882499
0.000000 0.874204
0.000000 0.669909
0.000000 0.409291
0.000000 0.192154
0.000000 0.045569
0.000000 -0.040073
0.000000 -0.081753
0.000000 -0.075401
0.000000 0.077117
0.000000 0.366671
0.000000 0.669460
0.000000 0.899593
0.000000 1.022406
0.000000 0.946899
0.000000 0.696684
0.000000 0.407602
0.000000 0.174913
0.000000 0.022164
0.000000 -0.063481
0.018566 -0.101713
0.165070 -0.109197
0.439405 -0.098777
0.724358 -0.079900
0.919408 -0.059290
0.901028 -0.040934
0.688090 -0.026543
0.420847 -0.016282
0.199099 -0.009503
0.049540 -0.005304
-0.037901 -0.002750
-0.062046 -0.001333
0.071681 -0.000578
0.333078 -0.000192
0.486555 0.000000
0.443670 0.000000
0.303359 0.000000
0.164396 0.000000
0.063581 0.000000
0.000461 0.000000
-0.016115 0.000000
0.114841 0.000000
0.387028 0.000000
0.677869 0.000000
0.882499 0.000000
0.874204 0.000000
0.669909 0.000000
0.409291 0.000000
0.192154 0.000000
0.045569 0.000000
-0.040073 0.000000
-0.063188 0.000000
0.071102 0.000000
0.332886 0.000000
0.486555 0.000000
0.443670 0.000000
0.303359 0.000000
0.164396 0.000000
0.063581 0.000000
0.000461 0.000000
-0.034680 0.018566
-0.050228 0.165070
-0.052377 0.439405
-0.046489 0.724358
-0.036909 0.937974
-0.026824 1.047532
-0.018181 0.962426
-0.011557 0.705800
-0.006945 0.412714
-0.003971 0.177664
-0.002172 0.023497
-0.001141 -0.062902
-0.000578 -0.101522
0.018374 -0.109197
0.165070 -0.098777
0.439405 -0.079900
0.724358 -0.059290
0.937974 -0.040934
1.047532 -0.026543
0.962426 -0.016282
0.705800 -0.009503
0.412714 -0.005304
0.177664 -0.002750
0.023497 -0.001333
-0.062902 -0.000578
-0.101522 0.018374
-0.109197 0.165070
-0.098777 0.439405
-0.079900 0.705793
-0.059290 0.772904
-0.040934 0.626693
-0.026543 0.403137
-0.016282 0.207232
-0.009503 0.070975
-0.005304 -0.011858
0.015816 -0.055611
0.163737 -0.072479
0.438827 -0.071953
0.724167 -0.061718
0.937974 -0.047733
1.047532 -0.033989
0.962426 -0.022572
0.705800 -0.014110
0.412714 -0.008362
0.177664 -0.004725
0.023497 -0.002559
-0.062902 -0.001333
-0.101522 -0.000578
-0.090631 -0.000192
0.066293 0.000000
0.340940 0.000000
0.499999 0.000000
0.457635 0.000000
0.315196 0.000000
0.173240 0.000000
0.069605 0.000000
0.004273 0.000000
-0.032319 0.000000
-0.048811 0.018566
-0.051622 0.165070
-0.046102 0.420840
-0.036718 0.559289
-0.026824 0.498568
-0.018181 0.341739
-0.011557 0.189522
-0.006945 0.079108
-0.003971 0.009577
0.016394 -0.029568
0.163928 -0.047478
0.420261 -0.051044
0.559097 -0.045910
0.498568 -0.036718
0.341739 -0.026824
0.189522 -0.018181
0.079108 -0.011557
0.009577 -0.006945
-0.029568 0.014595
-0.047478 0.162898
-0.051044 0.438264
-0.045910 0.723780
-0.036718 0.937782
-0.026824 1.047532
-0.018181 0.962426
-0.011557 0.705800
-0.006945 0.412714
-0.003971 0.177664
-0.002172 0.023497
-0.001141 -0.062902
-0.000578 -0.082956
-0.000192 0.055873
0.000000 0.322062
0.000000 0.479389
0.000000 0.439279
0.000000 0.300806
0.000000 0.162979
0.000000 0.062826
0.000000 0.000074
0.000000 -0.034872
0.018566 -0.050228
0.165070 -0.052377
0.439405 -0.046489
0.705793 -0.036909
0.772904 -0.026824
0.626693 -0.018181
0.403137 -0.011557
0.207232 -0.006945
0.070975 -0.003971
-0.011858 -0.002172
-0.055611 0.017424
-0.072479 0.164491
-0.071953 0.439214
-0.061718 0.724358
-0.047733 0.919408
-0.033989 0.901028
-0.022572 0.688090
-0.014110 0.420847
-0.008362 0.199099
-0.004725 0.049540
-0.002559 -0.037901
-0.001333 -0.080612
-0.000578 -0.093389
-0.000192 -0.069196
0.000000 0.092335
0.000000 0.365941
0.000000 0.520908
0.000000 0.473443
0.000000 0.326212
0.000000 0.180406
0.000000 0.073996
0.000000 0.006827
0.000000 -0.030901
0.000000 -0.048057
0.018566 -0.051235
0.165070 -0.045910
0.439405 -0.036718
0.724358 -0.026824
0.937974 -0.018181
1.047532 -0.011557
0.962426 -0.006945
0.705800 -0.003971
0.412714 -0.002172
0.177664 -0.001141
0.023497 -0.000578
-0.062902 -0.000192
-0.101522 0.000000
-0.090631 0.000000
0.066293 0.000000
0.340940 0.000000
0.499999 0.000000
0.457635 0.000000
0.315196 0.000000
0.173240 0.000000
0.069605 0.000000
0.004273 0.000000
-0.032319 0.000000
-0.030245 0.000000
0.113447 0.000000
0.393303 0.000000
0.669075 0.000000
0.746080 0.000000
0.608511 0.000000
0.391581 0.000000
0.200288 0.000000
0.067004 0.000000
-0.014030 0.000000
-0.038187 0.000000
0.092012 0.000000
0.367260 0.000000
0.644074 0.000000
0.725171 0.000000
0.592703 0.000000
0.380565 0.000000
0.193122 0.000000
0.062613 0.000000
-0.016584 0.000000
-0.039604 0.000000
0.091258 0.000000
0.366873 0.000000
0.643883 0.000000
0.725171 0.000000
0.592703 0.000000
0.380565 0.000000
0.193122 0.000000
0.062613 0.000000
-0.016584 0.000000
-0.058170 0.000000
-0.073812 0.000000
-0.072532 0.000000
-0.061910 0.000000
-0.047733 0.000000
-0.033989 0.000000
-0.022572 0.000000
-0.014110 0.000000
-0.008362 0.000000
-0.004725 0.000000
-0.002559 0.000000
-0.001333 0.000000
-0.000578 0.000000
-0.000192 0.000000
0.000000 0.000000
0.000000 0.000000
0.000000 0.000000
0.000000 0.000000
0.000000 0.000000
0.000000 0.000000
0.000000 0.000000
0.000000 0.000000
0.000000 0.000000
0.000000 0.000000
0.000000 0.000000
0.000000 0.000000
0.000000 0.000000
0.000000 0.000000
0.000000 0.000000
0.000000 0.000000
0.000000 0.000000
0.000000 0.000000
0.000000 0.000000
0.000000 0.000000
0.000000 0.000000
0.000000 0.000000
0.000000 0.000000
0.000000 0.000000
0.000000 0.000000
0.000000 0.000000
0.000000 0.000000
0.000000 0.000000
0.000000 0.000000
0.000000 0.000000
0.000000 0.000000
0.000000 0.000000
0.000000 0.000000
0.000000 0.000000
0.000000 0.000000
0.000000 0.000000
0.000000 0.000000
0.000000 0.000000
0.000000 0.000000
0.000000 0.000000
0.000000 0.000000
0.000000 0.000000
0.000000 0.000000
0.000000 0.000000
0.000000 0.000000
0.000000 0.000000
0.000000 0.000000
0.000000 0.000000
0.000000 0.000000
0.000000 0.000000
0.000000 0.000000
0.000000 0.000000
0.000000 0.000000
0.000000 0.000000
0.000000 0.000000
0.000000 0.000000
0.000000 0.000000
0.000000 0.000000
0.000000 0.000000
0.000000 0.000000
