0.000000 0.000000
0.000000 0.000000
0.000000 0.000000
0.000000 0.000000
0.000000 0.000000
0.000000 0.000000
0.000000 0.000000
0.000000 0.000000
0.000000 0.000000
0.000000 0.000000
0.000000 0.000000
0.000000 0.000000
0.000000 0.000000
0.000000 0.000000
0.000000 0.000000
0.000378 0.000000
0.006719 0.000000
0.031986 0.000000
0.087849 0.000000
0.177292 0.000000
0.294062 0.000000
0.426474 0.000000
0.561522 0.000000
0.683161 0.000000
0.771467 0.000000
0.811278 0.000000
0.798855 0.000000
0.741500 0.000000
0.652904 0.000000
0.548055 0.000000
0.439746 0.000000
0.337061 0.000000
0.245331 0.000000
0.166879 0.000000
0.101987 0.000000
0.049773 0.000000
0.008832 0.000000
-0.022369 0.000378
-0.045284 0.006719
-0.061222 0.031986
-0.071338 0.087849
-0.076660 0.177292
-0.078118 0.294062
-0.076553 0.426474
-0.072729 0.561900
-0.067328 0.689503
-0.060943 0.796733
-0.054070 0.867140
-0.047111 0.888299
-0.040370 0.858270
-0.034065 0.785316
-0.028335 0.683481
-0.023253 0.567727
-0.018843 0.450633
-0.015088 0.341005
-0.011946 0.243900
-0.009357 0.161401
-0.007255 0.093589
-0.005571 0.039408
-0.004239 -0.002697
-0.003197 -0.034397
-0.002391 -0.057278
-0.001774 -0.072769
-0.001306 -0.082138
-0.000913 -0.086516
-0.000622 -0.086540
-0.000409 -0.077538
-0.000253 -0.047371
-0.000139 0.014912
-0.000058 0.111675
0.000000 0.235774
0.000000 0.369529
0.000000 0.487049
0.000000 0.565992
0.000000 0.596280
0.000000 0.580613
0.000000 0.529911
0.000000 0.457876
0.000000 0.377026
0.000000 0.296752
0.000000 0.222954
0.000000 0.158581
0.000000 0.104500
0.000000 0.060338
0.000000 0.025122
0.000000 -0.002308
0.000000 -0.023033
0.000000 -0.037735
0.000000 -0.041700
0.000000 -0.022736
0.000000 0.030134
0.000000 0.118877
0.000000 0.231060
0.000000 0.341492
0.000000 0.425344
0.000000 0.468801
0.000000 0.470795
0.000000 0.439238
0.000000 0.385792
0.000000 0.321817
0.000000 0.256193
0.000000 0.194729
0.000000 0.140508
0.000000 0.094623
0.000000 0.056947
0.000000 0.026735
0.000378 0.003035
0.006719 -0.015097
0.031986 -0.028498
0.087849 -0.037891
0.177292 -0.043899
0.293684 -0.047082
0.419755 -0.047953
0.529914 -0.046992
0.602032 -0.044605
0.626161 -0.041255
0.605064 -0.037300
0.549673 -0.033046
0.473662 -0.028740
0.389498 -0.024614
0.306502 -0.020750
0.230500 -0.017238
0.164366 -0.014124
0.108895 -0.011425
0.063648 -0.009131
0.027594 -0.007214
-0.000098 -0.005638
-0.015008 -0.004362
-0.005214 -0.003341
0.040051 -0.002536
0.122979 -0.001908
0.236222 -0.001424
0.361857 -0.001054
0.473689 -0.000774
0.549036 -0.000564
0.577453 -0.000409
0.561276 -0.000253
0.511078 -0.000139
0.440248 -0.000058
0.361042 0.000000
0.282637 0.000000
0.210768 0.000000
0.148267 0.000000
0.095924 0.000000
0.053320 0.000000
0.019462 0.000000
-0.006812 0.000000
-0.026615 0.000000
-0.040934 0.000000
-0.050624 0.000000
-0.056435 0.000378
-0.059042 0.006719
-0.059064 0.031986
-0.057080 0.087849
-0.053618 0.176914
-0.049116 0.287343
-0.044040 0.394488
-0.038735 0.474051
-0.033472 0.512588
-0.028455 0.509391
-0.023865 0.472652
-0.019732 0.414248
-0.016099 0.345682
-0.012971 0.275925
-0.010328 0.210829
-0.008133 0.153479
-0.006336 0.104951
-0.004888 0.065079
-0.003734 0.033072
-0.002449 0.007922
0.004597 -0.011363
0.030406 -0.025671
0.086682 -0.035769
0.176437 -0.042320
0.293062 -0.045915
0.419346 -0.047097
0.529661 -0.046369
0.601893 -0.044196
0.626102 -0.041002
0.605064 -0.037160
0.549673 -0.032988
0.473662 -0.028740
0.389498 -0.024614
0.306502 -0.020750
0.230500 -0.017238
0.164366 -0.014124
0.108895 -0.011425
0.063648 -0.009131
0.027594 -0.007214
-0.000098 -0.005638
-0.015008 -0.004362
-0.005214 -0.003341
0.040051 -0.002536
0.122979 -0.001908
0.236600 -0.001424
0.368576 -0.001054
0.505298 -0.000774
0.630165 -0.000564
0.722759 -0.000409
0.767490 -0.000253
0.760260 -0.000139
0.708086 -0.000058
0.624449 0.000000
0.524190 0.000000
0.420014 0.000000
0.320962 0.000000
0.232360 0.000000
0.156550 0.000000
0.093854 0.000000
0.043436 0.000000
0.003944 0.000000
-0.026103 0.000000
-0.048111 0.000000
-0.063344 0.000000
-0.072917 0.000378
-0.077827 0.006719
-0.078973 0.031986
-0.077175 0.087849
-0.073138 0.176914
-0.067581 0.287343
-0.061082 0.394488
-0.054128 0.474051
-0.047111 0.512588
-0.040370 0.509391
-0.034065 0.472652
-0.028335 0.414248
-0.023253 0.345682
-0.018843 0.275925
-0.015088 0.210829
-0.011946 0.153479
-0.009357 0.104951
-0.007255 0.065079
-0.005571 0.033072
-0.003861 0.007922
0.003522 -0.011363
0.029595 -0.025671
0.086074 -0.035769
0.175608 -0.042320
0.286429 -0.045915
0.393866 -0.047097
0.473643 -0.046369
0.512336 -0.044196
0.509251 -0.041002
0.472594 -0.037160
0.414248 -0.032988
0.345682 -0.028740
0.275925 -0.024614
0.210829 -0.020750
0.153479 -0.017238
0.104951 -0.014124
0.065079 -0.011425
0.033072 -0.009131
0.007922 -0.006836
-0.011363 0.001081
-0.025671 0.027625
-0.035769 0.084507
-0.042320 0.174378
-0.045915 0.285435
-0.047097 0.393064
-0.046369 0.472998
-0.044196 0.511815
-0.041002 0.508826
-0.037160 0.472244
-0.032988 0.413995
-0.028740 0.345542
-0.024614 0.275867
-0.020750 0.210829
-0.017238 0.153479
-0.014124 0.104951
-0.011425 0.065079
-0.009131 0.033072
-0.007214 0.007922
-0.005638 -0.011363
-0.004362 -0.025293
-0.003341 -0.029049
-0.002536 -0.010334
-0.001908 0.041933
-0.001424 0.130195
-0.001054 0.247693
-0.000774 0.381900
-0.000564 0.514178
-0.000409 0.620734
-0.000253 0.682617
-0.000139 0.693094
-0.000058 0.657471
0.000000 0.588338
0.000000 0.500241
0.000000 0.405950
0.000000 0.314749
0.000000 0.232257
0.000000 0.161096
0.000000 0.101826
0.000000 0.053809
0.000000 0.015855
0.000000 -0.012999
0.000000 -0.028445
0.000000 -0.018666
0.000000 0.027004
0.000000 0.110280
0.000000 0.218516
0.000000 0.326326
0.000000 0.408775
0.000000 0.451748
0.000000 0.453998
0.000000 0.423256
0.000000 0.370978
0.000000 0.308427
0.000000 0.244355
0.000000 0.184469
0.000000 0.131772
0.000000 0.087306
0.000000 0.050910
0.000000 0.021824
0.000000 -0.000531
0.000000 -0.011506
0.000000 0.001035
0.000000 0.048055
0.000000 0.131931
0.000000 0.245869
0.000000 0.377684
0.000000 0.514283
0.000000 0.644771
0.000000 0.761828
0.000000 0.861180
0.000000 0.936188
0.000000 0.974696
0.000000 0.966857
0.000000 0.911912
0.000000 0.818327
0.000000 0.699915
0.000000 0.571132
0.000000 0.444015
0.000000 0.326883
0.000000 0.224387
0.000000 0.138277
0.000000 0.068354
0.000000 0.013315
0.000000 -0.028627
0.000000 -0.058984
0.000000 -0.073959
0.000000 -0.062212
0.000000 -0.013509
0.000000 0.073863
0.000000 0.192560
0.000000 0.329841
0.000000 0.472203
0.000000 0.608052
0.000000 0.724161
0.000000 0.803620
0.000000 0.833604
0.000000 0.811884
0.000000 0.746532
0.000000 0.651483
0.000000 0.541658
0.000000 0.429646
0.000000 0.324299
0.000000 0.230745
0.000000 0.151147
0.000000 0.085673
0.000000 0.033354
0.000000 -0.007286
0.000378 -0.037847
0.006719 -0.059809
0.031986 -0.074601
0.087849 -0.083444
0.176914 -0.087429
0.287343 -0.087540
0.394488 -0.084666
0.474051 -0.079609
0.512588 -0.073076
0.509391 -0.065675
0.472652 -0.057911
0.414248 -0.050225
0.345682 -0.042865
0.275925 -0.036040
0.210829 -0.029881
0.153479 -0.024451
0.104951 -0.019762
0.065079 -0.015787
0.033072 -0.012472
0.007922 -0.009750
-0.010985 -0.007546
-0.018952 -0.005785
-0.003783 -0.004395
0.045529 -0.003310
0.131377 -0.002472
0.246587 -0.001832
0.373386 -0.001306
0.485718 -0.000913
0.561030 -0.000622
0.589000 -0.000409
0.572076 -0.000253
0.520933 -0.000139
0.449048 -0.000058
0.368747 0.000000
0.289264 0.000000
0.216376 0.000000
0.152941 0.000000
0.099765 0.000000
0.056435 0.000000
0.021956 0.000000
-0.004837 0.000378
-0.025069 0.006719
-0.039736 0.031986
-0.049705 0.087849
-0.055737 0.177292
-0.058516 0.293684
-0.058672 0.419755
-0.056789 0.529914
-0.053405 0.602032
-0.048960 0.626161
-0.043927 0.605064
-0.038654 0.549673
-0.033414 0.473662
-0.028455 0.389498
-0.023865 0.306502
-0.019732 0.230500
-0.016099 0.164366
-0.012971 0.108895
-0.010328 0.063648
-0.008133 0.027594
-0.005959 -0.000476
0.001832 -0.021727
0.028252 -0.037200
0.085021 -0.047797
0.174792 -0.054313
0.285763 -0.057462
0.393321 -0.057898
0.473196 -0.056225
0.511966 -0.052996
0.508982 -0.048707
0.472400 -0.043788
0.414108 -0.038596
0.345623 -0.033414
0.275925 -0.028455
0.210829 -0.023865
0.153479 -0.019732
0.104951 -0.016099
0.065079 -0.012971
0.033072 -0.010328
0.007922 -0.008133
-0.011363 -0.006336
-0.025671 -0.004888
-0.035769 -0.003734
-0.041942 -0.002827
-0.039196 -0.002122
-0.015111 -0.001580
0.041479 -0.001167
0.133096 -0.000855
0.253060 -0.000622
0.389314 -0.000409
0.528912 -0.000253
0.661140 -0.000139
0.778461 -0.000058
0.871656 0.000000
0.926924 0.000000
0.933589 0.000000
0.890661 0.000000
0.806762 0.000000
0.695939 0.000000
0.572976 0.000000
0.450215 0.000000
0.336232 0.000000
0.235887 0.000000
0.151095 0.000000
0.081800 0.000000
0.026826 0.000000
-0.015499 0.000000
-0.046955 0.000378
-0.069233 0.006719
-0.083821 0.031986
-0.092133 0.087849
-0.095374 0.176914
-0.094623 0.287343
-0.090885 0.394488
-0.084965 0.474051
-0.077610 0.512588
-0.069458 0.509391
-0.061026 0.472652
-0.052720 0.414248
-0.044839 0.345682
-0.037586 0.275925
-0.031079 0.210829
-0.025370 0.153479
-0.020461 0.104951
-0.016313 0.065079
-0.012865 0.033072
-0.010041 0.007922
-0.007760 -0.011363
-0.005563 -0.025671
0.002211 -0.035769
0.028595 -0.042320
0.085318 -0.045915
0.175082 -0.047097
0.286037 -0.046369
0.393575 -0.044196
0.473429 -0.041002
0.512180 -0.037160
0.509138 -0.032988
0.472513 -0.028740
0.414189 -0.024614
0.345682 -0.020750
0.275925 -0.017238
0.210829 -0.014124
0.153479 -0.011425
0.104951 -0.009131
0.065079 -0.007214
0.033072 -0.005638
0.007922 -0.003984
-0.011363 0.003378
-0.025671 0.029450
-0.035769 0.085940
-0.042320 0.175868
-0.045915 0.293009
-0.047097 0.425700
-0.046369 0.561336
-0.044196 0.689094
-0.041002 0.796481
-0.037160 0.867001
-0.032988 0.888241
-0.028740 0.858270
-0.024614 0.785316
-0.020750 0.683481
-0.017238 0.567727
-0.014124 0.450633
-0.011425 0.341005
-0.009131 0.243900
-0.007214 0.161401
-0.005638 0.093589
-0.004362 0.039408
-0.003341 -0.002697
-0.002536 -0.034019
-0.001908 -0.050558
-0.001424 -0.040783
-0.001054 0.005711
-0.000774 0.090776
-0.000564 0.207145
-0.000409 0.342216
-0.000253 0.482165
-0.000139 0.610225
-0.000058 0.705850
0.000000 0.753367
0.000000 0.748630
0.000000 0.698635
0.000000 0.616864
0.000000 0.518174
0.000000 0.415295
0.000000 0.317299
0.000000 0.229545
0.000000 0.154407
0.000000 0.092237
0.000000 0.042227
0.000000 0.003046
0.000000 -0.026386
0.000000 -0.041875
0.000000 -0.031708
0.000000 0.014679
0.000000 0.099326
0.000000 0.215031
0.000000 0.349299
0.000000 0.488762
0.000000 0.621922
0.000000 0.735651
0.000000 0.813012
0.000000 0.841189
0.000000 0.817900
0.000000 0.751251
0.000000 0.655146
0.000000 0.544473
0.000000 0.431790
0.000000 0.325916
0.000000 0.231954
0.000000 0.152044
0.000000 0.086334
0.000000 0.033837
0.000000 -0.006936
0.000000 -0.037594
0.000000 -0.059669
0.000000 -0.074543
0.000000 -0.083444
0.000000 -0.087052
0.000000 -0.080821
0.000000 -0.052680
0.000000 0.008239
0.000000 0.104216
0.000000 0.228387
0.000000 0.368563
0.000000 0.511297
0.000000 0.640297
0.000000 0.735427
0.000000 0.781397
0.000000 0.774404
0.000000 0.721738
0.000000 0.637117
0.000000 0.535583
0.000000 0.429996
0.000000 0.329515
0.000000 0.239546
0.000000 0.162484
0.000000 0.098677
0.000000 0.047300
0.000000 0.006999
0.000000 -0.023297
0.000000 -0.039478
0.000000 -0.029858
0.000000 0.016102
0.000000 0.100379
0.000000 0.215805
0.000000 0.349863
0.000000 0.489171
0.000000 0.622552
0.000000 0.742132
0.000000 0.838337
0.000000 0.897051
0.000000 0.907344
0.000000 0.868021
0.000000 0.787558
0.000000 0.679899
0.000000 0.559770
0.000000 0.439489
0.000000 0.327628
0.000000 0.229066
0.000000 0.145748
0.000000 0.077653
0.000000 0.023641
0.000000 -0.017922
0.000378 -0.048782
0.006719 -0.070599
0.031986 -0.084875
0.087849 -0.092907
0.176914 -0.095938
0.287343 -0.095031
0.394488 -0.091138
0.474051 -0.085104
0.512588 -0.077669
0.509391 -0.069458
0.472652 -0.061026
0.414248 -0.052720
0.345682 -0.044839
0.275925 -0.037586
0.210829 -0.031079
0.153479 -0.025370
0.104951 -0.020461
0.065079 -0.016313
0.033072 -0.012865
0.008300 -0.010041
-0.004643 -0.007760
0.006315 -0.005941
0.052080 -0.004508
0.134973 -0.003391
0.248147 -0.002531
0.379377 -0.001832
0.515153 -0.001306
0.638965 -0.000913
0.730464 -0.000622
0.774117 -0.000409
0.765868 -0.000253
0.712760 -0.000139
0.628290 -0.000058
0.527305 0.000000
0.422508 0.000000
0.322937 0.000000
0.233906 0.000000
0.157748 0.000000
0.094773 0.000000
0.044135 0.000000
0.004470 0.000000
-0.025710 0.000378
-0.047820 0.006719
-0.063130 0.031986
-0.072761 0.087849
-0.077714 0.176914
-0.078892 0.287343
-0.077117 0.394488
-0.073138 0.474051
-0.067581 0.512588
-0.061082 0.509391
-0.054128 0.472652
-0.047111 0.414248
-0.040370 0.345682
-0.034065 0.275925
-0.028335 0.210829
-0.023253 0.153479
-0.018843 0.104951
-0.015088 0.065079
-0.011946 0.033072
-0.008979 0.007922
-0.000536 -0.011363
0.026415 -0.025671
0.083610 -0.035769
0.174095 -0.042320
0.291671 -0.045915
0.424700 -0.047097
0.560594 -0.046369
0.688967 -0.044196
0.802830 -0.041002
0.898340 -0.037160
0.969176 -0.032988
1.003437 -0.028740
0.991471 -0.024614
0.932663 -0.020750
0.835564 -0.017238
0.714039 -0.014124
0.582558 -0.011425
0.453146 -0.009131
0.334096 -0.007214
0.230025 -0.005638
0.142639 -0.004362
0.071696 -0.003341
0.015851 -0.002536
-0.026719 -0.001908
-0.057938 -0.001424
-0.079625 -0.001054
-0.093047 -0.000774
-0.094074 -0.000564
-0.071035 -0.000409
-0.013402 -0.000253
0.080421 -0.000139
0.197704 -0.000058
0.313037 0.000000
0.401479 0.000000
0.449068 0.000000
0.454696 0.000000
0.426267 0.000000
0.375464 0.000000
0.313684 0.000000
0.249857 0.000000
0.189842 0.000000
0.136773 0.000000
0.091796 0.000000
0.054825 0.000000
0.025156 0.000000
0.002246 0.000000
-0.009233 0.000000
0.002865 0.000000
0.049549 0.000000
0.132763 0.000000
0.240121 0.000000
0.346477 0.000000
0.427060 0.000000
0.467984 0.000000
0.468136 0.000000
0.435352 0.000000
0.381202 0.000000
0.316941 0.000000
0.251311 0.000000
0.190078 0.000000
0.136241 0.000000
0.090827 0.000000
0.053654 0.000000
0.023941 0.000000
0.001086 0.000000
-0.010281 0.000000
0.001953 0.000000
0.048738 0.000000
0.132059 0.000000
0.239519 0.000000
0.345967 0.000000
0.426629 0.000000
0.467618 0.000000
0.467824 0.000000
0.435083 0.000000
0.381007 0.000000
0.316802 0.000000
0.251253 0.000000
0.190078 0.000000
0.136241 0.000000
0.090827 0.000000
0.053654 0.000000
0.023941 0.000000
0.001086 0.000000
-0.010281 0.000000
0.001953 0.000000
0.048738 0.000000
0.132059 0.000000
0.239519 0.000000
0.345967 0.000000
0.426629 0.000000
0.467618 0.000000
0.467824 0.000000
0.435083 0.000000
0.381007 0.000000
0.316802 0.000000
0.251253 0.000000
0.190078 0.000000
0.136241 0.000000
0.090827 0.000000
0.053654 0.000000
0.023941 0.000000
0.000709 0.000000
-0.017001 0.000000
-0.030033 0.000000
-0.039110 0.000000
-0.044856 0.000000
-0.047824 0.000000
-0.048521 0.000000
-0.047423 0.000000
-0.044970 0.000000
-0.041567 0.000000
-0.037569 0.000000
-0.033240 0.000000
-0.028880 0.000000
-0.024673 0.000000
-0.020750 0.000000
-0.017238 0.000000
-0.014124 0.000000
-0.011425 0.000000
-0.009131 0.000000
-0.007214 0.000000
-0.005638 0.000000
-0.004362 0.000000
-0.003341 0.000000
-0.002536 0.000000
-0.001908 0.000000
-0.001424 0.000000
-0.001054 0.000000
-0.000774 0.000000
-0.000564 0.000000
-0.000409 0.000000
-0.000253 0.000000
-0.000139 0.000000
-0.000058 0.000000
0.000000 0.000000
0.000000 0.000000
0.000000 0.000000
0.000000 0.000000
0.000000 0.000000
0.000000 0.000000
0.000000 0.000000
0.000000 0.000000
0.000000 0.000000
0.000000 0.000000
0.000000 0.000000
0.000000 0.000000
0.000000 0.000000
0.000000 0.000000
0.000000 0.000000
0.000000 0.000000
0.000000 0.000000
0.000000 0.000000
0.000000 0.000000
0.000000 0.000000
0.000000 0.000000
0.000000 0.000000
0.000000 0.000000
0.000000 0.000000
0.000000 0.000000
0.000000 0.000000
0.000000 0.000000
0.000000 0.000000
0.000000 0.000000
0.000000 0.000000
0.000000 0.000000
0.000000 0.000000
0.000000 0.000000
0.000000 0.000000
0.000000 0.000000
0.000000 0.000000
0.000000 0.000000
0.000000 0.000000
0.000000 0.000000
0.000000 0.000000
0.000000 0.000000
0.000000 0.000000
0.000000 0.000000
0.000000 0.000000
0.000000 0.000000
0.000000 0.000000
0.000000 0.000000
0.000000 0.000000
0.000000 0.000000
0.000000 0.000000
0.000000 0.000000
0.000000 0.000000
0.000000 0.000000
0.000000 0.000000
0.000000 0.000000
0.000000 0.000000
0.000000 0.000000
0.000000 0.000000
0.000000 0.000000
0.000000 0.000000
0.000000 0.000000
0.000000 0.000000
0.000000 0.000000
0.000000 0.000000
0.000000 0.000000
0.000000 0.000000
0.000000 0.000000
0.000000 0.000000
0.000000 0.000000
0.000000 0.000000
0.000000 0.000000
0.000000 0.000000
0.000000 0.000000
0.000000 0.000000
0.000000 0.000000
0.000000 0.000000
0.000000 0.000000
0.000000 0.000000
