0.000000 0.000000
0.000000 0.000000
0.000000 0.000000
0.000000 0.000000
0.000000 0.000000
0.000000 0.000000
0.000000 0.000000
0.018566 0.000000
0.165070 0.000000
0.439405 0.000000
0.724358 0.000000
0.937974 0.000000
1.047532 0.000000
0.962426 0.000000
0.705800 0.000000
0.412714 0.000000
0.177664 0.000000
0.023497 0.000000
-0.062902 0.000000
-0.101522 0.000000
-0.109197 0.000000
-0.080211 0.000000
0.085170 0.000000
0.380115 0.000000
0.683425 0.000000
0.911431 0.000000
1.031250 0.000000
0.952923 0.000000
0.700497 0.000000
0.409964 0.000000
0.176331 0.000000
0.022918 0.000000
-0.063094 0.000000
-0.082956 0.000000
0.055873 0.000000
0.322062 0.000000
0.479389 0.000000
0.439279 0.000000
0.300806 0.000000
0.162979 0.000000
0.062826 0.000000
0.000074 0.000000
-0.016306 0.000000
0.114841 0.000000
0.368463 0.000000
0.512800 0.000000
0.461659 0.000000
0.314916 0.000000
0.171341 0.000000
0.067551 0.000000
0.002632 0.000000
-0.033539 0.018566
-0.049650 0.165070
-0.052185 0.439405
-0.046489 0.705793
-0.036909 0.772904
-0.026824 0.626693
-0.018181 0.403137
-0.011557 0.207232
-0.006945 0.070975
-0.003971 -0.011858
0.016394 -0.055611
0.163928 -0.072479
0.420261 -0.071953
0.559097 -0.061718
0.498568 -0.047733
0.341739 -0.033989
0.189522 -0.022572
0.079108 -0.014110
0.009577 -0.008362
-0.029568 -0.004725
-0.047478 0.016007
-0.051044 0.163737
-0.045910 0.420261
-0.036718 0.559097
-0.026824 0.498568
-0.018181 0.341739
-0.011557 0.189522
-0.006945 0.079108
-0.003971 0.009577
-0.002172 -0.029568
-0.001141 -0.028913
-0.000578 0.114026
-0.000192 0.374929
0.000000 0.522571
0.000000 0.471745
0.000000 0.323558
0.000000 0.177965
0.000000 0.072163
0.000000 0.005606
0.018566 -0.031740
0.165070 -0.048620
0.420840 -0.051622
0.559289 -0.046102
0.498568 -0.036718
0.341739 -0.026824
0.189522 -0.018181
0.079108 -0.011557
0.009577 -0.006945
-0.011003 -0.003971
0.117591 -0.002172
0.388361 -0.001141
0.659882 -0.000578
0.736186 -0.000192
0.599869 0.000000
0.384956 0.000000
0.195676 0.000000
0.064030 0.000000
-0.015829 0.000000
-0.039217 0.000000
0.091449 0.000000
0.348308 0.000000
0.497379 0.000000
0.450835 0.000000
0.307750 0.000000
0.166950 0.000000
0.064998 0.000000
0.001215 0.000000
-0.034294 0.018566
-0.050037 0.165070
-0.052377 0.420840
-0.046489 0.559289
-0.036909 0.498568
-0.026824 0.341739
-0.018181 0.189522
-0.011557 0.079108
-0.006945 0.009577
0.014595 -0.029568
0.162898 -0.047478
0.438264 -0.051044
0.723780 -0.045910
0.919216 -0.036718
0.901028 -0.026824
0.688090 -0.018181
0.420847 -0.011557
0.199099 -0.006945
0.049540 -0.003971
-0.037901 -0.002172
-0.080612 -0.001141
-0.074823 -0.000578
0.077308 -0.000192
0.366671 0.000000
0.669460 0.000000
0.899593 0.000000
1.022406 0.000000
0.946899 0.000000
0.696684 0.000000
0.407602 0.000000
0.174913 0.000000
0.022164 0.000000
-0.063481 0.000000
-0.101713 0.000000
-0.109197 0.000000
-0.080211 0.000000
0.085170 0.000000
0.380115 0.000000
0.683425 0.000000
0.892865 0.000000
0.884746 0.000000
0.678587 0.000000
0.415544 0.000000
0.196349 0.000000
0.048207 0.000000
-0.038480 0.000000
-0.062238 0.000000
0.071681 0.000000
0.351644 0.000000
0.651624 0.000000
0.883075 0.000000
1.009152 0.000000
0.937300 0.000000
0.690273 0.000000
0.403598 0.000000
0.172552 0.000000
0.020746 0.000000
-0.064235 0.000000
-0.083535 0.000000
0.055681 0.000000
0.322062 0.000000
0.479389 0.000000
0.439279 0.000000
0.300806 0.000000
0.162979 0.000000
0.062826 0.000000
0.000074 0.000000
-0.016306 0.000000
0.114841 0.000000
0.368463 0.000000
0.512800 0.000000
0.461659 0.000000
0.314916 0.000000
0.171341 0.000000
0.067551 0.000000
0.002632 0.000000
-0.033539 0.000000
-0.049650 0.000000
-0.052185 0.018566
-0.046489 0.165070
-0.036909 0.439405
-0.026824 0.724358
-0.018181 0.919408
-0.011557 0.901028
-0.006945 0.688090
-0.003971 0.420847
-0.002172 0.199099
-0.001141 0.049540
-0.000578 -0.037901
0.018374 -0.080612
0.165070 -0.093389
0.439405 -0.087761
0.705793 -0.072734
0.772904 -0.054899
0.626693 -0.038380
0.403137 -0.025126
0.207232 -0.015527
0.070975 -0.009116
-0.011858 -0.005112
-0.055611 -0.002750
-0.072479 -0.001333
-0.071953 0.017987
-0.061718 0.164878
-0.047733 0.420840
-0.033989 0.559289
-0.022572 0.498568
-0.014110 0.341739
-0.008362 0.189522
-0.004725 0.079108
-0.002559 0.009577
-0.001333 -0.011003
-0.000578 0.117591
-0.000192 0.388361
0.000000 0.678448
0.000000 0.901256
0.000000 1.020708
0.000000 0.944245
0.000000 0.694244
0.000000 0.405770
0.000000 0.173693
0.000000 0.021325
0.000000 -0.064043
0.000000 -0.102100
0.000000 -0.090823
0.000000 0.066293
0.000000 0.359506
0.000000 0.646503
0.000000 0.731970
0.000000 0.600150
0.000000 0.386856
0.000000 0.197729
0.000000 0.065671
0.000000 -0.014609
0.000000 -0.038379
0.000000 0.092012
0.000000 0.367260
0.000000 0.662640
0.000000 0.871675
0.000000 0.867039
0.000000 0.665518
0.000000 0.406737
0.000000 0.190737
0.000000 0.044814
0.000000 -0.040460
0.000000 -0.063379
0.000000 0.071102
0.000000 0.332886
0.000000 0.486555
0.000000 0.443670
0.000000 0.303359
0.000000 0.164396
0.000000 0.063581
0.000000 0.000461
0.000000 -0.034680
0.000000 -0.050228
0.000000 -0.033811
0.000000 0.118581
0.000000 0.383930
0.000000 0.532465
0.000000 0.480387
0.000000 0.330183
0.000000 0.182578
0.000000 0.075137
0.000000 0.007405
0.000000 -0.030710
0.000000 -0.029491
0.000000 0.113834
0.000000 0.393495
0.000000 0.687641
0.000000 0.892584
0.000000 0.882847
0.000000 0.676534
0.000000 0.413903
0.000000 0.195128
0.000000 0.047368
0.000000 -0.039043
0.000000 -0.062625
0.000000 0.071489
0.000000 0.351644
0.000000 0.651624
0.000000 0.864509
0.000000 0.862648
0.000000 0.662965
0.000000 0.405320
0.000000 0.189983
0.000000 0.044428
0.000000 -0.040651
0.000000 -0.081945
0.000000 -0.093967
0.000000 -0.069387
0.000000 0.092335
0.000000 0.384506
0.000000 0.667412
0.000000 0.747778
0.000000 0.611165
0.000000 0.394021
0.000000 0.202120
0.000000 0.068225
0.000000 -0.013191
0.000000 -0.037624
0.000000 0.092399
0.000000 0.348886
0.000000 0.497570
0.000000 0.450835
0.000000 0.307750
0.000000 0.166950
0.000000 0.064998
0.000000 0.001215
0.000000 -0.034294
0.000000 -0.050037
0.000000 -0.052377
0.000000 -0.046489
0.000000 -0.036909
0.000000 -0.026824
0.000000 -0.018181
0.000000 -0.011557
0.000000 -0.006945
0.000000 -0.003971
0.000000 -0.002172
0.000000 -0.001141
0.000000 -0.000578
0.000000 -0.000192
0.000000 0.000000
0.000000 0.000000
0.000000 0.000000
0.000000 0.000000
0.000000 0.000000
0.000000 0.000000
0.000000 0.000000
0.000000 0.000000
0.000000 0.000000
0.000000 0.000000
0.000000 0.000000
0.000000 0.000000
0.000000 0.000000
0.000000 0.000000
0.000000 0.000000
0.000000 0.000000
0.000000 0.000000
0.000000 0.000000
0.000000 0.000000
0.000000 0.000000
0.000000 0.000000
0.000000 0.000000
0.000000 0.000000
0.000000 0.000000
0.000000 0.000000
0.000000 0.000000
0.000000 0.000000
0.000000 0.000000
0.000000 0.000000
0.000000 0.000000
0.000000 0.000000
0.000000 0.000000
0.000000 0.000000
0.000000 0.000000
0.000000 0.000000
0.000000 0.000000
0.000000 0.000000
0.000000 0.000000
0.000000 0.000000
0.000000 0.000000
0.000000 0.000000
0.000000 0.000000
0.000000 0.000000
0.000000 0.000000
0.000000 0.000000
0.000000 0.000000
0.000000 0.000000
0.000000 0.000000
0.000000 0.000000
0.000000 0.000000
0.000000 0.000000
0.000000 0.000000
0.000000 0.000000
0.000000 0.000000
0.000000 0.000000
0.000000 0.000000
0.000000 0.000000
0.000000 0.000000
0.000000 0.000000
0.000000 0.000000
0.000000 0.000000
0.000000 0.000000
0.000000 0.000000
0.000000 0.000000
