0.000000 0.000000
0.000000 0.000000
0.000000 0.000000
0.000000 0.000000
0.000000 0.000000
0.000000 0.000000
0.000000 0.000000
0.000000 0.000000
0.000000 0.000000
0.000000 0.000000
0.000000 0.000000
0.000000 0.000000
0.000000 0.000000
0.000000 0.000000
0.000000 0.000000
0.000000 0.000378
0.000000 0.006719
0.000000 0.031986
0.000000 0.087849
0.000000 0.177292
0.000000 0.294062
0.000000 0.426474
0.000000 0.561900
0.000000 0.689503
0.000000 0.796733
0.000000 0.867140
0.000000 0.888299
0.000000 0.858270
0.000000 0.785316
0.000000 0.683481
0.000000 0.567727
0.000000 0.450633
0.000000 0.341005
0.000000 0.243900
0.000000 0.161401
0.000000 0.093589
0.000000 0.039408
0.000000 -0.002697
0.000000 -0.034019
0.000000 -0.050558
0.000000 -0.040783
0.000000 0.005711
0.000000 0.090398
0.000000 0.200425
0.000000 0.310230
0.000000 0.394695
0.000000 0.439652
0.000000 0.443774
0.000000 0.414741
0.000000 0.364022
0.000000 0.302817
0.000000 0.239886
0.000000 0.180948
0.000000 0.129028
0.000000 0.085189
0.000000 0.049293
0.000000 0.020600
0.000000 -0.001828
0.000000 -0.018909
0.000378 -0.031456
0.006719 -0.040164
0.031986 -0.045630
0.087849 -0.048388
0.176914 -0.048930
0.287343 -0.047675
0.394488 -0.045110
0.474051 -0.041625
0.512588 -0.037569
0.509391 -0.033240
0.472652 -0.028880
0.414248 -0.024673
0.345682 -0.020750
0.275925 -0.017238
0.210829 -0.014124
0.153479 -0.011425
0.104951 -0.009131
0.065079 -0.007214
0.033072 -0.005638
0.007922 -0.003984
-0.011363 0.003378
-0.025671 0.029450
-0.035769 0.085940
-0.042320 0.175868
-0.045915 0.293009
-0.047097 0.425700
-0.046369 0.560958
-0.044196 0.682753
-0.041002 0.771214
-0.037160 0.811138
-0.032988 0.798797
-0.028740 0.741500
-0.024614 0.652904
-0.020750 0.548055
-0.017238 0.439746
-0.014124 0.337061
-0.011425 0.245331
-0.009131 0.166879
-0.007214 0.101987
-0.005638 0.049773
-0.004362 0.008832
-0.003341 -0.022369
-0.002536 -0.045284
-0.001908 -0.060844
-0.001424 -0.064618
-0.001054 -0.044674
-0.000774 0.009731
-0.000564 0.100361
-0.000409 0.214613
-0.000253 0.327160
-0.000139 0.413109
-0.000058 0.458518
0.000000 0.462280
0.000000 0.432282
0.000000 0.380183
0.000000 0.317347
0.000000 0.252672
0.000000 0.191985
0.000000 0.138391
0.000000 0.093006
0.000000 0.055722
0.000000 0.025816
0.000000 0.002729
0.000000 -0.008882
0.000000 0.003118
0.000000 0.049689
0.000000 0.132821
0.000000 0.240121
0.000000 0.346477
0.000000 0.427060
0.000000 0.467984
0.000000 0.468136
0.000000 0.435352
0.000000 0.381202
0.000000 0.316941
0.000000 0.251311
0.000000 0.190078
0.000000 0.136241
0.000000 0.090827
0.000000 0.053654
0.000000 0.023941
0.000000 0.000709
0.000378 -0.017001
0.006719 -0.030033
0.031986 -0.039110
0.087849 -0.044856
0.177292 -0.047824
0.294062 -0.048521
0.426474 -0.047423
0.561522 -0.044970
0.683161 -0.041567
0.771467 -0.037569
0.811278 -0.033240
0.798855 -0.028880
0.741500 -0.024673
0.652904 -0.020750
0.548055 -0.017238
0.439746 -0.014124
0.337061 -0.011425
0.245331 -0.009131
0.166879 -0.007214
0.101987 -0.005638
0.049773 -0.004362
0.008832 -0.003341
-0.022369 -0.002536
-0.045284 -0.001908
-0.061222 -0.001424
-0.071338 -0.001054
-0.076283 -0.000774
-0.071398 -0.000564
-0.044567 -0.000409
0.015119 -0.000253
0.109964 -0.000139
0.233119 -0.000058
0.372404 0.000000
0.514789 0.000000
0.649511 0.000000
0.769010 0.000000
0.864072 0.000000
0.920908 0.000000
0.928870 0.000000
0.886998 0.000000
0.803947 0.000000
0.693795 0.000000
0.571358 0.000000
0.449006 0.000000
0.335335 0.000000
0.235226 0.000000
0.150612 0.000000
0.081450 0.000000
0.026573 0.000000
-0.015639 0.000000
-0.047013 0.000000
-0.069233 0.000000
-0.083444 0.000000
-0.085413 0.000000
-0.063388 0.000000
-0.006774 0.000000
0.086407 0.000000
0.209097 0.000000
0.348864 0.000000
0.492065 0.000000
0.622136 0.000000
0.718747 0.000000
0.766438 0.000000
0.761270 0.000000
0.710421 0.000000
0.627534 0.000000
0.527594 0.000000
0.423433 0.000000
0.324196 0.000000
0.235290 0.000000
0.159119 0.000000
0.096046 0.000000
0.045265 0.000000
0.005440 0.000000
-0.024522 0.000000
-0.040397 0.000000
-0.030542 0.000000
0.015597 0.000000
0.100009 0.000000
0.215536 0.000000
0.349291 0.000000
0.482312 0.000000
0.590508 0.000000
0.654662 0.000000
0.667764 0.000000
0.634975 0.000000
0.568718 0.000000
0.483413 0.000000
0.391740 0.000000
0.302920 0.000000
0.222544 0.000000
0.153222 0.000000
0.095518 0.000000
0.048814 0.000000
0.011941 0.000000
-0.016412 0.000000
-0.037495 0.000000
-0.052425 0.000378
-0.062182 0.006719
-0.067634 0.031986
-0.069569 0.087849
-0.068667 0.177292
-0.065647 0.294062
-0.061110 0.426474
-0.055587 0.561900
-0.049535 0.689503
-0.043328 0.796733
-0.037255 0.867140
-0.031570 0.888299
-0.026360 0.858270
-0.021707 0.785316
-0.017645 0.683481
-0.014169 0.567727
-0.011247 0.450633
-0.008831 0.341005
-0.006862 0.243900
-0.005280 0.161401
-0.004025 0.093589
-0.003041 0.039408
-0.002278 -0.002697
-0.001693 -0.034397
-0.001248 -0.057278
-0.000913 -0.072769
-0.000245 -0.082138
0.006311 -0.086516
0.031734 -0.086918
0.087709 -0.084258
0.177234 -0.079357
0.294062 -0.072936
0.426096 -0.065617
0.555180 -0.057911
0.657895 -0.050225
0.715604 -0.042865
0.721834 -0.036040
0.682085 -0.029881
0.609088 -0.024451
0.517478 -0.019762
0.420074 -0.015787
0.326174 -0.012472
0.241387 -0.009750
0.168310 -0.007546
0.107464 -0.005785
0.058171 -0.004395
0.019196 -0.003310
-0.010840 -0.002095
-0.033256 0.004887
-0.049228 0.030680
-0.059791 0.086935
-0.065860 0.176292
-0.068262 0.286934
-0.067753 0.394236
-0.065024 0.473912
-0.060701 0.512530
-0.055335 0.509391
-0.049396 0.472652
-0.043270 0.414248
-0.037255 0.345682
-0.031570 0.275925
-0.026360 0.210829
-0.021707 0.153479
-0.017645 0.104951
-0.014169 0.065079
-0.011247 0.033072
-0.008831 0.008300
-0.006862 -0.004643
-0.005280 0.006315
-0.004025 0.052080
-0.003041 0.134973
-0.002278 0.248147
-0.001693 0.378999
-0.001248 0.508811
-0.000913 0.613698
-0.000622 0.674602
-0.000409 0.684674
-0.000253 0.649098
-0.000139 0.580348
-0.000058 0.492864
0.000000 0.399324
0.000000 0.308936
0.000000 0.227263
0.000000 0.156885
0.000000 0.098334
0.000000 0.050957
0.000000 0.013558
0.000378 -0.015202
0.006719 -0.036597
0.031986 -0.051764
0.087849 -0.061699
0.176914 -0.067284
0.287343 -0.069316
0.394488 -0.068527
0.474051 -0.065589
0.512588 -0.061110
0.509391 -0.055587
0.472652 -0.049535
0.414248 -0.043328
0.345682 -0.037255
0.275925 -0.031570
0.210829 -0.026360
0.153479 -0.021707
0.104951 -0.017645
0.065079 -0.014169
0.033072 -0.011247
0.008300 -0.008831
-0.004643 -0.006862
0.006315 -0.005280
0.052080 -0.004025
0.134973 -0.003041
0.248147 -0.002278
0.379377 -0.001693
0.515153 -0.001248
0.638965 -0.000913
0.730464 -0.000622
0.774117 -0.000409
0.765868 -0.000253
0.712760 -0.000139
0.628290 -0.000058
0.527305 0.000000
0.422508 0.000000
0.322937 0.000000
0.233906 0.000000
0.157748 0.000000
0.094773 0.000000
0.044135 0.000000
0.004470 0.000000
-0.025332 0.000000
-0.041101 0.000000
-0.031144 0.000000
0.015087 0.000000
0.099578 0.000000
0.215170 0.000000
0.349357 0.000000
0.488762 0.000000
0.621922 0.000000
0.735651 0.000000
0.813012 0.000000
0.841189 0.000000
0.817900 0.000000
0.751251 0.000000
0.655146 0.000000
0.544473 0.000000
0.431790 0.000000
0.325916 0.000000
0.231954 0.000000
0.152044 0.000000
0.086334 0.000000
0.033837 0.000000
-0.006936 0.000000
-0.037217 0.000000
-0.052950 0.000000
-0.042557 0.000000
0.004404 0.000000
0.089863 0.000000
0.206522 0.000000
0.341808 0.000000
0.482291 0.000000
0.616427 0.000000
0.731058 0.000000
0.809229 0.000000
0.838074 0.000000
0.815406 0.000000
0.749276 0.000000
0.653600 0.000000
0.543275 0.000000
0.430871 0.000000
0.325218 0.000000
0.231428 0.000000
0.151652 0.000000
0.086043 0.000000
0.033623 0.000000
-0.007092 0.000000
-0.037330 0.000000
-0.053031 0.000000
-0.042615 0.000000
0.004404 0.000000
0.089485 0.000000
0.199803 0.000000
0.309822 0.000000
0.394442 0.000000
0.439513 0.000000
0.443716 0.000000
0.414741 0.000000
0.364022 0.000000
0.302817 0.000000
0.239886 0.000000
0.180948 0.000000
0.129028 0.000000
0.085189 0.000000
0.049293 0.000000
0.020600 0.000000
-0.001828 0.000000
-0.018909 0.000378
-0.031456 0.006719
-0.040164 0.031986
-0.045630 0.087849
-0.048388 0.177292
-0.048930 0.294062
-0.047675 0.426474
-0.045110 0.561900
-0.041625 0.689881
-0.037569 0.803453
-0.033240 0.898749
-0.028880 0.969428
-0.024673 1.003576
-0.020750 0.991530
-0.017238 0.932663
-0.014124 0.835564
-0.011425 0.714039
-0.009131 0.582558
-0.007214 0.453146
-0.005638 0.334096
-0.004362 0.230025
-0.003341 0.142639
-0.002536 0.071696
-0.001908 0.015851
-0.001424 -0.026719
-0.001054 -0.057560
-0.000774 -0.072906
-0.000564 -0.061438
-0.000409 -0.012945
-0.000253 0.073894
-0.000139 0.186093
-0.000058 0.297995
0.000000 0.384413
0.000000 0.431137
0.000000 0.436818
0.000000 0.409132
0.000000 0.359553
0.000000 0.299296
0.000000 0.237142
0.000000 0.178831
0.000000 0.127410
0.000000 0.083965
0.000000 0.048374
0.000000 0.019916
0.000378 -0.002332
0.006719 -0.019279
0.031986 -0.031725
0.087849 -0.040358
0.176914 -0.045769
0.287343 -0.048446
0.394488 -0.048930
0.474051 -0.047675
0.512588 -0.045110
0.509391 -0.041625
0.472652 -0.037569
0.414248 -0.033240
0.345682 -0.028880
0.275925 -0.024673
0.210829 -0.020750
0.153479 -0.017238
0.104951 -0.014124
0.065079 -0.011425
0.033072 -0.009131
0.008300 -0.007214
-0.004643 -0.005638
0.006315 -0.004362
0.052080 -0.003341
0.134973 -0.002536
0.248147 -0.001908
0.379377 -0.001424
0.515153 -0.001054
0.638965 -0.000774
0.730464 -0.000564
0.774117 -0.000409
0.765868 -0.000253
0.712760 -0.000139
0.628290 -0.000058
0.527305 0.000000
0.422508 0.000000
0.322937 0.000000
0.233906 0.000000
0.157748 0.000000
0.094773 0.000000
0.044135 0.000000
0.004470 0.000000
-0.025710 0.000378
-0.047820 0.006719
-0.063130 0.031986
-0.072761 0.087849
-0.077714 0.176914
-0.078892 0.287343
-0.077117 0.394488
-0.073138 0.474051
-0.067581 0.512588
-0.061082 0.509391
-0.054128 0.472652
-0.047111 0.414248
-0.040370 0.345682
-0.034065 0.275925
-0.028335 0.210829
-0.023253 0.153479
-0.018843 0.104951
-0.015088 0.065079
-0.011946 0.033072
-0.008979 0.007922
-0.000536 -0.011363
0.026415 -0.025671
0.083610 -0.035769
0.174095 -0.042320
0.291671 -0.045915
0.424322 -0.047097
0.553874 -0.046369
0.656981 -0.044196
0.714982 -0.041002
0.721426 -0.037160
0.681833 -0.032988
0.608949 -0.028740
0.517420 -0.024614
0.420074 -0.020750
0.326174 -0.017238
0.241387 -0.014124
0.168310 -0.011425
0.107464 -0.009131
0.058171 -0.007214
0.019196 -0.005638
-0.010463 -0.004362
-0.026536 -0.003341
-0.017242 -0.002536
0.028058 -0.001908
0.111054 -0.001424
0.219080 -0.001054
0.326735 -0.000774
0.409027 -0.000564
0.451887 -0.000409
0.454056 -0.000253
0.423256 -0.000139
0.370978 -0.000058
0.308427 0.000000
0.244355 0.000000
0.184469 0.000000
0.131772 0.000000
0.087306 0.000000
0.050910 0.000000
0.021824 0.000000
-0.000531 0.000000
-0.011506 0.000000
0.001035 0.000000
0.048055 0.000000
0.131554 0.000000
0.239149 0.000000
0.345698 0.000000
0.426434 0.000000
0.467479 0.000000
0.467766 0.000000
0.435083 0.000000
0.381007 0.000000
0.316802 0.000000
0.251253 0.000000
0.190078 0.000000
0.136241 0.000000
0.090827 0.000000
0.053654 0.000000
0.023941 0.000000
0.000709 0.000378
-0.017001 0.006719
-0.030033 0.031986
-0.039110 0.087849
-0.044856 0.177292
-0.047824 0.294062
-0.048521 0.426474
-0.047423 0.561900
-0.044970 0.689881
-0.041567 0.803075
-0.037569 0.892407
-0.033240 0.944162
-0.028880 0.947714
-0.024673 0.902086
-0.020750 0.815893
-0.017238 0.703152
-0.014124 0.578614
-0.011425 0.454577
-0.009131 0.339574
-0.007214 0.238423
-0.005638 0.153003
-0.004362 0.083224
-0.003341 0.027880
-0.002536 -0.014725
-0.001530 -0.046391
0.005296 -0.068825
0.030932 -0.083569
0.087075 -0.091993
0.176728 -0.095316
0.293276 -0.094623
0.419502 -0.090885
0.529774 -0.084965
0.601974 -0.077610
0.626161 -0.069458
0.605064 -0.061026
0.549673 -0.052720
0.473662 -0.044839
0.389498 -0.037586
0.306502 -0.031079
0.230500 -0.025370
0.164366 -0.020461
0.108895 -0.016313
0.063648 -0.012865
0.027594 -0.010041
-0.000476 -0.007382
-0.021727 0.000778
-0.037200 0.027478
-0.047797 0.084457
-0.054313 0.174384
-0.057462 0.285511
-0.057898 0.393182
-0.056225 0.473138
-0.052996 0.511966
-0.048707 0.508982
-0.043788 0.472400
-0.038596 0.414108
-0.033414 0.345623
-0.028455 0.275925
-0.023865 0.210829
-0.019732 0.153479
-0.016099 0.104951
-0.012971 0.065079
-0.010328 0.033072
-0.007755 0.007922
0.000383 -0.011363
0.027099 -0.025671
0.084114 -0.035769
0.174465 -0.042320
0.291940 -0.045915
0.424894 -0.047097
0.560733 -0.046369
0.689025 -0.044196
0.802830 -0.041002
0.898340 -0.037160
0.969176 -0.032988
1.003437 -0.028740
0.991471 -0.024614
0.932663 -0.020750
0.835564 -0.017238
0.714039 -0.014124
0.582558 -0.011425
0.453146 -0.009131
0.334096 -0.007214
0.230025 -0.005638
0.142639 -0.004362
0.071696 -0.003341
0.015851 -0.002536
-0.026719 -0.001908
-0.057938 -0.001046
-0.079625 0.005666
-0.093424 0.031212
-0.100793 0.087284
-0.103021 0.176884
-0.101250 0.293810
-0.096493 0.426335
-0.089639 0.561464
-0.081451 0.683161
-0.072572 0.771467
-0.063520 0.811278
-0.054695 0.798855
-0.046386 0.741500
-0.038784 0.652904
-0.031998 0.548055
-0.026069 0.439746
-0.020987 0.337061
-0.016706 0.245331
-0.013156 0.166879
-0.010255 0.101987
-0.007916 0.049773
-0.006054 0.008832
-0.004589 -0.021991
-0.003450 -0.038565
-0.002531 -0.029236
-0.001832 0.016511
-0.001306 0.100254
-0.000913 0.209225
-0.000622 0.317935
-0.000409 0.401322
-0.000253 0.445260
-0.000139 0.448448
-0.000058 0.418582
0.000000 0.367137
0.000000 0.305312
0.000000 0.241861
0.000000 0.182494
0.000000 0.130226
0.000000 0.086108
0.000000 0.049991
0.000000 0.021126
0.000000 -0.001057
0.000000 -0.011898
0.000000 0.000744
0.000000 0.047841
0.000000 0.131775
0.000000 0.245756
0.000000 0.377603
0.000000 0.514225
0.000000 0.644771
0.000000 0.761450
0.000000 0.854838
0.000000 0.910921
0.000000 0.918834
0.000000 0.877413
0.000000 0.795142
0.000000 0.685915
0.000000 0.564489
0.000000 0.443152
0.000000 0.330443
0.000000 0.231209
0.000000 0.147365
0.000000 0.078863
0.000000 0.024538
0.000000 -0.017262
0.000000 -0.048299
0.000000 -0.070248
0.000000 -0.084623
0.000000 -0.092767
0.000000 -0.095502
0.000000 -0.088312
0.000000 -0.059152
0.000000 0.002744
0.000000 0.099246
0.000000 0.217885
0.000000 0.333463
0.000000 0.421331
0.000000 0.467749
0.000000 0.471805
0.000000 0.441573
0.000000 0.388877
0.000000 0.325221
0.000000 0.259613
0.000000 0.197964
0.000000 0.143438
0.000000 0.097191
0.000000 0.059138
0.000000 0.028564
0.000000 0.004909
0.000000 -0.007174
0.000000 0.004483
0.000000 0.050774
0.000000 0.134059
0.000000 0.247524
0.000000 0.378968
0.000000 0.515278
0.000000 0.645545
0.000000 0.762015
0.000000 0.855246
0.000000 0.911174
0.000000 0.918974
0.000000 0.877472
0.000000 0.795142
0.000000 0.685915
0.000000 0.564489
0.000000 0.443152
0.000000 0.330443
0.000000 0.231209
0.000000 0.147365
0.000000 0.078863
0.000000 0.024538
0.000000 -0.017262
0.000000 -0.048299
0.000000 -0.070248
0.000000 -0.084623
0.000000 -0.092767
0.000000 -0.095880
0.000000 -0.095031
0.000000 -0.091138
0.000000 -0.085104
0.000000 -0.077669
0.000000 -0.069458
0.000000 -0.061026
0.000000 -0.052720
0.000000 -0.044839
0.000000 -0.037586
0.000000 -0.031079
0.000000 -0.025370
0.000000 -0.020461
0.000000 -0.016313
0.000000 -0.012865
0.000000 -0.010041
0.000000 -0.007760
0.000000 -0.005941
0.000000 -0.004508
0.000000 -0.003391
0.000000 -0.002531
0.000000 -0.001832
0.000000 -0.001306
0.000000 -0.000913
0.000000 -0.000622
0.000000 -0.000409
0.000000 -0.000253
0.000000 -0.000139
0.000000 -0.000058
0.000000 0.000000
0.000000 0.000000
0.000000 0.000000
0.000000 0.000000
0.000000 0.000000
0.000000 0.000000
0.000000 0.000000
0.000000 0.000000
0.000000 0.000000
0.000000 0.000000
0.000000 0.000000
0.000000 0.000000
0.000000 0.000000
0.000000 0.000000
0.000000 0.000000
0.000000 0.000000
0.000000 0.000000
0.000000 0.000000
0.000000 0.000000
0.000000 0.000000
0.000000 0.000000
0.000000 0.000000
0.000000 0.000000
0.000000 0.000000
0.000000 0.000000
0.000000 0.000000
0.000000 0.000000
0.000000 0.000000
0.000000 0.000000
0.000000 0.000000
0.000000 0.000000
0.000000 0.000000
0.000000 0.000000
0.000000 0.000000
0.000000 0.000000
0.000000 0.000000
0.000000 0.000000
0.000000 0.000000
0.000000 0.000000
0.000000 0.000000
0.000000 0.000000
0.000000 0.000000
0.000000 0.000000
0.000000 0.000000
0.000000 0.000000
0.000000 0.000000
0.000000 0.000000
0.000000 0.000000
0.000000 0.000000
0.000000 0.000000
0.000000 0.000000
0.000000 0.000000
0.000000 0.000000
0.000000 0.000000
0.000000 0.000000
0.000000 0.000000
0.000000 0.000000
0.000000 0.000000
0.000000 0.000000
0.000000 0.000000
0.000000 0.000000
0.000000 0.000000
0.000000 0.000000
0.000000 0.000000
0.000000 0.000000
0.000000 0.000000
0.000000 0.000000
0.000000 0.000000
0.000000 0.000000
0.000000 0.000000
0.000000 0.000000
0.000000 0.000000
