0.000000 0.000000
0.000000 0.000000
0.000000 0.000000
0.000000 0.000000
0.000000 0.000000
0.000000 0.000000
0.000000 0.000000
0.000000 0.000000
0.000000 0.000000
0.000000 0.000000
0.000000 0.000000
0.000000 0.000000
0.000000 0.000000
0.000000 0.000000
0.000000 0.000000
0.000000 0.000378
0.000000 0.006719
0.000000 0.031986
0.000000 0.087849
0.000000 0.177292
0.000000 0.294062
0.000000 0.426096
0.000000 0.555180
0.000000 0.657895
0.000000 0.715604
0.000000 0.721834
0.000000 0.682085
0.000000 0.609088
0.000000 0.517478
0.000000 0.420074
0.000000 0.326174
0.000000 0.241387
0.000000 0.168310
0.000000 0.107464
0.000000 0.058171
0.000000 0.019196
0.000378 -0.010840
0.006719 -0.033256
0.031986 -0.049228
0.087849 -0.059791
0.177292 -0.065860
0.294062 -0.068262
0.426474 -0.067753
0.561522 -0.065024
0.683161 -0.060701
0.771467 -0.055335
0.811278 -0.049396
0.798855 -0.043270
0.741500 -0.037255
0.652904 -0.031570
0.548055 -0.026360
0.439746 -0.021707
0.337061 -0.017645
0.245331 -0.014169
0.166879 -0.011247
0.101987 -0.008831
0.049773 -0.006862
0.008832 -0.005280
-0.022369 -0.003647
-0.045284 0.003678
-0.061222 0.029708
-0.071338 0.086156
-0.076660 0.175666
-0.078118 0.286429
-0.076553 0.393866
-0.072729 0.473643
-0.067328 0.512336
-0.060943 0.509251
-0.054070 0.472594
-0.047111 0.414248
-0.040370 0.345682
-0.034065 0.275925
-0.028335 0.210829
-0.023253 0.153479
-0.018843 0.104951
-0.015088 0.065079
-0.011946 0.033072
-0.009357 0.007922
-0.007255 -0.011363
-0.005194 -0.025671
0.002480 -0.035769
0.028789 -0.042320
0.085457 -0.045915
0.175518 -0.047097
0.292756 -0.046369
0.425561 -0.044196
0.561278 -0.041002
0.689094 -0.037160
0.796481 -0.032988
0.867001 -0.028740
0.888241 -0.024614
0.858270 -0.020750
0.785316 -0.017238
0.683481 -0.014124
0.567727 -0.011425
0.450633 -0.009131
0.341005 -0.007214
0.243900 -0.005638
0.161401 -0.004362
0.093589 -0.003341
0.039408 -0.002536
-0.002697 -0.001908
-0.034019 -0.001424
-0.050558 -0.001054
-0.040783 -0.000774
0.005711 -0.000564
0.090776 -0.000409
0.207145 -0.000253
0.342216 -0.000139
0.482543 -0.000058
0.616944 0.000000
0.737836 0.000000
0.840838 0.000000
0.919203 0.000000
0.960712 0.000000
0.955490 0.000000
0.902782 0.000000
0.811113 0.000000
0.694277 0.000000
0.566771 0.000000
0.440674 0.000000
0.324346 0.000000
0.222479 0.000000
0.136854 0.000000
0.067301 0.000000
0.012541 0.000000
-0.029192 0.000000
-0.059392 0.000000
-0.074212 0.000000
-0.062352 0.000000
-0.013567 0.000000
0.073485 0.000000
0.185840 0.000000
0.297855 0.000000
0.384354 0.000000
0.431137 0.000000
0.436818 0.000000
0.409132 0.000000
0.359553 0.000000
0.299296 0.000000
0.237142 0.000000
0.178831 0.000000
0.127410 0.000000
0.083965 0.000000
0.048374 0.000000
0.019916 0.000000
-0.001955 0.000000
-0.012559 0.000000
0.000261 0.000000
0.047490 0.000000
0.131145 0.000000
0.238897 0.000000
0.345558 0.000000
0.426376 0.000000
0.467479 0.000000
0.467766 0.000000
0.435083 0.000000
0.381007 0.000000
0.316802 0.000000
0.251253 0.000000
0.190078 0.000000
0.136241 0.000000
0.090827 0.000000
0.053654 0.000000
0.023941 0.000000
0.000709 0.000000
-0.017001 0.000000
-0.030033 0.000000
-0.039110 0.000000
-0.044856 0.000000
-0.047824 0.000378
-0.048521 0.006719
-0.047423 0.031986
-0.044970 0.087849
-0.041567 0.177292
-0.037569 0.294062
-0.033240 0.426474
-0.028880 0.561900
-0.024673 0.689503
-0.020750 0.796733
-0.017238 0.867140
-0.014124 0.888299
-0.011425 0.858270
-0.009131 0.785316
-0.007214 0.683481
-0.005638 0.567727
-0.004362 0.450633
-0.003341 0.341005
-0.002536 0.243900
-0.001908 0.161401
-0.001424 0.093589
-0.001054 0.039408
-0.000774 -0.002697
-0.000564 -0.034019
-0.000409 -0.050558
-0.000253 -0.040783
-0.000139 0.005711
-0.000058 0.090776
0.000000 0.207145
0.000000 0.342216
0.000000 0.482543
0.000000 0.616944
0.000000 0.737458
0.000000 0.834496
0.000000 0.893936
0.000000 0.904849
0.000000 0.866046
0.000000 0.786012
0.000000 0.678701
0.000000 0.558851
0.000000 0.438790
0.000000 0.327102
0.000000 0.228673
0.000000 0.145457
0.000000 0.077439
0.000000 0.023485
0.000000 -0.018036
0.000378 -0.048863
0.006719 -0.070657
0.031986 -0.084875
0.087849 -0.092907
0.177292 -0.095938
0.294062 -0.095031
0.426474 -0.091138
0.561900 -0.085104
0.689881 -0.077669
0.803075 -0.069458
0.892407 -0.061026
0.944162 -0.052720
0.947714 -0.044839
0.902086 -0.037586
0.815893 -0.031079
0.703152 -0.025370
0.578614 -0.020461
0.454577 -0.016313
0.339574 -0.012865
0.238423 -0.010041
0.153003 -0.007760
0.083224 -0.005941
0.027880 -0.004508
-0.014725 -0.003391
-0.046013 -0.002531
-0.062105 -0.001832
-0.051583 -0.001306
-0.004145 -0.000913
0.081599 -0.000622
0.192720 -0.000409
0.303603 -0.000253
0.389087 -0.000139
0.434978 -0.000058
0.439933 0.000000
0.411627 0.000000
0.361528 0.000000
0.300842 0.000000
0.238339 0.000000
0.179750 0.000000
0.128109 0.000000
0.084491 0.000000
0.048767 0.000000
0.020207 0.000000
-0.002119 0.000000
-0.019123 0.000000
-0.031612 0.000000
-0.040277 0.000000
-0.045333 0.000000
-0.041726 0.000000
-0.016944 0.000000
0.040173 0.000000
0.131805 0.000000
0.245718 0.000000
0.356919 0.000000
0.440811 0.000000
0.483709 0.000000
0.484718 0.000000
0.451902 0.000000
0.397010 0.000000
0.331557 0.000000
0.264500 0.000000
0.201698 0.000000
0.146265 0.000000
0.099313 0.000000
0.060718 0.000000
0.029730 0.000000
0.005386 0.000378
-0.013271 0.006719
-0.027095 0.031986
-0.036822 0.087849
-0.043094 0.177292
-0.046480 0.294062
-0.047506 0.426474
-0.046622 0.561900
-0.044336 0.689881
-0.041060 0.803453
-0.037160 0.898749
-0.032988 0.969428
-0.028740 1.003576
-0.024614 0.991530
-0.020750 0.932663
-0.017238 0.835564
-0.014124 0.714039
-0.011425 0.582558
-0.009131 0.453146
-0.007214 0.334096
-0.005638 0.230025
-0.004362 0.142639
-0.003341 0.071696
-0.002536 0.015851
-0.001908 -0.026719
-0.001424 -0.057560
-0.001054 -0.072906
-0.000774 -0.061438
-0.000564 -0.012945
-0.000409 0.074272
-0.000253 0.192812
-0.000139 0.329981
-0.000058 0.472261
0.000000 0.608052
0.000000 0.724161
0.000000 0.803620
0.000000 0.833604
0.000000 0.811884
0.000000 0.746532
0.000000 0.651483
0.000000 0.541658
0.000000 0.429646
0.000000 0.324299
0.000000 0.230745
0.000000 0.151147
0.000000 0.085673
0.000000 0.033354
0.000000 -0.007286
0.000378 -0.037847
0.006719 -0.059809
0.031986 -0.074601
0.087849 -0.083444
0.177292 -0.087429
0.293684 -0.087540
0.419755 -0.084666
0.529914 -0.079609
0.602032 -0.073076
0.626161 -0.065675
0.605064 -0.057911
0.549673 -0.050225
0.473662 -0.042865
0.389498 -0.036040
0.306502 -0.029881
0.230500 -0.024451
0.164366 -0.019762
0.108895 -0.015787
0.063648 -0.012472
0.027594 -0.009750
-0.000476 -0.007168
-0.021727 0.000934
-0.037200 0.027591
-0.047797 0.084538
-0.054313 0.174820
-0.057462 0.292230
-0.057898 0.425168
-0.056225 0.560987
-0.052996 0.688880
-0.048707 0.796325
-0.043788 0.866888
-0.038596 0.888160
-0.033414 0.858212
-0.028455 0.785316
-0.023865 0.683481
-0.019732 0.567727
-0.016099 0.450633
-0.012971 0.341005
-0.010328 0.243900
-0.008133 0.161401
-0.006336 0.093589
-0.004888 0.039408
-0.003734 -0.002697
-0.002449 -0.034397
0.004597 -0.057278
0.030406 -0.072769
0.086682 -0.082138
0.176437 -0.086516
0.293440 -0.086918
0.426066 -0.084258
0.561647 -0.079357
0.689741 -0.072936
0.803395 -0.065617
0.898749 -0.057911
0.969428 -0.050225
1.003576 -0.042865
0.991530 -0.036040
0.932663 -0.029881
0.835564 -0.024451
0.714039 -0.019762
0.582558 -0.015787
0.453146 -0.012472
0.334096 -0.009750
0.230025 -0.007546
0.142639 -0.005785
0.071696 -0.004395
0.015851 -0.003310
-0.026719 -0.002472
-0.057938 -0.001454
-0.079625 0.005413
-0.093424 0.031073
-0.100793 0.087226
-0.103021 0.176506
-0.101250 0.287090
-0.096493 0.394349
-0.089639 0.473993
-0.081451 0.512588
-0.072572 0.509391
-0.063520 0.472652
-0.054695 0.414248
-0.046386 0.345682
-0.038784 0.275925
-0.031998 0.210829
-0.026069 0.153479
-0.020987 0.104951
-0.016706 0.065079
-0.013156 0.033072
-0.010255 0.008300
-0.007916 -0.004643
-0.006054 0.006315
-0.004589 0.052080
-0.003450 0.134973
-0.002531 0.248147
-0.001832 0.379377
-0.001306 0.515531
-0.000913 0.645684
-0.000622 0.762450
-0.000409 0.861588
-0.000253 0.936440
-0.000139 0.974836
-0.000058 0.966915
0.000000 0.911912
0.000000 0.818327
0.000000 0.699915
0.000000 0.571132
0.000000 0.444015
0.000000 0.326883
0.000000 0.224387
0.000000 0.138277
0.000000 0.068354
0.000000 0.013315
0.000000 -0.028627
0.000000 -0.058984
0.000000 -0.073959
0.000000 -0.062212
0.000000 -0.013509
0.000000 0.073863
0.000000 0.192560
0.000000 0.329464
0.000000 0.465484
0.000000 0.576443
0.000000 0.643032
0.000000 0.658314
0.000000 0.627390
0.000000 0.562702
0.000000 0.478694
0.000000 0.388076
0.000000 0.300105
0.000000 0.220401
0.000000 0.151604
0.000000 0.094309
0.000000 0.047916
0.000000 0.011280
0.000378 -0.016895
0.006719 -0.037845
0.031986 -0.052678
0.087849 -0.062321
0.177292 -0.067692
0.294062 -0.069569
0.426096 -0.068667
0.555180 -0.065647
0.657895 -0.061110
0.715604 -0.055587
0.721834 -0.049535
0.682085 -0.043328
0.609088 -0.037255
0.517478 -0.031570
0.420074 -0.026360
0.326174 -0.021707
0.241387 -0.017645
0.168310 -0.014169
0.107464 -0.011247
0.058171 -0.008831
0.019196 -0.006862
-0.010840 -0.005280
-0.033256 -0.004025
-0.049228 -0.003041
-0.059791 -0.002278
-0.065860 -0.001693
-0.068262 -0.000870
-0.067753 0.005806
-0.065024 0.031364
-0.060701 0.087440
-0.055335 0.177040
-0.049396 0.293923
-0.043270 0.426416
-0.037255 0.561900
-0.031570 0.689503
-0.026360 0.796733
-0.021707 0.867140
-0.017645 0.888299
-0.014169 0.858270
-0.011247 0.785316
-0.008831 0.683481
-0.006862 0.567727
-0.005280 0.450633
-0.004025 0.341005
-0.003041 0.243900
-0.002278 0.161401
-0.001693 0.093589
-0.001248 0.039408
-0.000913 -0.002697
-0.000622 -0.034019
-0.000409 -0.050558
-0.000253 -0.040783
-0.000139 0.005711
-0.000058 0.090776
0.000000 0.207145
0.000000 0.342216
0.000000 0.482543
0.000000 0.616944
0.000000 0.737836
0.000000 0.840838
0.000000 0.919203
0.000000 0.960712
0.000000 0.955490
0.000000 0.902782
0.000000 0.811113
0.000000 0.694277
0.000000 0.566771
0.000000 0.440674
0.000000 0.324346
0.000000 0.222479
0.000000 0.136854
0.000000 0.067301
0.000000 0.012541
0.000000 -0.029192
0.000378 -0.059770
0.006719 -0.080931
0.031986 -0.094338
0.087849 -0.101416
0.176914 -0.103429
0.287343 -0.101503
0.394488 -0.096633
0.474051 -0.089697
0.512588 -0.081451
0.509391 -0.072572
0.472652 -0.063520
0.414248 -0.054695
0.345682 -0.046386
0.275925 -0.038784
0.210829 -0.031998
0.153479 -0.026069
0.104951 -0.020987
0.065079 -0.016706
0.033072 -0.013156
0.007922 -0.010255
-0.011363 -0.007916
-0.025671 -0.005677
-0.035769 0.002130
-0.042320 0.028536
-0.045915 0.085318
-0.047097 0.175082
-0.046369 0.286037
-0.044196 0.393575
-0.041002 0.473429
-0.037160 0.512180
-0.032988 0.509138
-0.028740 0.472513
-0.024614 0.414189
-0.020750 0.345682
-0.017238 0.275925
-0.014124 0.210829
-0.011425 0.153479
-0.009131 0.104951
-0.007214 0.065079
-0.005638 0.033072
-0.004362 0.007922
-0.002964 -0.011363
0.004183 -0.025671
0.030078 -0.035769
0.086425 -0.042320
0.176238 -0.045915
0.293288 -0.047097
0.425910 -0.046369
0.561491 -0.044196
0.689628 -0.041002
0.803313 -0.037160
0.898690 -0.032988
0.969428 -0.028740
1.003576 -0.024614
0.991530 -0.020750
0.932663 -0.017238
0.835564 -0.014124
0.714039 -0.011425
0.582558 -0.009131
0.453146 -0.007214
0.334096 -0.005638
0.230025 -0.004362
0.142639 -0.003341
0.071696 -0.002536
0.015851 -0.001908
-0.026719 -0.001424
-0.057560 -0.001054
-0.072906 -0.000774
-0.061438 -0.000564
-0.012945 -0.000409
0.074272 -0.000253
0.192812 -0.000139
0.329603 -0.000058
0.465542 0.000000
0.576443 0.000000
0.643032 0.000000
0.658314 0.000000
0.627390 0.000000
0.562702 0.000000
0.478694 0.000000
0.388076 0.000000
0.300105 0.000000
0.220401 0.000000
0.151604 0.000000
0.094309 0.000000
0.047916 0.000000
0.011280 0.000000
-0.016517 0.000000
-0.031126 0.000000
-0.020692 0.000000
0.025527 0.000000
0.109222 0.000000
0.217774 0.000000
0.325821 0.000000
0.408405 0.000000
0.451479 0.000000
0.453803 0.000000
0.423117 0.000000
0.370920 0.000000
0.308427 0.000000
0.244355 0.000000
0.184469 0.000000
0.131772 0.000000
0.087306 0.000000
0.050910 0.000000
0.021824 0.000000
-0.000909 0.000000
-0.018225 0.000000
-0.030951 0.000000
-0.039794 0.000378
-0.045361 0.006719
-0.048193 0.031986
-0.048790 0.087849
-0.047617 0.176914
-0.045110 0.287343
-0.041625 0.394488
-0.037569 0.474051
-0.033240 0.512588
-0.028880 0.509391
-0.024673 0.472652
-0.020750 0.414248
-0.017238 0.345682
-0.014124 0.275925
-0.011425 0.210829
-0.009131 0.153479
-0.007214 0.104951
-0.005638 0.065079
-0.004362 0.033072
-0.002964 0.007922
0.004183 -0.011363
0.030078 -0.025671
0.086425 -0.035769
0.176238 -0.042320
0.293288 -0.045915
0.425910 -0.047097
0.561491 -0.046369
0.689250 -0.044196
0.796594 -0.041002
0.867082 -0.037160
0.888299 -0.032988
0.858270 -0.028740
0.785316 -0.024614
0.683481 -0.020750
0.567727 -0.017238
0.450633 -0.014124
0.341005 -0.011425
0.243900 -0.009131
0.161401 -0.007214
0.093589 -0.005638
0.039408 -0.004362
-0.002697 -0.003341
-0.034397 -0.002536
-0.057278 -0.001908
-0.072769 -0.001424
-0.081760 -0.001054
-0.079796 -0.000774
-0.054932 -0.000564
0.003591 -0.000409
0.097935 -0.000253
0.220748 -0.000139
0.354138 -0.000058
0.472003 0.000000
0.551807 0.000000
0.583296 0.000000
0.569024 0.000000
0.519793 0.000000
0.449211 0.000000
0.369735 0.000000
0.290715 0.000000
0.218028 0.000000
0.154616 0.000000
0.101349 0.000000
0.057863 0.000000
0.023199 0.000000
-0.003786 0.000378
-0.024200 0.006719
-0.039032 0.031986
-0.049103 0.087849
-0.055227 0.176914
-0.058085 0.287343
-0.058306 0.394488
-0.056477 0.474051
-0.053135 0.512588
-0.048765 0.509391
-0.043788 0.472652
-0.038596 0.414248
-0.033414 0.345682
-0.028455 0.275925
-0.023865 0.210829
-0.019732 0.153479
-0.016099 0.104951
-0.012971 0.065079
-0.010328 0.033072
-0.008133 0.008300
-0.006336 -0.004643
-0.004888 0.006315
-0.003734 0.052080
-0.002827 0.134973
-0.002122 0.248147
-0.001580 0.379377
-0.001167 0.515531
-0.000855 0.645684
-0.000622 0.762073
-0.000409 0.855246
-0.000253 0.911174
-0.000139 0.918974
-0.000058 0.877472
0.000000 0.795142
0.000000 0.685915
0.000000 0.564489
0.000000 0.443152
0.000000 0.330443
0.000000 0.231209
0.000000 0.147365
0.000000 0.078863
0.000000 0.024538
0.000000 -0.017262
0.000000 -0.047921
0.000000 -0.063529
0.000000 -0.052637
0.000000 -0.004919
0.000000 0.081034
0.000000 0.192312
0.000000 0.303350
0.000000 0.388947
0.000000 0.434920
0.000000 0.439933
0.000000 0.411627
0.000000 0.361528
0.000000 0.300842
0.000000 0.238339
0.000000 0.179750
0.000000 0.128109
0.000000 0.084491
0.000000 0.048767
0.000000 0.020207
0.000000 -0.002119
0.000000 -0.019123
0.000000 -0.031612
0.000000 -0.040277
0.000000 -0.045711
0.000000 -0.048068
0.000000 -0.042210
0.000000 -0.015689
0.000000 0.042739
0.000000 0.135667
0.000000 0.256493
0.000000 0.393234
0.000000 0.533020
0.000000 0.665208
0.000000 0.782325
0.000000 0.875169
0.000000 0.930037
0.000000 0.936288
0.000000 0.892955
0.000000 0.808679
0.000000 0.697514
0.000000 0.574252
0.000000 0.451236
0.000000 0.337038
0.000000 0.236515
0.000000 0.151580
0.000000 0.082170
0.000000 0.027106
0.000000 -0.015290
0.000000 -0.046800
0.000000 -0.069077
0.000000 -0.083708
0.000378 -0.092052
0.006719 -0.095316
0.031986 -0.094623
0.087849 -0.090885
0.176914 -0.084965
0.287343 -0.077610
0.394488 -0.069458
0.474051 -0.061026
0.512588 -0.052720
0.509391 -0.044839
0.472652 -0.037586
0.414248 -0.031079
0.345682 -0.025370
0.275925 -0.020461
0.210829 -0.016313
0.153479 -0.012865
0.104951 -0.010041
0.065079 -0.007760
0.033072 -0.005941
0.007922 -0.004508
-0.011363 -0.003391
-0.025671 -0.002531
-0.035769 -0.001832
-0.042320 -0.001306
-0.045915 -0.000913
-0.047097 -0.000622
-0.046369 -0.000409
-0.044196 -0.000253
-0.041002 -0.000139
-0.037160 -0.000058
-0.032988 0.000000
-0.028740 0.000000
-0.024614 0.000000
-0.020750 0.000000
-0.017238 0.000000
-0.014124 0.000000
-0.011425 0.000000
-0.009131 0.000000
-0.007214 0.000000
-0.005638 0.000000
-0.004362 0.000000
-0.003341 0.000000
-0.002536 0.000000
-0.001908 0.000000
-0.001424 0.000000
-0.001054 0.000000
-0.000774 0.000000
-0.000564 0.000000
-0.000409 0.000000
-0.000253 0.000000
-0.000139 0.000000
-0.000058 0.000000
0.000000 0.000000
0.000000 0.000000
0.000000 0.000000
0.000000 0.000000
0.000000 0.000000
0.000000 0.000000
0.000000 0.000000
0.000000 0.000000
0.000000 0.000000
0.000000 0.000000
0.000000 0.000000
0.000000 0.000000
0.000000 0.000000
0.000000 0.000000
0.000000 0.000000
0.000000 0.000000
0.000000 0.000000
0.000000 0.000000
0.000000 0.000000
0.000000 0.000000
0.000000 0.000000
0.000000 0.000000
0.000000 0.000000
0.000000 0.000000
0.000000 0.000000
0.000000 0.000000
0.000000 0.000000
0.000000 0.000000
0.000000 0.000000
0.000000 0.000000
0.000000 0.000000
0.000000 0.000000
0.000000 0.000000
0.000000 0.000000
0.000000 0.000000
0.000000 0.000000
0.000000 0.000000
0.000000 0.000000
0.000000 0.000000
0.000000 0.000000
0.000000 0.000000
0.000000 0.000000
