0.000000 0.000000
0.000000 0.000000
0.000000 0.000000
0.000000 0.000000
0.000000 0.000000
0.000000 0.000000
0.000000 0.000000
0.018566 0.000000
0.165070 0.000000
0.439405 0.000000
0.724358 0.000000
0.919408 0.000000
0.901028 0.000000
0.688090 0.000000
0.420847 0.000000
0.199099 0.000000
0.049540 0.000000
-0.037901 0.000000
-0.080612 0.000000
-0.093389 0.000000
-0.087761 0.018566
-0.072734 0.165070
-0.054899 0.420840
-0.038380 0.559289
-0.025126 0.498568
-0.015527 0.341739
-0.009116 0.189522
-0.005112 0.079108
-0.002750 0.009577
0.017233 -0.029568
0.164491 -0.047478
0.439214 -0.051044
0.724358 -0.045910
0.919408 -0.036718
0.901028 -0.026824
0.688090 -0.018181
0.420847 -0.011557
0.199099 -0.006945
0.049540 -0.003971
-0.037901 -0.002172
-0.080612 -0.001141
-0.093389 0.017987
-0.087761 0.164878
-0.072734 0.439405
-0.054899 0.724358
-0.038380 0.919408
-0.025126 0.901028
-0.015527 0.688090
-0.009116 0.420847
-0.005112 0.199099
-0.002750 0.049540
-0.001333 -0.037901
0.017987 -0.080612
0.164878 -0.093389
0.439405 -0.087761
0.705793 -0.072734
0.772904 -0.054899
0.626693 -0.038380
0.403137 -0.025126
0.207232 -0.015527
0.070975 -0.009116
-0.011858 -0.005112
-0.055611 -0.002750
-0.072479 -0.001333
-0.053388 -0.000578
0.103351 -0.000192
0.391672 0.000000
0.671803 0.000000
0.750332 0.000000
0.612583 0.000000
0.394776 0.000000
0.202507 0.000000
0.068416 0.000000
-0.013191 0.000000
-0.037624 0.000000
0.092399 0.000000
0.367452 0.000000
0.644074 0.000000
0.725171 0.000000
0.592703 0.000000
0.380565 0.000000
0.193122 0.000000
0.062613 0.000000
-0.016584 0.000000
-0.039604 0.000000
0.091258 0.000000
0.348308 0.000000
0.497379 0.000000
0.450835 0.000000
0.307750 0.000000
0.166950 0.000000
0.064998 0.000000
0.001215 0.000000
-0.034294 0.018566
-0.050037 0.165070
-0.052377 0.439405
-0.046489 0.724358
-0.036909 0.937974
-0.026824 1.047532
-0.018181 0.962426
-0.011557 0.705800
-0.006945 0.412714
-0.003971 0.177664
-0.002172 0.023497
-0.001141 -0.062902
0.017987 -0.101522
0.164878 -0.109197
0.420840 -0.098777
0.559289 -0.079900
0.498568 -0.059290
0.341739 -0.040934
0.189522 -0.026543
0.079108 -0.016282
0.009577 -0.009503
-0.029568 -0.005304
-0.047478 0.015816
-0.051044 0.163737
-0.045910 0.420261
-0.036718 0.559097
-0.026824 0.498568
-0.018181 0.341739
-0.011557 0.189522
-0.006945 0.079108
-0.003971 0.009577
-0.002172 -0.011003
-0.001141 0.117591
-0.000578 0.388361
-0.000192 0.678448
0.000000 0.882690
0.000000 0.874204
0.000000 0.669909
0.000000 0.409291
0.000000 0.192154
0.000000 0.045569
0.000000 -0.040073
0.000000 -0.063188
0.000000 0.071102
0.000000 0.351452
0.000000 0.633058
0.000000 0.718005
0.000000 0.588312
0.000000 0.378012
0.000000 0.191705
0.000000 0.061859
0.000000 -0.016970
0.000000 -0.058362
0.018566 -0.073812
0.165070 -0.072532
0.420840 -0.061910
0.559289 -0.047733
0.498568 -0.033989
0.341739 -0.022572
0.189522 -0.014110
0.079108 -0.008362
0.009577 -0.004725
-0.029568 0.016007
-0.047478 0.163737
-0.051044 0.438827
-0.045910 0.705601
-0.036718 0.772904
-0.026824 0.626693
-0.018181 0.403137
-0.011557 0.207232
-0.006945 0.070975
-0.003971 -0.011858
-0.002172 -0.037046
-0.001141 0.092591
-0.000578 0.348886
-0.000192 0.497570
0.000000 0.450835
0.000000 0.307750
0.000000 0.166950
0.000000 0.064998
0.000000 0.001215
0.018566 -0.034294
0.165070 -0.050037
0.439405 -0.052377
0.724358 -0.046489
0.919408 -0.036909
0.901028 -0.026824
0.688090 -0.018181
0.420847 -0.011557
0.199099 -0.006945
0.049540 -0.003971
-0.037901 -0.002172
-0.062046 -0.001141
0.071681 -0.000578
0.333078 -0.000192
0.486555 0.000000
0.443670 0.000000
0.303359 0.000000
0.164396 0.000000
0.063581 0.000000
0.000461 0.000000
-0.016115 0.000000
0.114841 0.000000
0.387028 0.000000
0.677869 0.000000
0.882499 0.000000
0.874204 0.000000
0.669909 0.000000
0.409291 0.000000
0.192154 0.000000
0.045569 0.000000
-0.040073 0.000000
-0.081753 0.000000
-0.093967 0.000000
-0.087953 0.018566
-0.072734 0.165070
-0.054899 0.420840
-0.038380 0.559289
-0.025126 0.498568
-0.015527 0.341739
-0.009116 0.189522
-0.005112 0.079108
-0.002750 0.009577
0.017233 -0.029568
0.164491 -0.047478
0.420648 -0.051044
0.559289 -0.045910
0.498568 -0.036718
0.341739 -0.026824
0.189522 -0.018181
0.079108 -0.011557
0.009577 -0.006945
-0.029568 -0.003971
-0.047478 -0.002172
-0.032478 -0.001141
0.119159 -0.000578
0.384122 -0.000192
0.532465 0.000000
0.480387 0.000000
0.330183 0.000000
0.182578 0.000000
0.075137 0.000000
0.007405 0.000000
-0.012144 0.000000
0.117013 0.000000
0.369604 0.000000
0.513378 0.000000
0.461851 0.000000
0.314916 0.000000
0.171341 0.000000
0.067551 0.000000
0.002632 0.000000
-0.033539 0.018566
-0.049650 0.165070
-0.052185 0.439405
-0.046489 0.724358
-0.036909 0.937974
-0.026824 1.047532
-0.018181 0.962426
-0.011557 0.705800
-0.006945 0.412714
-0.003971 0.177664
-0.002172 0.023497
-0.001141 -0.062902
-0.000578 -0.101522
-0.000192 -0.090631
0.000000 0.066293
0.000000 0.359506
0.000000 0.665068
0.000000 0.878474
0.000000 0.874485
0.000000 0.671809
0.000000 0.411344
0.000000 0.193795
0.000000 0.046789
0.000000 -0.039234
0.018566 -0.081191
0.165070 -0.093580
0.439405 -0.087761
0.724358 -0.072734
0.919408 -0.054899
0.901028 -0.038380
0.688090 -0.025126
0.420847 -0.015527
0.199099 -0.009116
0.049540 -0.005112
-0.037901 -0.002750
-0.080612 0.017233
-0.093389 0.164491
-0.087761 0.439214
-0.072734 0.724358
-0.054899 0.919408
-0.038380 0.901028
-0.025126 0.688090
-0.015527 0.420847
-0.009116 0.199099
-0.005112 0.049540
-0.002750 -0.037901
-0.001333 -0.062046
-0.000578 0.071681
-0.000192 0.333078
0.000000 0.486555
0.000000 0.443670
0.000000 0.303359
0.000000 0.164396
0.000000 0.063581
0.000000 0.000461
0.000000 -0.016115
0.000000 0.114841
0.000000 0.368463
0.000000 0.512800
0.000000 0.461659
0.000000 0.314916
0.000000 0.171341
0.000000 0.067551
0.000000 0.002632
0.000000 -0.014973
0.000000 0.115420
0.000000 0.368654
0.000000 0.512800
0.000000 0.461659
0.000000 0.314916
0.000000 0.171341
0.000000 0.067551
0.000000 0.002632
0.000000 -0.033539
0.000000 -0.049650
0.000000 -0.052185
0.000000 -0.046489
0.000000 -0.036909
0.000000 -0.026824
0.000000 -0.018181
0.000000 -0.011557
0.000000 -0.006945
0.000000 -0.003971
0.000000 -0.002172
0.000000 -0.001141
0.000000 -0.000578
0.000000 -0.000192
0.000000 0.000000
0.000000 0.000000
0.000000 0.000000
0.000000 0.000000
0.000000 0.000000
0.000000 0.000000
0.000000 0.000000
0.000000 0.000000
0.000000 0.000000
0.000000 0.000000
0.000000 0.000000
0.000000 0.000000
0.000000 0.000000
0.000000 0.000000
0.000000 0.000000
0.000000 0.000000
0.000000 0.000000
0.000000 0.000000
0.000000 0.000000
0.000000 0.000000
0.000000 0.000000
0.000000 0.000000
0.000000 0.000000
0.000000 0.000000
0.000000 0.000000
0.000000 0.000000
0.000000 0.000000
0.000000 0.000000
0.000000 0.000000
0.000000 0.000000
0.000000 0.000000
0.000000 0.000000
0.000000 0.000000
0.000000 0.000000
0.000000 0.000000
0.000000 0.000000
0.000000 0.000000
0.000000 0.000000
0.000000 0.000000
0.000000 0.000000
0.000000 0.000000
0.000000 0.000000
0.000000 0.000000
0.000000 0.000000
0.000000 0.000000
0.000000 0.000000
0.000000 0.000000
0.000000 0.000000
0.000000 0.000000
0.000000 0.000000
0.000000 0.000000
0.000000 0.000000
0.000000 0.000000
0.000000 0.000000
0.000000 0.000000
0.000000 0.000000
0.000000 0.000000
0.000000 0.000000
0.000000 0.000000
0.000000 0.000000
0.000000 0.000000
0.000000 0.000000
0.000000 0.000000
0.000000 0.000000
0.000000 0.000000
0.000000 0.000000
0.000000 0.000000
0.000000 0.000000
0.000000 0.000000
0.000000 0.000000
0.000000 0.000000
0.000000 0.000000
