0.000000 0.000000
0.000000 0.000000
0.000000 0.000000
0.000000 0.000000
0.000000 0.000000
0.000000 0.000000
0.000000 0.000000
0.000000 0.018566
0.000000 0.165070
0.000000 0.439405
0.000000 0.724358
0.000000 0.919408
0.000000 0.901028
0.000000 0.688090
0.000000 0.420847
0.000000 0.199099
0.000000 0.049540
0.000000 -0.037901
0.018566 -0.080612
0.165070 -0.093389
0.420840 -0.087761
0.559289 -0.072734
0.498568 -0.054899
0.341739 -0.038380
0.189522 -0.025126
0.079108 -0.015527
0.009577 -0.009116
-0.011003 -0.005112
0.117591 -0.002750
0.388361 -0.001333
0.659882 -0.000578
0.736186 -0.000192
0.599869 0.000000
0.384956 0.000000
0.195676 0.000000
0.064030 0.000000
-0.015829 0.000000
-0.039217 0.000000
0.091449 0.000000
0.366873 0.000000
0.662448 0.000000
0.871675 0.000000
0.867039 0.000000
0.665518 0.000000
0.406737 0.000000
0.190737 0.000000
0.044814 0.000000
-0.040460 0.000000
-0.081945 0.000000
-0.075401 0.000000
0.077117 0.000000
0.366671 0.000000
0.669460 0.000000
0.881028 0.000000
0.875902 0.000000
0.672563 0.000000
0.411731 0.000000
0.193987 0.000000
0.046789 0.000000
-0.039234 0.000000
-0.081191 0.000000
-0.075015 0.000000
0.077308 0.000000
0.348105 0.000000
0.504390 0.000000
0.460188 0.000000
0.316614 0.000000
0.173995 0.000000
0.069992 0.000000
0.004465 0.000000
-0.032319 0.018566
-0.048811 0.165070
-0.051622 0.439405
-0.046102 0.724358
-0.036718 0.937974
-0.026824 1.047532
-0.018181 0.962426
-0.011557 0.705800
-0.006945 0.412714
-0.003971 0.177664
-0.002172 0.023497
-0.001141 -0.062902
-0.000578 -0.082956
-0.000192 0.055873
0.000000 0.322062
0.000000 0.479389
0.000000 0.439279
0.000000 0.300806
0.000000 0.162979
0.000000 0.062826
0.000000 0.000074
0.000000 -0.034872
0.000000 -0.050228
0.018566 -0.052377
0.165070 -0.046489
0.439405 -0.036909
0.724358 -0.026824
0.937974 -0.018181
1.047532 -0.011557
0.962426 -0.006945
0.705800 -0.003971
0.412714 -0.002172
0.177664 -0.001141
0.023497 -0.000578
-0.062902 -0.000192
-0.082956 0.000000
0.055873 0.000000
0.322062 0.000000
0.479389 0.000000
0.439279 0.000000
0.300806 0.000000
0.162979 0.000000
0.062826 0.000000
0.000074 0.000000
-0.034872 0.018566
-0.050228 0.165070
-0.052377 0.439405
-0.046489 0.724358
-0.036909 0.919408
-0.026824 0.901028
-0.018181 0.688090
-0.011557 0.420847
-0.006945 0.199099
-0.003971 0.049540
-0.002172 -0.037901
0.017424 -0.080612
0.164491 -0.093389
0.420648 -0.087761
0.559289 -0.072734
0.498568 -0.054899
0.341739 -0.038380
0.189522 -0.025126
0.079108 -0.015527
0.009577 -0.009116
-0.029568 0.013454
-0.047478 0.162319
-0.051044 0.438072
-0.045910 0.723780
-0.036718 0.937782
-0.026824 1.047532
-0.018181 0.962426
-0.011557 0.705800
-0.006945 0.412714
-0.003971 0.177664
-0.002172 0.023497
-0.001141 -0.062902
-0.000578 -0.082956
-0.000192 0.055873
0.000000 0.340628
0.000000 0.644459
0.000000 0.860118
0.000000 0.860094
0.000000 0.661547
0.000000 0.404566
0.000000 0.189596
0.000000 0.044236
0.000000 -0.040651
0.000000 -0.063379
0.000000 0.071102
0.000000 0.332886
0.000000 0.486555
0.000000 0.443670
0.000000 0.303359
0.000000 0.164396
0.000000 0.063581
0.000000 0.000461
0.018566 -0.034680
0.165070 -0.050228
0.439405 -0.052377
0.705793 -0.046489
0.772904 -0.036909
0.626693 -0.026824
0.403137 -0.018181
0.207232 -0.011557
0.070975 -0.006945
-0.011858 -0.003971
-0.037046 -0.002172
0.092591 -0.001141
0.348886 -0.000578
0.497570 -0.000192
0.450835 0.000000
0.307750 0.000000
0.166950 0.000000
0.064998 0.000000
0.001215 0.000000
-0.034294 0.018566
-0.050037 0.165070
-0.052377 0.420840
-0.046489 0.559289
-0.036909 0.498568
-0.026824 0.341739
-0.018181 0.189522
-0.011557 0.079108
-0.006945 0.009577
-0.003971 -0.011003
-0.002172 0.117591
-0.001141 0.388361
-0.000578 0.678448
-0.000192 0.882690
0.000000 0.874204
0.000000 0.669909
0.000000 0.409291
0.000000 0.192154
0.000000 0.045569
0.000000 -0.040073
0.018566 -0.081753
0.165070 -0.093967
0.439405 -0.087953
0.724358 -0.072734
0.937974 -0.054899
1.047532 -0.038380
0.962426 -0.025126
0.705800 -0.015527
0.412714 -0.009116
0.177664 -0.005112
0.023497 -0.002750
-0.062902 -0.001333
-0.101522 0.017987
-0.109197 0.164878
-0.098777 0.420840
-0.079900 0.559289
-0.059290 0.498568
-0.040934 0.341739
-0.026543 0.189522
-0.016282 0.079108
-0.009503 0.009577
-0.005304 -0.011003
-0.002750 0.117591
-0.001333 0.369796
-0.000578 0.513378
-0.000192 0.461851
0.000000 0.314916
0.000000 0.171341
0.000000 0.067551
0.000000 0.002632
0.018566 -0.033539
0.165070 -0.049650
0.439405 -0.052185
0.724358 -0.046489
0.919408 -0.036909
0.901028 -0.026824
0.688090 -0.018181
0.420847 -0.011557
0.199099 -0.006945
0.049540 -0.003971
-0.037901 -0.002172
-0.080612 -0.001141
-0.093389 -0.000578
-0.069196 -0.000192
0.092335 0.000000
0.384506 0.000000
0.685978 0.000000
0.894282 0.000000
0.885501 0.000000
0.678974 0.000000
0.415735 0.000000
0.196349 0.000000
0.048207 0.000000
-0.038480 0.000000
-0.080804 0.000000
-0.093389 0.000000
-0.069196 0.000000
0.092335 0.000000
0.365941 0.000000
0.520908 0.000000
0.473443 0.000000
0.326212 0.000000
0.180406 0.000000
0.073996 0.000000
0.006827 0.000000
-0.030901 0.018566
-0.048057 0.165070
-0.051235 0.439405
-0.045910 0.724358
-0.036718 0.919408
-0.026824 0.901028
-0.018181 0.688090
-0.011557 0.420847
-0.006945 0.199099
-0.003971 0.049540
-0.002172 -0.037901
-0.001141 -0.062046
-0.000578 0.071681
-0.000192 0.351644
0.000000 0.633058
0.000000 0.718005
0.000000 0.588312
0.000000 0.378012
0.000000 0.191705
0.000000 0.061859
0.000000 -0.016970
0.000000 -0.039796
0.000000 0.091258
0.000000 0.366873
0.000000 0.662448
0.000000 0.871675
0.000000 0.867039
0.000000 0.665518
0.000000 0.406737
0.000000 0.190737
0.000000 0.044814
0.000000 -0.040460
0.000000 -0.063379
0.000000 0.071102
0.000000 0.351452
0.000000 0.633058
0.000000 0.718005
0.000000 0.588312
0.000000 0.378012
0.000000 0.191705
0.000000 0.061859
0.000000 -0.016970
0.018566 -0.058362
0.165070 -0.073812
0.439405 -0.072532
0.724358 -0.061910
0.919408 -0.047733
0.901028 -0.033989
0.688090 -0.022572
0.420847 -0.014110
0.199099 -0.008362
0.049540 -0.004725
-0.037901 -0.002559
-0.080612 -0.001333
-0.093389 -0.000578
-0.087761 -0.000192
-0.072734 0.000000
-0.054899 0.000000
-0.038380 0.000000
-0.025126 0.000000
-0.015527 0.000000
-0.009116 0.000000
-0.005112 0.000000
-0.002750 0.000000
-0.001333 0.000000
-0.000578 0.000000
-0.000192 0.000000
0.000000 0.000000
0.000000 0.000000
0.000000 0.000000
0.000000 0.000000
0.000000 0.000000
0.000000 0.000000
0.000000 0.000000
0.000000 0.000000
0.000000 0.000000
0.000000 0.000000
0.000000 0.000000
0.000000 0.000000
0.000000 0.000000
0.000000 0.000000
0.000000 0.000000
0.000000 0.000000
0.000000 0.000000
0.000000 0.000000
0.000000 0.000000
0.000000 0.000000
0.000000 0.000000
0.000000 0.000000
0.000000 0.000000
0.000000 0.000000
0.000000 0.000000
0.000000 0.000000
0.000000 0.000000
0.000000 0.000000
0.000000 0.000000
0.000000 0.000000
0.000000 0.000000
0.000000 0.000000
0.000000 0.000000
0.000000 0.000000
0.000000 0.000000
0.000000 0.000000
0.000000 0.000000
0.000000 0.000000
0.000000 0.000000
0.000000 0.000000
0.000000 0.000000
0.000000 0.000000
0.000000 0.000000
0.000000 0.000000
0.000000 0.000000
0.000000 0.000000
0.000000 0.000000
0.000000 0.000000
0.000000 0.000000
0.000000 0.000000
0.000000 0.000000
0.000000 0.000000
0.000000 0.000000
0.000000 0.000000
0.000000 0.000000
0.000000 0.000000
0.000000 0.000000
0.000000 0.000000
0.000000 0.000000
0.000000 0.000000
0.000000 0.000000
0.000000 0.000000
0.000000 0.000000
0.000000 0.000000
0.000000 0.000000
0.000000 0.000000
0.000000 0.000000
