0.000000 0.000000
0.000000 0.000000
0.000000 0.000000
0.000000 0.000000
0.000000 0.000000
0.000000 0.000000
0.000000 0.000000
0.000000 0.000000
0.000000 0.000000
0.018566 0.000000
0.165070 0.000000
0.420840 0.000000
0.559289 0.000000
0.498568 0.000000
0.341739 0.000000
0.189522 0.000000
0.079108 0.000000
0.009577 0.000000
-0.029568 0.018566
-0.047478 0.165070
-0.051044 0.439405
-0.045910 0.724358
-0.036718 0.919408
-0.026824 0.901028
-0.018181 0.688090
-0.011557 0.420847
-0.006945 0.199099
-0.003971 0.049540
-0.002172 -0.037901
0.017424 -0.080612
0.164491 -0.093389
0.420648 -0.087761
0.559289 -0.072734
0.498568 -0.054899
0.341739 -0.038380
0.189522 -0.025126
0.079108 -0.015527
0.009577 -0.009116
-0.011003 -0.005112
0.117591 -0.002750
0.388361 -0.001333
0.678448 -0.000578
0.882690 -0.000192
0.874204 0.000000
0.669909 0.000000
0.409291 0.000000
0.192154 0.000000
0.045569 0.000000
-0.040073 0.000000
-0.081753 0.018566
-0.093967 0.165070
-0.087953 0.439405
-0.072734 0.724358
-0.054899 0.937974
-0.038380 1.047532
-0.025126 0.962426
-0.015527 0.705800
-0.009116 0.412714
-0.005112 0.177664
-0.002750 0.023497
-0.001333 -0.062902
0.017987 -0.101522
0.164878 -0.109197
0.420840 -0.098777
0.559289 -0.079900
0.498568 -0.059290
0.341739 -0.040934
0.189522 -0.026543
0.079108 -0.016282
0.009577 -0.009503
-0.029568 0.013262
-0.047478 0.162319
-0.051044 0.419507
-0.045910 0.558710
-0.036718 0.498377
-0.026824 0.341739
-0.018181 0.189522
-0.011557 0.079108
-0.006945 0.009577
-0.003971 -0.011003
-0.002172 0.117591
-0.001141 0.388361
-0.000578 0.659882
-0.000192 0.736186
0.000000 0.599869
0.000000 0.384956
0.000000 0.195676
0.000000 0.064030
0.000000 -0.015829
0.000000 -0.057783
0.018566 -0.073620
0.165070 -0.072532
0.420840 -0.061910
0.559289 -0.047733
0.498568 -0.033989
0.341739 -0.022572
0.189522 -0.014110
0.079108 -0.008362
0.009577 -0.004725
-0.029568 -0.002559
-0.047478 0.017233
-0.051044 0.164491
-0.045910 0.439214
-0.036718 0.724358
-0.026824 0.937974
-0.018181 1.047532
-0.011557 0.962426
-0.006945 0.705800
-0.003971 0.412714
-0.002172 0.177664
-0.001141 0.023497
-0.000578 -0.062902
0.018374 -0.101522
0.165070 -0.109197
0.420840 -0.098777
0.559289 -0.079900
0.498568 -0.059290
0.341739 -0.040934
0.189522 -0.026543
0.079108 -0.016282
0.009577 -0.009503
-0.029568 -0.005304
-0.047478 -0.002750
-0.032478 -0.001333
0.119159 -0.000578
0.402688 -0.000192
0.697535 0.000000
0.919792 0.000000
1.035975 0.000000
0.955481 0.000000
0.701830 0.000000
0.410543 0.000000
0.176522 0.000000
0.022918 0.000000
-0.063094 0.000000
-0.082956 0.000000
0.055873 0.000000
0.322062 0.000000
0.479389 0.000000
0.439279 0.000000
0.300806 0.000000
0.162979 0.000000
0.062826 0.000000
0.000074 0.000000
-0.034872 0.000000
-0.050228 0.018566
-0.052377 0.165070
-0.046489 0.420840
-0.036909 0.559289
-0.026824 0.498568
-0.018181 0.341739
-0.011557 0.189522
-0.006945 0.079108
-0.003971 0.009577
-0.002172 -0.011003
-0.001141 0.117591
-0.000578 0.369796
-0.000192 0.513378
0.000000 0.461851
0.000000 0.314916
0.000000 0.171341
0.000000 0.067551
0.000000 0.002632
0.000000 -0.014973
0.000000 0.115420
0.000000 0.387220
0.000000 0.659304
0.000000 0.735995
0.000000 0.599869
0.000000 0.384956
0.000000 0.195676
0.000000 0.064030
0.000000 -0.015829
0.018566 -0.057783
0.165070 -0.073620
0.439405 -0.072532
0.724358 -0.061910
0.937974 -0.047733
1.047532 -0.033989
0.962426 -0.022572
0.705800 -0.014110
0.412714 -0.008362
0.177664 -0.004725
0.023497 -0.002559
-0.062902 -0.001333
-0.082956 -0.000578
0.055873 -0.000192
0.340628 0.000000
0.644459 0.000000
0.878684 0.000000
1.006598 0.000000
0.935883 0.000000
0.689519 0.000000
0.403211 0.000000
0.172360 0.000000
0.020746 0.000000
-0.064235 0.000000
-0.102100 0.000000
-0.090823 0.000000
0.066293 0.000000
0.359506 0.000000
0.665068 0.000000
0.878474 0.000000
0.874485 0.000000
0.671809 0.000000
0.411344 0.000000
0.193795 0.000000
0.046789 0.000000
-0.039234 0.000000
-0.081191 0.018566
-0.093580 0.165070
-0.087761 0.439405
-0.072734 0.705793
-0.054899 0.772904
-0.038380 0.626693
-0.025126 0.403137
-0.015527 0.207232
-0.009116 0.070975
-0.005112 -0.011858
0.015816 -0.055611
0.163737 -0.072479
0.438827 -0.071953
0.724167 -0.061718
0.919408 -0.047733
0.901028 -0.033989
0.688090 -0.022572
0.420847 -0.014110
0.199099 -0.008362
0.049540 -0.004725
-0.037901 -0.002559
-0.080612 -0.001333
-0.074823 -0.000578
0.077308 -0.000192
0.348105 0.000000
0.504390 0.000000
0.460188 0.000000
0.316614 0.000000
0.173995 0.000000
0.069992 0.000000
0.004465 0.000000
-0.013753 0.000000
0.116258 0.000000
0.387783 0.000000
0.659690 0.000000
0.736186 0.000000
0.599869 0.000000
0.384956 0.000000
0.195676 0.000000
0.064030 0.000000
-0.015829 0.000000
-0.057783 0.018566
-0.073620 0.165070
-0.072532 0.439405
-0.061910 0.724358
-0.047733 0.937974
-0.033989 1.047532
-0.022572 0.962426
-0.014110 0.705800
-0.008362 0.412714
-0.004725 0.177664
-0.002559 0.023497
-0.001333 -0.062902
0.017987 -0.101522
0.164878 -0.109197
0.439405 -0.098777
0.705793 -0.079900
0.772904 -0.059290
0.626693 -0.040934
0.403137 -0.026543
0.207232 -0.016282
0.070975 -0.009503
-0.011858 -0.005304
-0.055611 0.015816
-0.072479 0.163737
-0.071953 0.438827
-0.061718 0.705601
-0.047733 0.772904
-0.033989 0.626693
-0.022572 0.403137
-0.014110 0.207232
-0.008362 0.070975
-0.004725 -0.011858
-0.002559 -0.037046
-0.001333 0.092591
-0.000578 0.367452
-0.000192 0.662640
0.000000 0.890240
0.000000 1.013543
0.000000 0.939854
0.000000 0.691690
0.000000 0.404352
0.000000 0.172939
0.000000 0.020938
0.000000 -0.064235
0.000000 -0.102100
0.000000 -0.090823
0.000000 0.066293
0.000000 0.340940
0.000000 0.499999
0.000000 0.457635
0.000000 0.315196
0.000000 0.173240
0.000000 0.069605
0.000000 0.004273
0.000000 -0.013753
0.000000 0.116258
0.000000 0.387783
0.000000 0.659690
0.000000 0.736186
0.000000 0.599869
0.000000 0.384956
0.000000 0.195676
0.000000 0.064030
0.000000 -0.015829
0.000000 -0.039217
0.000000 0.091449
0.000000 0.366873
0.000000 0.662448
0.000000 0.871675
0.000000 0.867039
0.000000 0.665518
0.000000 0.406737
0.000000 0.190737
0.000000 0.044814
0.000000 -0.040460
0.000000 -0.081945
0.000000 -0.093967
0.000000 -0.087953
0.000000 -0.072734
0.000000 -0.054899
0.000000 -0.038380
0.000000 -0.025126
0.000000 -0.015527
0.000000 -0.009116
0.000000 -0.005112
0.000000 -0.002750
0.000000 -0.001333
0.000000 -0.000578
0.000000 -0.000192
0.000000 0.000000
0.000000 0.000000
0.000000 0.000000
0.000000 0.000000
0.000000 0.000000
0.000000 0.000000
0.000000 0.000000
0.000000 0.000000
0.000000 0.000000
0.000000 0.000000
0.000000 0.000000
0.000000 0.000000
0.000000 0.000000
0.000000 0.000000
0.000000 0.000000
0.000000 0.000000
0.000000 0.000000
0.000000 0.000000
0.000000 0.000000
0.000000 0.000000
0.000000 0.000000
0.000000 0.000000
0.000000 0.000000
0.000000 0.000000
0.000000 0.000000
0.000000 0.000000
0.000000 0.000000
0.000000 0.000000
0.000000 0.000000
0.000000 0.000000
0.000000 0.000000
0.000000 0.000000
0.000000 0.000000
0.000000 0.000000
0.000000 0.000000
0.000000 0.000000
0.000000 0.000000
0.000000 0.000000
0.000000 0.000000
0.000000 0.000000
0.000000 0.000000
0.000000 0.000000
0.000000 0.000000
0.000000 0.000000
0.000000 0.000000
0.000000 0.000000
0.000000 0.000000
0.000000 0.000000
0.000000 0.000000
0.000000 0.000000
0.000000 0.000000
0.000000 0.000000
0.000000 0.000000
0.000000 0.000000
0.000000 0.000000
0.000000 0.000000
0.000000 0.000000
0.000000 0.000000
0.000000 0.000000
0.000000 0.000000
0.000000 0.000000
0.000000 0.000000
0.000000 0.000000
0.000000 0.000000
0.000000 0.000000
