0.000000 0.000000
0.000000 0.000000
0.000000 0.000000
0.000000 0.000000
0.000000 0.000000
0.000000 0.000000
0.000000 0.000000
0.000000 0.000000
0.000000 0.000000
0.000000 0.000000
0.000000 0.000000
0.000000 0.000000
0.000000 0.000000
0.000000 0.000000
0.000000 0.000000
0.000378 0.000000
0.006719 0.000000
0.031986 0.000000
0.087849 0.000000
0.176914 0.000000
0.287343 0.000000
0.394488 0.000000
0.474051 0.000000
0.512588 0.000000
0.509391 0.000000
0.472652 0.000000
0.414248 0.000000
0.345682 0.000000
0.275925 0.000000
0.210829 0.000000
0.153479 0.000000
0.104951 0.000000
0.065079 0.000000
0.033072 0.000000
0.008300 0.000000
-0.004643 0.000000
0.006315 0.000000
0.052080 0.000000
0.134973 0.000000
0.248147 0.000000
0.379377 0.000000
0.515531 0.000000
0.645684 0.000000
0.762450 0.000000
0.861588 0.000000
0.936440 0.000000
0.974836 0.000000
0.966915 0.000000
0.911912 0.000000
0.818327 0.000000
0.699915 0.000000
0.571132 0.000000
0.444015 0.000000
0.326883 0.000000
0.224387 0.000000
0.138277 0.000000
0.068354 0.000000
0.013315 0.000000
-0.028627 0.000000
-0.059361 0.000378
-0.080679 0.006719
-0.094198 0.031986
-0.101357 0.087849
-0.103429 0.177292
-0.101503 0.294062
-0.096633 0.426474
-0.089697 0.561522
-0.081451 0.683161
-0.072572 0.771467
-0.063520 0.811278
-0.054695 0.798855
-0.046386 0.741500
-0.038784 0.652904
-0.031998 0.548055
-0.026069 0.439746
-0.020987 0.337061
-0.016706 0.245331
-0.013156 0.166879
-0.010255 0.101987
-0.007916 0.049773
-0.006054 0.008832
-0.004589 -0.021991
-0.003450 -0.038565
-0.002531 -0.029236
-0.001832 0.016511
-0.001306 0.100254
-0.000913 0.209225
-0.000622 0.317935
-0.000409 0.401322
-0.000253 0.445260
-0.000139 0.448448
-0.000058 0.418582
0.000000 0.367137
0.000000 0.305312
0.000000 0.241861
0.000000 0.182494
0.000000 0.130226
0.000000 0.086108
0.000000 0.049991
0.000000 0.021126
0.000000 -0.001435
0.000000 -0.018618
0.000000 -0.031242
0.000000 -0.040008
0.000378 -0.045517
0.006719 -0.048306
0.031986 -0.048872
0.087849 -0.047675
0.177292 -0.045110
0.293684 -0.041625
0.419755 -0.037569
0.529914 -0.033240
0.602032 -0.028880
0.626161 -0.024673
0.605064 -0.020750
0.549673 -0.017238
0.473662 -0.014124
0.389498 -0.011425
0.306502 -0.009131
0.230500 -0.007214
0.164366 -0.005638
0.108895 -0.004362
0.063648 -0.003341
0.027594 -0.002536
-0.000098 -0.001908
-0.015008 -0.001424
-0.005214 -0.001054
0.040051 -0.000774
0.122979 -0.000564
0.236600 -0.000409
0.368576 -0.000253
0.505675 -0.000139
0.636885 -0.000058
0.754746 0.000000
0.854961 0.000000
0.930832 0.000000
0.970162 0.000000
0.963074 0.000000
0.908798 0.000000
0.815832 0.000000
0.697940 0.000000
0.569586 0.000000
0.442817 0.000000
0.325964 0.000000
0.223688 0.000000
0.137751 0.000000
0.067961 0.000000
0.013024 0.000000
-0.028841 0.000000
-0.059517 0.000000
-0.080792 0.000000
-0.094280 0.000378
-0.101416 0.006719
-0.103429 0.031986
-0.101503 0.087849
-0.096633 0.176914
-0.089697 0.287343
-0.081451 0.394488
-0.072572 0.474051
-0.063520 0.512588
-0.054695 0.509391
-0.046386 0.472652
-0.038784 0.414248
-0.031998 0.345682
-0.026069 0.275925
-0.020987 0.210829
-0.016706 0.153479
-0.013156 0.104951
-0.010255 0.065079
-0.007916 0.033072
-0.006054 0.007922
-0.004589 -0.010985
-0.003450 -0.018952
-0.002531 -0.003783
-0.001832 0.045529
-0.001306 0.130999
-0.000913 0.240245
-0.000622 0.348119
-0.000409 0.429855
-0.000253 0.471586
-0.000139 0.472230
-0.000058 0.439664
0.000000 0.385507
0.000000 0.321067
0.000000 0.255175
0.000000 0.193591
0.000000 0.139355
0.000000 0.093526
0.000000 0.055949
0.000000 0.025858
0.000000 0.002662
0.000000 -0.009005
0.000000 0.002974
0.000000 0.049544
0.000000 0.133064
0.000000 0.246723
0.000000 0.378323
0.000000 0.514379
0.000000 0.638401
0.000000 0.730056
0.000000 0.773865
0.000000 0.765728
0.000000 0.712702
0.000000 0.628290
0.000000 0.527305
0.000000 0.422508
0.000000 0.322937
0.000000 0.233906
0.000000 0.157748
0.000000 0.094773
0.000000 0.044135
0.000000 0.004470
0.000378 -0.025710
0.006719 -0.047820
0.031986 -0.063130
0.087849 -0.072761
0.177292 -0.077714
0.293684 -0.078892
0.419755 -0.077117
0.529914 -0.073138
0.602032 -0.067581
0.626161 -0.061082
0.605064 -0.054128
0.549673 -0.047111
0.473662 -0.040370
0.389498 -0.034065
0.306502 -0.028335
0.230500 -0.023253
0.164366 -0.018843
0.108895 -0.015088
0.063648 -0.011946
0.027594 -0.009357
-0.000476 -0.006878
-0.021727 0.001148
-0.037200 0.027747
-0.047797 0.084651
-0.054313 0.174901
-0.057462 0.292288
-0.057898 0.424790
-0.056225 0.554267
-0.052996 0.657272
-0.048707 0.715196
-0.043788 0.721582
-0.038596 0.681946
-0.033414 0.609030
-0.028455 0.517478
-0.023865 0.420074
-0.019732 0.326174
-0.016099 0.241387
-0.012971 0.168310
-0.010328 0.107464
-0.008133 0.058171
-0.006336 0.019196
-0.004510 -0.010840
0.002985 -0.033256
0.029159 -0.049228
0.085726 -0.059791
0.175712 -0.065860
0.292895 -0.068262
0.425619 -0.067753
0.561278 -0.065024
0.689472 -0.060701
0.802823 -0.055335
0.892267 -0.049396
0.944103 -0.043270
0.947714 -0.037255
0.902086 -0.031570
0.815893 -0.026360
0.703152 -0.021707
0.578614 -0.017645
0.454577 -0.014169
0.339574 -0.011247
0.238423 -0.008831
0.153003 -0.006862
0.083224 -0.005280
0.027880 -0.004025
-0.014725 -0.003041
-0.046391 -0.001900
-0.068825 0.005027
-0.083569 0.030738
-0.091993 0.086935
-0.095316 0.176670
-0.094623 0.293654
-0.090885 0.426222
-0.084965 0.561760
-0.077610 0.689445
-0.069458 0.796733
-0.061026 0.867140
-0.052720 0.888299
-0.044839 0.858270
-0.037586 0.785316
-0.031079 0.683481
-0.025370 0.567727
-0.020461 0.450633
-0.016313 0.341005
-0.012865 0.243900
-0.010041 0.161401
-0.007760 0.093589
-0.005941 0.039408
-0.004508 -0.002697
-0.003391 -0.034397
-0.002531 -0.056900
-0.001832 -0.066049
-0.001306 -0.050152
-0.000913 0.001333
-0.000622 0.090375
-0.000409 0.209804
-0.000253 0.347117
-0.000139 0.488963
-0.000058 0.624264
0.000000 0.745542
0.000000 0.848523
0.000000 0.926564
0.000000 0.967536
0.000000 0.961649
0.000000 0.908211
0.000000 0.815802
0.000000 0.698253
0.000000 0.570086
0.000000 0.443396
0.000000 0.326550
0.000000 0.224240
0.000000 0.138244
0.000000 0.068385
0.000000 0.013379
0.000000 -0.028551
0.000000 -0.058866
0.000000 -0.073819
0.000000 -0.062061
0.000000 -0.013353
0.000000 0.073641
0.000000 0.185953
0.000000 0.297937
0.000000 0.384413
0.000000 0.431137
0.000000 0.436818
0.000000 0.409132
0.000000 0.359553
0.000000 0.299296
0.000000 0.237142
0.000000 0.178831
0.000000 0.127410
0.000000 0.083965
0.000000 0.048374
0.000000 0.019916
0.000000 -0.001955
0.000000 -0.012559
0.000000 0.000261
0.000000 0.047490
0.000000 0.131145
0.000000 0.238897
0.000000 0.345558
0.000000 0.426376
0.000000 0.467479
0.000000 0.467766
0.000000 0.435083
0.000000 0.381007
0.000000 0.316802
0.000000 0.251253
0.000000 0.190078
0.000000 0.136241
0.000000 0.090827
0.000000 0.053654
0.000000 0.023941
0.000000 0.001086
0.000000 -0.010281
0.000000 0.001953
0.000000 0.048738
0.000000 0.132436
0.000000 0.245861
0.000000 0.371234
0.000000 0.482491
0.000000 0.557062
0.000000 0.584594
0.000000 0.567495
0.000000 0.516433
0.000000 0.444783
0.000000 0.364825
0.000000 0.285752
0.000000 0.213263
0.000000 0.150242
0.000000 0.097470
0.000000 0.054518
0.000000 0.020380
0.000000 -0.006114
0.000000 -0.026089
0.000000 -0.040541
0.000000 -0.049956
0.000000 -0.049502
0.000000 -0.026900
0.000000 0.028897
0.000000 0.119916
0.000000 0.233782
0.000000 0.345372
0.000000 0.430011
0.000000 0.473853
0.000000 0.475918
0.000000 0.444197
0.000000 0.390383
0.000000 0.325949
0.000000 0.259826
0.000000 0.197857
0.000000 0.143151
0.000000 0.096819
0.000000 0.058743
0.000000 0.028184
0.000378 0.004188
0.006719 -0.014190
0.031986 -0.027793
0.087849 -0.037348
0.177292 -0.043486
0.294062 -0.046771
0.426096 -0.047720
0.555180 -0.046778
0.657895 -0.044449
0.715604 -0.041142
0.721834 -0.037219
0.682085 -0.032988
0.609088 -0.028740
0.517478 -0.024614
0.420074 -0.020750
0.326174 -0.017238
0.241387 -0.014124
0.168310 -0.011425
0.107464 -0.009131
0.058171 -0.007214
0.019196 -0.005638
-0.010840 -0.004362
-0.033256 -0.003341
-0.049228 -0.002536
-0.059791 -0.001908
-0.065860 -0.001424
-0.068262 -0.000676
-0.067753 0.005946
-0.065024 0.031422
-0.060701 0.087440
-0.055335 0.177040
-0.049396 0.293923
-0.043270 0.426416
-0.037255 0.561900
-0.031570 0.689881
-0.026360 0.803075
-0.021707 0.892407
-0.017645 0.944162
-0.014169 0.947714
-0.011247 0.902086
-0.008831 0.815893
-0.006862 0.703152
-0.005280 0.578614
-0.004025 0.454577
-0.003041 0.339574
-0.002278 0.238423
-0.001693 0.153003
-0.001248 0.083224
-0.000913 0.027880
-0.000622 -0.014725
-0.000409 -0.046391
-0.000253 -0.068825
-0.000139 -0.083569
-0.000058 -0.091993
0.000000 -0.095316
0.000000 -0.094245
0.000000 -0.084166
0.000000 -0.052979
0.000000 0.010238
0.000000 0.107835
0.000000 0.233037
0.000000 0.373376
0.000000 0.510341
0.000000 0.620309
0.000000 0.684525
0.000000 0.696464
0.000000 0.661625
0.000000 0.592775
0.000000 0.504613
0.000000 0.410033
0.000000 0.318414
0.000000 0.235446
0.000000 0.163802
0.000000 0.104073
0.000000 0.055640
0.000000 0.017364
0.000378 -0.012146
0.006719 -0.034169
0.031986 -0.049851
0.087849 -0.060199
0.176914 -0.066113
0.287343 -0.068402
0.394488 -0.067811
0.474051 -0.065024
0.512588 -0.060701
0.509391 -0.055335
0.472652 -0.049396
0.414248 -0.043270
0.345682 -0.037255
0.275925 -0.031570
0.210829 -0.026360
0.153479 -0.021707
0.104951 -0.017645
0.065079 -0.014169
0.033072 -0.011247
0.007922 -0.008831
-0.011363 -0.006485
-0.025671 0.001439
-0.035769 0.027961
-0.042320 0.084807
-0.045915 0.174636
-0.047097 0.285650
-0.046369 0.393240
-0.044196 0.473138
-0.041002 0.511966
-0.037160 0.508982
-0.032988 0.472400
-0.028740 0.414108
-0.024614 0.345623
-0.020750 0.275925
-0.017238 0.210829
-0.014124 0.153479
-0.011425 0.104951
-0.009131 0.065079
-0.007214 0.033072
-0.005638 0.007922
-0.003984 -0.011363
0.003378 -0.025671
0.029450 -0.035769
0.085940 -0.042320
0.175868 -0.045915
0.293009 -0.047097
0.425700 -0.046369
0.561336 -0.044196
0.689094 -0.041002
0.796481 -0.037160
0.867001 -0.032988
0.888241 -0.028740
0.858270 -0.024614
0.785316 -0.020750
0.683481 -0.017238
0.567727 -0.014124
0.450633 -0.011425
0.341005 -0.009131
0.243900 -0.007214
0.161401 -0.005638
0.093589 -0.004362
0.039408 -0.003341
-0.002697 -0.002536
-0.034397 -0.001908
-0.057278 -0.001424
-0.072769 -0.001054
-0.082138 -0.000774
-0.086138 -0.000564
-0.080198 -0.000409
-0.052272 -0.000253
0.008492 -0.000139
0.104356 -0.000058
0.228445 0.000000
0.368563 0.000000
0.511675 0.000000
0.647016 0.000000
0.767035 0.000000
0.862526 0.000000
0.919710 0.000000
0.927951 0.000000
0.886299 0.000000
0.803421 0.000000
0.693403 0.000000
0.571067 0.000000
0.448792 0.000000
0.335179 0.000000
0.235113 0.000000
0.150531 0.000000
0.081392 0.000000
0.026573 0.000000
-0.015639 0.000000
-0.047013 0.000000
-0.069233 0.000000
-0.083444 0.000000
-0.085413 0.000000
-0.063388 0.000000
-0.006774 0.000000
0.086407 0.000000
0.209097 0.000000
0.348864 0.000000
0.492442 0.000000
0.628855 0.000000
0.750355 0.000000
0.847567 0.000000
0.906576 0.000000
0.916635 0.000000
0.876716 0.000000
0.795432 0.000000
0.686840 0.000000
0.565749 0.000000
0.444536 0.000000
0.331814 0.000000
0.232482 0.000000
0.148495 0.000000
0.079833 0.000000
0.025349 0.000000
-0.016558 0.000000
-0.047697 0.000378
-0.069738 0.006719
-0.084191 0.031986
-0.092402 0.087849
-0.095568 0.177292
-0.094762 0.294062
-0.090944 0.426474
-0.084965 0.561900
-0.077610 0.689503
-0.069458 0.796733
-0.061026 0.867140
-0.052720 0.888299
-0.044839 0.858270
-0.037586 0.785316
-0.031079 0.683481
-0.025370 0.567727
-0.020461 0.450633
-0.016313 0.341005
-0.012865 0.243900
-0.010041 0.161401
-0.007760 0.093589
-0.005941 0.039408
-0.004508 -0.002697
-0.003391 -0.034397
-0.002531 -0.057278
-0.001832 -0.072391
-0.001306 -0.075418
-0.000913 -0.054530
-0.000622 0.000931
-0.000409 0.092656
-0.000253 0.207986
-0.000139 0.321552
-0.000058 0.408435
0.000000 0.454678
0.000000 0.459165
0.000000 0.429788
0.000000 0.378208
0.000000 0.315801
0.000000 0.251474
0.000000 0.191066
0.000000 0.137692
0.000000 0.092480
0.000000 0.055329
0.000000 0.025526
0.000000 0.002515
0.000000 -0.009038
0.000000 0.003005
0.000000 0.049607
0.000000 0.133140
0.000000 0.246841
0.000000 0.378463
0.000000 0.514531
0.000000 0.638556
0.000000 0.730212
0.000000 0.773978
0.000000 0.765810
0.000000 0.712760
0.000000 0.628290
0.000000 0.527305
0.000000 0.422508
0.000000 0.322937
0.000000 0.233906
0.000000 0.157748
0.000000 0.094773
0.000000 0.044135
0.000000 0.004470
0.000378 -0.025710
0.006719 -0.047820
0.031986 -0.063130
0.087849 -0.072761
0.177292 -0.077714
0.294062 -0.078892
0.426474 -0.077117
0.561900 -0.073138
0.689881 -0.067581
0.803075 -0.061082
0.892407 -0.054128
0.944162 -0.047111
0.947714 -0.040370
0.902086 -0.034065
0.815893 -0.028335
0.703152 -0.023253
0.578614 -0.018843
0.454577 -0.015088
0.339574 -0.011946
0.238423 -0.009357
0.153003 -0.007255
0.083224 -0.005571
0.027880 -0.004239
-0.014725 -0.003197
-0.046391 -0.002391
-0.068825 -0.001774
-0.083569 -0.001306
-0.091616 -0.000913
-0.088596 -0.000622
-0.062637 -0.000409
-0.003037 -0.000253
0.092327 -0.000139
0.216452 -0.000058
0.357017 0.000000
0.500497 0.000000
0.630441 0.000000
0.726627 0.000000
0.773692 0.000000
0.767777 0.000000
0.716130 0.000000
0.632443 0.000000
0.531742 0.000000
0.426881 0.000000
0.327020 0.000000
0.237571 0.000000
0.160938 0.000000
0.097479 0.000000
0.046381 0.000000
0.006301 0.000000
-0.024201 0.000000
-0.046590 0.000000
-0.062135 0.000000
-0.071582 0.000000
-0.070349 0.000000
-0.046384 0.000000
0.011156 0.000000
0.104505 0.000000
0.226734 0.000000
0.365531 0.000000
0.507830 0.000000
0.642392 0.000000
0.756363 0.000000
0.833075 0.000000
0.859964 0.000000
0.835017 0.000000
0.766473 0.000000
0.668392 0.000000
0.555781 0.000000
0.441276 0.000000
0.333750 0.000000
0.238329 0.000000
0.157162 0.000000
0.090392 0.000000
0.037017 0.000000
-0.004471 0.000000
-0.035326 0.000000
-0.051472 0.000000
-0.041405 0.000000
0.005302 0.000000
0.090524 0.000000
0.207005 0.000000
0.342158 0.000000
0.482543 0.000000
0.616944 0.000000
0.737836 0.000000
0.840838 0.000000
0.919203 0.000000
0.960712 0.000000
0.955490 0.000000
0.902782 0.000000
0.811113 0.000000
0.694277 0.000000
0.566771 0.000000
0.440674 0.000000
0.324346 0.000000
0.222479 0.000000
0.136854 0.000000
0.067301 0.000000
0.012541 0.000000
-0.029192 0.000000
-0.059770 0.000000
-0.080554 0.000000
-0.087618 0.000000
-0.069429 0.000000
-0.015581 0.000000
0.075790 0.000000
0.197429 0.000000
0.336777 0.000000
0.480449 0.000000
0.617308 0.000000
0.739932 0.000000
0.844054 0.000000
0.923043 0.000000
0.964792 0.000000
0.959532 0.000000
0.906594 0.000000
0.814578 0.000000
0.697334 0.000000
0.569402 0.000000
0.442891 0.000000
0.326180 0.000000
0.223970 0.000000
0.138049 0.000000
0.068246 0.000000
0.013321 0.000000
-0.028551 0.000000
-0.059244 0.000000
-0.080538 0.000000
-0.094047 0.000000
-0.101202 0.000000
-0.102895 0.000000
-0.094670 0.000000
-0.064565 0.000000
-0.001790 0.000000
0.095463 0.000000
0.214770 0.000000
0.330968 0.000000
0.419357 0.000000
0.466203 0.000000
0.470607 0.000000
0.440654 0.000000
0.388179 0.000000
0.324695 0.000000
0.259220 0.000000
0.197673 0.000000
0.143224 0.000000
0.097035 0.000000
0.059025 0.000000
0.028482 0.000000
0.004473 0.000000
-0.013893 0.000000
-0.027126 0.000000
-0.030355 0.000000
-0.011247 0.000000
0.041311 0.000000
0.129408 0.000000
0.240721 0.000000
0.350152 0.000000
0.432991 0.000000
0.475428 0.000000
0.476403 0.000000
0.443912 0.000000
0.389633 0.000000
0.324931 0.000000
0.258688 0.000000
0.196704 0.000000
0.142054 0.000000
0.095821 0.000000
0.057866 0.000000
0.027434 0.000000
0.003561 0.000000
-0.014704 0.000000
-0.028207 0.000000
-0.037677 0.000000
-0.043743 0.000000
-0.046969 0.000000
-0.047871 0.000000
-0.046933 0.000000
-0.044605 0.000000
-0.041255 0.000000
-0.037300 0.000000
-0.033046 0.000000
-0.028740 0.000000
-0.024614 0.000000
-0.020750 0.000000
-0.017238 0.000000
-0.014124 0.000000
-0.011425 0.000000
-0.009131 0.000000
-0.007214 0.000000
-0.005638 0.000000
-0.004362 0.000000
-0.003341 0.000000
-0.002536 0.000000
-0.001908 0.000000
-0.001424 0.000000
-0.001054 0.000000
-0.000774 0.000000
-0.000564 0.000000
-0.000409 0.000000
-0.000253 0.000000
-0.000139 0.000000
-0.000058 0.000000
0.000000 0.000000
0.000000 0.000000
0.000000 0.000000
0.000000 0.000000
0.000000 0.000000
0.000000 0.000000
0.000000 0.000000
0.000000 0.000000
0.000000 0.000000
0.000000 0.000000
0.000000 0.000000
0.000000 0.000000
0.000000 0.000000
0.000000 0.000000
0.000000 0.000000
0.000000 0.000000
0.000000 0.000000
0.000000 0.000000
0.000000 0.000000
0.000000 0.000000
0.000000 0.000000
0.000000 0.000000
0.000000 0.000000
0.000000 0.000000
0.000000 0.000000
0.000000 0.000000
0.000000 0.000000
0.000000 0.000000
0.000000 0.000000
0.000000 0.000000
0.000000 0.000000
0.000000 0.000000
