0.000000 0.000000
0.000000 0.000000
0.000000 0.000000
0.000000 0.000000
0.000000 0.000000
0.000000 0.000000
0.000000 0.000000
0.000000 0.000000
0.000000 0.018566
0.000000 0.165070
0.000000 0.420840
0.000000 0.559289
0.000000 0.498568
0.000000 0.341739
0.000000 0.189522
0.000000 0.079108
0.000000 0.009577
0.000000 -0.011003
0.000000 0.117591
0.000000 0.369796
0.000000 0.513378
0.000000 0.461851
0.000000 0.314916
0.000000 0.171341
0.000000 0.067551
0.000000 0.002632
0.018566 -0.033539
0.165070 -0.049650
0.420840 -0.052185
0.559289 -0.046489
0.498568 -0.036909
0.341739 -0.026824
0.189522 -0.018181
0.079108 -0.011557
0.009577 -0.006945
-0.029568 -0.003971
-0.028913 -0.002172
0.114026 -0.001141
0.393495 -0.000578
0.687641 -0.000192
0.892584 0.000000
0.882847 0.000000
0.676534 0.000000
0.413903 0.000000
0.195128 0.000000
0.047368 0.000000
-0.039043 0.000000
-0.062625 0.000000
0.071489 0.000000
0.351644 0.000000
0.651624 0.000000
0.864509 0.000000
0.862648 0.000000
0.662965 0.000000
0.405320 0.000000
0.189983 0.000000
0.044428 0.000000
-0.040651 0.000000
-0.081945 0.000000
-0.075401 0.000000
0.077117 0.000000
0.366671 0.000000
0.669460 0.000000
0.881028 0.000000
0.875902 0.000000
0.672563 0.000000
0.411731 0.000000
0.193987 0.000000
0.046789 0.000000
-0.039234 0.000000
-0.062625 0.000000
0.071489 0.000000
0.351644 0.000000
0.651624 0.000000
0.883075 0.000000
1.009152 0.000000
0.937300 0.000000
0.690273 0.000000
0.403598 0.000000
0.172552 0.000000
0.020746 0.000000
-0.064235 0.000000
-0.102100 0.018566
-0.109388 0.165070
-0.098777 0.420840
-0.079900 0.559289
-0.059290 0.498568
-0.040934 0.341739
-0.026543 0.189522
-0.016282 0.079108
-0.009503 0.009577
0.013262 -0.029568
0.162319 -0.047478
0.419507 -0.051044
0.558710 -0.045910
0.498377 -0.036718
0.341739 -0.026824
0.189522 -0.018181
0.079108 -0.011557
0.009577 -0.006945
-0.029568 0.014595
-0.047478 0.162898
-0.051044 0.419698
-0.045910 0.558710
-0.036718 0.498377
-0.026824 0.341739
-0.018181 0.189522
-0.011557 0.079108
-0.006945 0.009577
-0.003971 -0.029568
-0.002172 -0.047478
0.017424 -0.051044
0.164491 -0.045910
0.420648 -0.036718
0.559289 -0.026824
0.498568 -0.018181
0.341739 -0.011557
0.189522 -0.006945
0.079108 -0.003971
0.009577 -0.002172
-0.011003 -0.001141
0.117591 -0.000578
0.369796 -0.000192
0.513378 0.000000
0.461851 0.000000
0.314916 0.000000
0.171341 0.000000
0.067551 0.000000
0.002632 0.000000
-0.033539 0.018566
-0.049650 0.165070
-0.052185 0.439405
-0.046489 0.724358
-0.036909 0.919408
-0.026824 0.901028
-0.018181 0.688090
-0.011557 0.420847
-0.006945 0.199099
-0.003971 0.049540
-0.002172 -0.037901
-0.001141 -0.080612
-0.000578 -0.093389
0.018374 -0.087761
0.165070 -0.072734
0.439405 -0.054899
0.705793 -0.038380
0.772904 -0.025126
0.626693 -0.015527
0.403137 -0.009116
0.207232 -0.005112
0.070975 -0.002750
-0.011858 -0.001333
-0.055611 0.017987
-0.072479 0.164878
-0.071953 0.439405
-0.061718 0.724358
-0.047733 0.919408
-0.033989 0.901028
-0.022572 0.688090
-0.014110 0.420847
-0.008362 0.199099
-0.004725 0.049540
-0.002559 -0.037901
-0.001333 -0.062046
-0.000578 0.071681
-0.000192 0.333078
0.000000 0.486555
0.000000 0.443670
0.000000 0.303359
0.000000 0.164396
0.000000 0.063581
0.000000 0.000461
0.000000 -0.016115
0.000000 0.114841
0.000000 0.368463
0.000000 0.512800
0.000000 0.461659
0.000000 0.314916
0.000000 0.171341
0.000000 0.067551
0.000000 0.002632
0.000000 -0.014973
0.000000 0.115420
0.000000 0.387220
0.000000 0.677869
0.000000 0.901064
0.000000 1.020708
0.000000 0.944245
0.000000 0.694244
0.000000 0.405770
0.000000 0.173693
0.000000 0.021325
0.000000 -0.064043
0.018566 -0.102100
0.165070 -0.109388
0.420840 -0.098777
0.559289 -0.079900
0.498568 -0.059290
0.341739 -0.040934
0.189522 -0.026543
0.079108 -0.016282
0.009577 -0.009503
-0.029568 -0.005304
-0.047478 -0.002750
-0.051044 0.017233
-0.045910 0.164491
-0.036718 0.439214
-0.026824 0.705793
-0.018181 0.772904
-0.011557 0.626693
-0.006945 0.403137
-0.003971 0.207232
-0.002172 0.070975
-0.001141 -0.011858
-0.000578 -0.055611
-0.000192 -0.072479
0.018566 -0.071953
0.165070 -0.061718
0.439405 -0.047733
0.705793 -0.033989
0.772904 -0.022572
0.626693 -0.014110
0.403137 -0.008362
0.207232 -0.004725
0.070975 -0.002559
-0.011858 -0.001333
-0.037046 -0.000578
0.092591 -0.000192
0.367452 0.000000
0.662640 0.000000
0.871675 0.000000
0.867039 0.000000
0.665518 0.000000
0.406737 0.000000
0.190737 0.000000
0.044814 0.000000
-0.040460 0.000000
-0.081945 0.000000
-0.093967 0.018566
-0.087953 0.165070
-0.072734 0.420840
-0.054899 0.559289
-0.038380 0.498568
-0.025126 0.341739
-0.015527 0.189522
-0.009116 0.079108
-0.005112 0.009577
-0.002750 -0.011003
-0.001333 0.117591
-0.000578 0.369796
-0.000192 0.513378
0.000000 0.461851
0.000000 0.314916
0.000000 0.171341
0.000000 0.067551
0.000000 0.002632
0.018566 -0.033539
0.165070 -0.049650
0.439405 -0.052185
0.705793 -0.046489
0.772904 -0.036909
0.626693 -0.026824
0.403137 -0.018181
0.207232 -0.011557
0.070975 -0.006945
-0.011858 -0.003971
-0.055611 0.016394
-0.072479 0.163928
-0.071953 0.420261
-0.061718 0.559097
-0.047733 0.498568
-0.033989 0.341739
-0.022572 0.189522
-0.014110 0.079108
-0.008362 0.009577
-0.004725 -0.011003
-0.002559 0.117591
-0.001333 0.369796
-0.000578 0.513378
-0.000192 0.461851
0.000000 0.314916
0.000000 0.171341
0.000000 0.067551
0.000000 0.002632
0.000000 -0.014973
0.000000 0.115420
0.000000 0.387220
0.000000 0.677869
0.000000 0.901064
0.000000 1.020708
0.000000 0.944245
0.000000 0.694244
0.000000 0.405770
0.000000 0.173693
0.000000 0.021325
0.000000 -0.064043
0.018566 -0.102100
0.165070 -0.109388
0.439405 -0.098777
0.724358 -0.079900
0.937974 -0.059290
1.047532 -0.040934
0.962426 -0.026543
0.705800 -0.016282
0.412714 -0.009503
0.177664 -0.005304
0.023497 -0.002750
-0.062902 -0.001333
-0.082956 -0.000578
0.055873 -0.000192
0.322062 0.000000
0.479389 0.000000
0.439279 0.000000
0.300806 0.000000
0.162979 0.000000
0.062826 0.000000
0.000074 0.000000
-0.034872 0.000000
-0.050228 0.000000
-0.052377 0.000000
-0.046489 0.000000
-0.036909 0.000000
-0.026824 0.000000
-0.018181 0.000000
-0.011557 0.000000
-0.006945 0.000000
-0.003971 0.000000
-0.002172 0.000000
-0.001141 0.000000
-0.000578 0.000000
-0.000192 0.000000
0.000000 0.000000
0.000000 0.000000
0.000000 0.000000
0.000000 0.000000
0.000000 0.000000
0.000000 0.000000
0.000000 0.000000
0.000000 0.000000
0.000000 0.000000
0.000000 0.000000
0.000000 0.000000
0.000000 0.000000
0.000000 0.000000
0.000000 0.000000
0.000000 0.000000
0.000000 0.000000
0.000000 0.000000
0.000000 0.000000
0.000000 0.000000
0.000000 0.000000
0.000000 0.000000
0.000000 0.000000
0.000000 0.000000
0.000000 0.000000
0.000000 0.000000
0.000000 0.000000
0.000000 0.000000
0.000000 0.000000
0.000000 0.000000
0.000000 0.000000
0.000000 0.000000
0.000000 0.000000
0.000000 0.000000
0.000000 0.000000
0.000000 0.000000
0.000000 0.000000
0.000000 0.000000
0.000000 0.000000
0.000000 0.000000
0.000000 0.000000
0.000000 0.000000
0.000000 0.000000
0.000000 0.000000
0.000000 0.000000
0.000000 0.000000
0.000000 0.000000
0.000000 0.000000
0.000000 0.000000
0.000000 0.000000
0.000000 0.000000
0.000000 0.000000
0.000000 0.000000
0.000000 0.000000
0.000000 0.000000
0.000000 0.000000
0.000000 0.000000
0.000000 0.000000
0.000000 0.000000
0.000000 0.000000
0.000000 0.000000
0.000000 0.000000
0.000000 0.000000
0.000000 0.000000
0.000000 0.000000
0.000000 0.000000
0.000000 0.000000
0.000000 0.000000
0.000000 0.000000
0.000000 0.000000
0.000000 0.000000
0.000000 0.000000
0.000000 0.000000
0.000000 0.000000
