0.000000 0.000000
0.000000 0.000000
0.000000 0.000000
0.000000 0.000000
0.000000 0.000000
0.000000 0.000000
0.000000 0.000000
0.000000 0.000000
0.000000 0.000000
0.000000 0.000000
0.000000 0.000000
0.000000 0.000000
0.000000 0.000000
0.000000 0.000000
0.000000 0.000000
0.000000 0.000000
0.000000 0.000000
0.000000 0.000000
0.000000 0.000378
0.000000 0.006719
0.000000 0.031986
0.000000 0.087849
0.000000 0.176914
0.000000 0.287343
0.000000 0.394488
0.000000 0.474051
0.000000 0.512588
0.000000 0.509391
0.000000 0.472652
0.000000 0.414248
0.000000 0.345682
0.000000 0.275925
0.000000 0.210829
0.000000 0.153479
0.000000 0.104951
0.000000 0.065079
0.000000 0.033072
0.000000 0.007922
0.000000 -0.010985
0.000000 -0.018952
0.000000 -0.003783
0.000000 0.045529
0.000000 0.131377
0.000000 0.246965
0.000000 0.380105
0.000000 0.517704
0.000000 0.648501
0.000000 0.759573
0.000000 0.834153
0.000000 0.859559
0.000000 0.833656
0.000000 0.764566
0.000000 0.666243
0.000000 0.553602
0.000000 0.439208
0.000000 0.331874
0.000000 0.236687
0.000000 0.155763
0.000000 0.089227
0.000000 0.036067
0.000000 -0.005233
0.000000 -0.036305
0.000000 -0.058702
0.000000 -0.073822
0.000000 -0.082912
0.000000 -0.087080
0.000378 -0.087326
0.006719 -0.084510
0.031986 -0.079496
0.087849 -0.072995
0.176914 -0.065617
0.287343 -0.057911
0.394488 -0.050225
0.474051 -0.042865
0.512588 -0.036040
0.509391 -0.029881
0.472652 -0.024451
0.414248 -0.019762
0.345682 -0.015787
0.275925 -0.012472
0.210829 -0.009750
0.153479 -0.007546
0.104951 -0.005785
0.065079 -0.004395
0.033072 -0.003310
0.007922 -0.002095
-0.011363 0.004887
-0.025671 0.030680
-0.035769 0.086935
-0.042320 0.176670
-0.045915 0.293654
-0.047097 0.425844
-0.046369 0.555041
-0.044196 0.657836
-0.041002 0.715604
-0.037160 0.721834
-0.032988 0.682085
-0.028740 0.609088
-0.024614 0.517478
-0.020750 0.420074
-0.017238 0.326174
-0.014124 0.241387
-0.011425 0.168310
-0.009131 0.107464
-0.007214 0.058171
-0.005638 0.019196
-0.003984 -0.010840
0.003378 -0.033256
0.029450 -0.049228
0.085940 -0.059791
0.175491 -0.065860
0.286289 -0.068262
0.393714 -0.067753
0.473487 -0.065024
0.512180 -0.060701
0.509138 -0.055335
0.472513 -0.049396
0.414189 -0.043270
0.345682 -0.037255
0.275925 -0.031570
0.210829 -0.026360
0.153479 -0.021707
0.104951 -0.017645
0.065079 -0.014169
0.033072 -0.011247
0.008300 -0.008831
-0.004643 -0.006862
0.006315 -0.005280
0.052080 -0.004025
0.134973 -0.003041
0.248147 -0.002278
0.378999 -0.001693
0.508811 -0.001248
0.613698 -0.000913
0.674602 -0.000622
0.684674 -0.000409
0.649098 -0.000253
0.580348 -0.000139
0.492864 -0.000058
0.399324 0.000000
0.308936 0.000000
0.227263 0.000000
0.156885 0.000000
0.098334 0.000000
0.050957 0.000000
0.013558 0.000000
-0.015202 0.000378
-0.036597 0.006719
-0.051764 0.031986
-0.061699 0.087849
-0.067284 0.176914
-0.069316 0.287343
-0.068527 0.394488
-0.065589 0.474051
-0.061110 0.512588
-0.055587 0.509391
-0.049535 0.472652
-0.043328 0.414248
-0.037255 0.345682
-0.031570 0.275925
-0.026360 0.210829
-0.021707 0.153479
-0.017645 0.104951
-0.014169 0.065079
-0.011247 0.033072
-0.008831 0.007922
-0.006862 -0.011363
-0.005280 -0.025671
-0.004025 -0.035391
-0.003041 -0.035600
-0.002278 -0.013929
-0.001693 0.040751
-0.001248 0.130545
-0.000913 0.243146
-0.000622 0.353486
-0.000409 0.436891
-0.000253 0.479601
-0.000139 0.480650
-0.000058 0.448038
0.000000 0.393497
0.000000 0.328444
0.000000 0.261801
0.000000 0.199403
0.000000 0.144349
0.000000 0.097738
0.000000 0.059441
0.000000 0.028710
0.000378 0.004581
0.006719 -0.013899
0.031986 -0.027579
0.087849 -0.037192
0.176914 -0.043373
0.287343 -0.046689
0.394488 -0.047662
0.474051 -0.046778
0.512588 -0.044449
0.509391 -0.041142
0.472652 -0.037219
0.414248 -0.032988
0.345682 -0.028740
0.275925 -0.024614
0.210829 -0.020750
0.153479 -0.017238
0.104951 -0.014124
0.065079 -0.011425
0.033072 -0.009131
0.007922 -0.006836
-0.011363 0.001081
-0.025671 0.027625
-0.035769 0.084507
-0.042320 0.174756
-0.045915 0.291776
-0.047097 0.418331
-0.046369 0.528860
-0.044196 0.601258
-0.041002 0.625596
-0.037160 0.604656
-0.032988 0.549421
-0.028740 0.473523
-0.024614 0.389439
-0.020750 0.306502
-0.017238 0.230500
-0.014124 0.164366
-0.011425 0.108895
-0.009131 0.063648
-0.007214 0.027594
-0.005260 -0.000476
0.002358 -0.021727
0.028645 -0.037200
0.085312 -0.047797
0.175384 -0.054313
0.292639 -0.057462
0.425420 -0.057898
0.560748 -0.056225
0.682597 -0.052996
0.771058 -0.048707
0.811025 -0.043788
0.798716 -0.038596
0.741442 -0.033414
0.652904 -0.028455
0.548055 -0.023865
0.439746 -0.019732
0.337061 -0.016099
0.245331 -0.012971
0.166879 -0.010328
0.101987 -0.008133
0.049773 -0.006336
0.008832 -0.004888
-0.022369 -0.003356
-0.045284 0.003892
-0.061222 0.029864
-0.071338 0.086269
-0.076660 0.175748
-0.078118 0.286487
-0.076553 0.393866
-0.072729 0.473643
-0.067328 0.512336
-0.060943 0.509251
-0.054070 0.472594
-0.047111 0.414248
-0.040370 0.345682
-0.034065 0.275925
-0.028335 0.210829
-0.023253 0.153479
-0.018843 0.104951
-0.015088 0.065079
-0.011946 0.033072
-0.008979 0.007922
-0.000536 -0.011363
0.026415 -0.025671
0.083610 -0.035769
0.173717 -0.042320
0.284952 -0.045915
0.392714 -0.047097
0.472745 -0.046369
0.511675 -0.044196
0.508768 -0.041002
0.472244 -0.037160
0.413995 -0.032988
0.345542 -0.028740
0.275867 -0.024614
0.210829 -0.020750
0.153479 -0.017238
0.104951 -0.014124
0.065079 -0.011425
0.033072 -0.009131
0.008300 -0.007214
-0.004643 -0.005638
0.006315 -0.004362
0.052080 -0.003341
0.134595 -0.002536
0.241427 -0.001908
0.347391 -0.001424
0.427682 -0.001054
0.468392 -0.000774
0.468388 -0.000564
0.435492 -0.000409
0.381260 -0.000253
0.316941 -0.000139
0.251311 -0.000058
0.190078 0.000000
0.136241 0.000000
0.090827 0.000000
0.053654 0.000000
0.023941 0.000000
0.000709 0.000378
-0.017001 0.006719
-0.030033 0.031986
-0.039110 0.087849
-0.044856 0.176914
-0.047824 0.287343
-0.048521 0.394488
-0.047423 0.474051
-0.044970 0.512588
-0.041567 0.509391
-0.037569 0.472652
-0.033240 0.414248
-0.028880 0.345682
-0.024673 0.275925
-0.020750 0.210829
-0.017238 0.153479
-0.014124 0.104951
-0.011425 0.065079
-0.009131 0.033072
-0.007214 0.007922
-0.005638 -0.011363
-0.004362 -0.025671
-0.003341 -0.035391
-0.002536 -0.035600
-0.001908 -0.013929
-0.001424 0.040751
-0.001054 0.130545
-0.000774 0.243146
-0.000564 0.353486
-0.000409 0.436891
-0.000253 0.479601
-0.000139 0.480650
-0.000058 0.448038
0.000000 0.393497
0.000000 0.328444
0.000000 0.261801
0.000000 0.199403
0.000000 0.144349
0.000000 0.097738
0.000000 0.059441
0.000000 0.028710
0.000378 0.004581
0.006719 -0.013899
0.031986 -0.027579
0.087849 -0.037192
0.176914 -0.043373
0.287343 -0.046689
0.394488 -0.047662
0.474051 -0.046778
0.512588 -0.044449
0.509391 -0.041142
0.472652 -0.037219
0.414248 -0.032988
0.345682 -0.028740
0.275925 -0.024614
0.210829 -0.020750
0.153479 -0.017238
0.104951 -0.014124
0.065079 -0.011425
0.033072 -0.009131
0.007922 -0.006836
-0.011363 0.001081
-0.025671 0.027625
-0.035769 0.084507
-0.042320 0.174378
-0.045915 0.285435
-0.047097 0.393064
-0.046369 0.472998
-0.044196 0.511815
-0.041002 0.508826
-0.037160 0.472244
-0.032988 0.413995
-0.028740 0.345542
-0.024614 0.275867
-0.020750 0.210829
-0.017238 0.153479
-0.014124 0.104951
-0.011425 0.065079
-0.009131 0.033072
-0.006836 0.007922
0.001081 -0.011363
0.027625 -0.025671
0.084507 -0.035769
0.174378 -0.042320
0.285435 -0.045915
0.393064 -0.047097
0.472998 -0.046369
0.511815 -0.044196
0.508826 -0.041002
0.472244 -0.037160
0.413995 -0.032988
0.345542 -0.028740
0.275867 -0.024614
0.210829 -0.020750
0.153479 -0.017238
0.104951 -0.014124
0.065079 -0.011425
0.033072 -0.009131
0.008300 -0.007214
-0.004643 -0.005638
0.006315 -0.004362
0.052080 -0.003341
0.134973 -0.002536
0.247769 -0.001908
0.372657 -0.001424
0.483545 -0.001054
0.557836 -0.000774
0.585158 -0.000564
0.567904 -0.000409
0.516686 -0.000253
0.444922 -0.000139
0.364883 -0.000058
0.285752 0.000000
0.213263 0.000000
0.150242 0.000000
0.097470 0.000000
0.054518 0.000000
0.020380 0.000000
-0.005736 0.000000
-0.019369 0.000000
-0.008555 0.000000
0.037515 0.000000
0.121071 0.000000
0.235176 0.000000
0.367523 0.000000
0.504901 0.000000
0.635943 0.000000
0.747617 0.000000
0.823100 0.000000
0.849564 0.000000
0.824798 0.000000
0.756861 0.000000
0.659616 0.000000
0.547994 0.000000
0.434534 0.000000
0.328033 0.000000
0.233572 0.000000
0.153269 0.000000
0.087252 0.000000
0.034521 0.000000
-0.006431 0.000000
-0.037224 0.000378
-0.059400 0.006719
-0.074348 0.031986
-0.083305 0.087849
-0.087371 0.177292
-0.087540 0.294062
-0.084666 0.426474
-0.079609 0.561900
-0.073076 0.689881
-0.065675 0.803075
-0.057911 0.892407
-0.050225 0.944162
-0.042865 0.947714
-0.036040 0.902086
-0.029881 0.815893
-0.024451 0.703152
-0.019762 0.578614
-0.015787 0.454577
-0.012472 0.339574
-0.009750 0.238423
-0.007546 0.153003
-0.005785 0.083224
-0.004395 0.027880
-0.003310 -0.014725
-0.002095 -0.046391
0.004887 -0.068825
0.030680 -0.083569
0.086935 -0.091993
0.176292 -0.095316
0.286934 -0.094623
0.394236 -0.090885
0.473912 -0.084965
0.512530 -0.077610
0.509391 -0.069458
0.472652 -0.061026
0.414248 -0.052720
0.345682 -0.044839
0.275925 -0.037586
0.210829 -0.031079
0.153479 -0.025370
0.104951 -0.020461
0.065079 -0.016313
0.033072 -0.012865
0.008300 -0.010041
-0.004643 -0.007760
0.006315 -0.005941
0.052080 -0.004508
0.134973 -0.003391
0.247769 -0.002531
0.372657 -0.001832
0.483545 -0.001306
0.557836 -0.000913
0.585158 -0.000622
0.567904 -0.000409
0.516686 -0.000253
0.444922 -0.000139
0.364883 -0.000058
0.285752 0.000000
0.213263 0.000000
0.150242 0.000000
0.097470 0.000000
0.054518 0.000000
0.020380 0.000000
-0.006114 0.000378
-0.026089 0.006719
-0.040541 0.031986
-0.050333 0.087849
-0.056222 0.177292
-0.058886 0.294062
-0.058951 0.426474
-0.056999 0.561522
-0.053560 0.683161
-0.049116 0.771467
-0.044040 0.811278
-0.038735 0.798855
-0.033472 0.741500
-0.028455 0.652904
-0.023865 0.548055
-0.019732 0.439746
-0.016099 0.337061
-0.012971 0.245331
-0.010328 0.166879
-0.008133 0.101987
-0.006336 0.049773
-0.004888 0.008832
-0.003356 -0.022369
0.003892 -0.045284
0.029864 -0.061222
0.086269 -0.071338
0.175748 -0.076660
0.286487 -0.078118
0.393866 -0.076553
0.473643 -0.072729
0.512336 -0.067328
0.509251 -0.060943
0.472594 -0.054070
0.414248 -0.047111
0.345682 -0.040370
0.275925 -0.034065
0.210829 -0.028335
0.153479 -0.023253
0.104951 -0.018843
0.065079 -0.015088
0.033072 -0.011946
0.008300 -0.009357
-0.004643 -0.007255
0.006315 -0.005571
0.052080 -0.004239
0.134595 -0.003197
0.241427 -0.002391
0.347391 -0.001774
0.427682 -0.001306
0.468392 -0.000913
0.468388 -0.000622
0.435492 -0.000409
0.381260 -0.000253
0.316941 -0.000139
0.251311 -0.000058
0.190078 0.000000
0.136241 0.000000
0.090827 0.000000
0.053654 0.000000
0.023941 0.000000
0.000709 0.000000
-0.017001 0.000000
-0.030033 0.000000
-0.039110 0.000378
-0.044856 0.006719
-0.047824 0.031986
-0.048521 0.087849
-0.047423 0.176914
-0.044970 0.287343
-0.041567 0.394488
-0.037569 0.474051
-0.033240 0.512588
-0.028880 0.509391
-0.024673 0.472652
-0.020750 0.414248
-0.017238 0.345682
-0.014124 0.275925
-0.011425 0.210829
-0.009131 0.153479
-0.007214 0.104951
-0.005638 0.065079
-0.004362 0.033072
-0.003341 0.008300
-0.002536 -0.004643
-0.001908 0.006315
-0.001424 0.052080
-0.001054 0.134973
-0.000774 0.247769
-0.000564 0.372657
-0.000409 0.483545
-0.000253 0.557836
-0.000139 0.585158
-0.000058 0.567904
0.000000 0.516686
0.000000 0.444922
0.000000 0.364883
0.000000 0.285752
0.000000 0.213263
0.000000 0.150242
0.000000 0.097470
0.000000 0.054518
0.000000 0.020380
0.000000 -0.005736
0.000000 -0.019369
0.000000 -0.008555
0.000000 0.037515
0.000000 0.120693
0.000000 0.228457
0.000000 0.335537
0.000000 0.417053
0.000000 0.459028
0.000000 0.460275
0.000000 0.428612
0.000000 0.375512
0.000000 0.312209
0.000000 0.247470
0.000000 0.186963
0.000000 0.133747
0.000000 0.088852
0.000000 0.052108
0.000000 0.022743
0.000378 -0.000210
0.006719 -0.017699
0.031986 -0.030559
0.087849 -0.039503
0.177292 -0.045147
0.294062 -0.048037
0.426474 -0.048677
0.561522 -0.047536
0.683161 -0.045052
0.771467 -0.041625
0.811278 -0.037569
0.798855 -0.033240
0.741500 -0.028880
0.652904 -0.024673
0.548055 -0.020750
0.439746 -0.017238
0.337061 -0.014124
0.245331 -0.011425
0.166879 -0.009131
0.101987 -0.007214
0.049773 -0.005638
0.008832 -0.004362
-0.022369 -0.003341
-0.045284 -0.002536
-0.061222 -0.001908
-0.071338 -0.001424
-0.076660 -0.000676
-0.078118 0.005946
-0.076553 0.031422
-0.072729 0.087440
-0.067328 0.176662
-0.060943 0.287203
-0.054070 0.394430
-0.047111 0.474051
-0.040370 0.512588
-0.034065 0.509391
-0.028335 0.472652
-0.023253 0.414248
-0.018843 0.345682
-0.015088 0.275925
-0.011946 0.210829
-0.009357 0.153479
-0.007255 0.104951
-0.005571 0.065079
-0.004239 0.033072
-0.003197 0.007922
-0.002391 -0.011363
-0.001774 -0.025671
-0.001306 -0.035769
-0.000913 -0.042320
-0.000245 -0.045915
0.006311 -0.047097
0.031734 -0.046369
0.087709 -0.044196
0.177234 -0.041002
0.294062 -0.037160
0.426474 -0.032988
0.561522 -0.028740
0.683161 -0.024614
0.771467 -0.020750
0.811278 -0.017238
0.798855 -0.014124
0.741500 -0.011425
0.652904 -0.009131
0.548055 -0.007214
0.439746 -0.005638
0.337061 -0.004362
0.245331 -0.003341
0.166879 -0.002536
0.101987 -0.001908
0.049773 -0.001424
0.008832 -0.001054
-0.021991 -0.000774
-0.038565 -0.000564
-0.029236 -0.000409
0.016511 -0.000253
0.100254 -0.000139
0.209225 -0.000058
0.317935 0.000000
0.401322 0.000000
0.445260 0.000000
0.448448 0.000000
0.418582 0.000000
0.367137 0.000000
0.305312 0.000000
0.241861 0.000000
0.182494 0.000000
0.130226 0.000000
0.086108 0.000000
0.049991 0.000000
0.021126 0.000000
-0.001435 0.000000
-0.018618 0.000378
-0.031242 0.006719
-0.040008 0.031986
-0.045517 0.087849
-0.048306 0.176914
-0.048872 0.287343
-0.047675 0.394488
-0.045110 0.474051
-0.041625 0.512588
-0.037569 0.509391
-0.033240 0.472652
-0.028880 0.414248
-0.024673 0.345682
-0.020750 0.275925
-0.017238 0.210829
-0.014124 0.153479
-0.011425 0.104951
-0.009131 0.065079
-0.007214 0.033072
-0.005638 0.008300
-0.004362 -0.004643
-0.003341 0.006315
-0.002536 0.052080
-0.001908 0.134595
-0.001424 0.241427
-0.001054 0.347391
-0.000774 0.427682
-0.000564 0.468392
-0.000409 0.468388
-0.000253 0.435492
-0.000139 0.381260
-0.000058 0.316941
0.000000 0.251311
0.000000 0.190078
0.000000 0.136241
0.000000 0.090827
0.000000 0.053654
0.000000 0.023941
0.000000 0.000709
0.000000 -0.017001
0.000000 -0.030033
0.000000 -0.039110
0.000000 -0.044856
0.000000 -0.047824
0.000000 -0.048521
0.000000 -0.047423
0.000000 -0.044970
0.000000 -0.041567
0.000000 -0.037569
0.000000 -0.033240
0.000000 -0.028880
0.000000 -0.024673
0.000000 -0.020750
0.000000 -0.017238
0.000000 -0.014124
0.000000 -0.011425
0.000000 -0.009131
0.000000 -0.007214
0.000000 -0.005638
0.000000 -0.004362
0.000000 -0.003341
0.000000 -0.002536
0.000000 -0.001908
0.000000 -0.001424
0.000000 -0.001054
0.000000 -0.000774
0.000000 -0.000564
0.000000 -0.000409
0.000000 -0.000253
0.000000 -0.000139
0.000000 -0.000058
0.000000 0.000000
0.000000 0.000000
0.000000 0.000000
0.000000 0.000000
0.000000 0.000000
0.000000 0.000000
0.000000 0.000000
0.000000 0.000000
0.000000 0.000000
0.000000 0.000000
0.000000 0.000000
0.000000 0.000000
0.000000 0.000000
0.000000 0.000000
0.000000 0.000000
0.000000 0.000000
0.000000 0.000000
0.000000 0.000000
0.000000 0.000000
0.000000 0.000000
0.000000 0.000000
0.000000 0.000000
0.000000 0.000000
0.000000 0.000000
0.000000 0.000000
0.000000 0.000000
0.000000 0.000000
0.000000 0.000000
0.000000 0.000000
0.000000 0.000000
0.000000 0.000000
0.000000 0.000000
0.000000 0.000000
0.000000 0.000000
0.000000 0.000000
0.000000 0.000000
0.000000 0.000000
0.000000 0.000000
0.000000 0.000000
0.000000 0.000000
0.000000 0.000000
0.000000 0.000000
0.000000 0.000000
0.000000 0.000000
0.000000 0.000000
0.000000 0.000000
0.000000 0.000000
0.000000 0.000000
0.000000 0.000000
0.000000 0.000000
0.000000 0.000000
0.000000 0.000000
0.000000 0.000000
0.000000 0.000000
0.000000 0.000000
0.000000 0.000000
0.000000 0.000000
0.000000 0.000000
0.000000 0.000000
0.000000 0.000000
0.000000 0.000000
0.000000 0.000000
0.000000 0.000000
0.000000 0.000000
0.000000 0.000000
0.000000 0.000000
0.000000 0.000000
0.000000 0.000000
0.000000 0.000000
0.000000 0.000000
0.000000 0.000000
0.000000 0.000000
0.000000 0.000000
0.000000 0.000000
0.000000 0.000000
0.000000 0.000000
0.000000 0.000000
0.000000 0.000000
0.000000 0.000000
0.000000 0.000000
0.000000 0.000000
0.000000 0.000000
0.000000 0.000000
0.000000 0.000000
0.000000 0.000000
0.000000 0.000000
0.000000 0.000000
0.000000 0.000000
0.000000 0.000000
0.000000 0.000000
0.000000 0.000000
0.000000 0.000000
0.000000 0.000000
0.000000 0.000000
0.000000 0.000000
0.000000 0.000000
0.000000 0.000000
0.000000 0.000000
0.000000 0.000000
0.000000 0.000000
0.000000 0.000000
0.000000 0.000000
0.000000 0.000000
0.000000 0.000000
0.000000 0.000000
0.000000 0.000000
0.000000 0.000000
