0.000000 0.000000
0.000000 0.000000
0.000000 0.000000
0.000000 0.000000
0.000000 0.000000
0.000000 0.000000
0.000000 0.000000
0.018566 0.000000
0.165070 0.000000
0.439405 0.000000
0.724358 0.000000
0.919408 0.000000
0.901028 0.000000
0.688090 0.000000
0.420847 0.000000
0.199099 0.000000
0.049540 0.000000
-0.037901 0.000000
-0.080612 0.000000
-0.093389 0.018566
-0.087761 0.165070
-0.072734 0.420840
-0.054899 0.559289
-0.038380 0.498568
-0.025126 0.341739
-0.015527 0.189522
-0.009116 0.079108
-0.005112 0.009577
-0.002750 -0.029568
-0.001333 -0.047478
0.017987 -0.051044
0.164878 -0.045910
0.439405 -0.036718
0.724358 -0.026824
0.919408 -0.018181
0.901028 -0.011557
0.688090 -0.006945
0.420847 -0.003971
0.199099 -0.002172
0.049540 -0.001141
-0.037901 -0.000578
-0.080612 0.018374
-0.093389 0.165070
-0.087761 0.420840
-0.072734 0.559289
-0.054899 0.498568
-0.038380 0.341739
-0.025126 0.189522
-0.015527 0.079108
-0.009116 0.009577
0.013454 -0.029568
0.162319 -0.047478
0.419507 -0.051044
0.558710 -0.045910
0.498377 -0.036718
0.341739 -0.026824
0.189522 -0.018181
0.079108 -0.011557
0.009577 -0.006945
-0.029568 -0.003971
-0.047478 0.016394
-0.051044 0.163928
-0.045910 0.420261
-0.036718 0.559097
-0.026824 0.498568
-0.018181 0.341739
-0.011557 0.189522
-0.006945 0.079108
-0.003971 0.009577
-0.002172 -0.011003
-0.001141 0.117591
-0.000578 0.369796
-0.000192 0.513378
0.000000 0.461851
0.000000 0.314916
0.000000 0.171341
0.000000 0.067551
0.000000 0.002632
0.018566 -0.033539
0.165070 -0.049650
0.420840 -0.052185
0.559289 -0.046489
0.498568 -0.036909
0.341739 -0.026824
0.189522 -0.018181
0.079108 -0.011557
0.009577 -0.006945
-0.011003 -0.003971
0.117591 -0.002172
0.369796 -0.001141
0.513378 -0.000578
0.461851 -0.000192
0.314916 0.000000
0.171341 0.000000
0.067551 0.000000
0.002632 0.000000
-0.014973 0.000000
0.115420 0.000000
0.368654 0.000000
0.512800 0.000000
0.461659 0.000000
0.314916 0.000000
0.171341 0.000000
0.067551 0.000000
0.002632 0.000000
-0.014973 0.000000
0.115420 0.000000
0.387220 0.000000
0.677869 0.000000
0.882499 0.000000
0.874204 0.000000
0.669909 0.000000
0.409291 0.000000
0.192154 0.000000
0.045569 0.000000
-0.040073 0.000000
-0.081753 0.018566
-0.093967 0.165070
-0.087953 0.420840
-0.072734 0.559289
-0.054899 0.498568
-0.038380 0.341739
-0.025126 0.189522
-0.015527 0.079108
-0.009116 0.009577
-0.005112 -0.011003
-0.002750 0.117591
-0.001333 0.369796
-0.000578 0.513378
-0.000192 0.461851
0.000000 0.314916
0.000000 0.171341
0.000000 0.067551
0.000000 0.002632
0.000000 -0.014973
0.000000 0.115420
0.000000 0.368654
0.000000 0.512800
0.000000 0.461659
0.000000 0.314916
0.000000 0.171341
0.000000 0.067551
0.000000 0.002632
0.018566 -0.033539
0.165070 -0.049650
0.439405 -0.052185
0.705793 -0.046489
0.772904 -0.036909
0.626693 -0.026824
0.403137 -0.018181
0.207232 -0.011557
0.070975 -0.006945
-0.011858 -0.003971
-0.037046 -0.002172
0.092591 -0.001141
0.348886 -0.000578
0.497570 -0.000192
0.450835 0.000000
0.307750 0.000000
0.166950 0.000000
0.064998 0.000000
0.001215 0.000000
-0.034294 0.018566
-0.050037 0.165070
-0.052377 0.420840
-0.046489 0.559289
-0.036909 0.498568
-0.026824 0.341739
-0.018181 0.189522
-0.011557 0.079108
-0.006945 0.009577
-0.003971 -0.029568
-0.002172 -0.047478
-0.001141 -0.032478
-0.000578 0.119159
-0.000192 0.384122
0.000000 0.532465
0.000000 0.480387
0.000000 0.330183
0.000000 0.182578
0.000000 0.075137
0.000000 0.007405
0.000000 -0.030710
0.000000 -0.048057
0.018566 -0.051235
0.165070 -0.045910
0.439405 -0.036718
0.705793 -0.026824
0.772904 -0.018181
0.626693 -0.011557
0.403137 -0.006945
0.207232 -0.003971
0.070975 -0.002172
-0.011858 -0.001141
-0.055611 0.017987
-0.072479 0.164878
-0.071953 0.439405
-0.061718 0.705793
-0.047733 0.772904
-0.033989 0.626693
-0.022572 0.403137
-0.014110 0.207232
-0.008362 0.070975
-0.004725 -0.011858
-0.002559 -0.055611
0.017233 -0.072479
0.164491 -0.071953
0.439214 -0.061718
0.724358 -0.047733
0.937974 -0.033989
1.047532 -0.022572
0.962426 -0.014110
0.705800 -0.008362
0.412714 -0.004725
0.177664 -0.002559
0.023497 -0.001333
-0.062902 -0.000578
-0.101522 0.018374
-0.109197 0.165070
-0.098777 0.439405
-0.079900 0.724358
-0.059290 0.937974
-0.040934 1.047532
-0.026543 0.962426
-0.016282 0.705800
-0.009503 0.412714
-0.005304 0.177664
-0.002750 0.023497
-0.001333 -0.062902
-0.000578 -0.101522
-0.000192 -0.109197
0.000000 -0.080211
0.000000 0.085170
0.000000 0.380115
0.000000 0.683425
0.000000 0.892865
0.000000 0.884746
0.000000 0.678587
0.000000 0.415544
0.000000 0.196349
0.000000 0.048207
0.000000 -0.038480
0.018566 -0.080804
0.165070 -0.093389
0.439405 -0.087761
0.724358 -0.072734
0.937974 -0.054899
1.047532 -0.038380
0.962426 -0.025126
0.705800 -0.015527
0.412714 -0.009116
0.177664 -0.005112
0.023497 -0.002750
-0.062902 -0.001333
-0.082956 -0.000578
0.055873 -0.000192
0.322062 0.000000
0.479389 0.000000
0.439279 0.000000
0.300806 0.000000
0.162979 0.000000
0.062826 0.000000
0.000074 0.000000
-0.034872 0.000000
-0.050228 0.018566
-0.052377 0.165070
-0.046489 0.439405
-0.036909 0.724358
-0.026824 0.919408
-0.018181 0.901028
-0.011557 0.688090
-0.006945 0.420847
-0.003971 0.199099
-0.002172 0.049540
-0.001141 -0.037901
-0.000578 -0.080612
0.018374 -0.093389
0.165070 -0.087761
0.439405 -0.072734
0.724358 -0.054899
0.919408 -0.038380
0.901028 -0.025126
0.688090 -0.015527
0.420847 -0.009116
0.199099 -0.005112
0.049540 -0.002750
-0.037901 -0.001333
-0.062046 -0.000578
0.071681 -0.000192
0.333078 0.000000
0.486555 0.000000
0.443670 0.000000
0.303359 0.000000
0.164396 0.000000
0.063581 0.000000
0.000461 0.000000
-0.034680 0.018566
-0.050228 0.165070
-0.052377 0.439405
-0.046489 0.724358
-0.036909 0.937974
-0.026824 1.047532
-0.018181 0.962426
-0.011557 0.705800
-0.006945 0.412714
-0.003971 0.177664
-0.002172 0.023497
-0.001141 -0.062902
-0.000578 -0.082956
-0.000192 0.055873
0.000000 0.322062
0.000000 0.479389
0.000000 0.439279
0.000000 0.300806
0.000000 0.162979
0.000000 0.062826
0.000000 0.000074
0.000000 -0.034872
0.000000 -0.050228
0.000000 -0.052377
0.000000 -0.046489
0.000000 -0.036909
0.000000 -0.026824
0.000000 -0.018181
0.000000 -0.011557
0.000000 -0.006945
0.000000 -0.003971
0.000000 -0.002172
0.000000 -0.001141
0.000000 -0.000578
0.000000 -0.000192
0.000000 0.000000
0.000000 0.000000
0.000000 0.000000
0.000000 0.000000
0.000000 0.000000
0.000000 0.000000
0.000000 0.000000
0.000000 0.000000
0.000000 0.000000
0.000000 0.000000
0.000000 0.000000
0.000000 0.000000
0.000000 0.000000
0.000000 0.000000
0.000000 0.000000
0.000000 0.000000
0.000000 0.000000
0.000000 0.000000
0.000000 0.000000
0.000000 0.000000
0.000000 0.000000
0.000000 0.000000
0.000000 0.000000
0.000000 0.000000
0.000000 0.000000
0.000000 0.000000
0.000000 0.000000
0.000000 0.000000
0.000000 0.000000
0.000000 0.000000
0.000000 0.000000
0.000000 0.000000
0.000000 0.000000
0.000000 0.000000
0.000000 0.000000
0.000000 0.000000
0.000000 0.000000
0.000000 0.000000
0.000000 0.000000
0.000000 0.000000
0.000000 0.000000
0.000000 0.000000
0.000000 0.000000
0.000000 0.000000
0.000000 0.000000
0.000000 0.000000
0.000000 0.000000
0.000000 0.000000
0.000000 0.000000
0.000000 0.000000
0.000000 0.000000
0.000000 0.000000
0.000000 0.000000
0.000000 0.000000
0.000000 0.000000
0.000000 0.000000
0.000000 0.000000
0.000000 0.000000
0.000000 0.000000
0.000000 0.000000
0.000000 0.000000
0.000000 0.000000
0.000000 0.000000
0.000000 0.000000
0.000000 0.000000
0.000000 0.000000
0.000000 0.000000
0.000000 0.000000
0.000000 0.000000
0.000000 0.000000
0.000000 0.000000
0.000000 0.000000
0.000000 0.000000
