0.000000 0.000000
0.000000 0.000000
0.000000 0.000000
0.000000 0.000000
0.000000 0.000000
0.000000 0.000000
0.000000 0.000000
0.000000 0.000000
0.000000 0.000000
0.000000 0.000000
0.000000 0.000000
0.000000 0.000000
0.000000 0.000000
0.000000 0.000000
0.000000 0.000000
0.000000 0.000000
0.000000 0.000000
0.000000 0.000000
0.000000 0.000000
0.000000 0.000000
0.000000 0.000378
0.000000 0.006719
0.000000 0.031986
0.000000 0.087849
0.000000 0.177292
0.000000 0.294062
0.000000 0.426474
0.000000 0.561900
0.000000 0.689881
0.000000 0.803075
0.000000 0.892407
0.000000 0.944162
0.000000 0.947714
0.000000 0.902086
0.000000 0.815893
0.000000 0.703152
0.000000 0.578614
0.000000 0.454577
0.000000 0.339574
0.000000 0.238423
0.000000 0.153003
0.000000 0.083224
0.000000 0.027880
0.000000 -0.014725
0.000378 -0.046391
0.006719 -0.068825
0.031986 -0.083569
0.087849 -0.091993
0.177292 -0.095316
0.293684 -0.094623
0.419755 -0.090885
0.529914 -0.084965
0.602032 -0.077610
0.626161 -0.069458
0.605064 -0.061026
0.549673 -0.052720
0.473662 -0.044839
0.389498 -0.037586
0.306502 -0.031079
0.230500 -0.025370
0.164366 -0.020461
0.108895 -0.016313
0.063648 -0.012865
0.027594 -0.010041
-0.000098 -0.007760
-0.015008 -0.005941
-0.005214 -0.004508
0.040051 -0.003391
0.122601 -0.002531
0.229881 -0.001832
0.336590 -0.001306
0.417827 -0.000913
0.459592 -0.000622
0.460683 -0.000409
0.428864 -0.000253
0.375652 -0.000139
0.312267 -0.000058
0.247470 0.000000
0.186963 0.000000
0.133747 0.000000
0.088852 0.000000
0.052108 0.000000
0.022743 0.000000
0.000167 0.000000
-0.010980 0.000000
0.001427 0.000000
0.048346 0.000000
0.132145 0.000000
0.246025 0.000000
0.377797 0.000000
0.514364 0.000000
0.644829 0.000000
0.761450 0.000000
0.854838 0.000000
0.910921 0.000000
0.918834 0.000000
0.877413 0.000000
0.795142 0.000000
0.685915 0.000000
0.564489 0.000000
0.443152 0.000000
0.330443 0.000000
0.231209 0.000000
0.147365 0.000000
0.078863 0.000000
0.024538 0.000000
-0.017262 0.000000
-0.047921 0.000000
-0.063529 0.000000
-0.052637 0.000000
-0.004919 0.000000
0.081034 0.000000
0.192312 0.000000
0.303350 0.000000
0.388947 0.000000
0.434920 0.000000
0.439933 0.000000
0.411627 0.000000
0.361528 0.000000
0.300842 0.000000
0.238339 0.000000
0.179750 0.000000
0.128109 0.000000
0.084491 0.000000
0.048767 0.000000
0.020207 0.000000
-0.002119 0.000000
-0.018745 0.000000
-0.024893 0.000000
-0.008291 0.000000
0.042137 0.000000
0.128468 0.000000
0.238413 0.000000
0.346813 0.000000
0.428942 0.000000
0.470964 0.000000
0.471822 0.000000
0.439412 0.000000
0.385368 0.000000
0.321009 0.000000
0.255175 0.000000
0.193591 0.000000
0.139355 0.000000
0.093526 0.000000
0.055949 0.000000
0.025858 0.000000
0.002284 0.000378
-0.015724 0.006719
-0.029012 0.031986
-0.038305 0.087849
-0.044228 0.177292
-0.047339 0.293684
-0.048151 0.419755
-0.047143 0.529914
-0.044761 0.602032
-0.041411 0.626161
-0.037413 0.605064
-0.033127 0.549673
-0.028798 0.473662
-0.024614 0.389498
-0.020750 0.306502
-0.017238 0.230500
-0.014124 0.164366
-0.011425 0.108895
-0.009131 0.063648
-0.007214 0.027594
-0.005260 -0.000476
0.002358 -0.021727
0.028645 -0.037200
0.085312 -0.047797
0.175384 -0.054313
0.292639 -0.057462
0.425420 -0.057898
0.561126 -0.056225
0.689316 -0.052996
0.802667 -0.048707
0.892154 -0.043788
0.944022 -0.038596
0.947656 -0.033414
0.902086 -0.028455
0.815893 -0.023865
0.703152 -0.019732
0.578614 -0.016099
0.454577 -0.012971
0.339574 -0.010328
0.238423 -0.008133
0.153003 -0.006336
0.083224 -0.004888
0.027880 -0.003734
-0.014725 -0.002827
-0.046013 -0.002122
-0.062105 -0.001580
-0.051583 -0.001167
-0.004145 -0.000855
0.081976 -0.000622
0.199440 -0.000409
0.335211 -0.000253
0.470216 -0.000139
0.580284 -0.000058
0.646147 0.000000
0.660809 0.000000
0.629365 0.000000
0.564249 0.000000
0.479892 0.000000
0.388995 0.000000
0.300803 0.000000
0.220927 0.000000
0.151997 0.000000
0.094600 0.000000
0.048130 0.000000
0.011436 0.000000
-0.016782 0.000378
-0.037764 0.006719
-0.052620 0.031986
-0.062321 0.087849
-0.067692 0.176914
-0.069569 0.287343
-0.068667 0.394488
-0.065647 0.474051
-0.061110 0.512588
-0.055587 0.509391
-0.049535 0.472652
-0.043328 0.414248
-0.037255 0.345682
-0.031570 0.275925
-0.026360 0.210829
-0.021707 0.153479
-0.017645 0.104951
-0.014169 0.065079
-0.011247 0.033072
-0.008453 0.007922
-0.000143 -0.011363
0.026706 -0.025671
0.083823 -0.035769
0.173873 -0.042320
0.285065 -0.045915
0.392795 -0.047097
0.472803 -0.046369
0.511675 -0.044196
0.508768 -0.041002
0.472244 -0.037160
0.413995 -0.032988
0.345542 -0.028740
0.275867 -0.024614
0.210829 -0.020750
0.153479 -0.017238
0.104951 -0.014124
0.065079 -0.011425
0.033072 -0.009131
0.008300 -0.007214
-0.004643 -0.005638
0.006315 -0.004362
0.052080 -0.003341
0.134973 -0.002536
0.248147 -0.001908
0.379377 -0.001424
0.515153 -0.001054
0.638965 -0.000774
0.730464 -0.000564
0.774117 -0.000409
0.765868 -0.000253
0.712760 -0.000139
0.628290 -0.000058
0.527305 0.000000
0.422508 0.000000
0.322937 0.000000
0.233906 0.000000
0.157748 0.000000
0.094773 0.000000
0.044135 0.000000
0.004470 0.000000
-0.025332 0.000000
-0.041101 0.000000
-0.031144 0.000000
0.015087 0.000000
0.099578 0.000000
0.215170 0.000000
0.349357 0.000000
0.488762 0.000000
0.622300 0.000000
0.742371 0.000000
0.844620 0.000000
0.922318 0.000000
0.963206 0.000000
0.957465 0.000000
0.904328 0.000000
0.812311 0.000000
0.695196 0.000000
0.567469 0.000000
0.441200 0.000000
0.324739 0.000000
0.222770 0.000000
0.137067 0.000000
0.067457 0.000000
0.012654 0.000000
-0.029110 0.000000
-0.059712 0.000000
-0.080931 0.000000
-0.094338 0.000000
-0.101416 0.000000
-0.103429 0.000000
-0.101503 0.000378
-0.096633 0.006719
-0.089697 0.031986
-0.081451 0.087849
-0.072572 0.176914
-0.063520 0.287343
-0.054695 0.394488
-0.046386 0.474051
-0.038784 0.512588
-0.031998 0.509391
-0.026069 0.472652
-0.020987 0.414248
-0.016706 0.345682
-0.013156 0.275925
-0.010255 0.210829
-0.007916 0.153479
-0.006054 0.104951
-0.004589 0.065079
-0.003450 0.033072
-0.002153 0.007922
0.004887 -0.011363
0.030680 -0.025671
0.086935 -0.035769
0.176292 -0.042320
0.286934 -0.045915
0.394236 -0.047097
0.473912 -0.046369
0.512530 -0.044196
0.509391 -0.041002
0.472652 -0.037160
0.414248 -0.032988
0.345682 -0.028740
0.275925 -0.024614
0.210829 -0.020750
0.153479 -0.017238
0.104951 -0.014124
0.065079 -0.011425
0.033072 -0.009131
0.007922 -0.007214
-0.011363 -0.005638
-0.025293 -0.004362
-0.029049 -0.003341
-0.010334 -0.002536
0.041933 -0.001908
0.130195 -0.001424
0.247315 -0.001054
0.375558 -0.000774
0.488912 -0.000564
0.564872 -0.000409
0.593173 -0.000253
0.576324 -0.000139
0.525059 -0.000058
0.452912 0.000000
0.372260 0.000000
0.292378 0.000000
0.219075 0.000000
0.155236 0.000000
0.101682 0.000000
0.058010 0.000000
0.023233 0.000000
-0.003817 0.000000
-0.024263 0.000000
-0.039108 0.000000
-0.049221 0.000000
-0.055367 0.000000
-0.057858 0.000000
-0.051743 0.000000
-0.024647 0.000000
0.034600 0.000000
0.128445 0.000000
0.250216 0.000000
0.387501 0.000000
0.521766 0.000000
0.629439 0.000000
0.691739 0.000000
0.702102 0.000000
0.665986 0.000000
0.596117 0.000000
0.507150 0.000000
0.411941 0.000000
0.319837 0.000000
0.236500 0.000000
0.164576 0.000000
0.104637 0.000000
0.056049 0.000000
0.017616 0.000000
-0.011629 0.000000
-0.027392 0.000000
-0.017864 0.000000
0.027649 0.000000
0.111179 0.000000
0.225283 0.000000
0.351943 0.000000
0.464890 0.000000
0.541331 0.000000
0.570826 0.000000
0.555668 0.000000
0.506404 0.000000
0.436407 0.000000
0.357927 0.000000
0.280142 0.000000
0.208793 0.000000
0.146721 0.000000
0.094726 0.000000
0.052401 0.000000
0.018763 0.000000
-0.007338 0.000378
-0.027008 0.006719
-0.041225 0.031986
-0.050838 0.087849
-0.056591 0.176914
-0.059155 0.287343
-0.059146 0.394488
-0.057138 0.474051
-0.053618 0.512588
-0.049116 0.509391
-0.044040 0.472652
-0.038735 0.414248
-0.033472 0.345682
-0.028455 0.275925
-0.023865 0.210829
-0.019732 0.153479
-0.016099 0.104951
-0.012971 0.065079
-0.010328 0.033072
-0.008133 0.007922
-0.006336 -0.011363
-0.004888 -0.025671
-0.003356 -0.035769
0.003892 -0.042320
0.029864 -0.045915
0.086269 -0.047097
0.175748 -0.046369
0.286487 -0.044196
0.393866 -0.041002
0.473643 -0.037160
0.512336 -0.032988
0.509251 -0.028740
0.472594 -0.024614
0.414248 -0.020750
0.345682 -0.017238
0.275925 -0.014124
0.210829 -0.011425
0.153479 -0.009131
0.104951 -0.007214
0.065079 -0.005638
0.033072 -0.004362
0.008300 -0.003341
-0.004643 -0.002536
0.006315 -0.001908
0.052080 -0.001424
0.134973 -0.001054
0.248147 -0.000774
0.378999 -0.000564
0.508811 -0.000409
0.613698 -0.000253
0.674602 -0.000139
0.684674 -0.000058
0.649098 0.000000
0.580348 0.000000
0.492864 0.000000
0.399324 0.000000
0.308936 0.000000
0.227263 0.000000
0.156885 0.000000
0.098334 0.000000
0.050957 0.000000
0.013558 0.000000
-0.015202 0.000000
-0.036597 0.000000
-0.051764 0.000000
-0.061699 0.000000
-0.067284 0.000000
-0.068938 0.000000
-0.061808 0.000000
-0.033603 0.000000
0.026739 0.000000
0.121705 0.000000
0.244149 0.000000
0.376427 0.000000
0.492659 0.000000
0.570462 0.000000
0.599801 0.000000
0.583357 0.000000
0.532028 0.000000
0.459493 0.000000
0.378250 0.000000
0.297671 0.000000
0.223638 0.000000
0.159086 0.000000
0.104870 0.000000
0.060607 0.000000
0.025316 0.000000
-0.002168 0.000378
-0.022975 0.006719
-0.038113 0.031986
-0.048420 0.087849
-0.054722 0.177292
-0.057715 0.294062
-0.058037 0.426096
-0.056283 0.555180
-0.052996 0.657895
-0.048707 0.715604
-0.043788 0.721834
-0.038596 0.682085
-0.033414 0.609088
-0.028455 0.517478
-0.023865 0.420074
-0.019732 0.326174
-0.016099 0.241387
-0.012971 0.168310
-0.010328 0.107464
-0.008133 0.058171
-0.006336 0.019196
-0.004888 -0.010840
-0.003734 -0.033256
-0.002827 -0.048850
-0.002122 -0.053071
-0.001580 -0.033874
-0.001167 0.019586
-0.000855 0.109539
-0.000622 0.229038
-0.000409 0.365773
-0.000253 0.506565
-0.000139 0.640485
-0.000058 0.759805
0.000000 0.855152
0.000000 0.912591
0.000000 0.921354
0.000000 0.880379
0.000000 0.798247
0.000000 0.688983
0.000000 0.567366
0.000000 0.445746
0.000000 0.332711
0.000000 0.233142
0.000000 0.148978
0.000000 0.080183
0.000000 0.025602
0.000000 -0.016418
0.000000 -0.047639
0.000000 -0.069738
0.000000 -0.084191
0.000000 -0.092402
0.000000 -0.095568
0.000378 -0.094762
0.006719 -0.090944
0.031986 -0.084965
0.087849 -0.077610
0.177292 -0.069458
0.294062 -0.061026
0.426096 -0.052720
0.555180 -0.044839
0.657895 -0.037586
0.715604 -0.031079
0.721834 -0.025370
0.682085 -0.020461
0.609088 -0.016313
0.517478 -0.012865
0.420074 -0.010041
0.326174 -0.007760
0.241387 -0.005941
0.168310 -0.004508
0.107464 -0.003391
0.058171 -0.002531
0.019196 -0.001832
-0.010840 -0.000928
-0.033256 0.005806
-0.049228 0.031364
-0.059791 0.087440
-0.065860 0.177040
-0.068262 0.293923
-0.067753 0.426416
-0.065024 0.561900
-0.060701 0.689881
-0.055335 0.803453
-0.049396 0.898749
-0.043270 0.969428
-0.037255 1.003576
-0.031570 0.991530
-0.026360 0.932663
-0.021707 0.835564
-0.017645 0.714039
-0.014169 0.582558
-0.011247 0.453146
-0.008831 0.334096
-0.006862 0.230025
-0.005280 0.142639
-0.004025 0.071696
-0.003041 0.015851
-0.002278 -0.026719
-0.001693 -0.057560
-0.001248 -0.072906
-0.000913 -0.061438
-0.000622 -0.012945
-0.000409 0.074272
-0.000253 0.192812
-0.000139 0.329981
-0.000058 0.472261
0.000000 0.608052
0.000000 0.724161
0.000000 0.803620
0.000000 0.833604
0.000000 0.811884
0.000000 0.746532
0.000000 0.651483
0.000000 0.541658
0.000000 0.429646
0.000000 0.324299
0.000000 0.230745
0.000000 0.151147
0.000000 0.085673
0.000000 0.033354
0.000000 -0.007286
0.000000 -0.037469
0.000000 -0.053089
0.000000 -0.042615
0.000000 0.004404
0.000000 0.089863
0.000000 0.206522
0.000000 0.341808
0.000000 0.481913
0.000000 0.610085
0.000000 0.705792
0.000000 0.753367
0.000000 0.748630
0.000000 0.698635
0.000000 0.616864
0.000000 0.518174
0.000000 0.415295
0.000000 0.317299
0.000000 0.229545
0.000000 0.154407
0.000000 0.092237
0.000000 0.042227
0.000000 0.003046
0.000000 -0.026386
0.000000 -0.041875
0.000000 -0.031708
0.000000 0.014679
0.000000 0.098948
0.000000 0.208311
0.000000 0.317313
0.000000 0.400914
0.000000 0.445007
0.000000 0.448308
0.000000 0.418524
0.000000 0.367137
0.000000 0.305312
0.000000 0.241861
0.000000 0.182494
0.000000 0.130226
0.000000 0.086108
0.000000 0.049991
0.000000 0.021126
0.000000 -0.001435
0.000000 -0.018618
0.000000 -0.031242
0.000000 -0.040008
0.000000 -0.045139
0.000000 -0.041587
0.000000 -0.016885
0.000000 0.040173
0.000000 0.131805
0.000000 0.245718
0.000000 0.356919
0.000000 0.440811
0.000000 0.483709
0.000000 0.484718
0.000000 0.451902
0.000000 0.397010
0.000000 0.331557
0.000000 0.264500
0.000000 0.201698
0.000000 0.146265
0.000000 0.099313
0.000000 0.060718
0.000000 0.029730
0.000000 0.005764
0.000000 -0.006551
0.000000 0.004891
0.000000 0.051026
0.000000 0.134199
0.000000 0.247583
0.000000 0.378968
0.000000 0.515278
0.000000 0.645545
0.000000 0.762392
0.000000 0.861588
0.000000 0.936440
0.000000 0.974836
0.000000 0.966915
0.000000 0.911912
0.000000 0.818327
0.000000 0.699915
0.000000 0.571132
0.000000 0.444015
0.000000 0.326883
0.000000 0.224387
0.000000 0.138277
0.000000 0.068354
0.000000 0.013315
0.000000 -0.028627
0.000000 -0.058984
0.000000 -0.073959
0.000000 -0.062212
0.000000 -0.013509
0.000000 0.073863
0.000000 0.192560
0.000000 0.329841
0.000000 0.472203
0.000000 0.608429
0.000000 0.730503
0.000000 0.828886
0.000000 0.889467
0.000000 0.901328
0.000000 0.863302
0.000000 0.783895
0.000000 0.677084
0.000000 0.557627
0.000000 0.437871
0.000000 0.326418
0.000000 0.228168
0.000000 0.145087
0.000000 0.077170
0.000000 0.023290
0.000000 -0.018175
0.000000 -0.048544
0.000000 -0.063937
0.000000 -0.052889
0.000000 -0.005058
0.000000 0.080976
0.000000 0.192312
0.000000 0.303350
0.000000 0.388947
0.000000 0.434920
0.000000 0.439933
0.000000 0.411627
0.000000 0.361528
0.000000 0.300842
0.000000 0.238339
0.000000 0.179750
0.000000 0.128109
0.000000 0.084491
0.000000 0.048767
0.000000 0.020207
0.000000 -0.001741
0.000000 -0.012403
0.000000 0.000374
0.000000 0.047572
0.000000 0.131581
0.000000 0.245616
0.000000 0.377544
0.000000 0.514225
0.000000 0.644771
0.000000 0.761450
0.000000 0.854838
0.000000 0.910921
0.000000 0.918834
0.000000 0.877413
0.000000 0.795142
0.000000 0.685915
0.000000 0.564489
0.000000 0.443152
0.000000 0.330443
0.000000 0.231209
0.000000 0.147365
0.000000 0.078863
0.000000 0.024538
0.000000 -0.017262
0.000000 -0.047921
0.000000 -0.063529
0.000000 -0.052637
0.000000 -0.004919
0.000000 0.081412
0.000000 0.199031
0.000000 0.335336
0.000000 0.476796
0.000000 0.612212
0.000000 0.733995
0.000000 0.837723
0.000000 0.916708
0.000000 0.958737
0.000000 0.953944
0.000000 0.901584
0.000000 0.810194
0.000000 0.693579
0.000000 0.566245
0.000000 0.440281
0.000000 0.324055
0.000000 0.222265
0.000000 0.136698
0.000000 0.067187
0.000000 0.012460
0.000000 -0.029250
0.000000 -0.059770
0.000000 -0.080554
0.000000 -0.087618
0.000000 -0.069429
0.000000 -0.015581
0.000000 0.075790
0.000000 0.197429
0.000000 0.336777
0.000000 0.480449
0.000000 0.616931
0.000000 0.733213
0.000000 0.812445
0.000000 0.841913
0.000000 0.819486
0.000000 0.753318
0.000000 0.657412
0.000000 0.546740
0.000000 0.433927
0.000000 0.327849
0.000000 0.233645
0.000000 0.153485
0.000000 0.087535
0.000000 0.034819
0.000000 -0.006147
0.000000 -0.036928
0.000000 -0.059110
0.000000 -0.074075
0.000000 -0.083051
0.000000 -0.087138
0.000000 -0.087326
0.000000 -0.084510
0.000000 -0.079496
0.000000 -0.072995
0.000000 -0.065617
0.000000 -0.057911
0.000000 -0.050225
0.000000 -0.042865
0.000000 -0.036040
0.000000 -0.029881
0.000000 -0.024451
0.000000 -0.019762
0.000000 -0.015787
0.000000 -0.012472
0.000000 -0.009750
0.000000 -0.007546
0.000000 -0.005785
0.000000 -0.004395
0.000000 -0.003310
0.000000 -0.002472
0.000000 -0.001832
0.000000 -0.001306
0.000000 -0.000913
0.000000 -0.000622
0.000000 -0.000409
0.000000 -0.000253
0.000000 -0.000139
0.000000 -0.000058
0.000000 0.000000
0.000000 0.000000
0.000000 0.000000
0.000000 0.000000
0.000000 0.000000
0.000000 0.000000
0.000000 0.000000
0.000000 0.000000
0.000000 0.000000
0.000000 0.000000
0.000000 0.000000
0.000000 0.000000
0.000000 0.000000
0.000000 0.000000
0.000000 0.000000
0.000000 0.000000
0.000000 0.000000
0.000000 0.000000
0.000000 0.000000
0.000000 0.000000
0.000000 0.000000
0.000000 0.000000
0.000000 0.000000
0.000000 0.000000
0.000000 0.000000
0.000000 0.000000
0.000000 0.000000
0.000000 0.000000
0.000000 0.000000
0.000000 0.000000
0.000000 0.000000
0.000000 0.000000
0.000000 0.000000
0.000000 0.000000
0.000000 0.000000
0.000000 0.000000
0.000000 0.000000
0.000000 0.000000
0.000000 0.000000
0.000000 0.000000
0.000000 0.000000
0.000000 0.000000
0.000000 0.000000
0.000000 0.000000
0.000000 0.000000
0.000000 0.000000
0.000000 0.000000
