0.000000 0.000000
0.000000 0.000000
0.000000 0.000000
0.000000 0.000000
0.000000 0.000000
0.000000 0.000000
0.000000 0.000000
0.018566 0.000000
0.165070 0.000000
0.420840 0.000000
0.559289 0.000000
0.498568 0.000000
0.341739 0.000000
0.189522 0.000000
0.079108 0.000000
0.009577 0.000000
-0.011003 0.000000
0.117591 0.000000
0.388361 0.000000
0.659882 0.000000
0.736186 0.000000
0.599869 0.000000
0.384956 0.000000
0.195676 0.000000
0.064030 0.000000
-0.015829 0.000000
-0.057783 0.000000
-0.073620 0.000000
-0.072532 0.018566
-0.061910 0.165070
-0.047733 0.420840
-0.033989 0.559289
-0.022572 0.498568
-0.014110 0.341739
-0.008362 0.189522
-0.004725 0.079108
-0.002559 0.009577
-0.001333 -0.011003
-0.000578 0.117591
-0.000192 0.388361
0.000000 0.678448
0.000000 0.882690
0.000000 0.874204
0.000000 0.669909
0.000000 0.409291
0.000000 0.192154
0.000000 0.045569
0.000000 -0.040073
0.018566 -0.081753
0.165070 -0.093967
0.439405 -0.087953
0.705793 -0.072734
0.772904 -0.054899
0.626693 -0.038380
0.403137 -0.025126
0.207232 -0.015527
0.070975 -0.009116
-0.011858 -0.005112
-0.055611 0.015816
-0.072479 0.163737
-0.071953 0.438827
-0.061718 0.724167
-0.047733 0.919408
-0.033989 0.901028
-0.022572 0.688090
-0.014110 0.420847
-0.008362 0.199099
-0.004725 0.049540
-0.002559 -0.037901
0.017233 -0.080612
0.164491 -0.093389
0.420648 -0.087761
0.559289 -0.072734
0.498568 -0.054899
0.341739 -0.038380
0.189522 -0.025126
0.079108 -0.015527
0.009577 -0.009116
-0.029568 0.013454
-0.047478 0.162319
-0.051044 0.419507
-0.045910 0.558710
-0.036718 0.498377
-0.026824 0.341739
-0.018181 0.189522
-0.011557 0.079108
-0.006945 0.009577
-0.003971 -0.011003
-0.002172 0.117591
-0.001141 0.369796
-0.000578 0.513378
-0.000192 0.461851
0.000000 0.314916
0.000000 0.171341
0.000000 0.067551
0.000000 0.002632
0.018566 -0.033539
0.165070 -0.049650
0.420840 -0.052185
0.559289 -0.046489
0.498568 -0.036909
0.341739 -0.026824
0.189522 -0.018181
0.079108 -0.011557
0.009577 -0.006945
-0.011003 -0.003971
0.117591 -0.002172
0.388361 -0.001141
0.659882 -0.000578
0.736186 -0.000192
0.599869 0.000000
0.384956 0.000000
0.195676 0.000000
0.064030 0.000000
-0.015829 0.000000
-0.057783 0.018566
-0.073620 0.165070
-0.072532 0.439405
-0.061910 0.724358
-0.047733 0.919408
-0.033989 0.901028
-0.022572 0.688090
-0.014110 0.420847
-0.008362 0.199099
-0.004725 0.049540
-0.002559 -0.037901
-0.001333 -0.080612
-0.000578 -0.093389
-0.000192 -0.069196
0.000000 0.092335
0.000000 0.365941
0.000000 0.520908
0.000000 0.473443
0.000000 0.326212
0.000000 0.180406
0.000000 0.073996
0.000000 0.006827
0.018566 -0.030901
0.165070 -0.048057
0.420840 -0.051235
0.559289 -0.045910
0.498568 -0.036718
0.341739 -0.026824
0.189522 -0.018181
0.079108 -0.011557
0.009577 -0.006945
-0.029568 0.014595
-0.047478 0.162898
-0.051044 0.438264
-0.045910 0.723780
-0.036718 0.919216
-0.026824 0.901028
-0.018181 0.688090
-0.011557 0.420847
-0.006945 0.199099
-0.003971 0.049540
-0.002172 -0.037901
0.017424 -0.080612
0.164491 -0.093389
0.439214 -0.087761
0.724358 -0.072734
0.919408 -0.054899
0.901028 -0.038380
0.688090 -0.025126
0.420847 -0.015527
0.199099 -0.009116
0.049540 -0.005112
-0.037901 -0.002750
-0.080612 -0.001333
-0.093389 0.017987
-0.087761 0.164878
-0.072734 0.420840
-0.054899 0.559289
-0.038380 0.498568
-0.025126 0.341739
-0.015527 0.189522
-0.009116 0.079108
-0.005112 0.009577
0.015816 -0.029568
0.163737 -0.047478
0.420261 -0.051044
0.559097 -0.045910
0.498568 -0.036718
0.341739 -0.026824
0.189522 -0.018181
0.079108 -0.011557
0.009577 -0.006945
-0.011003 -0.003971
0.117591 -0.002172
0.388361 -0.001141
0.678448 -0.000578
0.901256 -0.000192
1.020708 0.000000
0.944245 0.000000
0.694244 0.000000
0.405770 0.000000
0.173693 0.000000
0.021325 0.000000
-0.064043 0.000000
-0.083535 0.000000
0.055681 0.000000
0.340628 0.000000
0.644459 0.000000
0.860118 0.000000
0.860094 0.000000
0.661547 0.000000
0.404566 0.000000
0.189596 0.000000
0.044236 0.000000
-0.040651 0.000000
-0.081945 0.018566
-0.093967 0.165070
-0.087953 0.439405
-0.072734 0.724358
-0.054899 0.919408
-0.038380 0.901028
-0.025126 0.688090
-0.015527 0.420847
-0.009116 0.199099
-0.005112 0.049540
-0.002750 -0.037901
-0.001333 -0.062046
-0.000578 0.071681
-0.000192 0.333078
0.000000 0.486555
0.000000 0.443670
0.000000 0.303359
0.000000 0.164396
0.000000 0.063581
0.000000 0.000461
0.000000 -0.034680
0.000000 -0.031663
0.000000 0.112693
0.000000 0.374351
0.000000 0.522379
0.000000 0.471745
0.000000 0.323558
0.000000 0.177965
0.000000 0.072163
0.000000 0.005606
0.018566 -0.031740
0.165070 -0.048620
0.439405 -0.051622
0.705793 -0.046102
0.772904 -0.036718
0.626693 -0.026824
0.403137 -0.018181
0.207232 -0.011557
0.070975 -0.006945
-0.011858 -0.003971
-0.055611 0.016394
-0.072479 0.163928
-0.071953 0.438827
-0.061718 0.724167
-0.047733 0.937974
-0.033989 1.047532
-0.022572 0.962426
-0.014110 0.705800
-0.008362 0.412714
-0.004725 0.177664
-0.002559 0.023497
-0.001333 -0.062902
-0.000578 -0.082956
-0.000192 0.055873
0.000000 0.322062
0.000000 0.479389
0.000000 0.439279
0.000000 0.300806
0.000000 0.162979
0.000000 0.062826
0.000000 0.000074
0.000000 -0.016306
0.000000 0.114841
0.000000 0.368463
0.000000 0.512800
0.000000 0.461659
0.000000 0.314916
0.000000 0.171341
0.000000 0.067551
0.000000 0.002632
0.000000 -0.033539
0.000000 -0.049650
0.018566 -0.052185
0.165070 -0.046489
0.420840 -0.036909
0.559289 -0.026824
0.498568 -0.018181
0.341739 -0.011557
0.189522 -0.006945
0.079108 -0.003971
0.009577 -0.002172
-0.029568 -0.001141
-0.047478 -0.000578
-0.032478 -0.000192
0.119159 0.000000
0.402688 0.000000
0.678969 0.000000
0.754723 0.000000
0.615136 0.000000
0.396193 0.000000
0.203261 0.000000
0.068803 0.000000
-0.013000 0.000000
-0.037624 0.000000
0.092399 0.000000
0.348886 0.000000
0.497570 0.000000
0.450835 0.000000
0.307750 0.000000
0.166950 0.000000
0.064998 0.000000
0.001215 0.000000
-0.034294 0.000000
-0.050037 0.000000
-0.052377 0.000000
-0.046489 0.000000
-0.036909 0.000000
-0.026824 0.000000
-0.018181 0.000000
-0.011557 0.000000
-0.006945 0.000000
-0.003971 0.000000
-0.002172 0.000000
-0.001141 0.000000
-0.000578 0.000000
-0.000192 0.000000
0.000000 0.000000
0.000000 0.000000
0.000000 0.000000
0.000000 0.000000
0.000000 0.000000
0.000000 0.000000
0.000000 0.000000
0.000000 0.000000
0.000000 0.000000
0.000000 0.000000
0.000000 0.000000
0.000000 0.000000
0.000000 0.000000
0.000000 0.000000
0.000000 0.000000
0.000000 0.000000
0.000000 0.000000
0.000000 0.000000
0.000000 0.000000
0.000000 0.000000
0.000000 0.000000
0.000000 0.000000
0.000000 0.000000
0.000000 0.000000
0.000000 0.000000
0.000000 0.000000
0.000000 0.000000
0.000000 0.000000
0.000000 0.000000
0.000000 0.000000
0.000000 0.000000
0.000000 0.000000
0.000000 0.000000
0.000000 0.000000
0.000000 0.000000
0.000000 0.000000
0.000000 0.000000
0.000000 0.000000
0.000000 0.000000
0.000000 0.000000
0.000000 0.000000
0.000000 0.000000
0.000000 0.000000
0.000000 0.000000
0.000000 0.000000
0.000000 0.000000
0.000000 0.000000
0.000000 0.000000
0.000000 0.000000
0.000000 0.000000
0.000000 0.000000
0.000000 0.000000
0.000000 0.000000
0.000000 0.000000
0.000000 0.000000
0.000000 0.000000
0.000000 0.000000
0.000000 0.000000
0.000000 0.000000
0.000000 0.000000
0.000000 0.000000
0.000000 0.000000
0.000000 0.000000
0.000000 0.000000
0.000000 0.000000
0.000000 0.000000
0.000000 0.000000
0.000000 0.000000
0.000000 0.000000
0.000000 0.000000
0.000000 0.000000
0.000000 0.000000
0.000000 0.000000
0.000000 0.000000
0.000000 0.000000
0.000000 0.000000
0.000000 0.000000
0.000000 0.000000
