0.000000 0.000000
0.000000 0.000000
0.000000 0.000000
0.000000 0.000000
0.000000 0.000000
0.000000 0.000000
0.000000 0.000000
0.000000 0.000000
0.000000 0.000000
0.000000 0.000000
0.000000 0.000000
0.000000 0.000000
0.000000 0.000000
0.000000 0.000000
0.000000 0.000000
0.000000 0.000000
0.000000 0.000000
0.000378 0.000000
0.006719 0.000000
0.031986 0.000000
0.087849 0.000000
0.176914 0.000000
0.287343 0.000000
0.394488 0.000000
0.474051 0.000000
0.512588 0.000000
0.509391 0.000000
0.472652 0.000000
0.414248 0.000000
0.345682 0.000000
0.275925 0.000000
0.210829 0.000000
0.153479 0.000000
0.104951 0.000000
0.065079 0.000000
0.033072 0.000000
0.007922 0.000378
-0.011363 0.006719
-0.025671 0.031986
-0.035769 0.087849
-0.042320 0.176914
-0.045915 0.287343
-0.047097 0.394488
-0.046369 0.474051
-0.044196 0.512588
-0.041002 0.509391
-0.037160 0.472652
-0.032988 0.414248
-0.028740 0.345682
-0.024614 0.275925
-0.020750 0.210829
-0.017238 0.153479
-0.014124 0.104951
-0.011425 0.065079
-0.009131 0.033072
-0.006836 0.007922
0.001081 -0.011363
0.027625 -0.025671
0.084507 -0.035769
0.174378 -0.042320
0.285435 -0.045915
0.393064 -0.047097
0.472998 -0.046369
0.511815 -0.044196
0.508826 -0.041002
0.472244 -0.037160
0.413995 -0.032988
0.345542 -0.028740
0.275867 -0.024614
0.210829 -0.020750
0.153479 -0.017238
0.104951 -0.014124
0.065079 -0.011425
0.033072 -0.009131
0.008300 -0.007214
-0.004643 -0.005638
0.006315 -0.004362
0.052080 -0.003341
0.134973 -0.002536
0.248147 -0.001908
0.379377 -0.001424
0.515153 -0.001054
0.638965 -0.000774
0.730464 -0.000564
0.774117 -0.000409
0.765868 -0.000253
0.712760 -0.000139
0.628290 -0.000058
0.527305 0.000000
0.422508 0.000000
0.322937 0.000000
0.233906 0.000000
0.157748 0.000000
0.094773 0.000000
0.044135 0.000000
0.004470 0.000000
-0.025332 0.000000
-0.041101 0.000000
-0.031144 0.000000
0.015087 0.000000
0.099200 0.000000
0.208451 0.000000
0.317371 0.000000
0.400914 0.000000
0.445007 0.000000
0.448308 0.000000
0.418524 0.000000
0.367137 0.000000
0.305312 0.000000
0.241861 0.000000
0.182494 0.000000
0.130226 0.000000
0.086108 0.000000
0.049991 0.000000
0.021126 0.000000
-0.001435 0.000000
-0.018618 0.000000
-0.031242 0.000378
-0.040008 0.006719
-0.045517 0.031986
-0.048306 0.087849
-0.048872 0.177292
-0.047675 0.294062
-0.045110 0.426474
-0.041625 0.561900
-0.037569 0.689881
-0.033240 0.803453
-0.028880 0.898749
-0.024673 0.969428
-0.020750 1.003576
-0.017238 0.991530
-0.014124 0.932663
-0.011425 0.835564
-0.009131 0.714039
-0.007214 0.582558
-0.005638 0.453146
-0.004362 0.334096
-0.003341 0.230025
-0.002536 0.142639
-0.001908 0.071696
-0.001424 0.015851
-0.001054 -0.026719
-0.000774 -0.057938
-0.000564 -0.079625
-0.000409 -0.093424
0.000125 -0.100793
0.006580 -0.103021
0.031928 -0.101250
0.087849 -0.096493
0.176914 -0.089639
0.287343 -0.081451
0.394488 -0.072572
0.474051 -0.063520
0.512588 -0.054695
0.509391 -0.046386
0.472652 -0.038784
0.414248 -0.031998
0.345682 -0.026069
0.275925 -0.020987
0.210829 -0.016706
0.153479 -0.013156
0.104951 -0.010255
0.065079 -0.007916
0.033072 -0.006054
0.007922 -0.004212
-0.011363 0.003270
-0.025671 0.029455
-0.035769 0.086016
-0.042320 0.175608
-0.045915 0.286429
-0.047097 0.393866
-0.046369 0.473643
-0.044196 0.512336
-0.041002 0.509251
-0.037160 0.472594
-0.032988 0.414248
-0.028740 0.345682
-0.024614 0.275925
-0.020750 0.210829
-0.017238 0.153479
-0.014124 0.104951
-0.011425 0.065079
-0.009131 0.033072
-0.007214 0.008300
-0.005638 -0.004643
-0.004362 0.006315
-0.003341 0.052080
-0.002536 0.134595
-0.001908 0.241427
-0.001424 0.347391
-0.001054 0.427682
-0.000774 0.468392
-0.000564 0.468388
-0.000409 0.435492
-0.000253 0.381260
-0.000139 0.316941
-0.000058 0.251311
0.000000 0.190078
0.000000 0.136241
0.000000 0.090827
0.000000 0.053654
0.000000 0.023941
0.000000 0.000709
0.000000 -0.017001
0.000000 -0.029655
0.000000 -0.032391
0.000000 -0.012870
0.000000 0.040025
0.000000 0.128393
0.000000 0.239920
0.000000 0.349518
0.000000 0.432485
0.000000 0.475019
0.000000 0.476150
0.000000 0.443772
0.000000 0.389575
0.000000 0.324931
0.000000 0.258688
0.000000 0.196704
0.000000 0.142054
0.000000 0.095821
0.000000 0.057866
0.000000 0.027434
0.000000 0.003561
0.000000 -0.014704
0.000000 -0.028207
0.000000 -0.037677
0.000378 -0.043743
0.006719 -0.046969
0.031986 -0.047871
0.087849 -0.046933
0.177292 -0.044605
0.294062 -0.041255
0.426474 -0.037300
0.561900 -0.033046
0.689881 -0.028740
0.803453 -0.024614
0.898749 -0.020750
0.969428 -0.017238
1.003576 -0.014124
0.991530 -0.011425
0.932663 -0.009131
0.835564 -0.007214
0.714039 -0.005638
0.582558 -0.004362
0.453146 -0.003341
0.334096 -0.002536
0.230025 -0.001908
0.142639 -0.001424
0.071696 -0.001054
0.015851 -0.000774
-0.026719 -0.000564
-0.057938 -0.000031
-0.079625 0.006467
-0.093424 0.031847
-0.100793 0.087790
-0.103021 0.177292
-0.101250 0.294062
-0.096493 0.426474
-0.089639 0.561522
-0.081451 0.683161
-0.072572 0.771467
-0.063520 0.811278
-0.054695 0.798855
-0.046386 0.741500
-0.038784 0.652904
-0.031998 0.548055
-0.026069 0.439746
-0.020987 0.337061
-0.016706 0.245331
-0.013156 0.166879
-0.010255 0.101987
-0.007916 0.049773
-0.006054 0.008832
-0.004212 -0.022369
0.003270 -0.045284
0.029455 -0.061222
0.086016 -0.071338
0.175986 -0.076660
0.293149 -0.078118
0.425852 -0.076553
0.561491 -0.072729
0.689250 -0.067328
0.796594 -0.060943
0.867082 -0.054070
0.888299 -0.047111
0.858270 -0.040370
0.785316 -0.034065
0.683481 -0.028335
0.567727 -0.023253
0.450633 -0.018843
0.341005 -0.015088
0.243900 -0.011946
0.161401 -0.009357
0.093589 -0.007255
0.039408 -0.005571
-0.002697 -0.004239
-0.034397 -0.003197
-0.057278 -0.002391
-0.072769 -0.001774
-0.082138 -0.000928
-0.086516 0.005806
-0.086918 0.031364
-0.084258 0.087440
-0.079357 0.177040
-0.072936 0.293923
-0.065617 0.426038
-0.057911 0.555180
-0.050225 0.657895
-0.042865 0.715604
-0.036040 0.721834
-0.029881 0.682085
-0.024451 0.609088
-0.019762 0.517478
-0.015787 0.420074
-0.012472 0.326174
-0.009750 0.241387
-0.007546 0.168310
-0.005785 0.107464
-0.004395 0.058171
-0.003310 0.019196
-0.002095 -0.010840
0.004887 -0.033256
0.030680 -0.049228
0.086935 -0.059791
0.176670 -0.065860
0.293654 -0.068262
0.426222 -0.067753
0.561760 -0.065024
0.689822 -0.060701
0.803453 -0.055335
0.898749 -0.049396
0.969428 -0.043270
1.003576 -0.037255
0.991530 -0.031570
0.932663 -0.026360
0.835564 -0.021707
0.714039 -0.017645
0.582558 -0.014169
0.453146 -0.011247
0.334096 -0.008831
0.230025 -0.006862
0.142639 -0.005280
0.071696 -0.004025
0.015851 -0.003041
-0.026719 -0.002278
-0.057560 -0.001693
-0.072906 -0.001248
-0.061438 -0.000913
-0.012945 -0.000622
0.073894 -0.000409
0.186093 -0.000253
0.297995 -0.000139
0.384413 -0.000058
0.431137 0.000000
0.436818 0.000000
0.409132 0.000000
0.359553 0.000000
0.299296 0.000000
0.237142 0.000000
0.178831 0.000000
0.127410 0.000000
0.083965 0.000000
0.048374 0.000000
0.019916 0.000000
-0.001955 0.000000
-0.012559 0.000000
0.000261 0.000000
0.047490 0.000000
0.131523 0.000000
0.245616 0.000000
0.377544 0.000000
0.514225 0.000000
0.644771 0.000000
0.761828 0.000000
0.861180 0.000000
0.936188 0.000000
0.974696 0.000000
0.966857 0.000000
0.911912 0.000000
0.818327 0.000000
0.699915 0.000000
0.571132 0.000000
0.444015 0.000000
0.326883 0.000000
0.224387 0.000000
0.138277 0.000000
0.068354 0.000000
0.013315 0.000000
-0.028627 0.000000
-0.059361 0.000378
-0.080679 0.006719
-0.094198 0.031986
-0.101357 0.087849
-0.103429 0.177292
-0.101503 0.293684
-0.096633 0.419755
-0.089697 0.529914
-0.081451 0.602032
-0.072572 0.626161
-0.063520 0.605064
-0.054695 0.549673
-0.046386 0.473662
-0.038784 0.389498
-0.031998 0.306502
-0.026069 0.230500
-0.020987 0.164366
-0.016706 0.108895
-0.013156 0.063648
-0.010255 0.027594
-0.007916 -0.000098
-0.006054 -0.015008
-0.004589 -0.005214
-0.003450 0.040051
-0.002531 0.122979
-0.001832 0.236222
-0.001306 0.361857
-0.000913 0.473689
-0.000622 0.549036
-0.000409 0.577453
-0.000253 0.561276
-0.000139 0.511078
-0.000058 0.440248
0.000000 0.361042
0.000000 0.282637
0.000000 0.210768
0.000000 0.148267
0.000000 0.095924
0.000000 0.053320
0.000000 0.019462
0.000000 -0.006812
0.000000 -0.026615
0.000000 -0.040934
0.000000 -0.050247
0.000000 -0.049716
0.000000 -0.027056
0.000000 0.028784
0.000000 0.120212
0.000000 0.240066
0.000000 0.370639
0.000000 0.485873
0.000000 0.563297
0.000000 0.592688
0.000000 0.576609
0.000000 0.525808
0.000000 0.453930
0.000000 0.373398
0.000000 0.293531
0.000000 0.220172
0.000000 0.156233
0.000000 0.102559
0.000000 0.058761
0.000000 0.023860
0.000000 -0.002925
0.000000 -0.017130
0.000000 -0.006793
0.000000 0.038885
0.000000 0.121746
0.000000 0.229258
0.000000 0.336182
0.000000 0.417574
0.000000 0.459453
0.000000 0.460625
0.000000 0.428864
0.000000 0.375652
0.000000 0.312267
0.000000 0.247470
0.000000 0.186963
0.000000 0.133747
0.000000 0.088852
0.000000 0.052108
0.000000 0.022743
0.000378 -0.000210
0.006719 -0.017699
0.031986 -0.030559
0.087849 -0.039503
0.177292 -0.045147
0.294062 -0.048037
0.426474 -0.048677
0.561900 -0.047536
0.689881 -0.045052
0.803075 -0.041625
0.892407 -0.037569
0.944162 -0.033240
0.947714 -0.028880
0.902086 -0.024673
0.815893 -0.020750
0.703152 -0.017238
0.578614 -0.014124
0.454577 -0.011425
0.339574 -0.009131
0.238423 -0.007214
0.153003 -0.005638
0.083224 -0.004362
0.027880 -0.003341
-0.014725 -0.002536
-0.046013 -0.001908
-0.062105 -0.001424
-0.051583 -0.001054
-0.004145 -0.000774
0.081599 -0.000564
0.192720 -0.000409
0.303603 -0.000253
0.389087 -0.000139
0.434978 -0.000058
0.439933 0.000000
0.411627 0.000000
0.361528 0.000000
0.300842 0.000000
0.238339 0.000000
0.179750 0.000000
0.128109 0.000000
0.084491 0.000000
0.048767 0.000000
0.020207 0.000000
-0.002119 0.000000
-0.019123 0.000000
-0.031612 0.000000
-0.039899 0.000000
-0.038992 0.000000
-0.016460 0.000000
0.038919 0.000000
0.129617 0.000000
0.248953 0.000000
0.384849 0.000000
0.524331 0.000000
0.656640 0.000000
0.774573 0.000000
0.874076 0.000000
0.948678 0.000000
0.986339 0.000000
0.977405 0.000000
0.921237 0.000000
0.826434 0.000000
0.706826 0.000000
0.576920 0.000000
0.448784 0.000000
0.330755 0.000000
0.227489 0.000000
0.140731 0.000000
0.070272 0.000000
0.014798 0.000000
-0.027493 0.000000
-0.058502 0.000378
-0.080034 0.006719
-0.093677 0.031986
-0.100933 0.087849
-0.103079 0.177292
-0.101250 0.294062
-0.096493 0.426474
-0.089639 0.561900
-0.081451 0.689881
-0.072572 0.803075
-0.063520 0.892407
-0.054695 0.944162
-0.046386 0.947714
-0.038784 0.902086
-0.031998 0.815893
-0.026069 0.703152
-0.020987 0.578614
-0.016706 0.454577
-0.013156 0.339574
-0.010255 0.238423
-0.007916 0.153003
-0.006054 0.083224
-0.004589 0.027880
-0.003450 -0.014725
-0.002531 -0.046013
-0.001832 -0.062105
-0.001306 -0.051583
-0.000913 -0.004145
-0.000622 0.081976
-0.000409 0.199440
-0.000253 0.335589
-0.000139 0.476935
-0.000058 0.612270
0.000000 0.733995
0.000000 0.837723
0.000000 0.916708
0.000000 0.958737
0.000000 0.953944
0.000000 0.901584
0.000000 0.810194
0.000000 0.693579
0.000000 0.566245
0.000000 0.440281
0.000000 0.324055
0.000000 0.222265
0.000000 0.136698
0.000000 0.067187
0.000000 0.012460
0.000000 -0.029250
0.000000 -0.059392
0.000000 -0.074212
0.000000 -0.062352
0.000000 -0.013567
0.000000 0.073485
0.000000 0.185840
0.000000 0.297855
0.000000 0.384354
0.000000 0.431137
0.000000 0.436818
0.000000 0.409132
0.000000 0.359553
0.000000 0.299296
0.000000 0.237142
0.000000 0.178831
0.000000 0.127410
0.000000 0.083965
0.000000 0.048374
0.000000 0.019916
0.000000 -0.002332
0.000000 -0.019279
0.000000 -0.031725
0.000378 -0.040358
0.006719 -0.045769
0.031986 -0.048446
0.087849 -0.048930
0.177292 -0.047675
0.293684 -0.045110
0.419755 -0.041625
0.529914 -0.037569
0.602032 -0.033240
0.626161 -0.028880
0.605064 -0.024673
0.549673 -0.020750
0.473662 -0.017238
0.389498 -0.014124
0.306502 -0.011425
0.230500 -0.009131
0.164366 -0.007214
0.108895 -0.005638
0.063648 -0.004362
0.027594 -0.003341
-0.000098 -0.002536
-0.015008 -0.001908
-0.005214 -0.001424
0.040051 -0.001054
0.122601 -0.000774
0.229881 -0.000564
0.336590 -0.000409
0.417827 -0.000253
0.459592 -0.000139
0.460683 -0.000058
0.428864 0.000000
0.375652 0.000000
0.312267 0.000000
0.247470 0.000000
0.186963 0.000000
0.133747 0.000000
0.088852 0.000000
0.052108 0.000000
0.022743 0.000000
0.000167 0.000000
-0.010980 0.000000
0.001427 0.000000
0.048346 0.000000
0.131768 0.000000
0.239305 0.000000
0.345811 0.000000
0.426516 0.000000
0.467537 0.000000
0.467766 0.000000
0.435083 0.000000
0.381007 0.000000
0.316802 0.000000
0.251253 0.000000
0.190078 0.000000
0.136241 0.000000
0.090827 0.000000
0.053654 0.000000
0.023941 0.000000
0.000709 0.000378
-0.017001 0.006719
-0.030033 0.031986
-0.039110 0.087849
-0.044856 0.176914
-0.047824 0.287343
-0.048521 0.394488
-0.047423 0.474051
-0.044970 0.512588
-0.041567 0.509391
-0.037569 0.472652
-0.033240 0.414248
-0.028880 0.345682
-0.024673 0.275925
-0.020750 0.210829
-0.017238 0.153479
-0.014124 0.104951
-0.011425 0.065079
-0.009131 0.033072
-0.006836 0.007922
0.001081 -0.011363
0.027625 -0.025671
0.084507 -0.035769
0.174756 -0.042320
0.292154 -0.045915
0.425050 -0.047097
0.560846 -0.046369
0.688729 -0.044196
0.796169 -0.041002
0.866732 -0.037160
0.888047 -0.032988
0.858131 -0.028740
0.785258 -0.024614
0.683481 -0.020750
0.567727 -0.017238
0.450633 -0.014124
0.341005 -0.011425
0.243900 -0.009131
0.161401 -0.007214
0.093589 -0.005638
0.039408 -0.004362
-0.002697 -0.003341
-0.034019 -0.002536
-0.050558 -0.001908
-0.040783 -0.001424
0.005711 -0.001054
0.090776 -0.000774
0.207145 -0.000564
0.342216 -0.000409
0.482543 -0.000253
0.616944 -0.000139
0.737458 -0.000058
0.834496 0.000000
0.893936 0.000000
0.904849 0.000000
0.866046 0.000000
0.786012 0.000000
0.678701 0.000000
0.558851 0.000000
0.438790 0.000000
0.327102 0.000000
0.228673 0.000000
0.145457 0.000000
0.077439 0.000000
0.023485 0.000000
-0.018036 0.000000
-0.048863 0.000378
-0.070657 0.006719
-0.084875 0.031986
-0.092907 0.087849
-0.095938 0.177292
-0.095031 0.293684
-0.091138 0.419755
-0.085104 0.529914
-0.077669 0.602032
-0.069458 0.626161
-0.061026 0.605064
-0.052720 0.549673
-0.044839 0.473662
-0.037586 0.389498
-0.031079 0.306502
-0.025370 0.230500
-0.020461 0.164366
-0.016313 0.108895
-0.012865 0.063648
-0.010041 0.027594
-0.007760 -0.000098
-0.005941 -0.015008
-0.004508 -0.005214
-0.003391 0.040051
-0.002531 0.122979
-0.001832 0.236600
-0.001306 0.368576
-0.000913 0.505675
-0.000622 0.636885
-0.000409 0.754746
-0.000253 0.854961
-0.000139 0.930832
-0.000058 0.970162
0.000000 0.963074
0.000000 0.908798
0.000000 0.815832
0.000000 0.697940
0.000000 0.569586
0.000000 0.442817
0.000000 0.325964
0.000000 0.223688
0.000000 0.137751
0.000000 0.067961
0.000000 0.013024
0.000000 -0.028841
0.000000 -0.059140
0.000000 -0.074072
0.000000 -0.062294
0.000000 -0.013567
0.000000 0.073863
0.000000 0.192560
0.000000 0.329841
0.000000 0.472203
0.000000 0.608429
0.000000 0.730880
0.000000 0.835228
0.000000 0.914733
0.000000 0.957191
0.000000 0.952746
0.000000 0.900665
0.000000 0.809496
0.000000 0.693053
0.000000 0.565852
0.000000 0.439990
0.000000 0.323841
0.000000 0.222109
0.000000 0.136585
0.000000 0.067106
0.000000 0.012402
0.000000 -0.029250
0.000000 -0.059770
0.000000 -0.080931
0.000000 -0.094338
0.000000 -0.101416
0.000000 -0.103429
0.000000 -0.101503
0.000000 -0.096633
0.000000 -0.089697
0.000000 -0.081451
0.000000 -0.072572
0.000000 -0.063520
0.000000 -0.054695
0.000000 -0.046386
0.000000 -0.038784
0.000000 -0.031998
0.000000 -0.026069
0.000000 -0.020987
0.000000 -0.016706
0.000000 -0.013156
0.000000 -0.010255
0.000000 -0.007916
0.000000 -0.006054
0.000000 -0.004589
0.000000 -0.003450
0.000000 -0.002531
0.000000 -0.001832
0.000000 -0.001306
0.000000 -0.000913
0.000000 -0.000622
0.000000 -0.000409
0.000000 -0.000253
0.000000 -0.000139
0.000000 -0.000058
0.000000 0.000000
0.000000 0.000000
0.000000 0.000000
0.000000 0.000000
0.000000 0.000000
0.000000 0.000000
0.000000 0.000000
0.000000 0.000000
0.000000 0.000000
0.000000 0.000000
0.000000 0.000000
0.000000 0.000000
0.000000 0.000000
0.000000 0.000000
0.000000 0.000000
0.000000 0.000000
0.000000 0.000000
0.000000 0.000000
0.000000 0.000000
0.000000 0.000000
0.000000 0.000000
0.000000 0.000000
0.000000 0.000000
0.000000 0.000000
0.000000 0.000000
0.000000 0.000000
0.000000 0.000000
0.000000 0.000000
0.000000 0.000000
0.000000 0.000000
0.000000 0.000000
0.000000 0.000000
0.000000 0.000000
0.000000 0.000000
0.000000 0.000000
0.000000 0.000000
0.000000 0.000000
0.000000 0.000000
0.000000 0.000000
0.000000 0.000000
0.000000 0.000000
0.000000 0.000000
0.000000 0.000000
0.000000 0.000000
0.000000 0.000000
0.000000 0.000000
0.000000 0.000000
0.000000 0.000000
0.000000 0.000000
0.000000 0.000000
0.000000 0.000000
0.000000 0.000000
0.000000 0.000000
0.000000 0.000000
0.000000 0.000000
0.000000 0.000000
0.000000 0.000000
0.000000 0.000000
0.000000 0.000000
