0.000000 0.000000
0.000000 0.000000
0.000000 0.000000
0.000000 0.000000
0.000000 0.000000
0.000000 0.000000
0.000000 0.000000
0.000000 0.000000
0.000000 0.000000
0.000000 0.000000
0.000000 0.000000
0.000000 0.000000
0.000000 0.000000
0.000000 0.000000
0.000000 0.000000
0.000000 0.000378
0.000000 0.006719
0.000000 0.031986
0.000000 0.087849
0.000000 0.176914
0.000000 0.287343
0.000000 0.394488
0.000000 0.474051
0.000000 0.512588
0.000000 0.509391
0.000000 0.472652
0.000000 0.414248
0.000000 0.345682
0.000000 0.275925
0.000000 0.210829
0.000000 0.153479
0.000000 0.104951
0.000000 0.065079
0.000000 0.033072
0.000000 0.008300
0.000000 -0.004643
0.000000 0.006315
0.000000 0.052080
0.000000 0.134973
0.000000 0.247769
0.000000 0.372657
0.000000 0.483545
0.000000 0.557836
0.000000 0.585158
0.000000 0.567904
0.000000 0.516686
0.000000 0.444922
0.000000 0.364883
0.000000 0.285752
0.000000 0.213263
0.000000 0.150242
0.000000 0.097470
0.000000 0.054518
0.000000 0.020380
0.000378 -0.006114
0.006719 -0.026089
0.031986 -0.040541
0.087849 -0.050333
0.177292 -0.056222
0.293684 -0.058886
0.419755 -0.058951
0.529914 -0.056999
0.602032 -0.053560
0.626161 -0.049116
0.605064 -0.044040
0.549673 -0.038735
0.473662 -0.033472
0.389498 -0.028455
0.306502 -0.023865
0.230500 -0.019732
0.164366 -0.016099
0.108895 -0.012971
0.063648 -0.010328
0.027594 -0.008133
-0.000476 -0.005959
-0.021727 0.001832
-0.037200 0.028252
-0.047797 0.085021
-0.054313 0.175170
-0.057462 0.292483
-0.057898 0.425307
-0.056225 0.561045
-0.052996 0.689258
-0.048707 0.802667
-0.043788 0.892154
-0.038596 0.944022
-0.033414 0.947656
-0.028455 0.902086
-0.023865 0.815893
-0.019732 0.703152
-0.016099 0.578614
-0.012971 0.454577
-0.010328 0.339574
-0.008133 0.238423
-0.006336 0.153003
-0.004888 0.083224
-0.003734 0.027880
-0.002827 -0.014725
-0.002122 -0.046013
-0.001580 -0.062105
-0.001167 -0.051583
-0.000855 -0.004145
-0.000622 0.081976
-0.000409 0.199440
-0.000253 0.335589
-0.000139 0.476935
-0.000058 0.611892
0.000000 0.727276
0.000000 0.806115
0.000000 0.835579
0.000000 0.813431
0.000000 0.747730
0.000000 0.652402
0.000000 0.542356
0.000000 0.430172
0.000000 0.324692
0.000000 0.231036
0.000000 0.151361
0.000000 0.085829
0.000000 0.033467
0.000000 -0.007205
0.000378 -0.037789
0.006719 -0.059809
0.031986 -0.074601
0.087849 -0.083444
0.177292 -0.087429
0.294062 -0.087540
0.426474 -0.084666
0.561900 -0.079609
0.689881 -0.073076
0.803453 -0.065675
0.898749 -0.057911
0.969428 -0.050225
1.003576 -0.042865
0.991530 -0.036040
0.932663 -0.029881
0.835564 -0.024451
0.714039 -0.019762
0.582558 -0.015787
0.453146 -0.012472
0.334096 -0.009750
0.230025 -0.007546
0.142639 -0.005785
0.071696 -0.004395
0.015851 -0.003310
-0.026719 -0.002472
-0.057938 -0.001454
-0.079625 0.005413
-0.093424 0.031073
-0.100793 0.087226
-0.103021 0.176884
-0.101250 0.293810
-0.096493 0.426335
-0.089639 0.561842
-0.081451 0.689881
-0.072572 0.803453
-0.063520 0.898749
-0.054695 0.969428
-0.046386 1.003576
-0.038784 0.991530
-0.031998 0.932663
-0.026069 0.835564
-0.020987 0.714039
-0.016706 0.582558
-0.013156 0.453146
-0.010255 0.334096
-0.007916 0.230025
-0.006054 0.142639
-0.004589 0.071696
-0.003450 0.015851
-0.002531 -0.026719
-0.001454 -0.057938
0.005413 -0.079625
0.031073 -0.093424
0.087226 -0.100793
0.176884 -0.103021
0.293810 -0.101250
0.426335 -0.096493
0.561464 -0.089639
0.683161 -0.081451
0.771467 -0.072572
0.811278 -0.063520
0.798855 -0.054695
0.741500 -0.046386
0.652904 -0.038784
0.548055 -0.031998
0.439746 -0.026069
0.337061 -0.020987
0.245331 -0.016706
0.166879 -0.013156
0.101987 -0.010255
0.049773 -0.007916
0.008832 -0.006054
-0.022369 -0.004589
-0.045284 -0.003450
-0.060844 -0.002531
-0.064618 -0.001832
-0.044674 -0.001306
0.009731 -0.000913
0.100739 -0.000622
0.221333 -0.000409
0.358768 -0.000253
0.494238 -0.000139
0.603825 -0.000058
0.668494 0.000000
0.681464 0.000000
0.648021 0.000000
0.580753 0.000000
0.494225 0.000000
0.401231 0.000000
0.311086 0.000000
0.229441 0.000000
0.158953 0.000000
0.100209 0.000000
0.052600 0.000000
0.014957 0.000000
-0.014037 0.000378
-0.035647 0.006719
-0.051002 0.031986
-0.061097 0.087849
-0.066774 0.177292
-0.068885 0.294062
-0.068162 0.426474
-0.065277 0.561522
-0.060840 0.683161
-0.055393 0.771467
-0.049396 0.811278
-0.043270 0.798855
-0.037255 0.741500
-0.031570 0.652904
-0.026360 0.548055
-0.021707 0.439746
-0.017645 0.337061
-0.014169 0.245331
-0.011247 0.166879
-0.008831 0.101987
-0.006862 0.049773
-0.005280 0.008832
-0.003647 -0.022369
0.003678 -0.045284
0.029708 -0.061222
0.086156 -0.071338
0.175666 -0.076660
0.286429 -0.078118
0.393866 -0.076553
0.473643 -0.072729
0.512336 -0.067328
0.509251 -0.060943
0.472594 -0.054070
0.414248 -0.047111
0.345682 -0.040370
0.275925 -0.034065
0.210829 -0.028335
0.153479 -0.023253
0.104951 -0.018843
0.065079 -0.015088
0.033072 -0.011946
0.007922 -0.008979
-0.011363 -0.000536
-0.025671 0.026415
-0.035769 0.083610
-0.042320 0.174095
-0.045915 0.291293
-0.047097 0.417981
-0.046369 0.528608
-0.044196 0.601119
-0.041002 0.625538
-0.037160 0.604656
-0.032988 0.549421
-0.028740 0.473523
-0.024614 0.389439
-0.020750 0.306502
-0.017238 0.230500
-0.014124 0.164366
-0.011425 0.108895
-0.009131 0.063648
-0.007214 0.027594
-0.005638 -0.000476
-0.004362 -0.021727
-0.003341 -0.037200
-0.002536 -0.047797
-0.001908 -0.054313
-0.001424 -0.057084
-0.001054 -0.051178
-0.000774 -0.024239
-0.000564 0.034853
-0.000409 0.128585
-0.000253 0.249897
-0.000139 0.381159
-0.000058 0.496500
0.000000 0.573577
0.000000 0.602296
0.000000 0.585332
0.000000 0.533574
0.000000 0.460691
0.000000 0.379169
0.000000 0.298369
0.000000 0.224164
0.000000 0.159479
0.000000 0.105161
0.000000 0.060821
0.000000 0.025472
0.000000 -0.002055
0.000000 -0.022894
0.000000 -0.038055
0.000000 -0.048420
0.000000 -0.054722
0.000378 -0.057715
0.006719 -0.058037
0.031986 -0.056283
0.087849 -0.052996
0.176914 -0.048707
0.287343 -0.043788
0.394488 -0.038596
0.474051 -0.033414
0.512588 -0.028455
0.509391 -0.023865
0.472652 -0.019732
0.414248 -0.016099
0.345682 -0.012971
0.275925 -0.010328
0.210829 -0.008133
0.153479 -0.006336
0.104951 -0.004888
0.065079 -0.003734
0.033072 -0.002827
0.007922 -0.001744
-0.011363 0.005140
-0.025671 0.030819
-0.035769 0.086993
-0.042320 0.176292
-0.045915 0.286934
-0.047097 0.394236
-0.046369 0.473912
-0.044196 0.512530
-0.041002 0.509391
-0.037160 0.472652
-0.032988 0.414248
-0.028740 0.345682
-0.024614 0.275925
-0.020750 0.210829
-0.017238 0.153479
-0.014124 0.104951
-0.011425 0.065079
-0.009131 0.033072
-0.006836 0.007922
0.001081 -0.011363
0.027625 -0.025671
0.084507 -0.035769
0.174378 -0.042320
0.285435 -0.045915
0.393064 -0.047097
0.472998 -0.046369
0.511815 -0.044196
0.508826 -0.041002
0.472244 -0.037160
0.413995 -0.032988
0.345542 -0.028740
0.275867 -0.024614
0.210829 -0.020750
0.153479 -0.017238
0.104951 -0.014124
0.065079 -0.011425
0.033072 -0.009131
0.008300 -0.007214
-0.004643 -0.005638
0.006315 -0.004362
0.052080 -0.003341
0.134973 -0.002536
0.248147 -0.001908
0.379377 -0.001424
0.515531 -0.001054
0.645684 -0.000774
0.762073 -0.000564
0.855246 -0.000409
0.911174 -0.000253
0.918974 -0.000139
0.877472 -0.000058
0.795142 0.000000
0.685915 0.000000
0.564489 0.000000
0.443152 0.000000
0.330443 0.000000
0.231209 0.000000
0.147365 0.000000
0.078863 0.000000
0.024538 0.000000
-0.017262 0.000000
-0.047921 0.000000
-0.063529 0.000000
-0.052637 0.000000
-0.004919 0.000000
0.081412 0.000000
0.199031 0.000000
0.335336 0.000000
0.476418 0.000000
0.605492 0.000000
0.702009 0.000000
0.750252 0.000000
0.746135 0.000000
0.696661 0.000000
0.615318 0.000000
0.516976 0.000000
0.414376 0.000000
0.316600 0.000000
0.229018 0.000000
0.154014 0.000000
0.091946 0.000000
0.042013 0.000000
0.002890 0.000000
-0.026499 0.000000
-0.041956 0.000000
-0.031766 0.000000
0.014679 0.000000
0.099326 0.000000
0.215031 0.000000
0.349299 0.000000
0.488762 0.000000
0.622300 0.000000
0.742371 0.000000
0.844620 0.000000
0.922318 0.000000
0.963206 0.000000
0.957465 0.000000
0.904328 0.000000
0.812311 0.000000
0.695196 0.000000
0.567469 0.000000
0.441200 0.000000
0.324739 0.000000
0.222770 0.000000
0.137067 0.000000
0.067457 0.000000
0.012654 0.000000
-0.029110 0.000000
-0.059334 0.000000
-0.074212 0.000000
-0.062352 0.000000
-0.013567 0.000000
0.073863 0.000000
0.192182 0.000000
0.323122 0.000000
0.440217 0.000000
0.520581 0.000000
0.553588 0.000000
0.541544 0.000000
0.494979 0.000000
0.427277 0.000000
0.350714 0.000000
0.274504 0.000000
0.204432 0.000000
0.143379 0.000000
0.092190 0.000000
0.050493 0.000000
0.017339 0.000000
-0.008014 0.000000
-0.021062 0.000000
-0.009803 0.000000
0.036602 0.000000
0.120070 0.000000
0.228048 0.000000
0.335284 0.000000
0.416913 0.000000
0.458970 0.000000
0.460275 0.000000
0.428612 0.000000
0.375512 0.000000
0.312209 0.000000
0.247470 0.000000
0.186963 0.000000
0.133747 0.000000
0.088852 0.000000
0.052108 0.000000
0.022743 0.000000
-0.000210 0.000378
-0.017699 0.006719
-0.030559 0.031986
-0.039503 0.087849
-0.045147 0.176914
-0.048037 0.287343
-0.048677 0.394488
-0.047536 0.474051
-0.045052 0.512588
-0.041625 0.509391
-0.037569 0.472652
-0.033240 0.414248
-0.028880 0.345682
-0.024673 0.275925
-0.020750 0.210829
-0.017238 0.153479
-0.014124 0.104951
-0.011425 0.065079
-0.009131 0.033072
-0.007214 0.007922
-0.005638 -0.011363
-0.004362 -0.025671
-0.003341 -0.035391
-0.002536 -0.035600
-0.001908 -0.013929
-0.001424 0.040751
-0.001054 0.130545
-0.000774 0.243146
-0.000564 0.353486
-0.000409 0.436891
-0.000253 0.479601
-0.000139 0.480650
-0.000058 0.448038
0.000000 0.393497
0.000000 0.328444
0.000000 0.261801
0.000000 0.199403
0.000000 0.144349
0.000000 0.097738
0.000000 0.059441
0.000000 0.028710
0.000000 0.004581
0.000000 -0.013521
0.000000 -0.020860
0.000000 -0.005206
0.000000 0.044475
0.000000 0.130603
0.000000 0.246400
0.000000 0.379696
0.000000 0.517073
0.000000 0.642019
0.000000 0.734248
0.000000 0.778290
0.000000 0.770115
0.000000 0.716886
0.000000 0.632154
0.000000 0.530817
0.000000 0.425622
0.000000 0.325636
0.000000 0.236201
0.000000 0.159665
0.000000 0.096349
0.000000 0.045411
0.000000 0.005490
0.000378 -0.024905
0.006719 -0.047192
0.031986 -0.062646
0.087849 -0.072391
0.177292 -0.077434
0.294062 -0.078682
0.426474 -0.076961
0.561900 -0.072982
0.689881 -0.067468
0.803453 -0.061001
0.898749 -0.054070
0.969428 -0.047111
1.003576 -0.040370
0.991530 -0.034065
0.932663 -0.028335
0.835564 -0.023253
0.714039 -0.018843
0.582558 -0.015088
0.453146 -0.011946
0.334096 -0.009357
0.230025 -0.007255
0.142639 -0.005571
0.071696 -0.004239
0.015851 -0.003197
-0.026719 -0.002391
-0.057560 -0.001774
-0.072906 -0.001306
-0.061438 -0.000913
-0.012945 -0.000622
0.074272 -0.000409
0.192812 -0.000253
0.329603 -0.000139
0.465542 -0.000058
0.576443 0.000000
0.643032 0.000000
0.658314 0.000000
0.627390 0.000000
0.562702 0.000000
0.478694 0.000000
0.388076 0.000000
0.300105 0.000000
0.220401 0.000000
0.151604 0.000000
0.094309 0.000000
0.047916 0.000000
0.011280 0.000000
-0.016895 0.000000
-0.037845 0.000000
-0.052678 0.000000
-0.062321 0.000000
-0.067315 0.000000
-0.062849 0.000000
-0.036681 0.000000
0.022202 0.000000
0.116183 0.000000
0.238097 0.000000
0.370219 0.000000
0.486586 0.000000
0.564777 0.000000
0.594591 0.000000
0.578704 0.000000
0.527966 0.000000
0.456017 0.000000
0.375328 0.000000
0.295255 0.000000
0.221669 0.000000
0.157504 0.000000
0.103615 0.000000
0.059623 0.000000
0.024553 0.000000
-0.002754 0.000378
-0.023420 0.006719
-0.038448 0.031986
-0.048711 0.087849
-0.054936 0.177292
-0.057871 0.294062
-0.058150 0.426474
-0.056364 0.561900
-0.053054 0.689881
-0.048707 0.803453
-0.043788 0.898749
-0.038596 0.969428
-0.033414 1.003576
-0.028455 0.991530
-0.023865 0.932663
-0.019732 0.835564
-0.016099 0.714039
-0.012971 0.582558
-0.010328 0.453146
-0.008133 0.334096
-0.006336 0.230025
-0.004888 0.142639
-0.003734 0.071696
-0.002827 0.015851
-0.002122 -0.026719
-0.001202 -0.057938
0.005553 -0.079625
0.031131 -0.093424
0.087226 -0.100793
0.176884 -0.103021
0.293810 -0.101250
0.426335 -0.096493
0.561464 -0.089639
0.683161 -0.081451
0.771467 -0.072572
0.811278 -0.063520
0.798855 -0.054695
0.741500 -0.046386
0.652904 -0.038784
0.548055 -0.031998
0.439746 -0.026069
0.337061 -0.020987
0.245331 -0.016706
0.166879 -0.013156
0.101987 -0.010255
0.049773 -0.007916
0.008832 -0.006054
-0.021991 -0.004589
-0.038565 -0.003450
-0.029236 -0.002531
0.016511 -0.001832
0.100632 -0.001306
0.215944 -0.000913
0.349921 -0.000622
0.489171 -0.000409
0.622174 -0.000253
0.735791 -0.000139
0.813070 -0.000058
0.841189 0.000000
0.817900 0.000000
0.751251 0.000000
0.655146 0.000000
0.544473 0.000000
0.431790 0.000000
0.325916 0.000000
0.231954 0.000000
0.152044 0.000000
0.086334 0.000000
0.033837 0.000000
-0.006936 0.000000
-0.037594 0.000000
-0.059669 0.000000
-0.074543 0.000000
-0.083066 0.000000
-0.080710 0.000000
-0.055554 0.000000
0.003182 0.000000
0.097305 0.000000
0.214267 0.000000
0.328813 0.000000
0.416141 0.000000
0.462363 0.000000
0.466526 0.000000
0.436612 0.000000
0.384367 0.000000
0.321230 0.000000
0.256163 0.000000
0.195042 0.000000
0.141007 0.000000
0.095201 0.000000
0.057533 0.000000
0.027287 0.000000
0.003527 0.000378
-0.014673 0.006719
-0.028144 0.031986
-0.037601 0.087849
-0.043626 0.177292
-0.046829 0.294062
-0.047720 0.426474
-0.046778 0.561900
-0.044449 0.689881
-0.041142 0.803075
-0.037219 0.892407
-0.032988 0.944162
-0.028740 0.947714
-0.024614 0.902086
-0.020750 0.815893
-0.017238 0.703152
-0.014124 0.578614
-0.011425 0.454577
-0.009131 0.339574
-0.007214 0.238423
-0.005638 0.153003
-0.004362 0.083224
-0.003341 0.027880
-0.002536 -0.014725
-0.001908 -0.046013
-0.001424 -0.062105
-0.001054 -0.051583
-0.000774 -0.004145
-0.000564 0.081599
-0.000409 0.192720
-0.000253 0.303603
-0.000139 0.389087
-0.000058 0.434978
0.000000 0.439933
0.000000 0.411627
0.000000 0.361528
0.000000 0.300842
0.000000 0.238339
0.000000 0.179750
0.000000 0.128109
0.000000 0.084491
0.000000 0.048767
0.000000 0.020207
0.000000 -0.001741
0.000000 -0.012403
0.000000 0.000374
0.000000 0.047572
0.000000 0.131581
0.000000 0.245239
0.000000 0.370825
0.000000 0.482239
0.000000 0.556922
0.000000 0.584536
0.000000 0.567495
0.000000 0.516433
0.000000 0.444783
0.000000 0.364825
0.000000 0.285752
0.000000 0.213263
0.000000 0.150242
0.000000 0.097470
0.000000 0.054518
0.000000 0.020380
0.000000 -0.005736
0.000000 -0.019369
0.000000 -0.008555
0.000000 0.037515
0.000000 0.121071
0.000000 0.234799
0.000000 0.360803
0.000000 0.472915
0.000000 0.548472
0.000000 0.577045
0.000000 0.561024
0.000000 0.510938
0.000000 0.440190
0.000000 0.361042
0.000000 0.282637
0.000000 0.210768
0.000000 0.148267
0.000000 0.095924
0.000000 0.053320
0.000000 0.019462
0.000000 -0.006434
0.000000 -0.019895
0.000000 -0.008948
0.000000 0.037224
0.000000 0.120479
0.000000 0.228301
0.000000 0.335424
0.000000 0.416972
0.000000 0.458970
0.000000 0.460275
0.000000 0.428612
0.000000 0.375512
0.000000 0.312209
0.000000 0.247470
0.000000 0.186963
0.000000 0.133747
0.000000 0.088852
0.000000 0.052108
0.000000 0.022743
0.000000 -0.000210
0.000000 -0.017699
0.000000 -0.030559
0.000000 -0.039503
0.000000 -0.045147
0.000000 -0.048037
0.000000 -0.048677
0.000000 -0.047536
0.000000 -0.045052
0.000000 -0.041625
0.000000 -0.037569
0.000000 -0.033240
0.000000 -0.028880
0.000000 -0.024673
0.000000 -0.020750
0.000000 -0.017238
0.000000 -0.014124
0.000000 -0.011425
0.000000 -0.009131
0.000000 -0.007214
0.000000 -0.005638
0.000000 -0.004362
0.000000 -0.003341
0.000000 -0.002536
0.000000 -0.001908
0.000000 -0.001424
0.000000 -0.001054
0.000000 -0.000774
0.000000 -0.000564
0.000000 -0.000409
0.000000 -0.000253
0.000000 -0.000139
0.000000 -0.000058
0.000000 0.000000
0.000000 0.000000
0.000000 0.000000
0.000000 0.000000
0.000000 0.000000
0.000000 0.000000
0.000000 0.000000
0.000000 0.000000
0.000000 0.000000
0.000000 0.000000
0.000000 0.000000
0.000000 0.000000
0.000000 0.000000
0.000000 0.000000
0.000000 0.000000
0.000000 0.000000
0.000000 0.000000
0.000000 0.000000
0.000000 0.000000
0.000000 0.000000
0.000000 0.000000
0.000000 0.000000
0.000000 0.000000
0.000000 0.000000
0.000000 0.000000
0.000000 0.000000
0.000000 0.000000
0.000000 0.000000
0.000000 0.000000
0.000000 0.000000
0.000000 0.000000
0.000000 0.000000
0.000000 0.000000
0.000000 0.000000
0.000000 0.000000
0.000000 0.000000
0.000000 0.000000
0.000000 0.000000
0.000000 0.000000
0.000000 0.000000
0.000000 0.000000
0.000000 0.000000
0.000000 0.000000
0.000000 0.000000
0.000000 0.000000
0.000000 0.000000
0.000000 0.000000
0.000000 0.000000
0.000000 0.000000
0.000000 0.000000
0.000000 0.000000
0.000000 0.000000
0.000000 0.000000
0.000000 0.000000
0.000000 0.000000
0.000000 0.000000
0.000000 0.000000
0.000000 0.000000
0.000000 0.000000
0.000000 0.000000
0.000000 0.000000
0.000000 0.000000
0.000000 0.000000
0.000000 0.000000
0.000000 0.000000
