0.000000 0.000000
0.000000 0.000000
0.000000 0.000000
0.000000 0.000000
0.000000 0.000000
0.000000 0.000000
0.000000 0.000000
0.000000 0.018566
0.000000 0.165070
0.000000 0.439405
0.000000 0.724358
0.000000 0.919408
0.000000 0.901028
0.000000 0.688090
0.000000 0.420847
0.000000 0.199099
0.000000 0.049540
0.000000 -0.037901
0.018566 -0.080612
0.165070 -0.093389
0.420840 -0.087761
0.559289 -0.072734
0.498568 -0.054899
0.341739 -0.038380
0.189522 -0.025126
0.079108 -0.015527
0.009577 -0.009116
-0.011003 -0.005112
0.117591 -0.002750
0.388361 -0.001333
0.659882 -0.000578
0.736186 -0.000192
0.599869 0.000000
0.384956 0.000000
0.195676 0.000000
0.064030 0.000000
-0.015829 0.000000
-0.057783 0.000000
-0.073620 0.018566
-0.072532 0.165070
-0.061910 0.420840
-0.047733 0.559289
-0.033989 0.498568
-0.022572 0.341739
-0.014110 0.189522
-0.008362 0.079108
-0.004725 0.009577
-0.002559 -0.029568
-0.001333 -0.047478
-0.000578 -0.032478
-0.000192 0.119159
0.000000 0.402688
0.000000 0.697535
0.000000 0.901227
0.000000 0.889472
0.000000 0.681146
0.000000 0.416877
0.000000 0.196927
0.000000 0.048398
0.000000 -0.038480
0.000000 -0.062238
0.000000 0.071681
0.000000 0.351644
0.000000 0.633058
0.000000 0.718005
0.000000 0.588312
0.000000 0.378012
0.000000 0.191705
0.000000 0.061859
0.000000 -0.016970
0.000000 -0.058362
0.000000 -0.073812
0.018566 -0.072532
0.165070 -0.061910
0.420840 -0.047733
0.559289 -0.033989
0.498568 -0.022572
0.341739 -0.014110
0.189522 -0.008362
0.079108 -0.004725
0.009577 -0.002559
-0.029568 0.017233
-0.047478 0.164491
-0.051044 0.439214
-0.045910 0.724358
-0.036718 0.937974
-0.026824 1.047532
-0.018181 0.962426
-0.011557 0.705800
-0.006945 0.412714
-0.003971 0.177664
-0.002172 0.023497
-0.001141 -0.062902
-0.000578 -0.101522
-0.000192 -0.109197
0.018566 -0.098777
0.165070 -0.079900
0.439405 -0.059290
0.705793 -0.040934
0.772904 -0.026543
0.626693 -0.016282
0.403137 -0.009503
0.207232 -0.005304
0.070975 -0.002750
-0.011858 -0.001333
-0.037046 -0.000578
0.092591 -0.000192
0.348886 0.000000
0.497570 0.000000
0.450835 0.000000
0.307750 0.000000
0.166950 0.000000
0.064998 0.000000
0.001215 0.000000
-0.034294 0.018566
-0.050037 0.165070
-0.052377 0.420840
-0.046489 0.559289
-0.036909 0.498568
-0.026824 0.341739
-0.018181 0.189522
-0.011557 0.079108
-0.006945 0.009577
-0.003971 -0.029568
-0.002172 -0.047478
-0.001141 -0.032478
-0.000578 0.119159
-0.000192 0.402688
0.000000 0.697535
0.000000 0.919792
0.000000 1.035975
0.000000 0.955481
0.000000 0.701830
0.000000 0.410543
0.000000 0.176522
0.000000 0.022918
0.000000 -0.063094
0.000000 -0.082956
0.000000 0.055873
0.000000 0.322062
0.000000 0.479389
0.000000 0.439279
0.000000 0.300806
0.000000 0.162979
0.000000 0.062826
0.000000 0.000074
0.018566 -0.034872
0.165070 -0.050228
0.439405 -0.052377
0.724358 -0.046489
0.937974 -0.036909
1.047532 -0.026824
0.962426 -0.018181
0.705800 -0.011557
0.412714 -0.006945
0.177664 -0.003971
0.023497 -0.002172
-0.062902 -0.001141
-0.101522 -0.000578
-0.109197 -0.000192
-0.098777 0.018566
-0.079900 0.165070
-0.059290 0.439405
-0.040934 0.705793
-0.026543 0.772904
-0.016282 0.626693
-0.009503 0.403137
-0.005304 0.207232
-0.002750 0.070975
-0.001333 -0.011858
0.017987 -0.055611
0.164878 -0.072479
0.420840 -0.071953
0.559289 -0.061718
0.498568 -0.047733
0.341739 -0.033989
0.189522 -0.022572
0.079108 -0.014110
0.009577 -0.008362
-0.029568 -0.004725
-0.047478 -0.002559
-0.051044 0.017233
-0.045910 0.164491
-0.036718 0.439214
-0.026824 0.724358
-0.018181 0.919408
-0.011557 0.901028
-0.006945 0.688090
-0.003971 0.420847
-0.002172 0.199099
-0.001141 0.049540
-0.000578 -0.037901
0.018374 -0.080612
0.165070 -0.093389
0.420840 -0.087761
0.559289 -0.072734
0.498568 -0.054899
0.341739 -0.038380
0.189522 -0.025126
0.079108 -0.015527
0.009577 -0.009116
-0.029568 -0.005112
-0.028913 -0.002750
0.114026 -0.001333
0.374929 -0.000578
0.522571 -0.000192
0.471745 0.000000
0.323558 0.000000
0.177965 0.000000
0.072163 0.000000
0.005606 0.000000
-0.013174 0.000000
0.116450 0.000000
0.387783 0.000000
0.659690 0.000000
0.736186 0.000000
0.599869 0.000000
0.384956 0.000000
0.195676 0.000000
0.064030 0.000000
-0.015829 0.000000
-0.039217 0.000000
0.091449 0.000000
0.366873 0.000000
0.643883 0.000000
0.725171 0.000000
0.592703 0.000000
0.380565 0.000000
0.193122 0.000000
0.062613 0.000000
-0.016584 0.000000
-0.039604 0.000000
0.091258 0.000000
0.348308 0.000000
0.497379 0.000000
0.450835 0.000000
0.307750 0.000000
0.166950 0.000000
0.064998 0.000000
0.001215 0.000000
-0.015728 0.000000
0.115033 0.000000
0.368463 0.000000
0.512800 0.000000
0.461659 0.000000
0.314916 0.000000
0.171341 0.000000
0.067551 0.000000
0.002632 0.000000
-0.033539 0.000000
-0.049650 0.018566
-0.052185 0.165070
-0.046489 0.439405
-0.036909 0.724358
-0.026824 0.919408
-0.018181 0.901028
-0.011557 0.688090
-0.006945 0.420847
-0.003971 0.199099
-0.002172 0.049540
-0.001141 -0.037901
-0.000578 -0.080612
-0.000192 -0.093389
0.018566 -0.087761
0.165070 -0.072734
0.439405 -0.054899
0.724358 -0.038380
0.937974 -0.025126
1.047532 -0.015527
0.962426 -0.009116
0.705800 -0.005112
0.412714 -0.002750
0.177664 -0.001333
0.023497 -0.000578
-0.062902 -0.000192
-0.101522 0.000000
-0.090631 0.000000
0.066293 0.000000
0.359506 0.000000
0.665068 0.000000
0.878474 0.000000
0.874485 0.000000
0.671809 0.000000
0.411344 0.000000
0.193795 0.000000
0.046789 0.000000
-0.039234 0.000000
-0.081191 0.000000
-0.093580 0.018566
-0.087761 0.165070
-0.072734 0.420840
-0.054899 0.559289
-0.038380 0.498568
-0.025126 0.341739
-0.015527 0.189522
-0.009116 0.079108
-0.005112 0.009577
-0.002750 -0.011003
-0.001333 0.117591
-0.000578 0.388361
-0.000192 0.678448
0.000000 0.901256
0.000000 1.020708
0.000000 0.944245
0.000000 0.694244
0.000000 0.405770
0.000000 0.173693
0.000000 0.021325
0.000000 -0.064043
0.000000 -0.083535
0.000000 0.055681
0.000000 0.322062
0.000000 0.479389
0.000000 0.439279
0.000000 0.300806
0.000000 0.162979
0.000000 0.062826
0.000000 0.000074
0.000000 -0.016306
0.000000 0.114841
0.000000 0.387028
0.000000 0.677869
0.000000 0.882499
0.000000 0.874204
0.000000 0.669909
0.000000 0.409291
0.000000 0.192154
0.000000 0.045569
0.000000 -0.040073
0.000000 -0.081753
0.000000 -0.093967
0.000000 -0.087953
0.000000 -0.072734
0.000000 -0.054899
0.000000 -0.038380
0.000000 -0.025126
0.000000 -0.015527
0.000000 -0.009116
0.000000 -0.005112
0.000000 -0.002750
0.000000 -0.001333
0.000000 -0.000578
0.000000 -0.000192
0.000000 0.000000
0.000000 0.000000
0.000000 0.000000
0.000000 0.000000
0.000000 0.000000
0.000000 0.000000
0.000000 0.000000
0.000000 0.000000
0.000000 0.000000
0.000000 0.000000
0.000000 0.000000
0.000000 0.000000
0.000000 0.000000
0.000000 0.000000
0.000000 0.000000
0.000000 0.000000
0.000000 0.000000
0.000000 0.000000
0.000000 0.000000
0.000000 0.000000
0.000000 0.000000
0.000000 0.000000
0.000000 0.000000
0.000000 0.000000
0.000000 0.000000
0.000000 0.000000
0.000000 0.000000
0.000000 0.000000
0.000000 0.000000
0.000000 0.000000
0.000000 0.000000
0.000000 0.000000
0.000000 0.000000
0.000000 0.000000
0.000000 0.000000
0.000000 0.000000
0.000000 0.000000
0.000000 0.000000
0.000000 0.000000
0.000000 0.000000
0.000000 0.000000
0.000000 0.000000
0.000000 0.000000
0.000000 0.000000
0.000000 0.000000
0.000000 0.000000
0.000000 0.000000
0.000000 0.000000
0.000000 0.000000
0.000000 0.000000
0.000000 0.000000
0.000000 0.000000
0.000000 0.000000
0.000000 0.000000
0.000000 0.000000
0.000000 0.000000
0.000000 0.000000
0.000000 0.000000
0.000000 0.000000
0.000000 0.000000
0.000000 0.000000
