0.000000 0.000000
0.000000 0.000000
0.000000 0.000000
0.000000 0.000000
0.000000 0.000000
0.000000 0.000000
0.000000 0.000000
0.000000 0.000000
0.000000 0.000000
0.000000 0.000000
0.000000 0.000000
0.000000 0.000000
0.000000 0.000000
0.000000 0.000000
0.000000 0.000000
0.000000 0.000000
0.000378 0.000000
0.006719 0.000000
0.031986 0.000000
0.087849 0.000000
0.176914 0.000000
0.287343 0.000000
0.394488 0.000000
0.474051 0.000000
0.512588 0.000000
0.509391 0.000000
0.472652 0.000000
0.414248 0.000000
0.345682 0.000000
0.275925 0.000000
0.210829 0.000000
0.153479 0.000000
0.104951 0.000000
0.065079 0.000000
0.033072 0.000000
0.008300 0.000000
-0.004643 0.000000
0.006315 0.000000
0.052080 0.000000
0.134595 0.000000
0.241427 0.000000
0.347391 0.000000
0.427682 0.000000
0.468392 0.000000
0.468388 0.000000
0.435492 0.000000
0.381260 0.000000
0.316941 0.000000
0.251311 0.000000
0.190078 0.000000
0.136241 0.000000
0.090827 0.000000
0.053654 0.000000
0.023941 0.000000
0.000709 0.000378
-0.017001 0.006719
-0.030033 0.031986
-0.039110 0.087849
-0.044856 0.177292
-0.047824 0.294062
-0.048521 0.426096
-0.047423 0.555180
-0.044970 0.657895
-0.041567 0.715604
-0.037569 0.721834
-0.033240 0.682085
-0.028880 0.609088
-0.024673 0.517478
-0.020750 0.420074
-0.017238 0.326174
-0.014124 0.241387
-0.011425 0.168310
-0.009131 0.107464
-0.007214 0.058171
-0.005638 0.019196
-0.003984 -0.010840
0.003378 -0.033256
0.029450 -0.049228
0.085940 -0.059791
0.175868 -0.065860
0.293009 -0.068262
0.425323 -0.067753
0.554616 -0.065024
0.657486 -0.060701
0.715352 -0.055335
0.721695 -0.049396
0.682027 -0.043270
0.609088 -0.037255
0.517478 -0.031570
0.420074 -0.026360
0.326174 -0.021707
0.241387 -0.017645
0.168310 -0.014169
0.107464 -0.011247
0.058171 -0.008831
0.019196 -0.006862
-0.010463 -0.005280
-0.026536 -0.004025
-0.017242 -0.003041
0.028058 -0.002278
0.111432 -0.001693
0.225422 -0.001248
0.352001 -0.000913
0.464890 -0.000622
0.541331 -0.000409
0.570826 -0.000253
0.555668 -0.000139
0.506404 -0.000058
0.436407 0.000000
0.357927 0.000000
0.280142 0.000000
0.208793 0.000000
0.146721 0.000000
0.094726 0.000000
0.052401 0.000000
0.018763 0.000000
-0.007338 0.000000
-0.027008 0.000000
-0.041225 0.000000
-0.050838 0.000378
-0.056591 0.006719
-0.059155 0.031986
-0.059146 0.087849
-0.057138 0.177292
-0.053618 0.294062
-0.049116 0.426474
-0.044040 0.561900
-0.038735 0.689503
-0.033472 0.796733
-0.028455 0.867140
-0.023865 0.888299
-0.019732 0.858270
-0.016099 0.785316
-0.012971 0.683481
-0.010328 0.567727
-0.008133 0.450633
-0.006336 0.341005
-0.004888 0.243900
-0.003734 0.161401
-0.002827 0.093589
-0.002122 0.039408
-0.001580 -0.002697
-0.000789 -0.034397
0.005864 -0.057278
0.031364 -0.072769
0.087440 -0.082138
0.177040 -0.086516
0.293923 -0.086918
0.426416 -0.084258
0.561900 -0.079357
0.689503 -0.072936
0.796733 -0.065617
0.867140 -0.057911
0.888299 -0.050225
0.858270 -0.042865
0.785316 -0.036040
0.683481 -0.029881
0.567727 -0.024451
0.450633 -0.019762
0.341005 -0.015787
0.243900 -0.012472
0.161401 -0.009750
0.093589 -0.007546
0.039408 -0.005785
-0.002697 -0.004395
-0.034397 -0.003310
-0.057278 -0.002472
-0.072391 -0.001832
-0.075418 -0.001306
-0.054530 -0.000913
0.000931 -0.000622
0.092656 -0.000409
0.207986 -0.000253
0.321552 -0.000139
0.408435 -0.000058
0.454678 0.000000
0.459165 0.000000
0.429788 0.000000
0.378208 0.000000
0.315801 0.000000
0.251474 0.000000
0.191066 0.000000
0.137692 0.000000
0.092480 0.000000
0.055329 0.000000
0.025526 0.000000
0.002515 0.000000
-0.009038 0.000000
0.003005 0.000000
0.049607 0.000000
0.133140 0.000000
0.246841 0.000000
0.378463 0.000000
0.514531 0.000000
0.638556 0.000000
0.730212 0.000000
0.773978 0.000000
0.765810 0.000000
0.712760 0.000000
0.628290 0.000000
0.527305 0.000000
0.422508 0.000000
0.322937 0.000000
0.233906 0.000000
0.157748 0.000000
0.094773 0.000000
0.044135 0.000000
0.004470 0.000000
-0.025332 0.000000
-0.041101 0.000000
-0.031144 0.000000
0.015087 0.000000
0.099578 0.000000
0.215170 0.000000
0.349357 0.000000
0.488762 0.000000
0.622300 0.000000
0.742371 0.000000
0.844620 0.000000
0.922318 0.000000
0.963206 0.000000
0.957465 0.000000
0.904328 0.000000
0.812311 0.000000
0.695196 0.000000
0.567469 0.000000
0.441200 0.000000
0.324739 0.000000
0.222770 0.000000
0.137067 0.000000
0.067457 0.000000
0.012654 0.000000
-0.029110 0.000000
-0.059334 0.000000
-0.074212 0.000000
-0.062352 0.000000
-0.013567 0.000000
0.073485 0.000000
0.185840 0.000000
0.297855 0.000000
0.384354 0.000000
0.431137 0.000000
0.436818 0.000000
0.409132 0.000000
0.359553 0.000000
0.299296 0.000000
0.237142 0.000000
0.178831 0.000000
0.127410 0.000000
0.083965 0.000000
0.048374 0.000000
0.019916 0.000000
-0.001955 0.000000
-0.012559 0.000000
0.000261 0.000000
0.047490 0.000000
0.131523 0.000000
0.245616 0.000000
0.377544 0.000000
0.513847 0.000000
0.638051 0.000000
0.729842 0.000000
0.773709 0.000000
0.765615 0.000000
0.712620 0.000000
0.628231 0.000000
0.527305 0.000000
0.422508 0.000000
0.322937 0.000000
0.233906 0.000000
0.157748 0.000000
0.094773 0.000000
0.044135 0.000000
0.004470 0.000000
-0.025332 0.000000
-0.041101 0.000000
-0.031144 0.000000
0.015087 0.000000
0.099578 0.000000
0.215170 0.000000
0.349357 0.000000
0.488762 0.000000
0.622300 0.000000
0.741993 0.000000
0.838279 0.000000
0.897051 0.000000
0.907344 0.000000
0.868021 0.000000
0.787558 0.000000
0.679899 0.000000
0.559770 0.000000
0.439489 0.000000
0.327628 0.000000
0.229066 0.000000
0.145748 0.000000
0.077653 0.000000
0.023641 0.000000
-0.017922 0.000000
-0.048404 0.000000
-0.063879 0.000000
-0.052889 0.000000
-0.005058 0.000000
0.081354 0.000000
0.199031 0.000000
0.335336 0.000000
0.476418 0.000000
0.605492 0.000000
0.702009 0.000000
0.750252 0.000000
0.746135 0.000000
0.696661 0.000000
0.615318 0.000000
0.516976 0.000000
0.414376 0.000000
0.316600 0.000000
0.229018 0.000000
0.154014 0.000000
0.091946 0.000000
0.042013 0.000000
0.002890 0.000000
-0.026877 0.000000
-0.048298 0.000000
-0.057033 0.000000
-0.041184 0.000000
0.009882 0.000000
0.098261 0.000000
0.216887 0.000000
0.353336 0.000000
0.494319 0.000000
0.628798 0.000000
0.749325 0.000000
0.851638 0.000000
0.929058 0.000000
0.969511 0.000000
0.963195 0.000000
0.909409 0.000000
0.816721 0.000000
0.698951 0.000000
0.570612 0.000000
0.443789 0.000000
0.326841 0.000000
0.224453 0.000000
0.138400 0.000000
0.068498 0.000000
0.013460 0.000000
-0.028493 0.000000
-0.058866 0.000000
-0.073819 0.000000
-0.062061 0.000000
-0.013353 0.000000
0.073641 0.000000
0.185953 0.000000
0.297937 0.000000
0.384413 0.000000
0.431137 0.000000
0.436818 0.000000
0.409132 0.000000
0.359553 0.000000
0.299296 0.000000
0.237142 0.000000
0.178831 0.000000
0.127410 0.000000
0.083965 0.000000
0.048374 0.000000
0.019916 0.000000
-0.001955 0.000000
-0.012559 0.000000
0.000261 0.000000
0.047490 0.000000
0.131523 0.000000
0.245616 0.000000
0.377167 0.000000
0.507505 0.000000
0.612785 0.000000
0.673980 0.000000
0.684265 0.000000
0.648845 0.000000
0.580208 0.000000
0.492806 0.000000
0.399324 0.000000
0.308936 0.000000
0.227263 0.000000
0.156885 0.000000
0.098334 0.000000
0.050957 0.000000
0.013558 0.000000
-0.015202 0.000000
-0.036597 0.000378
-0.051764 0.006719
-0.061699 0.031986
-0.067284 0.087849
-0.069316 0.177292
-0.068527 0.293684
-0.065589 0.419755
-0.061110 0.529914
-0.055587 0.602032
-0.049535 0.626161
-0.043328 0.605064
-0.037255 0.549673
-0.031570 0.473662
-0.026360 0.389498
-0.021707 0.306502
-0.017645 0.230500
-0.014169 0.164366
-0.011247 0.108895
-0.008831 0.063648
-0.006862 0.027594
-0.005280 -0.000098
-0.004025 -0.015008
-0.003041 -0.005214
-0.002278 0.040051
-0.001693 0.122601
-0.001248 0.229881
-0.000913 0.336590
-0.000622 0.417827
-0.000409 0.459592
-0.000253 0.460683
-0.000139 0.428864
-0.000058 0.375652
0.000000 0.312267
0.000000 0.247470
0.000000 0.186963
0.000000 0.133747
0.000000 0.088852
0.000000 0.052108
0.000000 0.022743
0.000378 -0.000210
0.006719 -0.017699
0.031986 -0.030559
0.087849 -0.039503
0.177292 -0.045147
0.294062 -0.048037
0.426474 -0.048677
0.561900 -0.047536
0.689881 -0.045052
0.803453 -0.041625
0.898749 -0.037569
0.969428 -0.033240
1.003576 -0.028880
0.991530 -0.024673
0.932663 -0.020750
0.835564 -0.017238
0.714039 -0.014124
0.582558 -0.011425
0.453146 -0.009131
0.334096 -0.007214
0.230025 -0.005638
0.142639 -0.004362
0.071696 -0.003341
0.015851 -0.002536
-0.026719 -0.001908
-0.057938 -0.001424
-0.079625 -0.001054
-0.093424 -0.000774
-0.100793 -0.000564
-0.102643 -0.000409
-0.094531 -0.000253
-0.064507 -0.000139
-0.001790 -0.000058
0.095841 0.000000
0.221490 0.000000
0.362954 0.000000
0.507205 0.000000
0.643495 0.000000
0.764291 0.000000
0.860409 0.000000
0.918093 0.000000
0.926727 0.000000
0.885380 0.000000
0.802737 0.000000
0.692898 0.000000
0.570698 0.000000
0.448523 0.000000
0.334984 0.000000
0.234973 0.000000
0.150473 0.000000
0.081392 0.000000
0.026573 0.000000
-0.015639 0.000000
-0.047013 0.000000
-0.069233 0.000000
-0.083821 0.000000
-0.092133 0.000000
-0.095374 0.000000
-0.094623 0.000378
-0.090885 0.006719
-0.084965 0.031986
-0.077610 0.087849
-0.069458 0.177292
-0.061026 0.294062
-0.052720 0.426474
-0.044839 0.561900
-0.037586 0.689881
-0.031079 0.803075
-0.025370 0.892407
-0.020461 0.944162
-0.016313 0.947714
-0.012865 0.902086
-0.010041 0.815893
-0.007760 0.703152
-0.005941 0.578614
-0.004508 0.454577
-0.003391 0.339574
-0.002531 0.238423
-0.001832 0.153003
-0.001306 0.083224
-0.000913 0.027880
-0.000622 -0.014725
-0.000031 -0.046391
0.006467 -0.068825
0.031847 -0.083569
0.087790 -0.091993
0.177292 -0.095316
0.294062 -0.094623
0.426474 -0.090885
0.561522 -0.084965
0.683161 -0.077610
0.771467 -0.069458
0.811278 -0.061026
0.798855 -0.052720
0.741500 -0.044839
0.652904 -0.037586
0.548055 -0.031079
0.439746 -0.025370
0.337061 -0.020461
0.245331 -0.016313
0.166879 -0.012865
0.101987 -0.010041
0.049773 -0.007760
0.008832 -0.005941
-0.022369 -0.004508
-0.045284 -0.003014
-0.061222 0.004189
-0.071338 0.030154
-0.076660 0.086542
-0.078118 0.176001
-0.076553 0.286720
-0.072729 0.394080
-0.067328 0.473799
-0.060943 0.512449
-0.054070 0.509332
-0.047111 0.472652
-0.040370 0.414248
-0.034065 0.345682
-0.028335 0.275925
-0.023253 0.210829
-0.018843 0.153479
-0.015088 0.104951
-0.011946 0.065079
-0.009357 0.033072
-0.007255 0.008300
-0.005571 -0.004643
-0.004239 0.006315
-0.003197 0.052080
-0.002391 0.134595
-0.001774 0.241427
-0.001306 0.347391
-0.000913 0.427682
-0.000622 0.468392
-0.000409 0.468388
-0.000253 0.435492
-0.000139 0.381260
-0.000058 0.316941
0.000000 0.251311
0.000000 0.190078
0.000000 0.136241
0.000000 0.090827
0.000000 0.053654
0.000000 0.023941
0.000000 0.001086
0.000000 -0.010281
0.000000 0.001953
0.000000 0.048738
0.000000 0.132436
0.000000 0.246239
0.000000 0.377575
0.000000 0.507758
0.000000 0.612924
0.000000 0.674038
0.000000 0.684265
0.000000 0.648845
0.000000 0.580208
0.000000 0.492806
0.000000 0.399324
0.000000 0.308936
0.000000 0.227263
0.000000 0.156885
0.000000 0.098334
0.000000 0.050957
0.000000 0.013558
0.000000 -0.015202
0.000000 -0.036597
0.000000 -0.051764
0.000000 -0.061321
0.000000 -0.060564
0.000000 -0.037330
0.000000 0.019321
0.000000 0.111326
0.000000 0.226233
0.000000 0.338901
0.000000 0.424516
0.000000 0.469261
0.000000 0.472136
0.000000 0.441082
0.000000 0.387888
0.000000 0.323974
0.000000 0.258280
0.000000 0.196659
0.000000 0.142232
0.000000 0.096120
0.000000 0.058217
0.000000 0.027791
0.000000 0.003897
0.000000 -0.014404
0.000000 -0.027572
0.000000 -0.030742
0.000000 -0.011582
0.000000 0.041020
0.000000 0.129572
0.000000 0.246907
0.000000 0.375306
0.000000 0.488772
0.000000 0.564813
0.000000 0.593173
0.000000 0.576324
0.000000 0.525059
0.000000 0.452912
0.000000 0.372260
0.000000 0.292378
0.000000 0.219075
0.000000 0.155236
0.000000 0.101682
0.000000 0.058010
0.000000 0.023233
0.000000 -0.003439
0.000000 -0.017544
0.000000 -0.007122
0.000000 0.038628
0.000000 0.121547
0.000000 0.229107
0.000000 0.336026
0.000000 0.417418
0.000000 0.459340
0.000000 0.460544
0.000000 0.428806
0.000000 0.375652
0.000000 0.312267
0.000000 0.247470
0.000000 0.186963
0.000000 0.133747
0.000000 0.088852
0.000000 0.052108
0.000000 0.022743
0.000000 -0.000210
0.000000 -0.017699
0.000000 -0.030559
0.000000 -0.039503
0.000000 -0.044769
0.000000 -0.041318
0.000000 -0.016691
0.000000 0.040313
0.000000 0.132241
0.000000 0.252438
0.000000 0.388905
0.000000 0.528660
0.000000 0.660623
0.000000 0.772061
0.000000 0.846390
0.000000 0.871061
0.000000 0.844146
0.000000 0.773891
0.000000 0.674350
0.000000 0.560513
0.000000 0.444995
0.000000 0.336643
0.000000 0.240559
0.000000 0.158865
0.000000 0.091681
0.000000 0.037985
0.000000 -0.003751
0.000000 -0.034793
0.000000 -0.051123
0.000000 -0.041191
0.000000 0.005458
0.000000 0.090259
0.000000 0.200367
0.000000 0.310230
0.000000 0.394695
0.000000 0.439652
0.000000 0.443774
0.000000 0.414741
0.000000 0.364022
0.000000 0.302817
0.000000 0.239886
0.000000 0.180948
0.000000 0.129028
0.000000 0.085189
0.000000 0.049293
0.000000 0.020600
0.000000 -0.001450
0.000000 -0.012189
0.000000 0.000530
0.000000 0.047685
0.000000 0.131662
0.000000 0.245674
0.000000 0.377544
0.000000 0.513847
0.000000 0.638051
0.000000 0.729842
0.000000 0.773709
0.000000 0.765615
0.000000 0.712620
0.000000 0.628231
0.000000 0.527305
0.000000 0.422508
0.000000 0.322937
0.000000 0.233906
0.000000 0.157748
0.000000 0.094773
0.000000 0.044135
0.000000 0.004470
0.000000 -0.025332
0.000000 -0.041101
0.000000 -0.031144
0.000000 0.015087
0.000000 0.099200
0.000000 0.208451
0.000000 0.317371
0.000000 0.400914
0.000000 0.445007
0.000000 0.448308
0.000000 0.418524
0.000000 0.367137
0.000000 0.305312
0.000000 0.241861
0.000000 0.182494
0.000000 0.130226
0.000000 0.086108
0.000000 0.049991
0.000000 0.021126
0.000000 -0.001057
0.000000 -0.011898
0.000000 0.000744
0.000000 0.047841
0.000000 0.131398
0.000000 0.239036
0.000000 0.345617
0.000000 0.426376
0.000000 0.467479
0.000000 0.467766
0.000000 0.435083
0.000000 0.381007
0.000000 0.316802
0.000000 0.251253
0.000000 0.190078
0.000000 0.136241
0.000000 0.090827
0.000000 0.053654
0.000000 0.023941
0.000000 0.001086
0.000000 -0.010281
0.000000 0.001953
0.000000 0.048738
0.000000 0.132436
0.000000 0.246239
0.000000 0.377953
0.000000 0.514099
0.000000 0.638191
0.000000 0.729900
0.000000 0.773709
0.000000 0.765615
0.000000 0.712620
0.000000 0.628231
0.000000 0.527305
0.000000 0.422508
0.000000 0.322937
0.000000 0.233906
0.000000 0.157748
0.000000 0.094773
0.000000 0.044135
0.000000 0.004470
0.000000 -0.025332
0.000000 -0.041101
0.000000 -0.031144
0.000000 0.015087
0.000000 0.099200
0.000000 0.208451
0.000000 0.317371
0.000000 0.400914
0.000000 0.445007
0.000000 0.448308
0.000000 0.418524
0.000000 0.367137
0.000000 0.305312
0.000000 0.241861
0.000000 0.182494
0.000000 0.130226
0.000000 0.086108
0.000000 0.049991
0.000000 0.021126
0.000000 -0.001435
0.000000 -0.018618
0.000000 -0.031242
0.000000 -0.040008
0.000000 -0.045517
0.000000 -0.048306
0.000000 -0.048872
0.000000 -0.047675
0.000000 -0.045110
0.000000 -0.041625
0.000000 -0.037569
0.000000 -0.033240
0.000000 -0.028880
0.000000 -0.024673
0.000000 -0.020750
0.000000 -0.017238
0.000000 -0.014124
0.000000 -0.011425
0.000000 -0.009131
0.000000 -0.007214
0.000000 -0.005638
0.000000 -0.004362
0.000000 -0.003341
0.000000 -0.002536
0.000000 -0.001908
0.000000 -0.001424
0.000000 -0.001054
0.000000 -0.000774
0.000000 -0.000564
0.000000 -0.000409
0.000000 -0.000253
0.000000 -0.000139
0.000000 -0.000058
0.000000 0.000000
0.000000 0.000000
0.000000 0.000000
0.000000 0.000000
0.000000 0.000000
0.000000 0.000000
0.000000 0.000000
0.000000 0.000000
0.000000 0.000000
0.000000 0.000000
0.000000 0.000000
0.000000 0.000000
0.000000 0.000000
0.000000 0.000000
0.000000 0.000000
0.000000 0.000000
0.000000 0.000000
0.000000 0.000000
0.000000 0.000000
0.000000 0.000000
0.000000 0.000000
0.000000 0.000000
0.000000 0.000000
0.000000 0.000000
0.000000 0.000000
0.000000 0.000000
0.000000 0.000000
0.000000 0.000000
0.000000 0.000000
0.000000 0.000000
0.000000 0.000000
0.000000 0.000000
0.000000 0.000000
0.000000 0.000000
0.000000 0.000000
0.000000 0.000000
0.000000 0.000000
0.000000 0.000000
0.000000 0.000000
0.000000 0.000000
0.000000 0.000000
0.000000 0.000000
0.000000 0.000000
0.000000 0.000000
0.000000 0.000000
0.000000 0.000000
0.000000 0.000000
0.000000 0.000000
0.000000 0.000000
0.000000 0.000000
0.000000 0.000000
0.000000 0.000000
0.000000 0.000000
0.000000 0.000000
0.000000 0.000000
0.000000 0.000000
0.000000 0.000000
0.000000 0.000000
0.000000 0.000000
0.000000 0.000000
0.000000 0.000000
0.000000 0.000000
0.000000 0.000000
0.000000 0.000000
0.000000 0.000000
0.000000 0.000000
0.000000 0.000000
