0.000000 0.000000
0.000000 0.000000
0.000000 0.000000
0.000000 0.000000
0.000000 0.000000
0.000000 0.000000
0.000000 0.000000
0.000000 0.000000
0.000000 0.000000
0.000000 0.000000
0.000000 0.000000
0.000000 0.000000
0.000000 0.000000
0.000000 0.000000
0.000000 0.000000
0.000000 0.000000
0.000000 0.000000
0.000000 0.000000
0.000000 0.000000
0.000000 0.000378
0.000000 0.006719
0.000000 0.031986
0.000000 0.087849
0.000000 0.176914
0.000000 0.287343
0.000000 0.394488
0.000000 0.474051
0.000000 0.512588
0.000000 0.509391
0.000000 0.472652
0.000000 0.414248
0.000000 0.345682
0.000000 0.275925
0.000000 0.210829
0.000000 0.153479
0.000000 0.104951
0.000000 0.065079
0.000000 0.033072
0.000000 0.008300
0.000000 -0.004643
0.000000 0.006315
0.000000 0.052080
0.000000 0.134595
0.000000 0.241427
0.000000 0.347391
0.000000 0.427682
0.000000 0.468392
0.000000 0.468388
0.000000 0.435492
0.000000 0.381260
0.000000 0.316941
0.000000 0.251311
0.000000 0.190078
0.000000 0.136241
0.000000 0.090827
0.000000 0.053654
0.000000 0.023941
0.000378 0.000709
0.006719 -0.017001
0.031986 -0.030033
0.087849 -0.039110
0.176914 -0.044856
0.287343 -0.047824
0.394488 -0.048521
0.474051 -0.047423
0.512588 -0.044970
0.509391 -0.041567
0.472652 -0.037569
0.414248 -0.033240
0.345682 -0.028880
0.275925 -0.024673
0.210829 -0.020750
0.153479 -0.017238
0.104951 -0.014124
0.065079 -0.011425
0.033072 -0.009131
0.008300 -0.007214
-0.004643 -0.005638
0.006315 -0.004362
0.052080 -0.003341
0.134973 -0.002536
0.248147 -0.001908
0.378999 -0.001424
0.508811 -0.001054
0.613698 -0.000774
0.674602 -0.000564
0.684674 -0.000409
0.649098 -0.000253
0.580348 -0.000139
0.492864 -0.000058
0.399324 0.000000
0.308936 0.000000
0.227263 0.000000
0.156885 0.000000
0.098334 0.000000
0.050957 0.000000
0.013558 0.000000
-0.015202 0.000000
-0.036597 0.000000
-0.051764 0.000000
-0.061699 0.000000
-0.067284 0.000000
-0.069316 0.000378
-0.068527 0.006719
-0.065589 0.031986
-0.061110 0.087849
-0.055587 0.177292
-0.049535 0.294062
-0.043328 0.426474
-0.037255 0.561900
-0.031570 0.689503
-0.026360 0.796733
-0.021707 0.867140
-0.017645 0.888299
-0.014169 0.858270
-0.011247 0.785316
-0.008831 0.683481
-0.006862 0.567727
-0.005280 0.450633
-0.004025 0.341005
-0.003041 0.243900
-0.002278 0.161401
-0.001693 0.093589
-0.001248 0.039408
-0.000913 -0.002697
-0.000622 -0.034397
-0.000409 -0.057278
-0.000253 -0.072769
0.000238 -0.082138
0.006661 -0.086516
0.031986 -0.086918
0.087849 -0.084258
0.177292 -0.079357
0.294062 -0.072936
0.426474 -0.065617
0.561900 -0.057911
0.689881 -0.050225
0.803075 -0.042865
0.892407 -0.036040
0.944162 -0.029881
0.947714 -0.024451
0.902086 -0.019762
0.815893 -0.015787
0.703152 -0.012472
0.578614 -0.009750
0.454577 -0.007546
0.339574 -0.005785
0.238423 -0.004395
0.153003 -0.003310
0.083224 -0.002472
0.027880 -0.001832
-0.014725 -0.001306
-0.046391 -0.000913
-0.068825 -0.000622
-0.083569 -0.000031
-0.091993 0.006467
-0.095316 0.031847
-0.094623 0.087790
-0.090885 0.177292
-0.084965 0.294062
-0.077610 0.426474
-0.069458 0.561900
-0.061026 0.689881
-0.052720 0.803075
-0.044839 0.892407
-0.037586 0.944162
-0.031079 0.947714
-0.025370 0.902086
-0.020461 0.815893
-0.016313 0.703152
-0.012865 0.578614
-0.010041 0.454577
-0.007760 0.339574
-0.005941 0.238423
-0.004508 0.153003
-0.003391 0.083224
-0.002531 0.027880
-0.001832 -0.014725
-0.000928 -0.046391
0.005806 -0.068825
0.031364 -0.083569
0.087440 -0.091993
0.177040 -0.095316
0.293923 -0.094623
0.426416 -0.090885
0.561900 -0.084965
0.689881 -0.077610
0.803453 -0.069458
0.898749 -0.061026
0.969428 -0.052720
1.003576 -0.044839
0.991530 -0.037586
0.932663 -0.031079
0.835564 -0.025370
0.714039 -0.020461
0.582558 -0.016313
0.453146 -0.012865
0.334096 -0.010041
0.230025 -0.007760
0.142639 -0.005941
0.071696 -0.004508
0.015851 -0.003391
-0.026719 -0.002531
-0.057938 -0.001454
-0.079625 0.005413
-0.093424 0.031073
-0.100793 0.087226
-0.103021 0.176506
-0.101250 0.287090
-0.096493 0.394349
-0.089639 0.473993
-0.081451 0.512588
-0.072572 0.509391
-0.063520 0.472652
-0.054695 0.414248
-0.046386 0.345682
-0.038784 0.275925
-0.031998 0.210829
-0.026069 0.153479
-0.020987 0.104951
-0.016706 0.065079
-0.013156 0.033072
-0.010255 0.008300
-0.007916 -0.004643
-0.006054 0.006315
-0.004589 0.052080
-0.003450 0.134973
-0.002531 0.247769
-0.001832 0.372657
-0.001306 0.483545
-0.000913 0.557836
-0.000622 0.585158
-0.000409 0.567904
-0.000253 0.516686
-0.000139 0.444922
-0.000058 0.364883
0.000000 0.285752
0.000000 0.213263
0.000000 0.150242
0.000000 0.097470
0.000000 0.054518
0.000000 0.020380
0.000378 -0.006114
0.006719 -0.026089
0.031986 -0.040541
0.087849 -0.050333
0.176914 -0.056222
0.287343 -0.058886
0.394488 -0.058951
0.474051 -0.056999
0.512588 -0.053560
0.509391 -0.049116
0.472652 -0.044040
0.414248 -0.038735
0.345682 -0.033472
0.275925 -0.028455
0.210829 -0.023865
0.153479 -0.019732
0.104951 -0.016099
0.065079 -0.012971
0.033072 -0.010328
0.007922 -0.007755
-0.011363 0.000383
-0.025671 0.027099
-0.035769 0.084114
-0.042320 0.174465
-0.045915 0.291940
-0.047097 0.424517
-0.046369 0.554014
-0.044196 0.657039
-0.041002 0.714982
-0.037160 0.721426
-0.032988 0.681833
-0.028740 0.608949
-0.024614 0.517420
-0.020750 0.420074
-0.017238 0.326174
-0.014124 0.241387
-0.011425 0.168310
-0.009131 0.107464
-0.007214 0.058171
-0.005638 0.019196
-0.003984 -0.010840
0.003378 -0.033256
0.029450 -0.049228
0.085940 -0.059791
0.175868 -0.065860
0.292631 -0.068262
0.418981 -0.067753
0.529350 -0.065024
0.601624 -0.060701
0.625908 -0.055335
0.604925 -0.049396
0.549615 -0.043270
0.473662 -0.037255
0.389498 -0.031570
0.306502 -0.026360
0.230500 -0.021707
0.164366 -0.017645
0.108895 -0.014169
0.063648 -0.011247
0.027594 -0.008831
-0.000476 -0.006862
-0.021350 -0.005280
-0.030480 -0.004025
-0.015811 -0.003041
0.033535 -0.002278
0.119452 -0.001693
0.229445 -0.001248
0.338263 -0.000913
0.421055 -0.000622
0.463881 -0.000409
0.465603 -0.000253
0.434056 -0.000139
0.380833 -0.000058
0.317226 0.000000
0.252060 0.000000
0.191096 0.000000
0.137380 0.000000
0.091980 0.000000
0.054751 0.000000
0.024939 0.000000
0.001964 0.000000
-0.009531 0.000000
0.002581 0.000000
0.049253 0.000000
0.132473 0.000000
0.239848 0.000000
0.346224 0.000000
0.426827 0.000000
0.467770 0.000000
0.467980 0.000000
0.435239 0.000000
0.381121 0.000000
0.316883 0.000000
0.251311 0.000000
0.190078 0.000000
0.136241 0.000000
0.090827 0.000000
0.053654 0.000000
0.023941 0.000000
0.001086 0.000000
-0.010281 0.000000
0.001953 0.000000
0.048738 0.000000
0.132436 0.000000
0.246239 0.000000
0.377575 0.000000
0.507758 0.000000
0.612924 0.000000
0.674038 0.000000
0.684265 0.000000
0.648845 0.000000
0.580208 0.000000
0.492806 0.000000
0.399324 0.000000
0.308936 0.000000
0.227263 0.000000
0.156885 0.000000
0.098334 0.000000
0.050957 0.000000
0.013558 0.000000
-0.014824 0.000000
-0.029878 0.000000
-0.019778 0.000000
0.026149 0.000000
0.110008 0.000000
0.224746 0.000000
0.357947 0.000000
0.496311 0.000000
0.628771 0.000000
0.747488 0.000000
0.842871 0.000000
0.900834 0.000000
0.910459 0.000000
0.870516 0.000000
0.789533 0.000000
0.681445 0.000000
0.560968 0.000000
0.440408 0.000000
0.328326 0.000000
0.229592 0.000000
0.146141 0.000000
0.077944 0.000000
0.023855 0.000000
-0.017766 0.000000
-0.048669 0.000378
-0.070517 0.006719
-0.084817 0.031986
-0.092907 0.087849
-0.095938 0.176914
-0.095031 0.287343
-0.091138 0.394488
-0.085104 0.474051
-0.077669 0.512588
-0.069458 0.509391
-0.061026 0.472652
-0.052720 0.414248
-0.044839 0.345682
-0.037586 0.275925
-0.031079 0.210829
-0.025370 0.153479
-0.020461 0.104951
-0.016313 0.065079
-0.012865 0.033072
-0.010041 0.007922
-0.007760 -0.010985
-0.005941 -0.018952
-0.004508 -0.003783
-0.003391 0.045529
-0.002531 0.130999
-0.001832 0.240245
-0.001306 0.348119
-0.000913 0.429855
-0.000622 0.471586
-0.000409 0.472230
-0.000253 0.439664
-0.000139 0.385507
-0.000058 0.321067
0.000000 0.255175
0.000000 0.193591
0.000000 0.139355
0.000000 0.093526
0.000000 0.055949
0.000000 0.025858
0.000378 0.002284
0.006719 -0.015724
0.031986 -0.029012
0.087849 -0.038305
0.177292 -0.044228
0.294062 -0.047339
0.426474 -0.048151
0.561900 -0.047143
0.689881 -0.044761
0.803075 -0.041411
0.892407 -0.037413
0.944162 -0.033127
0.947714 -0.028798
0.902086 -0.024614
0.815893 -0.020750
0.703152 -0.017238
0.578614 -0.014124
0.454577 -0.011425
0.339574 -0.009131
0.238423 -0.007214
0.153003 -0.005638
0.083224 -0.004362
0.027880 -0.003341
-0.014725 -0.002536
-0.046013 -0.001908
-0.062105 -0.001424
-0.051583 -0.001054
-0.004145 -0.000774
0.081976 -0.000564
0.199440 -0.000409
0.335589 -0.000253
0.476935 -0.000139
0.611892 -0.000058
0.727276 0.000000
0.806115 0.000000
0.835579 0.000000
0.813431 0.000000
0.747730 0.000000
0.652402 0.000000
0.542356 0.000000
0.430172 0.000000
0.324692 0.000000
0.231036 0.000000
0.151361 0.000000
0.085829 0.000000
0.033467 0.000000
-0.007205 0.000000
-0.037789 0.000378
-0.059809 0.006719
-0.074601 0.031986
-0.083444 0.087849
-0.087429 0.176914
-0.087540 0.287343
-0.084666 0.394488
-0.079609 0.474051
-0.073076 0.512588
-0.065675 0.509391
-0.057911 0.472652
-0.050225 0.414248
-0.042865 0.345682
-0.036040 0.275925
-0.029881 0.210829
-0.024451 0.153479
-0.019762 0.104951
-0.015787 0.065079
-0.012472 0.033072
-0.009750 0.007922
-0.007546 -0.010985
-0.005785 -0.018952
-0.004395 -0.003783
-0.003310 0.045529
-0.002472 0.131377
-0.001832 0.246965
-0.001306 0.380105
-0.000913 0.517704
-0.000622 0.648878
-0.000409 0.765915
-0.000253 0.859419
-0.000139 0.915421
-0.000058 0.923099
0.000000 0.881336
0.000000 0.798655
0.000000 0.689028
0.000000 0.567188
0.000000 0.445446
0.000000 0.332360
0.000000 0.232785
0.000000 0.148642
0.000000 0.079883
0.000000 0.025343
0.000000 -0.016634
0.000378 -0.047815
0.006719 -0.069878
0.031986 -0.084343
0.087849 -0.092558
0.177292 -0.095724
0.294062 -0.094875
0.426474 -0.091025
0.561522 -0.085023
0.683161 -0.077610
0.771467 -0.069458
0.811278 -0.061026
0.798855 -0.052720
0.741500 -0.044839
0.652904 -0.037586
0.548055 -0.031079
0.439746 -0.025370
0.337061 -0.020461
0.245331 -0.016313
0.166879 -0.012865
0.101987 -0.010041
0.049773 -0.007760
0.008832 -0.005941
-0.021991 -0.004508
-0.038565 -0.003391
-0.029236 -0.002531
0.016511 -0.001832
0.100632 -0.001306
0.215944 -0.000913
0.349921 -0.000622
0.489171 -0.000409
0.622552 -0.000253
0.742132 -0.000139
0.838337 -0.000058
0.897051 0.000000
0.907344 0.000000
0.868021 0.000000
0.787558 0.000000
0.679899 0.000000
0.559770 0.000000
0.439489 0.000000
0.327628 0.000000
0.229066 0.000000
0.145748 0.000000
0.077653 0.000000
0.023641 0.000000
-0.017922 0.000000
-0.048404 0.000000
-0.063879 0.000000
-0.052889 0.000000
-0.005058 0.000000
0.080976 0.000000
0.192312 0.000000
0.303350 0.000000
0.388947 0.000000
0.434920 0.000000
0.439933 0.000000
0.411627 0.000000
0.361528 0.000000
0.300842 0.000000
0.238339 0.000000
0.179750 0.000000
0.128109 0.000000
0.084491 0.000000
0.048767 0.000000
0.020207 0.000000
-0.001741 0.000000
-0.012403 0.000000
0.000374 0.000000
0.047572 0.000000
0.131203 0.000000
0.238897 0.000000
0.345558 0.000000
0.426376 0.000000
0.467479 0.000000
0.467766 0.000000
0.435083 0.000000
0.381007 0.000000
0.316802 0.000000
0.251253 0.000000
0.190078 0.000000
0.136241 0.000000
0.090827 0.000000
0.053654 0.000000
0.023941 0.000000
0.000709 0.000378
-0.017001 0.006719
-0.030033 0.031986
-0.039110 0.087849
-0.044856 0.177292
-0.047824 0.294062
-0.048521 0.426474
-0.047423 0.561900
-0.044970 0.689881
-0.041567 0.803453
-0.037569 0.898749
-0.033240 0.969428
-0.028880 1.003576
-0.024673 0.991530
-0.020750 0.932663
-0.017238 0.835564
-0.014124 0.714039
-0.011425 0.582558
-0.009131 0.453146
-0.007214 0.334096
-0.005638 0.230025
-0.004362 0.142639
-0.003341 0.071696
-0.002536 0.015851
-0.001908 -0.026719
-0.001424 -0.057560
-0.001054 -0.072906
-0.000774 -0.061438
-0.000564 -0.012945
-0.000409 0.073894
-0.000253 0.186093
-0.000139 0.297995
-0.000058 0.384413
0.000000 0.431137
0.000000 0.436818
0.000000 0.409132
0.000000 0.359553
0.000000 0.299296
0.000000 0.237142
0.000000 0.178831
0.000000 0.127410
0.000000 0.083965
0.000000 0.048374
0.000000 0.019916
0.000000 -0.001955
0.000000 -0.012559
0.000000 0.000261
0.000000 0.047490
0.000000 0.131523
0.000000 0.245239
0.000000 0.370825
0.000000 0.482239
0.000000 0.556922
0.000000 0.584536
0.000000 0.567495
0.000000 0.516433
0.000000 0.444783
0.000000 0.364825
0.000000 0.285752
0.000000 0.213263
0.000000 0.150242
0.000000 0.097470
0.000000 0.054518
0.000000 0.020380
0.000000 -0.005736
0.000000 -0.019369
0.000000 -0.008555
0.000000 0.037515
0.000000 0.121071
0.000000 0.235176
0.000000 0.367523
0.000000 0.504901
0.000000 0.636320
0.000000 0.754337
0.000000 0.854708
0.000000 0.930693
0.000000 0.970104
0.000000 0.963074
0.000000 0.908798
0.000000 0.815832
0.000000 0.697940
0.000000 0.569586
0.000000 0.442817
0.000000 0.325964
0.000000 0.223688
0.000000 0.137751
0.000000 0.067961
0.000000 0.013024
0.000000 -0.028841
0.000000 -0.059140
0.000000 -0.074072
0.000000 -0.062294
0.000000 -0.013567
0.000000 0.073485
0.000000 0.185840
0.000000 0.297855
0.000000 0.384354
0.000000 0.431137
0.000000 0.436818
0.000000 0.409132
0.000000 0.359553
0.000000 0.299296
0.000000 0.237142
0.000000 0.178831
0.000000 0.127410
0.000000 0.083965
0.000000 0.048374
0.000000 0.019916
0.000000 -0.001955
0.000000 -0.012559
0.000000 0.000261
0.000000 0.047490
0.000000 0.131523
0.000000 0.245616
0.000000 0.377544
0.000000 0.514225
0.000000 0.644771
0.000000 0.761450
0.000000 0.854838
0.000000 0.910921
0.000000 0.918834
0.000000 0.877413
0.000000 0.795142
0.000000 0.685915
0.000000 0.564489
0.000000 0.443152
0.000000 0.330443
0.000000 0.231209
0.000000 0.147365
0.000000 0.078863
0.000000 0.024538
0.000000 -0.017262
0.000378 -0.048299
0.006719 -0.070248
0.031986 -0.084623
0.087849 -0.092767
0.177292 -0.095880
0.294062 -0.095031
0.426474 -0.091138
0.561900 -0.085104
0.689881 -0.077669
0.803075 -0.069458
0.892407 -0.061026
0.944162 -0.052720
0.947714 -0.044839
0.902086 -0.037586
0.815893 -0.031079
0.703152 -0.025370
0.578614 -0.020461
0.454577 -0.016313
0.339574 -0.012865
0.238423 -0.010041
0.153003 -0.007760
0.083224 -0.005941
0.027880 -0.004508
-0.014725 -0.003391
-0.046013 -0.002531
-0.062105 -0.001832
-0.051583 -0.001306
-0.004145 -0.000913
0.081976 -0.000622
0.199440 -0.000409
0.335211 -0.000253
0.470216 -0.000139
0.580284 -0.000058
0.646147 0.000000
0.660809 0.000000
0.629365 0.000000
0.564249 0.000000
0.479892 0.000000
0.388995 0.000000
0.300803 0.000000
0.220927 0.000000
0.151997 0.000000
0.094600 0.000000
0.048130 0.000000
0.011436 0.000000
-0.016782 0.000378
-0.037764 0.006719
-0.052620 0.031986
-0.062321 0.087849
-0.067692 0.177292
-0.069569 0.293684
-0.068667 0.419755
-0.065647 0.529914
-0.061110 0.602032
-0.055587 0.626161
-0.049535 0.605064
-0.043328 0.549673
-0.037255 0.473662
-0.031570 0.389498
-0.026360 0.306502
-0.021707 0.230500
-0.017645 0.164366
-0.014169 0.108895
-0.011247 0.063648
-0.008831 0.027594
-0.006862 -0.000476
-0.005280 -0.021727
-0.004025 -0.037200
-0.003041 -0.047797
-0.002278 -0.054313
-0.001693 -0.057462
-0.001248 -0.057898
-0.000913 -0.056225
-0.000622 -0.052996
-0.000409 -0.048707
-0.000253 -0.043788
-0.000139 -0.038596
-0.000058 -0.033414
0.000000 -0.028455
0.000000 -0.023865
0.000000 -0.019732
0.000000 -0.016099
0.000000 -0.012971
0.000000 -0.010328
0.000000 -0.008133
0.000000 -0.006336
0.000000 -0.004888
0.000000 -0.003734
0.000000 -0.002827
0.000000 -0.002122
0.000000 -0.001580
0.000000 -0.001167
0.000000 -0.000855
0.000000 -0.000622
0.000000 -0.000409
0.000000 -0.000253
0.000000 -0.000139
0.000000 -0.000058
0.000000 0.000000
0.000000 0.000000
0.000000 0.000000
0.000000 0.000000
0.000000 0.000000
0.000000 0.000000
0.000000 0.000000
0.000000 0.000000
0.000000 0.000000
0.000000 0.000000
0.000000 0.000000
0.000000 0.000000
0.000000 0.000000
0.000000 0.000000
0.000000 0.000000
0.000000 0.000000
0.000000 0.000000
0.000000 0.000000
0.000000 0.000000
0.000000 0.000000
0.000000 0.000000
0.000000 0.000000
0.000000 0.000000
0.000000 0.000000
0.000000 0.000000
0.000000 0.000000
0.000000 0.000000
0.000000 0.000000
0.000000 0.000000
0.000000 0.000000
0.000000 0.000000
0.000000 0.000000
0.000000 0.000000
0.000000 0.000000
0.000000 0.000000
0.000000 0.000000
0.000000 0.000000
0.000000 0.000000
0.000000 0.000000
0.000000 0.000000
0.000000 0.000000
0.000000 0.000000
0.000000 0.000000
0.000000 0.000000
0.000000 0.000000
0.000000 0.000000
0.000000 0.000000
0.000000 0.000000
0.000000 0.000000
0.000000 0.000000
0.000000 0.000000
0.000000 0.000000
0.000000 0.000000
0.000000 0.000000
0.000000 0.000000
0.000000 0.000000
0.000000 0.000000
0.000000 0.000000
0.000000 0.000000
0.000000 0.000000
0.000000 0.000000
0.000000 0.000000
0.000000 0.000000
0.000000 0.000000
0.000000 0.000000
0.000000 0.000000
0.000000 0.000000
0.000000 0.000000
0.000000 0.000000
0.000000 0.000000
