0.000000 0.000000
0.000000 0.000000
0.000000 0.000000
0.000000 0.000000
0.000000 0.000000
0.000000 0.000000
0.000000 0.000000
0.000000 0.000000
0.000000 0.000000
0.000000 0.000000
0.000000 0.000000
0.000000 0.000000
0.000000 0.000000
0.000000 0.000000
0.000000 0.000000
0.000378 0.000000
0.006719 0.000000
0.031986 0.000000
0.087849 0.000000
0.177292 0.000000
0.294062 0.000000
0.426474 0.000000
0.561900 0.000000
0.689881 0.000000
0.803075 0.000000
0.892407 0.000000
0.944162 0.000000
0.947714 0.000000
0.902086 0.000000
0.815893 0.000000
0.703152 0.000000
0.578614 0.000000
0.454577 0.000000
0.339574 0.000000
0.238423 0.000000
0.153003 0.000000
0.083224 0.000000
0.027880 0.000000
-0.014725 0.000000
-0.046391 0.000000
-0.068825 0.000000
-0.083569 0.000000
-0.091993 0.000000
-0.095316 0.000000
-0.094623 0.000378
-0.090885 0.006719
-0.084965 0.031986
-0.077610 0.087849
-0.069458 0.176914
-0.061026 0.287343
-0.052720 0.394488
-0.044839 0.474051
-0.037586 0.512588
-0.031079 0.509391
-0.025370 0.472652
-0.020461 0.414248
-0.016313 0.345682
-0.012865 0.275925
-0.010041 0.210829
-0.007760 0.153479
-0.005941 0.104951
-0.004508 0.065079
-0.003391 0.033072
-0.002531 0.007922
-0.001832 -0.011363
-0.001306 -0.025671
-0.000913 -0.035391
-0.000622 -0.035600
-0.000409 -0.013929
-0.000253 0.040751
-0.000139 0.130545
-0.000058 0.243146
0.000000 0.353486
0.000000 0.436891
0.000000 0.479601
0.000000 0.480650
0.000000 0.448038
0.000000 0.393497
0.000000 0.328444
0.000000 0.261801
0.000000 0.199403
0.000000 0.144349
0.000000 0.097738
0.000000 0.059441
0.000000 0.028710
0.000000 0.004959
0.000000 -0.007179
0.000000 0.004407
0.000000 0.050656
0.000000 0.133919
0.000000 0.247373
0.000000 0.378435
0.000000 0.508403
0.000000 0.613446
0.000000 0.674463
0.000000 0.684615
0.000000 0.649098
0.000000 0.580348
0.000000 0.492864
0.000000 0.399324
0.000000 0.308936
0.000000 0.227263
0.000000 0.156885
0.000000 0.098334
0.000000 0.050957
0.000000 0.013558
0.000378 -0.015202
0.006719 -0.036597
0.031986 -0.051764
0.087849 -0.061699
0.177292 -0.067284
0.294062 -0.069316
0.426096 -0.068527
0.555180 -0.065589
0.657895 -0.061110
0.715604 -0.055587
0.721834 -0.049535
0.682085 -0.043328
0.609088 -0.037255
0.517478 -0.031570
0.420074 -0.026360
0.326174 -0.021707
0.241387 -0.017645
0.168310 -0.014169
0.107464 -0.011247
0.058171 -0.008831
0.019196 -0.006862
-0.010840 -0.004903
-0.033256 0.002694
-0.049228 0.028945
-0.059791 0.085570
-0.065860 0.175599
-0.068262 0.292814
-0.067753 0.425561
-0.065024 0.561278
-0.060701 0.689094
-0.055335 0.796481
-0.049396 0.867001
-0.043270 0.888241
-0.037255 0.858270
-0.031570 0.785316
-0.026360 0.683481
-0.021707 0.567727
-0.017645 0.450633
-0.014169 0.341005
-0.011247 0.243900
-0.008831 0.161401
-0.006862 0.093589
-0.005280 0.039408
-0.004025 -0.002697
-0.003041 -0.034019
-0.002278 -0.050558
-0.001693 -0.040783
-0.001248 0.005711
-0.000913 0.090776
-0.000622 0.207145
-0.000409 0.342216
-0.000253 0.482543
-0.000139 0.616944
-0.000058 0.737836
0.000000 0.840838
0.000000 0.919203
0.000000 0.960712
0.000000 0.955490
0.000000 0.902782
0.000000 0.811113
0.000000 0.694277
0.000000 0.566771
0.000000 0.440674
0.000000 0.324346
0.000000 0.222479
0.000000 0.136854
0.000000 0.067301
0.000000 0.012541
0.000000 -0.029192
0.000000 -0.059392
0.000000 -0.074212
0.000000 -0.062352
0.000000 -0.013567
0.000000 0.073485
0.000000 0.185840
0.000000 0.297855
0.000000 0.384354
0.000000 0.431137
0.000000 0.436818
0.000000 0.409132
0.000000 0.359553
0.000000 0.299296
0.000000 0.237142
0.000000 0.178831
0.000000 0.127410
0.000000 0.083965
0.000000 0.048374
0.000000 0.019916
0.000378 -0.002332
0.006719 -0.019279
0.031986 -0.031725
0.087849 -0.040358
0.177292 -0.045769
0.294062 -0.048446
0.426474 -0.048930
0.561522 -0.047675
0.683161 -0.045110
0.771467 -0.041625
0.811278 -0.037569
0.798855 -0.033240
0.741500 -0.028880
0.652904 -0.024673
0.548055 -0.020750
0.439746 -0.017238
0.337061 -0.014124
0.245331 -0.011425
0.166879 -0.009131
0.101987 -0.007214
0.049773 -0.005638
0.008832 -0.004362
-0.021991 -0.003341
-0.038565 -0.002536
-0.029236 -0.001908
0.016511 -0.001424
0.100254 -0.001054
0.209225 -0.000774
0.317935 -0.000564
0.401322 -0.000409
0.445260 -0.000253
0.448448 -0.000139
0.418582 -0.000058
0.367137 0.000000
0.305312 0.000000
0.241861 0.000000
0.182494 0.000000
0.130226 0.000000
0.086108 0.000000
0.049991 0.000000
0.021126 0.000000
-0.001435 0.000378
-0.018618 0.006719
-0.031242 0.031986
-0.040008 0.087849
-0.045517 0.177292
-0.048306 0.294062
-0.048872 0.426474
-0.047675 0.561900
-0.045110 0.689503
-0.041625 0.796733
-0.037569 0.867140
-0.033240 0.888299
-0.028880 0.858270
-0.024673 0.785316
-0.020750 0.683481
-0.017238 0.567727
-0.014124 0.450633
-0.011425 0.341005
-0.009131 0.243900
-0.007214 0.161401
-0.005638 0.093589
-0.004362 0.039408
-0.003341 -0.002697
-0.002158 -0.034397
0.004811 -0.057278
0.030562 -0.072769
0.086795 -0.082138
0.176518 -0.086516
0.293498 -0.086918
0.426066 -0.084258
0.561270 -0.079357
0.683022 -0.072936
0.771409 -0.065617
0.811278 -0.057911
0.798855 -0.050225
0.741500 -0.042865
0.652904 -0.036040
0.548055 -0.029881
0.439746 -0.024451
0.337061 -0.019762
0.245331 -0.015787
0.166879 -0.012472
0.101987 -0.009750
0.049773 -0.007546
0.008832 -0.005785
-0.021991 -0.004395
-0.038565 -0.003310
-0.029236 -0.002472
0.016511 -0.001832
0.100254 -0.001306
0.209225 -0.000913
0.317935 -0.000622
0.401322 -0.000409
0.445260 -0.000253
0.448448 -0.000139
0.418582 -0.000058
0.367137 0.000000
0.305312 0.000000
0.241861 0.000000
0.182494 0.000000
0.130226 0.000000
0.086108 0.000000
0.049991 0.000000
0.021126 0.000000
-0.001435 0.000378
-0.018618 0.006719
-0.031242 0.031986
-0.040008 0.087849
-0.045517 0.177292
-0.048306 0.294062
-0.048872 0.426474
-0.047675 0.561900
-0.045110 0.689881
-0.041625 0.803453
-0.037569 0.898749
-0.033240 0.969428
-0.028880 1.003576
-0.024673 0.991530
-0.020750 0.932663
-0.017238 0.835564
-0.014124 0.714039
-0.011425 0.582558
-0.009131 0.453146
-0.007214 0.334096
-0.005638 0.230025
-0.004362 0.142639
-0.003341 0.071696
-0.002536 0.015851
-0.001908 -0.026719
-0.001424 -0.057560
-0.001054 -0.072906
-0.000774 -0.061438
-0.000564 -0.012945
-0.000409 0.074272
-0.000253 0.192812
-0.000139 0.329981
-0.000058 0.472261
0.000000 0.608429
0.000000 0.730880
0.000000 0.835228
0.000000 0.914733
0.000000 0.957191
0.000000 0.952746
0.000000 0.900665
0.000000 0.809496
0.000000 0.693053
0.000000 0.565852
0.000000 0.439990
0.000000 0.323841
0.000000 0.222109
0.000000 0.136585
0.000000 0.067106
0.000000 0.012402
0.000000 -0.029250
0.000000 -0.059392
0.000000 -0.074212
0.000000 -0.062352
0.000000 -0.013567
0.000000 0.073863
0.000000 0.192182
0.000000 0.323122
0.000000 0.440217
0.000000 0.520581
0.000000 0.553588
0.000000 0.541544
0.000000 0.494979
0.000000 0.427277
0.000000 0.350714
0.000000 0.274504
0.000000 0.204432
0.000000 0.143379
0.000000 0.092190
0.000000 0.050493
0.000000 0.017339
0.000378 -0.008392
0.006719 -0.027782
0.031986 -0.041789
0.087849 -0.051247
0.177292 -0.056844
0.294062 -0.059294
0.426474 -0.059204
0.561900 -0.057138
0.689881 -0.053618
0.803453 -0.049116
0.898749 -0.044040
0.969428 -0.038735
1.003576 -0.033472
0.991530 -0.028455
0.932663 -0.023865
0.835564 -0.019732
0.714039 -0.016099
0.582558 -0.012971
0.453146 -0.010328
0.334096 -0.008133
0.230025 -0.006336
0.142639 -0.004888
0.071696 -0.003734
0.015851 -0.002827
-0.026719 -0.002122
-0.057938 -0.001202
-0.079625 0.005553
-0.093424 0.031131
-0.100793 0.087226
-0.103021 0.176884
-0.101250 0.293810
-0.096493 0.426335
-0.089639 0.561842
-0.081451 0.689881
-0.072572 0.803453
-0.063520 0.898749
-0.054695 0.969428
-0.046386 1.003576
-0.038784 0.991530
-0.031998 0.932663
-0.026069 0.835564
-0.020987 0.714039
-0.016706 0.582558
-0.013156 0.453146
-0.010255 0.334096
-0.007916 0.230025
-0.006054 0.142639
-0.004589 0.071696
-0.003450 0.015851
-0.002531 -0.026719
-0.001832 -0.057560
-0.001306 -0.072906
-0.000913 -0.061438
-0.000622 -0.012945
-0.000409 0.074272
-0.000253 0.192812
-0.000139 0.329981
-0.000058 0.471883
0.000000 0.601710
0.000000 0.698894
0.000000 0.747757
0.000000 0.744161
0.000000 0.695114
0.000000 0.614120
0.000000 0.516057
0.000000 0.413677
0.000000 0.316074
0.000000 0.228626
0.000000 0.153723
0.000000 0.091732
0.000000 0.041857
0.000000 0.002777
0.000378 -0.026958
0.006719 -0.048734
0.031986 -0.063752
0.087849 -0.073170
0.176914 -0.077967
0.287343 -0.079031
0.394488 -0.077175
0.474051 -0.073138
0.512588 -0.067581
0.509391 -0.061082
0.472652 -0.054128
0.414248 -0.047111
0.345682 -0.040370
0.275925 -0.034065
0.210829 -0.028335
0.153479 -0.023253
0.104951 -0.018843
0.065079 -0.015088
0.033072 -0.011946
0.007922 -0.008979
-0.011363 -0.000536
-0.025671 0.026415
-0.035769 0.083610
-0.042320 0.174095
-0.045915 0.291293
-0.047097 0.417981
-0.046369 0.528608
-0.044196 0.601119
-0.041002 0.625538
-0.037160 0.604656
-0.032988 0.549421
-0.028740 0.473523
-0.024614 0.389439
-0.020750 0.306502
-0.017238 0.230500
-0.014124 0.164366
-0.011425 0.108895
-0.009131 0.063648
-0.007214 0.027594
-0.005260 -0.000476
0.002358 -0.021727
0.028645 -0.037200
0.085312 -0.047797
0.175006 -0.054313
0.285919 -0.057462
0.393434 -0.057898
0.473278 -0.056225
0.512024 -0.052996
0.508982 -0.048707
0.472400 -0.043788
0.414108 -0.038596
0.345623 -0.033414
0.275925 -0.028455
0.210829 -0.023865
0.153479 -0.019732
0.104951 -0.016099
0.065079 -0.012971
0.033072 -0.010328
0.008300 -0.008133
-0.004643 -0.006336
0.006315 -0.004888
0.052080 -0.003734
0.134595 -0.002827
0.241427 -0.002122
0.347391 -0.001580
0.427682 -0.001167
0.468392 -0.000855
0.468388 -0.000622
0.435492 -0.000409
0.381260 -0.000253
0.316941 -0.000139
0.251311 -0.000058
0.190078 0.000000
0.136241 0.000000
0.090827 0.000000
0.053654 0.000000
0.023941 0.000000
0.000709 0.000378
-0.017001 0.006719
-0.030033 0.031986
-0.039110 0.087849
-0.044856 0.177292
-0.047824 0.293684
-0.048521 0.419755
-0.047423 0.529914
-0.044970 0.602032
-0.041567 0.626161
-0.037569 0.605064
-0.033240 0.549673
-0.028880 0.473662
-0.024673 0.389498
-0.020750 0.306502
-0.017238 0.230500
-0.014124 0.164366
-0.011425 0.108895
-0.009131 0.063648
-0.007214 0.027594
-0.005260 -0.000476
0.002358 -0.021727
0.028645 -0.037200
0.085312 -0.047797
0.175384 -0.054313
0.292639 -0.057462
0.425420 -0.057898
0.560748 -0.056225
0.682597 -0.052996
0.771058 -0.048707
0.811025 -0.043788
0.798716 -0.038596
0.741442 -0.033414
0.652904 -0.028455
0.548055 -0.023865
0.439746 -0.019732
0.337061 -0.016099
0.245331 -0.012971
0.166879 -0.010328
0.101987 -0.008133
0.049773 -0.006336
0.008832 -0.004888
-0.022369 -0.003356
-0.045284 0.003892
-0.061222 0.029864
-0.071338 0.086269
-0.076660 0.175748
-0.078118 0.286487
-0.076553 0.393866
-0.072729 0.473643
-0.067328 0.512336
-0.060943 0.509251
-0.054070 0.472594
-0.047111 0.414248
-0.040370 0.345682
-0.034065 0.275925
-0.028335 0.210829
-0.023253 0.153479
-0.018843 0.104951
-0.015088 0.065079
-0.011946 0.033072
-0.009357 0.008300
-0.007255 -0.004643
-0.005571 0.006315
-0.004239 0.052080
-0.003197 0.134595
-0.002391 0.241427
-0.001774 0.347391
-0.001306 0.427682
-0.000913 0.468392
-0.000622 0.468388
-0.000409 0.435492
-0.000253 0.381260
-0.000139 0.316941
-0.000058 0.251311
0.000000 0.190078
0.000000 0.136241
0.000000 0.090827
0.000000 0.053654
0.000000 0.023941
0.000378 0.000709
0.006719 -0.017001
0.031986 -0.030033
0.087849 -0.039110
0.177292 -0.044856
0.294062 -0.047824
0.426474 -0.048521
0.561900 -0.047423
0.689503 -0.044970
0.796733 -0.041567
0.867140 -0.037569
0.888299 -0.033240
0.858270 -0.028880
0.785316 -0.024673
0.683481 -0.020750
0.567727 -0.017238
0.450633 -0.014124
0.341005 -0.011425
0.243900 -0.009131
0.161401 -0.007214
0.093589 -0.005638
0.039408 -0.004362
-0.002697 -0.003341
-0.034397 -0.002536
-0.056900 -0.001908
-0.066049 -0.001424
-0.050152 -0.001054
0.001333 -0.000774
0.090375 -0.000564
0.209804 -0.000409
0.347117 -0.000253
0.488586 -0.000139
0.617544 -0.000058
0.713556 0.000000
0.761052 0.000000
0.755991 0.000000
0.705460 0.000000
0.623023 0.000000
0.523603 0.000000
0.419984 0.000000
0.321274 0.000000
0.232859 0.000000
0.157129 0.000000
0.094441 0.000000
0.043988 0.000000
0.004436 0.000000
-0.025679 0.000378
-0.047757 0.006719
-0.063054 0.031986
-0.072644 0.087849
-0.077574 0.177292
-0.078740 0.294062
-0.076961 0.426474
-0.072982 0.561900
-0.067468 0.689503
-0.061001 0.796733
-0.054070 0.867140
-0.047111 0.888299
-0.040370 0.858270
-0.034065 0.785316
-0.028335 0.683481
-0.023253 0.567727
-0.018843 0.450633
-0.015088 0.341005
-0.011946 0.243900
-0.009357 0.161401
-0.007255 0.093589
-0.005571 0.039408
-0.004239 -0.002697
-0.002819 -0.034397
0.004328 -0.057278
0.030212 -0.072769
0.086542 -0.082138
0.176001 -0.086516
0.286720 -0.086918
0.394080 -0.084258
0.473799 -0.079357
0.512449 -0.072936
0.509332 -0.065617
0.472652 -0.057911
0.414248 -0.050225
0.345682 -0.042865
0.275925 -0.036040
0.210829 -0.029881
0.153479 -0.024451
0.104951 -0.019762
0.065079 -0.015787
0.033072 -0.012472
0.007922 -0.009750
-0.011363 -0.007546
-0.025671 -0.005785
-0.035769 -0.004395
-0.042320 -0.002932
-0.045915 0.004247
-0.047097 0.030154
-0.046369 0.086542
-0.044196 0.176001
-0.041002 0.286720
-0.037160 0.394080
-0.032988 0.473799
-0.028740 0.512449
-0.024614 0.509332
-0.020750 0.472652
-0.017238 0.414248
-0.014124 0.345682
-0.011425 0.275925
-0.009131 0.210829
-0.007214 0.153479
-0.005638 0.104951
-0.004362 0.065079
-0.003341 0.033072
-0.002158 0.007922
0.004811 -0.011363
0.030562 -0.025671
0.086795 -0.035769
0.176141 -0.042320
0.286778 -0.045915
0.394080 -0.047097
0.473799 -0.046369
0.512449 -0.044196
0.509332 -0.041002
0.472652 -0.037160
0.414248 -0.032988
0.345682 -0.028740
0.275925 -0.024614
0.210829 -0.020750
0.153479 -0.017238
0.104951 -0.014124
0.065079 -0.011425
0.033072 -0.009131
0.008300 -0.007214
-0.004643 -0.005638
0.006315 -0.004362
0.052080 -0.003341
0.134595 -0.002536
0.241427 -0.001908
0.347391 -0.001424
0.427682 -0.001054
0.468392 -0.000774
0.468388 -0.000564
0.435492 -0.000409
0.381260 -0.000253
0.316941 -0.000139
0.251311 -0.000058
0.190078 0.000000
0.136241 0.000000
0.090827 0.000000
0.053654 0.000000
0.023941 0.000000
0.001086 0.000000
-0.010281 0.000000
0.001953 0.000000
0.048738 0.000000
0.132436 0.000000
0.246239 0.000000
0.377953 0.000000
0.514477 0.000000
0.644910 0.000000
0.761508 0.000000
0.854838 0.000000
0.910921 0.000000
0.918834 0.000000
0.877413 0.000000
0.795142 0.000000
0.685915 0.000000
0.564489 0.000000
0.443152 0.000000
0.330443 0.000000
0.231209 0.000000
0.147365 0.000000
0.078863 0.000000
0.024538 0.000000
-0.017262 0.000000
-0.048299 0.000000
-0.069871 0.000000
-0.077903 0.000000
-0.060781 0.000000
-0.008031 0.000000
0.082261 0.000000
0.202924 0.000000
0.341370 0.000000
0.483854 0.000000
0.613704 0.000000
0.710441 0.000000
0.758558 0.000000
0.754016 0.000000
0.703914 0.000000
0.621825 0.000000
0.522684 0.000000
0.419285 0.000000
0.320748 0.000000
0.232467 0.000000
0.156838 0.000000
0.094227 0.000000
0.043832 0.000000
0.004323 0.000000
-0.025760 0.000000
-0.047815 0.000000
-0.063054 0.000000
-0.072644 0.000000
-0.077574 0.000000
-0.078740 0.000000
-0.076961 0.000000
-0.072982 0.000000
-0.067468 0.000000
-0.061001 0.000000
-0.054070 0.000000
-0.047111 0.000000
-0.040370 0.000000
-0.034065 0.000000
-0.028335 0.000000
-0.023253 0.000000
-0.018843 0.000000
-0.015088 0.000000
-0.011946 0.000000
-0.009357 0.000000
-0.007255 0.000000
-0.005571 0.000000
-0.004239 0.000000
-0.003197 0.000000
-0.002391 0.000000
-0.001774 0.000000
-0.001306 0.000000
-0.000913 0.000000
-0.000622 0.000000
-0.000409 0.000000
-0.000253 0.000000
-0.000139 0.000000
-0.000058 0.000000
0.000000 0.000000
0.000000 0.000000
0.000000 0.000000
0.000000 0.000000
0.000000 0.000000
0.000000 0.000000
0.000000 0.000000
0.000000 0.000000
0.000000 0.000000
0.000000 0.000000
0.000000 0.000000
0.000000 0.000000
0.000000 0.000000
0.000000 0.000000
0.000000 0.000000
0.000000 0.000000
0.000000 0.000000
0.000000 0.000000
0.000000 0.000000
0.000000 0.000000
0.000000 0.000000
0.000000 0.000000
0.000000 0.000000
0.000000 0.000000
0.000000 0.000000
0.000000 0.000000
0.000000 0.000000
0.000000 0.000000
0.000000 0.000000
0.000000 0.000000
0.000000 0.000000
0.000000 0.000000
0.000000 0.000000
0.000000 0.000000
0.000000 0.000000
0.000000 0.000000
0.000000 0.000000
0.000000 0.000000
0.000000 0.000000
0.000000 0.000000
0.000000 0.000000
0.000000 0.000000
0.000000 0.000000
0.000000 0.000000
0.000000 0.000000
0.000000 0.000000
0.000000 0.000000
0.000000 0.000000
0.000000 0.000000
0.000000 0.000000
0.000000 0.000000
0.000000 0.000000
0.000000 0.000000
0.000000 0.000000
0.000000 0.000000
0.000000 0.000000
0.000000 0.000000
0.000000 0.000000
0.000000 0.000000
0.000000 0.000000
0.000000 0.000000
0.000000 0.000000
0.000000 0.000000
0.000000 0.000000
0.000000 0.000000
0.000000 0.000000
0.000000 0.000000
0.000000 0.000000
0.000000 0.000000
0.000000 0.000000
0.000000 0.000000
0.000000 0.000000
0.000000 0.000000
