0.000000 0.000000
0.000000 0.000000
0.000000 0.000000
0.000000 0.000000
0.000000 0.000000
0.000000 0.000000
0.000000 0.000000
0.000000 0.018566
0.000000 0.165070
0.000000 0.439405
0.000000 0.724358
0.000000 0.919408
0.000000 0.901028
0.000000 0.688090
0.000000 0.420847
0.000000 0.199099
0.000000 0.049540
0.000000 -0.037901
0.018566 -0.080612
0.165070 -0.093389
0.420840 -0.087761
0.559289 -0.072734
0.498568 -0.054899
0.341739 -0.038380
0.189522 -0.025126
0.079108 -0.015527
0.009577 -0.009116
-0.011003 -0.005112
0.117591 -0.002750
0.388361 -0.001333
0.659882 -0.000578
0.736186 -0.000192
0.599869 0.000000
0.384956 0.000000
0.195676 0.000000
0.064030 0.000000
-0.015829 0.000000
-0.039217 0.000000
0.091449 0.000000
0.348308 0.000000
0.497379 0.000000
0.450835 0.000000
0.307750 0.000000
0.166950 0.000000
0.064998 0.000000
0.001215 0.000000
-0.034294 0.018566
-0.050037 0.165070
-0.052377 0.420840
-0.046489 0.559289
-0.036909 0.498568
-0.026824 0.341739
-0.018181 0.189522
-0.011557 0.079108
-0.006945 0.009577
-0.003971 -0.029568
-0.002172 -0.028913
-0.001141 0.114026
-0.000578 0.374929
-0.000192 0.522571
0.000000 0.471745
0.000000 0.323558
0.000000 0.177965
0.000000 0.072163
0.000000 0.005606
0.000000 -0.013174
0.000000 0.116450
0.000000 0.369217
0.000000 0.513187
0.000000 0.461851
0.000000 0.314916
0.000000 0.171341
0.000000 0.067551
0.000000 0.002632
0.018566 -0.033539
0.165070 -0.049650
0.439405 -0.052185
0.705793 -0.046489
0.772904 -0.036909
0.626693 -0.026824
0.403137 -0.018181
0.207232 -0.011557
0.070975 -0.006945
-0.011858 -0.003971
-0.055611 0.016394
-0.072479 0.163928
-0.071953 0.438827
-0.061718 0.724167
-0.047733 0.919408
-0.033989 0.901028
-0.022572 0.688090
-0.014110 0.420847
-0.008362 0.199099
-0.004725 0.049540
-0.002559 -0.037901
-0.001333 -0.062046
-0.000578 0.071681
-0.000192 0.351644
0.000000 0.651624
0.000000 0.883075
0.000000 1.009152
0.000000 0.937300
0.000000 0.690273
0.000000 0.403598
0.000000 0.172552
0.000000 0.020746
0.000000 -0.064235
0.018566 -0.102100
0.165070 -0.109388
0.439405 -0.098777
0.724358 -0.079900
0.937974 -0.059290
1.047532 -0.040934
0.962426 -0.026543
0.705800 -0.016282
0.412714 -0.009503
0.177664 -0.005304
0.023497 -0.002750
-0.062902 -0.001333
-0.101522 0.017987
-0.109197 0.164878
-0.098777 0.439405
-0.079900 0.724358
-0.059290 0.937974
-0.040934 1.047532
-0.026543 0.962426
-0.016282 0.705800
-0.009503 0.412714
-0.005304 0.177664
-0.002750 0.023497
-0.001333 -0.062902
-0.000578 -0.082956
-0.000192 0.055873
0.000000 0.340628
0.000000 0.644459
0.000000 0.860118
0.000000 0.860094
0.000000 0.661547
0.000000 0.404566
0.000000 0.189596
0.000000 0.044236
0.000000 -0.040651
0.018566 -0.081945
0.165070 -0.093967
0.420840 -0.087953
0.559289 -0.072734
0.498568 -0.054899
0.341739 -0.038380
0.189522 -0.025126
0.079108 -0.015527
0.009577 -0.009116
-0.011003 -0.005112
0.117591 -0.002750
0.388361 -0.001333
0.659882 -0.000578
0.736186 -0.000192
0.599869 0.000000
0.384956 0.000000
0.195676 0.000000
0.064030 0.000000
-0.015829 0.000000
-0.039217 0.000000
0.091449 0.000000
0.366873 0.000000
0.643883 0.000000
0.725171 0.000000
0.592703 0.000000
0.380565 0.000000
0.193122 0.000000
0.062613 0.000000
-0.016584 0.000000
-0.058170 0.000000
-0.073812 0.000000
-0.053966 0.000000
0.103160 0.000000
0.391672 0.000000
0.671803 0.000000
0.750332 0.000000
0.612583 0.000000
0.394776 0.000000
0.202507 0.000000
0.068416 0.000000
-0.013191 0.000000
-0.037624 0.000000
0.092399 0.000000
0.367452 0.000000
0.662640 0.000000
0.890240 0.000000
1.013543 0.000000
0.939854 0.000000
0.691690 0.000000
0.404352 0.000000
0.172939 0.000000
0.020938 0.000000
-0.064235 0.000000
-0.102100 0.000000
-0.090823 0.000000
0.066293 0.000000
0.340940 0.000000
0.499999 0.000000
0.457635 0.000000
0.315196 0.000000
0.173240 0.000000
0.069605 0.000000
0.004273 0.000000
-0.032319 0.000000
-0.048811 0.000000
-0.033057 0.000000
0.118968 0.000000
0.384122 0.000000
0.532465 0.000000
0.480387 0.000000
0.330183 0.000000
0.182578 0.000000
0.075137 0.000000
0.007405 0.000000
-0.012144 0.000000
0.117013 0.000000
0.388170 0.000000
0.678448 0.000000
0.882690 0.000000
0.874204 0.000000
0.669909 0.000000
0.409291 0.000000
0.192154 0.000000
0.045569 0.000000
-0.040073 0.000000
-0.081753 0.018566
-0.093967 0.165070
-0.087953 0.439405
-0.072734 0.724358
-0.054899 0.937974
-0.038380 1.047532
-0.025126 0.962426
-0.015527 0.705800
-0.009116 0.412714
-0.005112 0.177664
-0.002750 0.023497
-0.001333 -0.062902
-0.000578 -0.082956
-0.000192 0.055873
0.000000 0.322062
0.000000 0.479389
0.000000 0.439279
0.000000 0.300806
0.000000 0.162979
0.000000 0.062826
0.000000 0.000074
0.000000 -0.016306
0.000000 0.114841
0.000000 0.368463
0.000000 0.512800
0.000000 0.461659
0.000000 0.314916
0.000000 0.171341
0.000000 0.067551
0.000000 0.002632
0.018566 -0.033539
0.165070 -0.049650
0.420840 -0.052185
0.559289 -0.046489
0.498568 -0.036909
0.341739 -0.026824
0.189522 -0.018181
0.079108 -0.011557
0.009577 -0.006945
-0.011003 -0.003971
0.117591 -0.002172
0.388361 -0.001141
0.659882 -0.000578
0.736186 -0.000192
0.599869 0.000000
0.384956 0.000000
0.195676 0.000000
0.064030 0.000000
-0.015829 0.000000
-0.057783 0.018566
-0.073620 0.165070
-0.072532 0.439405
-0.061910 0.705793
-0.047733 0.772904
-0.033989 0.626693
-0.022572 0.403137
-0.014110 0.207232
-0.008362 0.070975
-0.004725 -0.011858
-0.002559 -0.055611
-0.001333 -0.053913
-0.000578 0.093116
-0.000192 0.359121
0.000000 0.511555
0.000000 0.464579
0.000000 0.319167
0.000000 0.175412
0.000000 0.070746
0.000000 0.004852
0.000000 -0.013561
0.000000 0.116258
0.000000 0.369217
0.000000 0.513187
0.000000 0.461851
0.000000 0.314916
0.000000 0.171341
0.000000 0.067551
0.000000 0.002632
0.000000 -0.014973
0.000000 0.115420
0.000000 0.387220
0.000000 0.677869
0.000000 0.882499
0.000000 0.874204
0.000000 0.669909
0.000000 0.409291
0.000000 0.192154
0.000000 0.045569
0.000000 -0.040073
0.000000 -0.081753
0.000000 -0.093967
0.000000 -0.087953
0.000000 -0.072734
0.000000 -0.054899
0.000000 -0.038380
0.000000 -0.025126
0.000000 -0.015527
0.000000 -0.009116
0.000000 -0.005112
0.000000 -0.002750
0.000000 -0.001333
0.000000 -0.000578
0.000000 -0.000192
0.000000 0.000000
0.000000 0.000000
0.000000 0.000000
0.000000 0.000000
0.000000 0.000000
0.000000 0.000000
0.000000 0.000000
0.000000 0.000000
0.000000 0.000000
0.000000 0.000000
0.000000 0.000000
0.000000 0.000000
0.000000 0.000000
0.000000 0.000000
0.000000 0.000000
0.000000 0.000000
0.000000 0.000000
0.000000 0.000000
0.000000 0.000000
0.000000 0.000000
0.000000 0.000000
0.000000 0.000000
0.000000 0.000000
0.000000 0.000000
0.000000 0.000000
0.000000 0.000000
0.000000 0.000000
0.000000 0.000000
0.000000 0.000000
0.000000 0.000000
0.000000 0.000000
0.000000 0.000000
0.000000 0.000000
0.000000 0.000000
0.000000 0.000000
0.000000 0.000000
0.000000 0.000000
0.000000 0.000000
0.000000 0.000000
0.000000 0.000000
0.000000 0.000000
0.000000 0.000000
0.000000 0.000000
0.000000 0.000000
0.000000 0.000000
0.000000 0.000000
0.000000 0.000000
0.000000 0.000000
0.000000 0.000000
0.000000 0.000000
0.000000 0.000000
0.000000 0.000000
0.000000 0.000000
0.000000 0.000000
0.000000 0.000000
0.000000 0.000000
0.000000 0.000000
0.000000 0.000000
0.000000 0.000000
0.000000 0.000000
0.000000 0.000000
0.000000 0.000000
0.000000 0.000000
0.000000 0.000000
0.000000 0.000000
0.000000 0.000000
0.000000 0.000000
0.000000 0.000000
0.000000 0.000000
0.000000 0.000000
0.000000 0.000000
0.000000 0.000000
0.000000 0.000000
0.000000 0.000000
