0.000000 0.000000
0.000000 0.000000
0.000000 0.000000
0.000000 0.000000
0.000000 0.000000
0.000000 0.000000
0.000000 0.000000
0.000000 0.000000
0.000000 0.000000
0.000000 0.000000
0.000000 0.000000
0.000000 0.000000
0.000000 0.000000
0.000000 0.000000
0.000000 0.000000
0.000000 0.000378
0.000000 0.006719
0.000000 0.031986
0.000000 0.087849
0.000000 0.176914
0.000000 0.287343
0.000000 0.394488
0.000000 0.474051
0.000000 0.512588
0.000000 0.509391
0.000000 0.472652
0.000000 0.414248
0.000000 0.345682
0.000000 0.275925
0.000000 0.210829
0.000000 0.153479
0.000000 0.104951
0.000000 0.065079
0.000000 0.033072
0.000378 0.007922
0.006719 -0.011363
0.031986 -0.025671
0.087849 -0.035769
0.177292 -0.042320
0.293684 -0.045915
0.419755 -0.047097
0.529914 -0.046369
0.602032 -0.044196
0.626161 -0.041002
0.605064 -0.037160
0.549673 -0.032988
0.473662 -0.028740
0.389498 -0.024614
0.306502 -0.020750
0.230500 -0.017238
0.164366 -0.014124
0.108895 -0.011425
0.063648 -0.009131
0.027594 -0.007214
-0.000476 -0.005638
-0.021727 -0.004362
-0.037200 -0.002964
-0.047797 0.004183
-0.054313 0.030078
-0.057462 0.086425
-0.057898 0.176238
-0.056225 0.293288
-0.052996 0.425910
-0.048707 0.561491
-0.043788 0.689628
-0.038596 0.803313
-0.033414 0.898690
-0.028455 0.969428
-0.023865 1.003576
-0.019732 0.991530
-0.016099 0.932663
-0.012971 0.835564
-0.010328 0.714039
-0.008133 0.582558
-0.006336 0.453146
-0.004888 0.334096
-0.003734 0.230025
-0.002827 0.142639
-0.002122 0.071696
-0.001580 0.015851
-0.001167 -0.026719
-0.000855 -0.057560
-0.000622 -0.072906
-0.000409 -0.061438
-0.000253 -0.012945
-0.000139 0.073894
-0.000058 0.186093
0.000000 0.297995
0.000000 0.384413
0.000000 0.431137
0.000000 0.436818
0.000000 0.409132
0.000000 0.359553
0.000000 0.299296
0.000000 0.237142
0.000000 0.178831
0.000000 0.127410
0.000000 0.083965
0.000000 0.048374
0.000000 0.019916
0.000000 -0.001955
0.000000 -0.012559
0.000000 0.000261
0.000000 0.047490
0.000000 0.131523
0.000000 0.245616
0.000000 0.377544
0.000000 0.513847
0.000000 0.638051
0.000000 0.729842
0.000000 0.773709
0.000000 0.765615
0.000000 0.712620
0.000000 0.628231
0.000000 0.527305
0.000000 0.422508
0.000000 0.322937
0.000000 0.233906
0.000000 0.157748
0.000000 0.094773
0.000000 0.044135
0.000000 0.004470
0.000378 -0.025710
0.006719 -0.047820
0.031986 -0.063130
0.087849 -0.072761
0.177292 -0.077714
0.294062 -0.078892
0.426474 -0.077117
0.561900 -0.073138
0.689881 -0.067581
0.803453 -0.061082
0.898749 -0.054128
0.969428 -0.047111
1.003576 -0.040370
0.991530 -0.034065
0.932663 -0.028335
0.835564 -0.023253
0.714039 -0.018843
0.582558 -0.015088
0.453146 -0.011946
0.334096 -0.009357
0.230025 -0.007255
0.142639 -0.005571
0.071696 -0.004239
0.015851 -0.003197
-0.026719 -0.002391
-0.057560 -0.001774
-0.072906 -0.001306
-0.061438 -0.000913
-0.012945 -0.000622
0.074272 -0.000409
0.192434 -0.000253
0.323261 -0.000139
0.440275 -0.000058
0.520581 0.000000
0.553588 0.000000
0.541544 0.000000
0.494979 0.000000
0.427277 0.000000
0.350714 0.000000
0.274504 0.000000
0.204432 0.000000
0.143379 0.000000
0.092190 0.000000
0.050493 0.000000
0.017339 0.000000
-0.008392 0.000000
-0.027782 0.000000
-0.041789 0.000000
-0.051247 0.000000
-0.056844 0.000378
-0.059294 0.006719
-0.059204 0.031986
-0.057138 0.087849
-0.053618 0.176914
-0.049116 0.287343
-0.044040 0.394488
-0.038735 0.474051
-0.033472 0.512588
-0.028455 0.509391
-0.023865 0.472652
-0.019732 0.414248
-0.016099 0.345682
-0.012971 0.275925
-0.010328 0.210829
-0.008133 0.153479
-0.006336 0.104951
-0.004888 0.065079
-0.003734 0.033072
-0.002827 0.008300
-0.002122 -0.004643
-0.001580 0.006315
-0.001167 0.052080
-0.000855 0.134973
-0.000622 0.248147
-0.000409 0.378999
-0.000253 0.508811
-0.000139 0.613698
-0.000058 0.674602
0.000000 0.684674
0.000000 0.649098
0.000000 0.580348
0.000000 0.492864
0.000000 0.399324
0.000000 0.308936
0.000000 0.227263
0.000000 0.156885
0.000000 0.098334
0.000000 0.050957
0.000000 0.013558
0.000378 -0.015202
0.006719 -0.036597
0.031986 -0.051764
0.087849 -0.061699
0.176914 -0.067284
0.287343 -0.069316
0.394488 -0.068527
0.474051 -0.065589
0.512588 -0.061110
0.509391 -0.055587
0.472652 -0.049535
0.414248 -0.043328
0.345682 -0.037255
0.275925 -0.031570
0.210829 -0.026360
0.153479 -0.021707
0.104951 -0.017645
0.065079 -0.014169
0.033072 -0.011247
0.007922 -0.008831
-0.011363 -0.006862
-0.025671 -0.005280
-0.035769 -0.004025
-0.042320 -0.003041
-0.045915 -0.001900
-0.047097 0.005027
-0.046369 0.030738
-0.044196 0.086935
-0.041002 0.176670
-0.037160 0.293654
-0.032988 0.426222
-0.028740 0.561760
-0.024614 0.689822
-0.020750 0.803075
-0.017238 0.892407
-0.014124 0.944162
-0.011425 0.947714
-0.009131 0.902086
-0.007214 0.815893
-0.005638 0.703152
-0.004362 0.578614
-0.003341 0.454577
-0.002536 0.339574
-0.001908 0.238423
-0.001424 0.153003
-0.001054 0.083224
-0.000774 0.027880
-0.000564 -0.014725
-0.000409 -0.046013
-0.000253 -0.062105
-0.000139 -0.051583
-0.000058 -0.004145
0.000000 0.081599
0.000000 0.192720
0.000000 0.303603
0.000000 0.389087
0.000000 0.434978
0.000000 0.439933
0.000000 0.411627
0.000000 0.361528
0.000000 0.300842
0.000000 0.238339
0.000000 0.179750
0.000000 0.128109
0.000000 0.084491
0.000000 0.048767
0.000000 0.020207
0.000378 -0.002119
0.006719 -0.019123
0.031986 -0.031612
0.087849 -0.040277
0.177292 -0.045711
0.294062 -0.048446
0.426474 -0.048930
0.561522 -0.047675
0.683161 -0.045110
0.771467 -0.041625
0.811278 -0.037569
0.798855 -0.033240
0.741500 -0.028880
0.652904 -0.024673
0.548055 -0.020750
0.439746 -0.017238
0.337061 -0.014124
0.245331 -0.011425
0.166879 -0.009131
0.101987 -0.007214
0.049773 -0.005638
0.008832 -0.004362
-0.022369 -0.002964
-0.045284 0.004183
-0.061222 0.030078
-0.071338 0.086425
-0.076660 0.176238
-0.078118 0.292911
-0.076553 0.419190
-0.072729 0.529505
-0.067328 0.601780
-0.060943 0.626021
-0.054070 0.605006
-0.047111 0.549673
-0.040370 0.473662
-0.034065 0.389498
-0.028335 0.306502
-0.023253 0.230500
-0.018843 0.164366
-0.015088 0.108895
-0.011946 0.063648
-0.009357 0.027594
-0.007255 -0.000098
-0.005571 -0.015008
-0.004239 -0.005214
-0.003197 0.040051
-0.002391 0.122979
-0.001774 0.236222
-0.001306 0.361857
-0.000913 0.473689
-0.000622 0.549036
-0.000409 0.577453
-0.000253 0.561276
-0.000139 0.511078
-0.000058 0.440248
0.000000 0.361042
0.000000 0.282637
0.000000 0.210768
0.000000 0.148267
0.000000 0.095924
0.000000 0.053320
0.000000 0.019462
0.000000 -0.006434
0.000000 -0.019895
0.000000 -0.008948
0.000000 0.037224
0.000000 0.120857
0.000000 0.235020
0.000000 0.367032
0.000000 0.498101
0.000000 0.604276
0.000000 0.666488
0.000000 0.677794
0.000000 0.643350
0.000000 0.575616
0.000000 0.489023
0.000000 0.396209
0.000000 0.306442
0.000000 0.225288
0.000000 0.155339
0.000000 0.097136
0.000000 0.050038
0.000000 0.012860
0.000000 -0.015350
0.000000 -0.030271
0.000000 -0.020069
0.000000 0.025936
0.000000 0.109475
0.000000 0.217914
0.000000 0.325880
0.000000 0.408405
0.000000 0.451479
0.000000 0.453803
0.000000 0.423117
0.000000 0.370920
0.000000 0.308427
0.000000 0.244355
0.000000 0.184469
0.000000 0.131772
0.000000 0.087306
0.000000 0.050910
0.000000 0.021824
0.000378 -0.000909
0.006719 -0.018225
0.031986 -0.030951
0.087849 -0.039794
0.177292 -0.045361
0.294062 -0.048193
0.426474 -0.048790
0.561900 -0.047617
0.689503 -0.045110
0.796733 -0.041625
0.867140 -0.037569
0.888299 -0.033240
0.858270 -0.028880
0.785316 -0.024673
0.683481 -0.020750
0.567727 -0.017238
0.450633 -0.014124
0.341005 -0.011425
0.243900 -0.009131
0.161401 -0.007214
0.093589 -0.005638
0.039408 -0.004362
-0.002697 -0.003341
-0.034019 -0.002536
-0.050558 -0.001908
-0.040783 -0.001424
0.005711 -0.001054
0.090776 -0.000774
0.207145 -0.000564
0.342216 -0.000409
0.482543 -0.000253
0.616944 -0.000139
0.737458 -0.000058
0.834496 0.000000
0.893936 0.000000
0.904849 0.000000
0.866046 0.000000
0.786012 0.000000
0.678701 0.000000
0.558851 0.000000
0.438790 0.000000
0.327102 0.000000
0.228673 0.000000
0.145457 0.000000
0.077439 0.000000
0.023485 0.000000
-0.018036 0.000000
-0.048863 0.000000
-0.070657 0.000000
-0.084875 0.000000
-0.092907 0.000000
-0.095560 0.000000
-0.088312 0.000000
-0.059152 0.000000
0.002744 0.000000
0.099624 0.000000
0.224605 0.000000
0.365071 0.000000
0.502460 0.000000
0.613055 0.000000
0.678018 0.000000
0.690755 0.000000
0.656715 0.000000
0.588627 0.000000
0.501165 0.000000
0.407210 0.000000
0.316133 0.000000
0.233627 0.000000
0.162369 0.000000
0.102956 0.000000
0.054779 0.000000
0.016666 0.000000
-0.012295 0.000000
-0.027843 0.000000
-0.018155 0.000000
0.027435 0.000000
0.111023 0.000000
0.225170 0.000000
0.351862 0.000000
0.464831 0.000000
0.541331 0.000000
0.570826 0.000000
0.555668 0.000000
0.506404 0.000000
0.436407 0.000000
0.357927 0.000000
0.280142 0.000000
0.208793 0.000000
0.146721 0.000000
0.094726 0.000000
0.052401 0.000000
0.018763 0.000000
-0.006960 0.000000
-0.020288 0.000000
-0.009239 0.000000
0.037010 0.000000
0.120323 0.000000
0.228188 0.000000
0.335342 0.000000
0.416913 0.000000
0.458970 0.000000
0.460275 0.000000
0.428612 0.000000
0.375512 0.000000
0.312209 0.000000
0.247470 0.000000
0.186963 0.000000
0.133747 0.000000
0.088852 0.000000
0.052108 0.000000
0.022743 0.000000
0.000167 0.000000
-0.010980 0.000000
0.001427 0.000000
0.048346 0.000000
0.131768 0.000000
0.239305 0.000000
0.345811 0.000000
0.426516 0.000000
0.467537 0.000000
0.467766 0.000000
0.435083 0.000000
0.381007 0.000000
0.316802 0.000000
0.251253 0.000000
0.190078 0.000000
0.136241 0.000000
0.090827 0.000000
0.053654 0.000000
0.023941 0.000000
0.000709 0.000000
-0.017001 0.000000
-0.029655 0.000000
-0.032391 0.000000
-0.012870 0.000000
0.040025 0.000000
0.128771 0.000000
0.246262 0.000000
0.374784 0.000000
0.488347 0.000000
0.564463 0.000000
0.592920 0.000000
0.576184 0.000000
0.525001 0.000000
0.452912 0.000000
0.372260 0.000000
0.292378 0.000000
0.219075 0.000000
0.155236 0.000000
0.101682 0.000000
0.058010 0.000000
0.023233 0.000000
-0.003817 0.000378
-0.024263 0.006719
-0.039108 0.031986
-0.049221 0.087849
-0.055367 0.177292
-0.058236 0.294062
-0.058462 0.426474
-0.056633 0.561900
-0.053249 0.689881
-0.048847 0.803075
-0.043846 0.892407
-0.038596 0.944162
-0.033414 0.947714
-0.028455 0.902086
-0.023865 0.815893
-0.019732 0.703152
-0.016099 0.578614
-0.012971 0.454577
-0.010328 0.339574
-0.008133 0.238423
-0.006336 0.153003
-0.004888 0.083224
-0.003734 0.027880
-0.002827 -0.014725
-0.002122 -0.046013
-0.001580 -0.062105
-0.001167 -0.051583
-0.000855 -0.004145
-0.000622 0.081976
-0.000409 0.199440
-0.000253 0.335589
-0.000139 0.476935
-0.000058 0.611892
0.000000 0.727276
0.000000 0.806115
0.000000 0.835579
0.000000 0.813431
0.000000 0.747730
0.000000 0.652402
0.000000 0.542356
0.000000 0.430172
0.000000 0.324692
0.000000 0.231036
0.000000 0.151361
0.000000 0.085829
0.000000 0.033467
0.000000 -0.007205
0.000000 -0.037789
0.000000 -0.059809
0.000000 -0.074223
0.000000 -0.076725
0.000000 -0.055443
0.000000 0.000309
0.000000 0.092626
0.000000 0.214453
0.000000 0.353398
0.000000 0.495847
0.000000 0.625250
0.000000 0.721241
0.000000 0.768413
0.000000 0.762816
0.000000 0.711619
0.000000 0.628453
0.000000 0.528293
0.000000 0.423959
0.000000 0.324589
0.000000 0.235581
0.000000 0.159333
0.000000 0.096202
0.000000 0.045378
0.000000 0.005521
0.000378 -0.024841
0.006719 -0.047116
0.031986 -0.062528
0.087849 -0.072251
0.177292 -0.077283
0.294062 -0.078526
0.426474 -0.076805
0.561900 -0.072869
0.689881 -0.067387
0.803453 -0.060943
0.898749 -0.054070
0.969428 -0.047111
1.003576 -0.040370
0.991530 -0.034065
0.932663 -0.028335
0.835564 -0.023253
0.714039 -0.018843
0.582558 -0.015088
0.453146 -0.011946
0.334096 -0.009357
0.230025 -0.007255
0.142639 -0.005571
0.071696 -0.004239
0.015851 -0.003197
-0.026719 -0.002391
-0.057938 -0.001396
-0.079625 0.005413
-0.093424 0.031073
-0.100793 0.087226
-0.103021 0.176506
-0.101250 0.287090
-0.096493 0.394349
-0.089639 0.473993
-0.081451 0.512588
-0.072572 0.509391
-0.063520 0.472652
-0.054695 0.414248
-0.046386 0.345682
-0.038784 0.275925
-0.031998 0.210829
-0.026069 0.153479
-0.020987 0.104951
-0.016706 0.065079
-0.013156 0.033072
-0.010255 0.007922
-0.007916 -0.011363
-0.005677 -0.025671
0.002130 -0.035769
0.028536 -0.042320
0.085318 -0.045915
0.175082 -0.047097
0.286037 -0.046369
0.393575 -0.044196
0.473429 -0.041002
0.512180 -0.037160
0.509138 -0.032988
0.472513 -0.028740
0.414189 -0.024614
0.345682 -0.020750
0.275925 -0.017238
0.210829 -0.014124
0.153479 -0.011425
0.104951 -0.009131
0.065079 -0.007214
0.033072 -0.005638
0.007922 -0.003984
-0.011363 0.003378
-0.025671 0.029450
-0.035769 0.085940
-0.042320 0.175868
-0.045915 0.292631
-0.047097 0.418981
-0.046369 0.529350
-0.044196 0.601624
-0.041002 0.625908
-0.037160 0.604925
-0.032988 0.549615
-0.028740 0.473662
-0.024614 0.389498
-0.020750 0.306502
-0.017238 0.230500
-0.014124 0.164366
-0.011425 0.108895
-0.009131 0.063648
-0.007214 0.027594
-0.005260 -0.000476
0.002358 -0.021727
0.028645 -0.037200
0.085312 -0.047797
0.175384 -0.054313
0.292261 -0.057462
0.418701 -0.057898
0.529140 -0.056225
0.601468 -0.052996
0.625752 -0.048707
0.604812 -0.043788
0.549534 -0.038596
0.473604 -0.033414
0.389498 -0.028455
0.306502 -0.023865
0.230500 -0.019732
0.164366 -0.016099
0.108895 -0.012971
0.063648 -0.010328
0.027594 -0.008133
-0.000476 -0.005959
-0.021727 0.001832
-0.037200 0.028252
-0.047797 0.085021
-0.054313 0.175170
-0.057462 0.292105
-0.057898 0.418588
-0.056225 0.529059
-0.052996 0.601410
-0.048707 0.625752
-0.043788 0.604812
-0.038596 0.549534
-0.033414 0.473604
-0.028455 0.389498
-0.023865 0.306502
-0.019732 0.230500
-0.016099 0.164366
-0.012971 0.108895
-0.010328 0.063648
-0.008133 0.027594
-0.005959 -0.000476
0.001832 -0.021727
0.028252 -0.037200
0.085021 -0.047797
0.175170 -0.054313
0.292105 -0.057462
0.418588 -0.057898
0.529059 -0.056225
0.601410 -0.052996
0.625752 -0.048707
0.604812 -0.043788
0.549534 -0.038596
0.473604 -0.033414
0.389498 -0.028455
0.306502 -0.023865
0.230500 -0.019732
0.164366 -0.016099
0.108895 -0.012971
0.063648 -0.010328
0.027594 -0.008133
-0.000098 -0.006336
-0.015008 -0.004888
-0.005214 -0.003734
0.040051 -0.002827
0.122979 -0.002122
0.236600 -0.001580
0.368576 -0.001167
0.505298 -0.000855
0.630165 -0.000622
0.722759 -0.000409
0.767490 -0.000253
0.760260 -0.000139
0.708086 -0.000058
0.624449 0.000000
0.524190 0.000000
0.420014 0.000000
0.320962 0.000000
0.232360 0.000000
0.156550 0.000000
0.093854 0.000000
0.043436 0.000000
0.003944 0.000000
-0.025725 0.000000
-0.041392 0.000000
-0.031358 0.000000
0.014931 0.000000
0.099465 0.000000
0.214711 0.000000
0.342579 0.000000
0.456776 0.000000
0.534451 0.000000
0.565078 0.000000
0.550936 0.000000
0.502563 0.000000
0.433292 0.000000
0.355433 0.000000
0.278167 0.000000
0.207247 0.000000
0.145523 0.000000
0.093807 0.000000
0.051703 0.000000
0.018237 0.000000
-0.007731 0.000000
-0.027299 0.000000
-0.041439 0.000000
-0.050994 0.000000
-0.056705 0.000000
-0.059236 0.000000
-0.059204 0.000000
-0.057138 0.000000
-0.053618 0.000000
-0.049116 0.000000
-0.044040 0.000000
-0.038735 0.000000
-0.033472 0.000000
-0.028455 0.000000
-0.023865 0.000000
-0.019732 0.000000
-0.016099 0.000000
-0.012971 0.000000
-0.010328 0.000000
-0.008133 0.000000
-0.006336 0.000000
-0.004888 0.000000
-0.003734 0.000000
-0.002827 0.000000
-0.002122 0.000000
-0.001580 0.000000
-0.001167 0.000000
-0.000855 0.000000
-0.000622 0.000000
-0.000409 0.000000
-0.000253 0.000000
-0.000139 0.000000
-0.000058 0.000000
0.000000 0.000000
0.000000 0.000000
0.000000 0.000000
0.000000 0.000000
0.000000 0.000000
0.000000 0.000000
0.000000 0.000000
0.000000 0.000000
0.000000 0.000000
0.000000 0.000000
0.000000 0.000000
0.000000 0.000000
0.000000 0.000000
0.000000 0.000000
0.000000 0.000000
0.000000 0.000000
0.000000 0.000000
0.000000 0.000000
0.000000 0.000000
0.000000 0.000000
0.000000 0.000000
0.000000 0.000000
0.000000 0.000000
0.000000 0.000000
0.000000 0.000000
0.000000 0.000000
0.000000 0.000000
0.000000 0.000000
0.000000 0.000000
0.000000 0.000000
0.000000 0.000000
0.000000 0.000000
0.000000 0.000000
0.000000 0.000000
0.000000 0.000000
0.000000 0.000000
0.000000 0.000000
0.000000 0.000000
0.000000 0.000000
0.000000 0.000000
0.000000 0.000000
0.000000 0.000000
0.000000 0.000000
0.000000 0.000000
0.000000 0.000000
0.000000 0.000000
0.000000 0.000000
0.000000 0.000000
0.000000 0.000000
0.000000 0.000000
0.000000 0.000000
0.000000 0.000000
0.000000 0.000000
0.000000 0.000000
0.000000 0.000000
0.000000 0.000000
0.000000 0.000000
0.000000 0.000000
0.000000 0.000000
0.000000 0.000000
0.000000 0.000000
0.000000 0.000000
0.000000 0.000000
0.000000 0.000000
0.000000 0.000000
0.000000 0.000000
0.000000 0.000000
0.000000 0.000000
0.000000 0.000000
0.000000 0.000000
0.000000 0.000000
0.000000 0.000000
0.000000 0.000000
0.000000 0.000000
0.000000 0.000000
0.000000 0.000000
0.000000 0.000000
