0.000000 0.000000
0.000000 0.000000
0.000000 0.000000
0.000000 0.000000
0.000000 0.000000
0.000000 0.000000
0.000000 0.000000
0.000000 0.000000
0.000000 0.000000
0.000000 0.000000
0.000000 0.000000
0.000000 0.000000
0.000000 0.000000
0.000000 0.000000
0.000000 0.000000
0.000378 0.000000
0.006719 0.000000
0.031986 0.000000
0.087849 0.000000
0.176914 0.000000
0.287343 0.000000
0.394488 0.000000
0.474051 0.000000
0.512588 0.000000
0.509391 0.000000
0.472652 0.000000
0.414248 0.000000
0.345682 0.000000
0.275925 0.000000
0.210829 0.000000
0.153479 0.000000
0.104951 0.000000
0.065079 0.000000
0.033072 0.000000
0.007922 0.000378
-0.011363 0.006719
-0.025671 0.031986
-0.035769 0.087849
-0.042320 0.177292
-0.045915 0.294062
-0.047097 0.426474
-0.046369 0.561900
-0.044196 0.689503
-0.041002 0.796733
-0.037160 0.867140
-0.032988 0.888299
-0.028740 0.858270
-0.024614 0.785316
-0.020750 0.683481
-0.017238 0.567727
-0.014124 0.450633
-0.011425 0.341005
-0.009131 0.243900
-0.007214 0.161401
-0.005638 0.093589
-0.004362 0.039408
-0.003341 -0.002697
-0.002158 -0.034397
0.004811 -0.057278
0.030562 -0.072769
0.086795 -0.082138
0.176518 -0.086516
0.293498 -0.086918
0.426066 -0.084258
0.561647 -0.079357
0.689741 -0.072936
0.803017 -0.065617
0.892407 -0.057911
0.944162 -0.050225
0.947714 -0.042865
0.902086 -0.036040
0.815893 -0.029881
0.703152 -0.024451
0.578614 -0.019762
0.454577 -0.015787
0.339574 -0.012472
0.238423 -0.009750
0.153003 -0.007546
0.083224 -0.005785
0.027880 -0.004395
-0.014725 -0.003310
-0.046391 -0.002472
-0.068825 -0.001454
-0.083569 0.005413
-0.091993 0.031073
-0.095316 0.087226
-0.094623 0.176506
-0.090885 0.287090
-0.084965 0.394349
-0.077610 0.473993
-0.069458 0.512588
-0.061026 0.509391
-0.052720 0.472652
-0.044839 0.414248
-0.037586 0.345682
-0.031079 0.275925
-0.025370 0.210829
-0.020461 0.153479
-0.016313 0.104951
-0.012865 0.065079
-0.010041 0.033072
-0.007760 0.008300
-0.005941 -0.004643
-0.004508 0.006315
-0.003391 0.052080
-0.002531 0.134595
-0.001832 0.241427
-0.001306 0.347391
-0.000913 0.427682
-0.000622 0.468392
-0.000409 0.468388
-0.000253 0.435492
-0.000139 0.381260
-0.000058 0.316941
0.000000 0.251311
0.000000 0.190078
0.000000 0.136241
0.000000 0.090827
0.000000 0.053654
0.000000 0.023941
0.000378 0.000709
0.006719 -0.017001
0.031986 -0.030033
0.087849 -0.039110
0.177292 -0.044856
0.294062 -0.047824
0.426474 -0.048521
0.561900 -0.047423
0.689881 -0.044970
0.803075 -0.041567
0.892407 -0.037569
0.944162 -0.033240
0.947714 -0.028880
0.902086 -0.024673
0.815893 -0.020750
0.703152 -0.017238
0.578614 -0.014124
0.454577 -0.011425
0.339574 -0.009131
0.238423 -0.007214
0.153003 -0.005638
0.083224 -0.004362
0.027880 -0.003341
-0.014725 -0.002536
-0.046391 -0.001530
-0.068825 0.005296
-0.083569 0.030932
-0.091993 0.087075
-0.095316 0.176350
-0.094623 0.286934
-0.090885 0.394236
-0.084965 0.473912
-0.077610 0.512530
-0.069458 0.509391
-0.061026 0.472652
-0.052720 0.414248
-0.044839 0.345682
-0.037586 0.275925
-0.031079 0.210829
-0.025370 0.153479
-0.020461 0.104951
-0.016313 0.065079
-0.012865 0.033072
-0.010041 0.008300
-0.007760 -0.004643
-0.005941 0.006315
-0.004508 0.052080
-0.003391 0.134973
-0.002531 0.248147
-0.001832 0.379377
-0.001306 0.515531
-0.000913 0.645684
-0.000622 0.762450
-0.000409 0.861588
-0.000253 0.936440
-0.000139 0.974836
-0.000058 0.966915
0.000000 0.911912
0.000000 0.818327
0.000000 0.699915
0.000000 0.571132
0.000000 0.444015
0.000000 0.326883
0.000000 0.224387
0.000000 0.138277
0.000000 0.068354
0.000000 0.013315
0.000000 -0.028627
0.000000 -0.058984
0.000000 -0.073959
0.000000 -0.062212
0.000000 -0.013509
0.000000 0.073863
0.000000 0.192560
0.000000 0.329464
0.000000 0.465484
0.000000 0.576443
0.000000 0.643032
0.000000 0.658314
0.000000 0.627390
0.000000 0.562702
0.000000 0.478694
0.000000 0.388076
0.000000 0.300105
0.000000 0.220401
0.000000 0.151604
0.000000 0.094309
0.000000 0.047916
0.000000 0.011280
0.000000 -0.016895
0.000378 -0.037845
0.006719 -0.052678
0.031986 -0.062321
0.087849 -0.067692
0.177292 -0.069569
0.294062 -0.068667
0.426474 -0.065647
0.561900 -0.061110
0.689881 -0.055587
0.803453 -0.049535
0.898749 -0.043328
0.969428 -0.037255
1.003576 -0.031570
0.991530 -0.026360
0.932663 -0.021707
0.835564 -0.017645
0.714039 -0.014169
0.582558 -0.011247
0.453146 -0.008831
0.334096 -0.006862
0.230025 -0.005280
0.142639 -0.004025
0.071696 -0.003041
0.015851 -0.002278
-0.026719 -0.001693
-0.057560 -0.001248
-0.072906 -0.000913
-0.061438 -0.000622
-0.012945 -0.000409
0.074272 -0.000253
0.192812 -0.000139
0.329981 -0.000058
0.472261 0.000000
0.608429 0.000000
0.730503 0.000000
0.828886 0.000000
0.889467 0.000000
0.901328 0.000000
0.863302 0.000000
0.783895 0.000000
0.677084 0.000000
0.557627 0.000000
0.437871 0.000000
0.326418 0.000000
0.228168 0.000000
0.145087 0.000000
0.077170 0.000000
0.023290 0.000000
-0.018175 0.000000
-0.048544 0.000000
-0.063937 0.000000
-0.052889 0.000000
-0.005058 0.000000
0.081354 0.000000
0.199031 0.000000
0.334959 0.000000
0.470076 0.000000
0.580226 0.000000
0.646147 0.000000
0.660809 0.000000
0.629365 0.000000
0.564249 0.000000
0.479892 0.000000
0.388995 0.000000
0.300803 0.000000
0.220927 0.000000
0.151997 0.000000
0.094600 0.000000
0.048130 0.000000
0.011436 0.000000
-0.016404 0.000000
-0.031044 0.000000
-0.020633 0.000000
0.025527 0.000000
0.109600 0.000000
0.224494 0.000000
0.357808 0.000000
0.496253 0.000000
0.628771 0.000000
0.747488 0.000000
0.842871 0.000000
0.900834 0.000000
0.910459 0.000000
0.870516 0.000000
0.789533 0.000000
0.681445 0.000000
0.560968 0.000000
0.440408 0.000000
0.328326 0.000000
0.229592 0.000000
0.146141 0.000000
0.077944 0.000000
0.023855 0.000000
-0.017766 0.000000
-0.048669 0.000000
-0.070140 0.000000
-0.078097 0.000000
-0.060921 0.000000
-0.008090 0.000000
0.081883 0.000000
0.196205 0.000000
0.309384 0.000000
0.396383 0.000000
0.443131 0.000000
0.448365 0.000000
0.419932 0.000000
0.369408 0.000000
0.308096 0.000000
0.244847 0.000000
0.185458 0.000000
0.133018 0.000000
0.088639 0.000000
0.052215 0.000000
0.023031 0.000000
0.000540 0.000000
-0.010584 0.000000
0.001807 0.000000
0.048688 0.000000
0.132442 0.000000
0.246315 0.000000
0.378070 0.000000
0.514240 0.000000
0.638342 0.000000
0.730056 0.000000
0.773865 0.000000
0.765728 0.000000
0.712702 0.000000
0.628290 0.000000
0.527305 0.000000
0.422508 0.000000
0.322937 0.000000
0.233906 0.000000
0.157748 0.000000
0.094773 0.000000
0.044135 0.000000
0.004470 0.000000
-0.025710 0.000000
-0.047820 0.000000
-0.063130 0.000378
-0.072761 0.006719
-0.077714 0.031986
-0.078892 0.087849
-0.077117 0.176914
-0.073138 0.287343
-0.067581 0.394488
-0.061082 0.474051
-0.054128 0.512588
-0.047111 0.509391
-0.040370 0.472652
-0.034065 0.414248
-0.028335 0.345682
-0.023253 0.275925
-0.018843 0.210829
-0.015088 0.153479
-0.011946 0.104951
-0.009357 0.065079
-0.007255 0.033072
-0.005194 0.007922
0.002480 -0.011363
0.028789 -0.025671
0.085457 -0.035769
0.175518 -0.042320
0.292378 -0.045915
0.418841 -0.047097
0.529291 -0.046369
0.601624 -0.044196
0.625908 -0.041002
0.604925 -0.037160
0.549615 -0.032988
0.473662 -0.028740
0.389498 -0.024614
0.306502 -0.020750
0.230500 -0.017238
0.164366 -0.014124
0.108895 -0.011425
0.063648 -0.009131
0.027594 -0.007214
-0.000476 -0.005260
-0.021727 0.002358
-0.037200 0.028645
-0.047797 0.085312
-0.054313 0.175384
-0.057462 0.292639
-0.057898 0.425420
-0.056225 0.561126
-0.052996 0.689316
-0.048707 0.802667
-0.043788 0.892154
-0.038596 0.944022
-0.033414 0.947656
-0.028455 0.902086
-0.023865 0.815893
-0.019732 0.703152
-0.016099 0.578614
-0.012971 0.454577
-0.010328 0.339574
-0.008133 0.238423
-0.006336 0.153003
-0.004888 0.083224
-0.003734 0.027880
-0.002827 -0.014725
-0.001744 -0.046391
0.005140 -0.068825
0.030819 -0.083569
0.086993 -0.091993
0.176292 -0.095316
0.286934 -0.094623
0.394236 -0.090885
0.473912 -0.084965
0.512530 -0.077610
0.509391 -0.069458
0.472652 -0.061026
0.414248 -0.052720
0.345682 -0.044839
0.275925 -0.037586
0.210829 -0.031079
0.153479 -0.025370
0.104951 -0.020461
0.065079 -0.016313
0.033072 -0.012865
0.007922 -0.009663
-0.011363 -0.001041
-0.025671 0.026045
-0.035769 0.083340
-0.042320 0.173901
-0.045915 0.291532
-0.047097 0.424642
-0.046369 0.560594
-0.044196 0.688967
-0.041002 0.802453
-0.037160 0.891998
-0.032988 0.943909
-0.028740 0.947574
-0.024614 0.902028
-0.020750 0.815893
-0.017238 0.703152
-0.014124 0.578614
-0.011425 0.454577
-0.009131 0.339574
-0.007214 0.238423
-0.005638 0.153003
-0.004362 0.083224
-0.003341 0.027880
-0.002536 -0.014725
-0.001908 -0.046013
-0.001424 -0.062105
-0.001054 -0.051583
-0.000774 -0.004145
-0.000564 0.081976
-0.000409 0.199440
-0.000253 0.335589
-0.000139 0.476935
-0.000058 0.612270
0.000000 0.733617
0.000000 0.831381
0.000000 0.891442
0.000000 0.902874
0.000000 0.864500
0.000000 0.784814
0.000000 0.677782
0.000000 0.558153
0.000000 0.438264
0.000000 0.326709
0.000000 0.228382
0.000000 0.145243
0.000000 0.077283
0.000000 0.023372
0.000000 -0.018117
0.000000 -0.048544
0.000000 -0.063937
0.000000 -0.052889
0.000000 -0.005058
0.000000 0.080976
0.000000 0.192312
0.000000 0.303350
0.000000 0.388947
0.000000 0.434920
0.000000 0.439933
0.000000 0.411627
0.000000 0.361528
0.000000 0.300842
0.000000 0.238339
0.000000 0.179750
0.000000 0.128109
0.000000 0.084491
0.000000 0.048767
0.000000 0.020207
0.000000 -0.002119
0.000000 -0.019123
0.000000 -0.031612
0.000378 -0.040277
0.006719 -0.045711
0.031986 -0.048446
0.087849 -0.048930
0.176914 -0.047675
0.287343 -0.045110
0.394488 -0.041625
0.474051 -0.037569
0.512588 -0.033240
0.509391 -0.028880
0.472652 -0.024673
0.414248 -0.020750
0.345682 -0.017238
0.275925 -0.014124
0.210829 -0.011425
0.153479 -0.009131
0.104951 -0.007214
0.065079 -0.005638
0.033072 -0.004362
0.008300 -0.003341
-0.004643 -0.002536
0.006315 -0.001908
0.052080 -0.001424
0.134595 -0.001054
0.241427 -0.000774
0.347391 -0.000564
0.427682 -0.000409
0.468392 -0.000253
0.468388 -0.000139
0.435492 -0.000058
0.381260 0.000000
0.316941 0.000000
0.251311 0.000000
0.190078 0.000000
0.136241 0.000000
0.090827 0.000000
0.053654 0.000000
0.023941 0.000000
0.001086 0.000000
-0.010281 0.000000
0.001953 0.000000
0.048738 0.000000
0.132436 0.000000
0.246239 0.000000
0.377953 0.000000
0.514477 0.000000
0.644533 0.000000
0.755167 0.000000
0.829571 0.000000
0.855059 0.000000
0.829390 0.000000
0.760643 0.000000
0.662730 0.000000
0.550489 0.000000
0.436509 0.000000
0.329580 0.000000
0.234770 0.000000
0.154188 0.000000
0.087951 0.000000
0.035047 0.000000
-0.006038 0.000000
-0.036933 0.000000
-0.059186 0.000000
-0.074192 0.000000
-0.083192 0.000000
-0.087290 0.000378
-0.087482 0.006719
-0.084666 0.031986
-0.079609 0.087849
-0.073076 0.176914
-0.065675 0.287343
-0.057911 0.394488
-0.050225 0.474051
-0.042865 0.512588
-0.036040 0.509391
-0.029881 0.472652
-0.024451 0.414248
-0.019762 0.345682
-0.015787 0.275925
-0.012472 0.210829
-0.009750 0.153479
-0.007546 0.104951
-0.005785 0.065079
-0.004395 0.033072
-0.002932 0.007922
0.004247 -0.011363
0.030154 -0.025671
0.086542 -0.035769
0.176379 -0.042320
0.293440 -0.045915
0.425688 -0.047097
0.554928 -0.046369
0.657755 -0.044196
0.715546 -0.041002
0.721834 -0.037160
0.682085 -0.032988
0.609088 -0.028740
0.517478 -0.024614
0.420074 -0.020750
0.326174 -0.017238
0.241387 -0.014124
0.168310 -0.011425
0.107464 -0.009131
0.058171 -0.007214
0.019196 -0.005638
-0.010840 -0.004362
-0.033256 -0.003341
-0.049228 -0.002536
-0.059791 -0.001908
-0.065860 -0.001424
-0.068262 -0.000676
-0.067753 0.005946
-0.065024 0.031422
-0.060701 0.087440
-0.055335 0.177040
-0.049396 0.293923
-0.043270 0.426416
-0.037255 0.561522
-0.031570 0.683161
-0.026360 0.771467
-0.021707 0.811278
-0.017645 0.798855
-0.014169 0.741500
-0.011247 0.652904
-0.008831 0.548055
-0.006862 0.439746
-0.005280 0.337061
-0.004025 0.245331
-0.003041 0.166879
-0.002278 0.101987
-0.001693 0.049773
-0.001248 0.008832
-0.000913 -0.021991
-0.000622 -0.038565
-0.000409 -0.029236
-0.000253 0.016511
-0.000139 0.100254
-0.000058 0.209225
0.000000 0.317935
0.000000 0.401322
0.000000 0.445260
0.000000 0.448448
0.000000 0.418582
0.000000 0.367137
0.000000 0.305312
0.000000 0.241861
0.000000 0.182494
0.000000 0.130226
0.000000 0.086108
0.000000 0.049991
0.000000 0.021126
0.000378 -0.001435
0.006719 -0.018618
0.031986 -0.031242
0.087849 -0.040008
0.176914 -0.045517
0.287343 -0.048306
0.394488 -0.048872
0.474051 -0.047675
0.512588 -0.045110
0.509391 -0.041625
0.472652 -0.037569
0.414248 -0.033240
0.345682 -0.028880
0.275925 -0.024673
0.210829 -0.020750
0.153479 -0.017238
0.104951 -0.014124
0.065079 -0.011425
0.033072 -0.009131
0.007922 -0.007214
-0.010985 -0.005638
-0.018952 -0.004362
-0.003783 -0.003341
0.045529 -0.002536
0.130999 -0.001908
0.240245 -0.001424
0.348119 -0.001054
0.429855 -0.000774
0.471586 -0.000564
0.472230 -0.000409
0.439664 -0.000253
0.385507 -0.000139
0.321067 -0.000058
0.255175 0.000000
0.193591 0.000000
0.139355 0.000000
0.093526 0.000000
0.055949 0.000000
0.025858 0.000000
0.002284 0.000000
-0.015724 0.000378
-0.029012 0.006719
-0.038305 0.031986
-0.044228 0.087849
-0.047339 0.176914
-0.048151 0.287343
-0.047143 0.394488
-0.044761 0.474051
-0.041411 0.512588
-0.037413 0.509391
-0.033127 0.472652
-0.028798 0.414248
-0.024614 0.345682
-0.020750 0.275925
-0.017238 0.210829
-0.014124 0.153479
-0.011425 0.104951
-0.009131 0.065079
-0.007214 0.033072
-0.005260 0.007922
0.002358 -0.011363
0.028645 -0.025671
0.085312 -0.035769
0.175384 -0.042320
0.292639 -0.045915
0.425420 -0.047097
0.561126 -0.046369
0.688939 -0.044196
0.796325 -0.041002
0.866888 -0.037160
0.888160 -0.032988
0.858212 -0.028740
0.785316 -0.024614
0.683481 -0.020750
0.567727 -0.017238
0.450633 -0.014124
0.341005 -0.011425
0.243900 -0.009131
0.161401 -0.007214
0.093589 -0.005638
0.039408 -0.004362
-0.002697 -0.003341
-0.034397 -0.002158
-0.057278 0.004811
-0.072769 0.030562
-0.082138 0.086795
-0.086516 0.176518
-0.086918 0.293120
-0.084258 0.419346
-0.079357 0.529661
-0.072936 0.601893
-0.065617 0.626102
-0.057911 0.605064
-0.050225 0.549673
-0.042865 0.473662
-0.036040 0.389498
-0.029881 0.306502
-0.024451 0.230500
-0.019762 0.164366
-0.015787 0.108895
-0.012472 0.063648
-0.009750 0.027594
-0.007546 -0.000098
-0.005785 -0.015008
-0.004395 -0.005214
-0.003310 0.040051
-0.002472 0.122979
-0.001832 0.236600
-0.001306 0.368576
-0.000913 0.505675
-0.000622 0.636507
-0.000409 0.748026
-0.000253 0.823352
-0.000139 0.849703
-0.000058 0.824856
0.000000 0.756861
0.000000 0.659616
0.000000 0.547994
0.000000 0.434534
0.000000 0.328033
0.000000 0.233572
0.000000 0.153269
0.000000 0.087252
0.000000 0.034521
0.000000 -0.006431
0.000000 -0.036847
0.000000 -0.052681
0.000000 -0.042362
0.000000 0.004544
0.000000 0.089921
0.000000 0.206522
0.000000 0.341808
0.000000 0.481913
0.000000 0.610085
0.000000 0.705792
0.000000 0.753367
0.000000 0.748630
0.000000 0.698635
0.000000 0.616864
0.000000 0.518174
0.000000 0.415295
0.000000 0.317299
0.000000 0.229545
0.000000 0.154407
0.000000 0.092237
0.000000 0.042227
0.000000 0.003046
0.000000 -0.026764
0.000000 -0.048594
0.000000 -0.063694
0.000000 -0.073170
0.000000 -0.077967
0.000000 -0.079031
0.000000 -0.077175
0.000000 -0.073138
0.000000 -0.067581
0.000000 -0.061082
0.000000 -0.054128
0.000000 -0.047111
0.000000 -0.040370
0.000000 -0.034065
0.000000 -0.028335
0.000000 -0.023253
0.000000 -0.018843
0.000000 -0.015088
0.000000 -0.011946
0.000000 -0.009357
0.000000 -0.007255
0.000000 -0.005571
0.000000 -0.004239
0.000000 -0.003197
0.000000 -0.002391
0.000000 -0.001774
0.000000 -0.001306
0.000000 -0.000913
0.000000 -0.000622
0.000000 -0.000409
0.000000 -0.000253
0.000000 -0.000139
0.000000 -0.000058
0.000000 0.000000
0.000000 0.000000
0.000000 0.000000
0.000000 0.000000
0.000000 0.000000
0.000000 0.000000
0.000000 0.000000
0.000000 0.000000
0.000000 0.000000
0.000000 0.000000
0.000000 0.000000
0.000000 0.000000
0.000000 0.000000
0.000000 0.000000
0.000000 0.000000
0.000000 0.000000
0.000000 0.000000
0.000000 0.000000
0.000000 0.000000
0.000000 0.000000
0.000000 0.000000
0.000000 0.000000
0.000000 0.000000
0.000000 0.000000
0.000000 0.000000
0.000000 0.000000
0.000000 0.000000
0.000000 0.000000
0.000000 0.000000
0.000000 0.000000
0.000000 0.000000
0.000000 0.000000
0.000000 0.000000
0.000000 0.000000
0.000000 0.000000
0.000000 0.000000
0.000000 0.000000
0.000000 0.000000
0.000000 0.000000
0.000000 0.000000
0.000000 0.000000
0.000000 0.000000
0.000000 0.000000
0.000000 0.000000
0.000000 0.000000
0.000000 0.000000
0.000000 0.000000
0.000000 0.000000
0.000000 0.000000
0.000000 0.000000
0.000000 0.000000
0.000000 0.000000
0.000000 0.000000
0.000000 0.000000
0.000000 0.000000
0.000000 0.000000
0.000000 0.000000
0.000000 0.000000
0.000000 0.000000
0.000000 0.000000
0.000000 0.000000
0.000000 0.000000
0.000000 0.000000
0.000000 0.000000
0.000000 0.000000
0.000000 0.000000
0.000000 0.000000
0.000000 0.000000
0.000000 0.000000
