0.000000 0.000000
0.000000 0.000000
0.000000 0.000000
0.000000 0.000000
0.000000 0.000000
0.000000 0.000000
0.000000 0.000000
0.000000 0.000000
0.000000 0.000000
0.000000 0.000000
0.000000 0.000000
0.000000 0.000000
0.000000 0.000000
0.000000 0.000000
0.000000 0.000000
0.000000 0.000378
0.000000 0.006719
0.000000 0.031986
0.000000 0.087849
0.000000 0.177292
0.000000 0.294062
0.000000 0.426474
0.000000 0.561900
0.000000 0.689503
0.000000 0.796733
0.000000 0.867140
0.000000 0.888299
0.000000 0.858270
0.000000 0.785316
0.000000 0.683481
0.000000 0.567727
0.000000 0.450633
0.000000 0.341005
0.000000 0.243900
0.000000 0.161401
0.000000 0.093589
0.000000 0.039408
0.000000 -0.002697
0.000378 -0.034397
0.006719 -0.057278
0.031986 -0.072769
0.087849 -0.082138
0.176914 -0.086516
0.287343 -0.086918
0.394488 -0.084258
0.474051 -0.079357
0.512588 -0.072936
0.509391 -0.065617
0.472652 -0.057911
0.414248 -0.050225
0.345682 -0.042865
0.275925 -0.036040
0.210829 -0.029881
0.153479 -0.024451
0.104951 -0.019762
0.065079 -0.015787
0.033072 -0.012472
0.007922 -0.009372
-0.011363 -0.000827
-0.025671 0.026201
-0.035769 0.083453
-0.042320 0.173982
-0.045915 0.291590
-0.047097 0.424264
-0.046369 0.553874
-0.044196 0.656981
-0.041002 0.714982
-0.037160 0.721426
-0.032988 0.681833
-0.028740 0.608949
-0.024614 0.517420
-0.020750 0.420074
-0.017238 0.326174
-0.014124 0.241387
-0.011425 0.168310
-0.009131 0.107464
-0.007214 0.058171
-0.005638 0.019196
-0.004362 -0.010463
-0.003341 -0.026536
-0.002536 -0.017242
-0.001908 0.028058
-0.001424 0.111432
-0.001054 0.225800
-0.000774 0.358721
-0.000564 0.496498
-0.000409 0.622460
-0.000253 0.716132
-0.000139 0.761882
-0.000058 0.755586
0.000000 0.704245
0.000000 0.621334
0.000000 0.521695
0.000000 0.418039
0.000000 0.319415
0.000000 0.231162
0.000000 0.155631
0.000000 0.093156
0.000000 0.042910
0.000000 0.003551
0.000378 -0.026394
0.006719 -0.048325
0.031986 -0.063500
0.087849 -0.073030
0.177292 -0.077909
0.294062 -0.079031
0.426474 -0.077175
0.561522 -0.073138
0.683161 -0.067581
0.771467 -0.061082
0.811278 -0.054128
0.798855 -0.047111
0.741500 -0.040370
0.652904 -0.034065
0.548055 -0.028335
0.439746 -0.023253
0.337061 -0.018843
0.245331 -0.015088
0.166879 -0.011946
0.101987 -0.009357
0.049773 -0.007255
0.008832 -0.005571
-0.022369 -0.004239
-0.045284 -0.002819
-0.061222 0.004328
-0.071338 0.030212
-0.076660 0.086542
-0.078118 0.176379
-0.076553 0.293440
-0.072729 0.426066
-0.067328 0.561647
-0.060943 0.689741
-0.054070 0.803017
-0.047111 0.892407
-0.040370 0.944162
-0.034065 0.947714
-0.028335 0.902086
-0.023253 0.815893
-0.018843 0.703152
-0.015088 0.578614
-0.011946 0.454577
-0.009357 0.339574
-0.007255 0.238423
-0.005571 0.153003
-0.004239 0.083224
-0.003197 0.027880
-0.002391 -0.014725
-0.001396 -0.046391
0.005413 -0.068825
0.031073 -0.083569
0.087226 -0.091993
0.176506 -0.095316
0.287090 -0.094623
0.394349 -0.090885
0.473993 -0.084965
0.512588 -0.077610
0.509391 -0.069458
0.472652 -0.061026
0.414248 -0.052720
0.345682 -0.044839
0.275925 -0.037586
0.210829 -0.031079
0.153479 -0.025370
0.104951 -0.020461
0.065079 -0.016313
0.033072 -0.012865
0.008300 -0.010041
-0.004643 -0.007760
0.006315 -0.005941
0.052080 -0.004508
0.134595 -0.003391
0.241427 -0.002531
0.347391 -0.001832
0.427682 -0.001306
0.468392 -0.000913
0.468388 -0.000622
0.435492 -0.000409
0.381260 -0.000253
0.316941 -0.000139
0.251311 -0.000058
0.190078 0.000000
0.136241 0.000000
0.090827 0.000000
0.053654 0.000000
0.023941 0.000000
0.000709 0.000378
-0.017001 0.006719
-0.030033 0.031986
-0.039110 0.087849
-0.044856 0.177292
-0.047824 0.294062
-0.048521 0.426474
-0.047423 0.561900
-0.044970 0.689503
-0.041567 0.796733
-0.037569 0.867140
-0.033240 0.888299
-0.028880 0.858270
-0.024673 0.785316
-0.020750 0.683481
-0.017238 0.567727
-0.014124 0.450633
-0.011425 0.341005
-0.009131 0.243900
-0.007214 0.161401
-0.005638 0.093589
-0.004362 0.039408
-0.003341 -0.002697
-0.002158 -0.034397
0.004811 -0.057278
0.030562 -0.072769
0.086795 -0.082138
0.176518 -0.086516
0.293498 -0.086918
0.426066 -0.084258
0.561647 -0.079357
0.689741 -0.072936
0.803017 -0.065617
0.892407 -0.057911
0.944162 -0.050225
0.947714 -0.042865
0.902086 -0.036040
0.815893 -0.029881
0.703152 -0.024451
0.578614 -0.019762
0.454577 -0.015787
0.339574 -0.012472
0.238423 -0.009750
0.153003 -0.007546
0.083224 -0.005785
0.027880 -0.004395
-0.014725 -0.003310
-0.046013 -0.002472
-0.062105 -0.001832
-0.051583 -0.001306
-0.004145 -0.000913
0.081976 -0.000622
0.199062 -0.000409
0.328869 -0.000253
0.444949 -0.000139
0.524422 -0.000058
0.556703 0.000000
0.544038 0.000000
0.496953 0.000000
0.428823 0.000000
0.351912 0.000000
0.275423 0.000000
0.205130 0.000000
0.143905 0.000000
0.092583 0.000000
0.050784 0.000000
0.017553 0.000000
-0.007858 0.000000
-0.020949 0.000000
-0.009722 0.000000
0.036660 0.000000
0.120448 0.000000
0.234768 0.000000
0.367270 0.000000
0.504384 0.000000
0.629543 0.000000
0.722351 0.000000
0.767237 0.000000
0.760120 0.000000
0.708028 0.000000
0.624449 0.000000
0.524190 0.000000
0.420014 0.000000
0.320962 0.000000
0.232360 0.000000
0.156550 0.000000
0.093854 0.000000
0.043436 0.000000
0.003944 0.000000
-0.026103 0.000378
-0.048111 0.006719
-0.063344 0.031986
-0.072917 0.087849
-0.077827 0.176914
-0.078973 0.287343
-0.077175 0.394488
-0.073138 0.474051
-0.067581 0.512588
-0.061082 0.509391
-0.054128 0.472652
-0.047111 0.414248
-0.040370 0.345682
-0.034065 0.275925
-0.028335 0.210829
-0.023253 0.153479
-0.018843 0.104951
-0.015088 0.065079
-0.011946 0.033072
-0.009357 0.008300
-0.007255 -0.004643
-0.005571 0.006315
-0.004239 0.052080
-0.003197 0.134973
-0.002391 0.247769
-0.001774 0.372657
-0.001306 0.483545
-0.000913 0.557836
-0.000622 0.585158
-0.000409 0.567904
-0.000253 0.516686
-0.000139 0.444922
-0.000058 0.364883
0.000000 0.285752
0.000000 0.213263
0.000000 0.150242
0.000000 0.097470
0.000000 0.054518
0.000000 0.020380
0.000000 -0.006114
0.000000 -0.025711
0.000000 -0.033822
0.000000 -0.018347
0.000000 0.031627
0.000000 0.118029
0.000000 0.228391
0.000000 0.337490
0.000000 0.420491
0.000000 0.463473
0.000000 0.465350
0.000000 0.433917
0.000000 0.380775
0.000000 0.317226
0.000000 0.252060
0.000000 0.191096
0.000000 0.137380
0.000000 0.091980
0.000000 0.054751
0.000000 0.024939
0.000000 0.001964
0.000000 -0.009531
0.000000 0.002581
0.000000 0.049253
0.000000 0.132850
0.000000 0.246567
0.000000 0.378210
0.000000 0.514676
0.000000 0.645062
0.000000 0.762042
0.000000 0.861336
0.000000 0.936301
0.000000 0.974778
0.000000 0.966915
0.000000 0.911912
0.000000 0.818327
0.000000 0.699915
0.000000 0.571132
0.000000 0.444015
0.000000 0.326883
0.000000 0.224387
0.000000 0.138277
0.000000 0.068354
0.000000 0.013315
0.000000 -0.028627
0.000000 -0.059361
0.000378 -0.080679
0.006719 -0.094198
0.031986 -0.101357
0.087849 -0.103429
0.176914 -0.101503
0.287343 -0.096633
0.394488 -0.089697
0.474051 -0.081451
0.512588 -0.072572
0.509391 -0.063520
0.472652 -0.054695
0.414248 -0.046386
0.345682 -0.038784
0.275925 -0.031998
0.210829 -0.026069
0.153479 -0.020987
0.104951 -0.016706
0.065079 -0.013156
0.033072 -0.010255
0.008300 -0.007916
-0.004643 -0.006054
0.006315 -0.004589
0.052080 -0.003450
0.134973 -0.002531
0.248147 -0.001832
0.379377 -0.001306
0.515153 -0.000913
0.638965 -0.000622
0.730464 -0.000409
0.774117 -0.000253
0.765868 -0.000139
0.712760 -0.000058
0.628290 0.000000
0.527305 0.000000
0.422508 0.000000
0.322937 0.000000
0.233906 0.000000
0.157748 0.000000
0.094773 0.000000
0.044135 0.000000
0.004470 0.000000
-0.025710 0.000378
-0.047820 0.006719
-0.063130 0.031986
-0.072761 0.087849
-0.077714 0.176914
-0.078892 0.287343
-0.077117 0.394488
-0.073138 0.474051
-0.067581 0.512588
-0.061082 0.509391
-0.054128 0.472652
-0.047111 0.414248
-0.040370 0.345682
-0.034065 0.275925
-0.028335 0.210829
-0.023253 0.153479
-0.018843 0.104951
-0.015088 0.065079
-0.011946 0.033072
-0.009357 0.007922
-0.007255 -0.011363
-0.005571 -0.025671
-0.004239 -0.035769
-0.003197 -0.042320
-0.002391 -0.045538
-0.001774 -0.040378
-0.001306 -0.014383
-0.000913 0.043652
-0.000622 0.135912
-0.000409 0.250182
-0.000253 0.361500
-0.000139 0.445311
-0.000058 0.487974
0.000000 0.488640
0.000000 0.455414
0.000000 0.400123
0.000000 0.334256
0.000000 0.266795
0.000000 0.203615
0.000000 0.147841
0.000000 0.100590
0.000000 0.061738
0.000000 0.030536
0.000000 0.006392
0.000000 -0.006067
0.000000 0.005261
0.000000 0.051306
0.000000 0.134031
0.000000 0.241019
0.000000 0.347138
0.000000 0.427543
0.000000 0.468334
0.000000 0.468388
0.000000 0.435492
0.000000 0.381260
0.000000 0.316941
0.000000 0.251311
0.000000 0.190078
0.000000 0.136241
0.000000 0.090827
0.000000 0.053654
0.000000 0.023941
0.000378 0.000709
0.006719 -0.017001
0.031986 -0.030033
0.087849 -0.039110
0.177292 -0.044856
0.293684 -0.047824
0.419755 -0.048521
0.529914 -0.047423
0.602032 -0.044970
0.626161 -0.041567
0.605064 -0.037569
0.549673 -0.033240
0.473662 -0.028880
0.389498 -0.024673
0.306502 -0.020750
0.230500 -0.017238
0.164366 -0.014124
0.108895 -0.011425
0.063648 -0.009131
0.027594 -0.007214
-0.000476 -0.005260
-0.021727 0.002358
-0.037200 0.028645
-0.047797 0.085312
-0.054313 0.175006
-0.057462 0.285919
-0.057898 0.393434
-0.056225 0.473278
-0.052996 0.512024
-0.048707 0.508982
-0.043788 0.472400
-0.038596 0.414108
-0.033414 0.345623
-0.028455 0.275925
-0.023865 0.210829
-0.019732 0.153479
-0.016099 0.104951
-0.012971 0.065079
-0.010328 0.033072
-0.008133 0.008300
-0.006336 -0.004643
-0.004888 0.006315
-0.003734 0.052080
-0.002827 0.134595
-0.002122 0.241427
-0.001580 0.347391
-0.001167 0.427682
-0.000855 0.468392
-0.000622 0.468388
-0.000409 0.435492
-0.000253 0.381260
-0.000139 0.316941
-0.000058 0.251311
0.000000 0.190078
0.000000 0.136241
0.000000 0.090827
0.000000 0.053654
0.000000 0.023941
0.000000 0.000709
0.000000 -0.017001
0.000378 -0.030033
0.006719 -0.039110
0.031986 -0.044856
0.087849 -0.047824
0.177292 -0.048521
0.294062 -0.047423
0.426474 -0.044970
0.561900 -0.041567
0.689503 -0.037569
0.796733 -0.033240
0.867140 -0.028880
0.888299 -0.024673
0.858270 -0.020750
0.785316 -0.017238
0.683481 -0.014124
0.567727 -0.011425
0.450633 -0.009131
0.341005 -0.007214
0.243900 -0.005638
0.161401 -0.004362
0.093589 -0.003341
0.039408 -0.002536
-0.002697 -0.001908
-0.034019 -0.001424
-0.050558 -0.001054
-0.040783 -0.000774
0.005711 -0.000564
0.090398 -0.000409
0.200425 -0.000253
0.310230 -0.000139
0.394695 -0.000058
0.439652 0.000000
0.443774 0.000000
0.414741 0.000000
0.364022 0.000000
0.302817 0.000000
0.239886 0.000000
0.180948 0.000000
0.129028 0.000000
0.085189 0.000000
0.049293 0.000000
0.020600 0.000000
-0.001828 0.000378
-0.018909 0.006719
-0.031456 0.031986
-0.040164 0.087849
-0.045630 0.177292
-0.048388 0.293684
-0.048930 0.419755
-0.047675 0.529914
-0.045110 0.602032
-0.041625 0.626161
-0.037569 0.605064
-0.033240 0.549673
-0.028880 0.473662
-0.024673 0.389498
-0.020750 0.306502
-0.017238 0.230500
-0.014124 0.164366
-0.011425 0.108895
-0.009131 0.063648
-0.007214 0.027594
-0.005638 -0.000098
-0.004362 -0.015008
-0.003341 -0.005214
-0.002536 0.040051
-0.001908 0.122979
-0.001424 0.236600
-0.001054 0.368576
-0.000774 0.505675
-0.000564 0.636885
-0.000409 0.754368
-0.000253 0.848619
-0.000139 0.905566
-0.000058 0.914300
0.000000 0.873631
0.000000 0.792028
0.000000 0.683420
0.000000 0.562514
0.000000 0.441606
0.000000 0.329245
0.000000 0.230290
0.000000 0.146667
0.000000 0.078337
0.000000 0.024145
0.000000 -0.017553
0.000000 -0.048135
0.000000 -0.063685
0.000000 -0.052750
0.000000 -0.005000
0.000000 0.081354
0.000000 0.199031
0.000000 0.334959
0.000000 0.470076
0.000000 0.580226
0.000000 0.646147
0.000000 0.660809
0.000000 0.629365
0.000000 0.564249
0.000000 0.479892
0.000000 0.388995
0.000000 0.300803
0.000000 0.220927
0.000000 0.151997
0.000000 0.094600
0.000000 0.048130
0.000000 0.011436
0.000000 -0.016404
0.000000 -0.031044
0.000000 -0.020633
0.000000 0.025527
0.000000 0.109600
0.000000 0.224494
0.000000 0.357430
0.000000 0.489534
0.000000 0.596785
0.000000 0.660017
0.000000 0.672299
0.000000 0.638758
0.000000 0.571833
0.000000 0.485908
0.000000 0.393714
0.000000 0.304467
0.000000 0.223742
0.000000 0.154141
0.000000 0.096217
0.000000 0.049340
0.000000 0.012334
0.000378 -0.016121
0.006719 -0.037281
0.031986 -0.052269
0.087849 -0.062069
0.176914 -0.067553
0.287343 -0.069510
0.394488 -0.068667
0.474051 -0.065647
0.512588 -0.061110
0.509391 -0.055587
0.472652 -0.049535
0.414248 -0.043328
0.345682 -0.037255
0.275925 -0.031570
0.210829 -0.026360
0.153479 -0.021707
0.104951 -0.017645
0.065079 -0.014169
0.033072 -0.011247
0.008300 -0.008831
-0.004643 -0.006862
0.006315 -0.005280
0.052080 -0.004025
0.134973 -0.003041
0.248147 -0.002278
0.378999 -0.001693
0.508811 -0.001248
0.613698 -0.000913
0.674602 -0.000622
0.684674 -0.000409
0.649098 -0.000253
0.580348 -0.000139
0.492864 -0.000058
0.399324 0.000000
0.308936 0.000000
0.227263 0.000000
0.156885 0.000000
0.098334 0.000000
0.050957 0.000000
0.013558 0.000000
-0.014824 0.000000
-0.029878 0.000000
-0.019778 0.000000
0.026149 0.000000
0.109631 0.000000
0.218027 0.000000
0.325961 0.000000
0.408463 0.000000
0.451479 0.000000
0.453803 0.000000
0.423117 0.000000
0.370920 0.000000
0.308427 0.000000
0.244355 0.000000
0.184469 0.000000
0.131772 0.000000
0.087306 0.000000
0.050910 0.000000
0.021824 0.000000
-0.000909 0.000000
-0.018225 0.000000
-0.030951 0.000000
-0.039416 0.000000
-0.038641 0.000000
-0.016207 0.000000
0.039058 0.000000
0.129675 0.000000
0.248953 0.000000
0.384849 0.000000
0.524331 0.000000
0.656263 0.000000
0.767854 0.000000
0.842468 0.000000
0.867549 0.000000
0.841032 0.000000
0.771192 0.000000
0.672055 0.000000
0.558596 0.000000
0.443419 0.000000
0.335367 0.000000
0.239539 0.000000
0.158060 0.000000
0.091053 0.000000
0.037500 0.000000
-0.004121 0.000000
-0.035073 0.000000
-0.051332 0.000000
-0.041347 0.000000
0.005302 0.000000
0.090146 0.000000
0.200286 0.000000
0.310172 0.000000
0.394695 0.000000
0.439652 0.000000
0.443774 0.000000
0.414741 0.000000
0.364022 0.000000
0.302817 0.000000
0.239886 0.000000
0.180948 0.000000
0.129028 0.000000
0.085189 0.000000
0.049293 0.000000
0.020600 0.000000
-0.001450 0.000000
-0.012189 0.000000
0.000530 0.000000
0.047685 0.000000
0.131662 0.000000
0.245674 0.000000
0.377167 0.000000
0.507505 0.000000
0.612785 0.000000
0.673980 0.000000
0.684265 0.000000
0.648845 0.000000
0.580208 0.000000
0.492806 0.000000
0.399324 0.000000
0.308936 0.000000
0.227263 0.000000
0.156885 0.000000
0.098334 0.000000
0.050957 0.000000
0.013558 0.000000
-0.015202 0.000000
-0.036597 0.000000
-0.051764 0.000000
-0.061699 0.000000
-0.067284 0.000000
-0.069316 0.000000
-0.068527 0.000000
-0.065589 0.000000
-0.061110 0.000000
-0.055587 0.000000
-0.049535 0.000000
-0.043328 0.000000
-0.037255 0.000000
-0.031570 0.000000
-0.026360 0.000000
-0.021707 0.000000
-0.017645 0.000000
-0.014169 0.000000
-0.011247 0.000000
-0.008831 0.000000
-0.006862 0.000000
-0.005280 0.000000
-0.004025 0.000000
-0.003041 0.000000
-0.002278 0.000000
-0.001693 0.000000
-0.001248 0.000000
-0.000913 0.000000
-0.000622 0.000000
-0.000409 0.000000
-0.000253 0.000000
-0.000139 0.000000
-0.000058 0.000000
0.000000 0.000000
0.000000 0.000000
0.000000 0.000000
0.000000 0.000000
0.000000 0.000000
0.000000 0.000000
0.000000 0.000000
0.000000 0.000000
0.000000 0.000000
0.000000 0.000000
0.000000 0.000000
0.000000 0.000000
0.000000 0.000000
0.000000 0.000000
0.000000 0.000000
0.000000 0.000000
0.000000 0.000000
0.000000 0.000000
0.000000 0.000000
0.000000 0.000000
0.000000 0.000000
0.000000 0.000000
0.000000 0.000000
0.000000 0.000000
0.000000 0.000000
0.000000 0.000000
0.000000 0.000000
0.000000 0.000000
0.000000 0.000000
0.000000 0.000000
0.000000 0.000000
0.000000 0.000000
0.000000 0.000000
0.000000 0.000000
0.000000 0.000000
0.000000 0.000000
0.000000 0.000000
0.000000 0.000000
0.000000 0.000000
0.000000 0.000000
0.000000 0.000000
0.000000 0.000000
0.000000 0.000000
0.000000 0.000000
0.000000 0.000000
0.000000 0.000000
0.000000 0.000000
0.000000 0.000000
0.000000 0.000000
0.000000 0.000000
0.000000 0.000000
0.000000 0.000000
0.000000 0.000000
0.000000 0.000000
0.000000 0.000000
0.000000 0.000000
0.000000 0.000000
0.000000 0.000000
0.000000 0.000000
0.000000 0.000000
0.000000 0.000000
0.000000 0.000000
0.000000 0.000000
0.000000 0.000000
0.000000 0.000000
0.000000 0.000000
0.000000 0.000000
0.000000 0.000000
0.000000 0.000000
0.000000 0.000000
0.000000 0.000000
0.000000 0.000000
0.000000 0.000000
0.000000 0.000000
0.000000 0.000000
0.000000 0.000000
0.000000 0.000000
0.000000 0.000000
0.000000 0.000000
0.000000 0.000000
0.000000 0.000000
0.000000 0.000000
0.000000 0.000000
0.000000 0.000000
0.000000 0.000000
0.000000 0.000000
0.000000 0.000000
0.000000 0.000000
0.000000 0.000000
0.000000 0.000000
0.000000 0.000000
0.000000 0.000000
