0.000000 0.000000
0.000000 0.000000
0.000000 0.000000
0.000000 0.000000
0.000000 0.000000
0.000000 0.000000
0.000000 0.000000
0.018566 0.000000
0.165070 0.000000
0.420840 0.000000
0.559289 0.000000
0.498568 0.000000
0.341739 0.000000
0.189522 0.000000
0.079108 0.000000
0.009577 0.000000
-0.029568 0.000000
-0.047478 0.018566
-0.051044 0.165070
-0.045910 0.420840
-0.036718 0.559289
-0.026824 0.498568
-0.018181 0.341739
-0.011557 0.189522
-0.006945 0.079108
-0.003971 0.009577
-0.002172 -0.011003
-0.001141 0.117591
-0.000578 0.388361
-0.000192 0.678448
0.000000 0.882690
0.000000 0.874204
0.000000 0.669909
0.000000 0.409291
0.000000 0.192154
0.000000 0.045569
0.000000 -0.040073
0.000000 -0.081753
0.000000 -0.093967
0.018566 -0.087953
0.165070 -0.072734
0.439405 -0.054899
0.705793 -0.038380
0.772904 -0.025126
0.626693 -0.015527
0.403137 -0.009116
0.207232 -0.005112
0.070975 -0.002750
-0.011858 -0.001333
-0.055611 0.017987
-0.072479 0.164878
-0.071953 0.439405
-0.061718 0.705793
-0.047733 0.772904
-0.033989 0.626693
-0.022572 0.403137
-0.014110 0.207232
-0.008362 0.070975
-0.004725 -0.011858
-0.002559 -0.055611
-0.001333 -0.053913
-0.000578 0.093116
-0.000192 0.377687
0.000000 0.658059
0.000000 0.738915
0.000000 0.604120
0.000000 0.389027
0.000000 0.198870
0.000000 0.066250
0.000000 -0.014417
0.000000 -0.056944
0.018566 -0.073058
0.165070 -0.072145
0.439405 -0.061718
0.724358 -0.047733
0.937974 -0.033989
1.047532 -0.022572
0.962426 -0.014110
0.705800 -0.008362
0.412714 -0.004725
0.177664 -0.002559
0.023497 -0.001333
-0.062902 -0.000578
-0.101522 0.018374
-0.109197 0.165070
-0.098777 0.420840
-0.079900 0.559289
-0.059290 0.498568
-0.040934 0.341739
-0.026543 0.189522
-0.016282 0.079108
-0.009503 0.009577
-0.005304 -0.011003
-0.002750 0.117591
-0.001333 0.388361
-0.000578 0.678448
-0.000192 0.882690
0.000000 0.874204
0.000000 0.669909
0.000000 0.409291
0.000000 0.192154
0.000000 0.045569
0.000000 -0.040073
0.000000 -0.081753
0.018566 -0.093967
0.165070 -0.087953
0.439405 -0.072734
0.724358 -0.054899
0.919408 -0.038380
0.901028 -0.025126
0.688090 -0.015527
0.420847 -0.009116
0.199099 -0.005112
0.049540 -0.002750
-0.037901 -0.001333
-0.080612 0.017987
-0.093389 0.164878
-0.087761 0.420840
-0.072734 0.559289
-0.054899 0.498568
-0.038380 0.341739
-0.025126 0.189522
-0.015527 0.079108
-0.009116 0.009577
-0.005112 -0.011003
-0.002750 0.117591
-0.001333 0.388361
-0.000578 0.659882
-0.000192 0.736186
0.000000 0.599869
0.000000 0.384956
0.000000 0.195676
0.000000 0.064030
0.000000 -0.015829
0.018566 -0.057783
0.165070 -0.073620
0.439405 -0.072532
0.724358 -0.061910
0.919408 -0.047733
0.901028 -0.033989
0.688090 -0.022572
0.420847 -0.014110
0.199099 -0.008362
0.049540 -0.004725
-0.037901 -0.002559
-0.062046 -0.001333
0.071681 -0.000578
0.351644 -0.000192
0.651624 0.000000
0.864509 0.000000
0.862648 0.000000
0.662965 0.000000
0.405320 0.000000
0.189983 0.000000
0.044428 0.000000
-0.040651 0.000000
-0.063379 0.000000
0.071102 0.000000
0.351452 0.000000
0.633058 0.000000
0.718005 0.000000
0.588312 0.000000
0.378012 0.000000
0.191705 0.000000
0.061859 0.000000
-0.016970 0.000000
-0.058362 0.018566
-0.073812 0.165070
-0.072532 0.420840
-0.061910 0.559289
-0.047733 0.498568
-0.033989 0.341739
-0.022572 0.189522
-0.014110 0.079108
-0.008362 0.009577
0.013841 -0.029568
0.162511 -0.047478
0.438072 -0.051044
0.705214 -0.045910
0.772712 -0.036718
0.626693 -0.026824
0.403137 -0.018181
0.207232 -0.011557
0.070975 -0.006945
-0.011858 -0.003971
-0.055611 0.016394
-0.072479 0.163928
-0.071953 0.438827
-0.061718 0.724167
-0.047733 0.919408
-0.033989 0.901028
-0.022572 0.688090
-0.014110 0.420847
-0.008362 0.199099
-0.004725 0.049540
-0.002559 -0.037901
0.017233 -0.080612
0.164491 -0.093389
0.420648 -0.087761
0.559289 -0.072734
0.498568 -0.054899
0.341739 -0.038380
0.189522 -0.025126
0.079108 -0.015527
0.009577 -0.009116
-0.011003 -0.005112
0.117591 -0.002750
0.369796 -0.001333
0.513378 -0.000578
0.461851 -0.000192
0.314916 0.000000
0.171341 0.000000
0.067551 0.000000
0.002632 0.000000
-0.033539 0.018566
-0.049650 0.165070
-0.052185 0.439405
-0.046489 0.724358
-0.036909 0.937974
-0.026824 1.047532
-0.018181 0.962426
-0.011557 0.705800
-0.006945 0.412714
-0.003971 0.177664
-0.002172 0.023497
-0.001141 -0.062902
-0.000578 -0.101522
-0.000192 -0.109197
0.000000 -0.080211
0.000000 0.085170
0.000000 0.361550
0.000000 0.518355
0.000000 0.472025
0.000000 0.325458
0.000000 0.180019
0.000000 0.073804
0.000000 0.006827
0.000000 -0.012336
0.000000 0.117013
0.000000 0.388170
0.000000 0.678448
0.000000 0.882690
0.000000 0.874204
0.000000 0.669909
0.000000 0.409291
0.000000 0.192154
0.000000 0.045569
0.000000 -0.040073
0.000000 -0.063188
0.000000 0.071102
0.000000 0.351452
0.000000 0.651624
0.000000 0.883075
0.000000 1.009152
0.000000 0.937300
0.000000 0.690273
0.000000 0.403598
0.000000 0.172552
0.000000 0.020746
0.000000 -0.064235
0.018566 -0.102100
0.165070 -0.109388
0.439405 -0.098777
0.724358 -0.079900
0.937974 -0.059290
1.047532 -0.040934
0.962426 -0.026543
0.705800 -0.016282
0.412714 -0.009503
0.177664 -0.005304
0.023497 -0.002750
-0.062902 -0.001333
-0.101522 0.017987
-0.109197 0.164878
-0.098777 0.439405
-0.079900 0.724358
-0.059290 0.919408
-0.040934 0.901028
-0.026543 0.688090
-0.016282 0.420847
-0.009503 0.199099
-0.005304 0.049540
-0.002750 -0.037901
-0.001333 -0.080612
-0.000578 -0.093389
0.018374 -0.087761
0.165070 -0.072734
0.420840 -0.054899
0.559289 -0.038380
0.498568 -0.025126
0.341739 -0.015527
0.189522 -0.009116
0.079108 -0.005112
0.009577 -0.002750
-0.011003 -0.001333
0.117591 -0.000578
0.388361 -0.000192
0.678448 0.000000
0.882690 0.000000
0.874204 0.000000
0.669909 0.000000
0.409291 0.000000
0.192154 0.000000
0.045569 0.000000
-0.040073 0.000000
-0.063188 0.000000
0.071102 0.000000
0.351452 0.000000
0.651624 0.000000
0.883075 0.000000
1.009152 0.000000
0.937300 0.000000
0.690273 0.000000
0.403598 0.000000
0.172552 0.000000
0.020746 0.000000
-0.064235 0.000000
-0.102100 0.000000
-0.109388 0.000000
-0.080211 0.000000
0.085170 0.000000
0.380115 0.000000
0.664859 0.000000
0.746361 0.000000
0.610411 0.000000
0.393634 0.000000
0.201928 0.000000
0.068225 0.000000
-0.013191 0.000000
-0.056190 0.000000
-0.072671 0.000000
-0.071953 0.000000
-0.061718 0.000000
-0.047733 0.000000
-0.033989 0.000000
-0.022572 0.000000
-0.014110 0.000000
-0.008362 0.000000
-0.004725 0.000000
-0.002559 0.000000
-0.001333 0.000000
-0.000578 0.000000
-0.000192 0.000000
0.000000 0.000000
0.000000 0.000000
0.000000 0.000000
0.000000 0.000000
0.000000 0.000000
0.000000 0.000000
0.000000 0.000000
0.000000 0.000000
0.000000 0.000000
0.000000 0.000000
0.000000 0.000000
0.000000 0.000000
0.000000 0.000000
0.000000 0.000000
0.000000 0.000000
0.000000 0.000000
0.000000 0.000000
0.000000 0.000000
0.000000 0.000000
0.000000 0.000000
0.000000 0.000000
0.000000 0.000000
0.000000 0.000000
0.000000 0.000000
0.000000 0.000000
0.000000 0.000000
0.000000 0.000000
0.000000 0.000000
0.000000 0.000000
0.000000 0.000000
0.000000 0.000000
0.000000 0.000000
0.000000 0.000000
0.000000 0.000000
0.000000 0.000000
0.000000 0.000000
0.000000 0.000000
0.000000 0.000000
0.000000 0.000000
0.000000 0.000000
0.000000 0.000000
0.000000 0.000000
0.000000 0.000000
0.000000 0.000000
0.000000 0.000000
0.000000 0.000000
0.000000 0.000000
0.000000 0.000000
0.000000 0.000000
0.000000 0.000000
0.000000 0.000000
0.000000 0.000000
0.000000 0.000000
0.000000 0.000000
0.000000 0.000000
0.000000 0.000000
0.000000 0.000000
0.000000 0.000000
0.000000 0.000000
0.000000 0.000000
0.000000 0.000000
