0.000000 0.000000
0.000000 0.000000
0.000000 0.000000
0.000000 0.000000
0.000000 0.000000
0.000000 0.000000
0.000000 0.000000
0.000000 0.018566
0.000000 0.165070
0.000000 0.420840
0.000000 0.559289
0.000000 0.498568
0.000000 0.341739
0.000000 0.189522
0.000000 0.079108
0.000000 0.009577
0.000000 -0.011003
0.000000 0.117591
0.000000 0.388361
0.000000 0.678448
0.000000 0.901256
0.000000 1.020708
0.000000 0.944245
0.000000 0.694244
0.000000 0.405770
0.000000 0.173693
0.000000 0.021325
0.000000 -0.064043
0.000000 -0.102100
0.018566 -0.109388
0.165070 -0.098777
0.439405 -0.079900
0.724358 -0.059290
0.937974 -0.040934
1.047532 -0.026543
0.962426 -0.016282
0.705800 -0.009503
0.412714 -0.005304
0.177664 -0.002750
0.023497 -0.001333
-0.062902 -0.000578
-0.101522 -0.000192
-0.109197 0.018566
-0.098777 0.165070
-0.079900 0.420840
-0.059290 0.559289
-0.040934 0.498568
-0.026543 0.341739
-0.016282 0.189522
-0.009503 0.079108
-0.005304 0.009577
-0.002750 -0.011003
-0.001333 0.117591
-0.000578 0.369796
-0.000192 0.513378
0.000000 0.461851
0.000000 0.314916
0.000000 0.171341
0.000000 0.067551
0.000000 0.002632
0.000000 -0.014973
0.000000 0.115420
0.000000 0.368654
0.000000 0.512800
0.000000 0.461659
0.000000 0.314916
0.000000 0.171341
0.000000 0.067551
0.000000 0.002632
0.018566 -0.033539
0.165070 -0.049650
0.439405 -0.052185
0.724358 -0.046489
0.919408 -0.036909
0.901028 -0.026824
0.688090 -0.018181
0.420847 -0.011557
0.199099 -0.006945
0.049540 -0.003971
-0.037901 -0.002172
-0.080612 0.017424
-0.093389 0.164491
-0.087761 0.420648
-0.072734 0.559289
-0.054899 0.498568
-0.038380 0.341739
-0.025126 0.189522
-0.015527 0.079108
-0.009116 0.009577
-0.005112 -0.029568
-0.002750 -0.028913
-0.001333 0.114026
-0.000578 0.374929
-0.000192 0.522571
0.000000 0.471745
0.000000 0.323558
0.000000 0.177965
0.000000 0.072163
0.000000 0.005606
0.000000 -0.013174
0.000000 0.116450
0.000000 0.387783
0.000000 0.678256
0.000000 0.901256
0.000000 1.020708
0.000000 0.944245
0.000000 0.694244
0.000000 0.405770
0.000000 0.173693
0.000000 0.021325
0.000000 -0.064043
0.018566 -0.102100
0.165070 -0.109388
0.420840 -0.098777
0.559289 -0.079900
0.498568 -0.059290
0.341739 -0.040934
0.189522 -0.026543
0.079108 -0.016282
0.009577 -0.009503
-0.029568 0.013262
-0.047478 0.162319
-0.051044 0.438072
-0.045910 0.705214
-0.036718 0.772712
-0.026824 0.626693
-0.018181 0.403137
-0.011557 0.207232
-0.006945 0.070975
-0.003971 -0.011858
0.016394 -0.055611
0.163928 -0.072479
0.438827 -0.071953
0.724167 -0.061718
0.919408 -0.047733
0.901028 -0.033989
0.688090 -0.022572
0.420847 -0.014110
0.199099 -0.008362
0.049540 -0.004725
-0.037901 -0.002559
-0.080612 -0.001333
-0.093389 0.017987
-0.087761 0.164878
-0.072734 0.420840
-0.054899 0.559289
-0.038380 0.498568
-0.025126 0.341739
-0.015527 0.189522
-0.009116 0.079108
-0.005112 0.009577
-0.002750 -0.011003
-0.001333 0.117591
-0.000578 0.388361
-0.000192 0.678448
0.000000 0.901256
0.000000 1.020708
0.000000 0.944245
0.000000 0.694244
0.000000 0.405770
0.000000 0.173693
0.000000 0.021325
0.000000 -0.064043
0.018566 -0.102100
0.165070 -0.109388
0.439405 -0.098777
0.705793 -0.079900
0.772904 -0.059290
0.626693 -0.040934
0.403137 -0.026543
0.207232 -0.016282
0.070975 -0.009503
-0.011858 -0.005304
-0.055611 -0.002750
-0.072479 0.017233
-0.071953 0.164491
-0.061718 0.420648
-0.047733 0.559289
-0.033989 0.498568
-0.022572 0.341739
-0.014110 0.189522
-0.008362 0.079108
-0.004725 0.009577
-0.002559 -0.029568
0.017233 -0.047478
0.164491 -0.051044
0.439214 -0.045910
0.724358 -0.036718
0.919408 -0.026824
0.901028 -0.018181
0.688090 -0.011557
0.420847 -0.006945
0.199099 -0.003971
0.049540 -0.002172
-0.037901 -0.001141
-0.080612 0.017987
-0.093389 0.164878
-0.087761 0.439405
-0.072734 0.724358
-0.054899 0.937974
-0.038380 1.047532
-0.025126 0.962426
-0.015527 0.705800
-0.009116 0.412714
-0.005112 0.177664
-0.002750 0.023497
-0.001333 -0.062902
-0.000578 -0.101522
-0.000192 -0.109197
0.000000 -0.080211
0.000000 0.085170
0.000000 0.380115
0.000000 0.683425
0.000000 0.911431
0.000000 1.031250
0.000000 0.952923
0.000000 0.700497
0.000000 0.409964
0.000000 0.176331
0.000000 0.022918
0.000000 -0.063094
0.000000 -0.082956
0.000000 0.055873
0.000000 0.340628
0.000000 0.644459
0.000000 0.860118
0.000000 0.860094
0.000000 0.661547
0.000000 0.404566
0.000000 0.189596
0.000000 0.044236
0.000000 -0.040651
0.018566 -0.081945
0.165070 -0.093967
0.420840 -0.087953
0.559289 -0.072734
0.498568 -0.054899
0.341739 -0.038380
0.189522 -0.025126
0.079108 -0.015527
0.009577 -0.009116
-0.011003 -0.005112
0.117591 -0.002750
0.369796 -0.001333
0.513378 -0.000578
0.461851 -0.000192
0.314916 0.000000
0.171341 0.000000
0.067551 0.000000
0.002632 0.000000
-0.014973 0.000000
0.115420 0.000000
0.368654 0.000000
0.512800 0.000000
0.461659 0.000000
0.314916 0.000000
0.171341 0.000000
0.067551 0.000000
0.002632 0.000000
-0.014973 0.000000
0.115420 0.000000
0.368654 0.000000
0.512800 0.000000
0.461659 0.000000
0.314916 0.000000
0.171341 0.000000
0.067551 0.000000
0.002632 0.000000
-0.033539 0.000000
-0.031084 0.000000
0.112885 0.000000
0.392916 0.000000
0.687449 0.000000
0.892584 0.000000
0.882847 0.000000
0.676534 0.000000
0.413903 0.000000
0.195128 0.000000
0.047368 0.000000
-0.039043 0.000000
-0.081191 0.000000
-0.093580 0.000000
-0.069196 0.000000
0.092335 0.000000
0.384506 0.000000
0.667412 0.000000
0.747778 0.000000
0.611165 0.000000
0.394021 0.000000
0.202120 0.000000
0.068225 0.000000
-0.013191 0.000000
-0.037624 0.000000
0.092399 0.000000
0.348886 0.000000
0.497570 0.000000
0.450835 0.000000
0.307750 0.000000
0.166950 0.000000
0.064998 0.000000
0.001215 0.000000
-0.015728 0.000000
0.115033 0.000000
0.368463 0.000000
0.512800 0.000000
0.461659 0.000000
0.314916 0.000000
0.171341 0.000000
0.067551 0.000000
0.002632 0.000000
-0.014973 0.000000
0.115420 0.000000
0.387220 0.000000
0.659304 0.000000
0.735995 0.000000
0.599869 0.000000
0.384956 0.000000
0.195676 0.000000
0.064030 0.000000
-0.015829 0.000000
-0.057783 0.000000
-0.073620 0.000000
-0.072532 0.000000
-0.061910 0.000000
-0.047733 0.000000
-0.033989 0.000000
-0.022572 0.000000
-0.014110 0.000000
-0.008362 0.000000
-0.004725 0.000000
-0.002559 0.000000
-0.001333 0.000000
-0.000578 0.000000
-0.000192 0.000000
0.000000 0.000000
0.000000 0.000000
0.000000 0.000000
0.000000 0.000000
0.000000 0.000000
0.000000 0.000000
0.000000 0.000000
0.000000 0.000000
0.000000 0.000000
0.000000 0.000000
0.000000 0.000000
0.000000 0.000000
0.000000 0.000000
0.000000 0.000000
0.000000 0.000000
0.000000 0.000000
0.000000 0.000000
0.000000 0.000000
0.000000 0.000000
0.000000 0.000000
0.000000 0.000000
0.000000 0.000000
0.000000 0.000000
0.000000 0.000000
0.000000 0.000000
0.000000 0.000000
0.000000 0.000000
0.000000 0.000000
0.000000 0.000000
0.000000 0.000000
0.000000 0.000000
0.000000 0.000000
0.000000 0.000000
0.000000 0.000000
0.000000 0.000000
0.000000 0.000000
0.000000 0.000000
0.000000 0.000000
0.000000 0.000000
0.000000 0.000000
0.000000 0.000000
0.000000 0.000000
0.000000 0.000000
0.000000 0.000000
0.000000 0.000000
0.000000 0.000000
0.000000 0.000000
0.000000 0.000000
0.000000 0.000000
0.000000 0.000000
0.000000 0.000000
0.000000 0.000000
0.000000 0.000000
0.000000 0.000000
0.000000 0.000000
0.000000 0.000000
0.000000 0.000000
0.000000 0.000000
0.000000 0.000000
0.000000 0.000000
0.000000 0.000000
0.000000 0.000000
0.000000 0.000000
0.000000 0.000000
0.000000 0.000000
0.000000 0.000000
0.000000 0.000000
0.000000 0.000000
0.000000 0.000000
0.000000 0.000000
