0.000000 0.000000
0.000000 0.000000
0.000000 0.000000
0.000000 0.000000
0.000000 0.000000
0.000000 0.000000
0.000000 0.000000
0.000000 0.000000
0.000000 0.000000
0.000000 0.000000
0.000000 0.000000
0.000000 0.000000
0.000000 0.000000
0.000000 0.000000
0.000000 0.000000
0.000000 0.000000
0.000000 0.000000
0.000000 0.000000
0.000000 0.000000
0.000378 0.000000
0.006719 0.000000
0.031986 0.000000
0.087849 0.000000
0.177292 0.000000
0.294062 0.000000
0.426474 0.000000
0.561900 0.000000
0.689503 0.000000
0.796733 0.000000
0.867140 0.000000
0.888299 0.000000
0.858270 0.000000
0.785316 0.000000
0.683481 0.000000
0.567727 0.000000
0.450633 0.000000
0.341005 0.000000
0.243900 0.000000
0.161401 0.000000
0.093589 0.000000
0.039408 0.000000
-0.002697 0.000000
-0.034019 0.000000
-0.050558 0.000000
-0.040783 0.000000
0.005711 0.000000
0.090776 0.000000
0.207145 0.000000
0.342216 0.000000
0.482543 0.000000
0.616944 0.000000
0.737458 0.000000
0.834496 0.000000
0.893936 0.000000
0.904849 0.000000
0.866046 0.000000
0.786012 0.000000
0.678701 0.000000
0.558851 0.000000
0.438790 0.000000
0.327102 0.000000
0.228673 0.000000
0.145457 0.000000
0.077439 0.000000
0.023485 0.000000
-0.018036 0.000000
-0.048863 0.000000
-0.070657 0.000000
-0.084875 0.000000
-0.092529 0.000000
-0.089219 0.000000
-0.063045 0.000000
-0.003289 0.000000
0.092188 0.000000
0.216394 0.000000
0.357017 0.000000
0.500497 0.000000
0.630441 0.000000
0.726627 0.000000
0.773692 0.000000
0.767777 0.000000
0.716130 0.000000
0.632443 0.000000
0.531742 0.000000
0.426881 0.000000
0.327020 0.000000
0.237571 0.000000
0.160938 0.000000
0.097479 0.000000
0.046381 0.000000
0.006301 0.000000
-0.023823 0.000000
-0.039871 0.000000
-0.030149 0.000000
0.015888 0.000000
0.100223 0.000000
0.215692 0.000000
0.349782 0.000000
0.489112 0.000000
0.622174 0.000000
0.735791 0.000000
0.813070 0.000000
0.841189 0.000000
0.817900 0.000000
0.751251 0.000000
0.655146 0.000000
0.544473 0.000000
0.431790 0.000000
0.325916 0.000000
0.231954 0.000000
0.152044 0.000000
0.086334 0.000000
0.033837 0.000000
-0.006936 0.000000
-0.037594 0.000378
-0.059669 0.006719
-0.074543 0.031986
-0.083444 0.087849
-0.087429 0.177292
-0.087540 0.294062
-0.084666 0.426096
-0.079609 0.555180
-0.073076 0.657895
-0.065675 0.715604
-0.057911 0.721834
-0.050225 0.682085
-0.042865 0.609088
-0.036040 0.517478
-0.029881 0.420074
-0.024451 0.326174
-0.019762 0.241387
-0.015787 0.168310
-0.012472 0.107464
-0.009750 0.058171
-0.007546 0.019196
-0.005785 -0.010463
-0.004395 -0.026536
-0.003310 -0.017242
-0.002472 0.028058
-0.001832 0.111054
-0.001306 0.219080
-0.000913 0.326735
-0.000622 0.409027
-0.000409 0.451887
-0.000253 0.454056
-0.000139 0.423256
-0.000058 0.370978
0.000000 0.308427
0.000000 0.244355
0.000000 0.184469
0.000000 0.131772
0.000000 0.087306
0.000000 0.050910
0.000000 0.021824
0.000000 -0.000909
0.000000 -0.018225
0.000000 -0.030951
0.000000 -0.039794
0.000000 -0.045361
0.000378 -0.048193
0.006719 -0.048790
0.031986 -0.047617
0.087849 -0.045110
0.177292 -0.041625
0.293684 -0.037569
0.419755 -0.033240
0.529914 -0.028880
0.602032 -0.024673
0.626161 -0.020750
0.605064 -0.017238
0.549673 -0.014124
0.473662 -0.011425
0.389498 -0.009131
0.306502 -0.007214
0.230500 -0.005638
0.164366 -0.004362
0.108895 -0.003341
0.063648 -0.002536
0.027594 -0.001908
-0.000476 -0.001046
-0.021727 0.005666
-0.037200 0.031212
-0.047797 0.087284
-0.054313 0.176884
-0.057462 0.293810
-0.057898 0.426335
-0.056225 0.561464
-0.052996 0.683161
-0.048707 0.771467
-0.043788 0.811278
-0.038596 0.798855
-0.033414 0.741500
-0.028455 0.652904
-0.023865 0.548055
-0.019732 0.439746
-0.016099 0.337061
-0.012971 0.245331
-0.010328 0.166879
-0.008133 0.101987
-0.006336 0.049773
-0.004888 0.008832
-0.003734 -0.021991
-0.002827 -0.038565
-0.002122 -0.029236
-0.001580 0.016511
-0.001167 0.100632
-0.000855 0.215944
-0.000622 0.349921
-0.000409 0.489171
-0.000253 0.622552
-0.000139 0.742510
-0.000058 0.844679
0.000000 0.922318
0.000000 0.963206
0.000000 0.957465
0.000000 0.904328
0.000000 0.812311
0.000000 0.695196
0.000000 0.567469
0.000000 0.441200
0.000000 0.324739
0.000000 0.222770
0.000000 0.137067
0.000000 0.067457
0.000000 0.012654
0.000000 -0.029110
0.000000 -0.059334
0.000000 -0.074212
0.000000 -0.062352
0.000000 -0.013567
0.000000 0.073485
0.000000 0.185840
0.000000 0.297855
0.000000 0.384354
0.000000 0.431137
0.000000 0.436818
0.000000 0.409132
0.000000 0.359553
0.000000 0.299296
0.000000 0.237142
0.000000 0.178831
0.000000 0.127410
0.000000 0.083965
0.000000 0.048374
0.000000 0.019916
0.000000 -0.001955
0.000000 -0.012559
0.000000 0.000261
0.000000 0.047490
0.000000 0.131523
0.000000 0.245616
0.000000 0.377544
0.000000 0.514225
0.000000 0.644393
0.000000 0.755109
0.000000 0.829571
0.000000 0.855059
0.000000 0.829390
0.000000 0.760643
0.000000 0.662730
0.000000 0.550489
0.000000 0.436509
0.000000 0.329580
0.000000 0.234770
0.000000 0.154188
0.000000 0.087951
0.000000 0.035047
0.000000 -0.006038
0.000000 -0.036933
0.000000 -0.058808
0.000000 -0.067473
0.000000 -0.051206
0.000000 0.000559
0.000000 0.089810
0.000000 0.209018
0.000000 0.340145
0.000000 0.456838
0.000000 0.536357
0.000000 0.568250
0.000000 0.554839
0.000000 0.506809
0.000000 0.437623
0.000000 0.359617
0.000000 0.282051
0.000000 0.210738
0.000000 0.148579
0.000000 0.096423
0.000000 0.053898
0.000000 0.020048
0.000000 -0.005883
0.000000 -0.019403
0.000000 -0.008524
0.000000 0.037579
0.000000 0.121147
0.000000 0.234916
0.000000 0.360944
0.000000 0.473067
0.000000 0.548628
0.000000 0.577201
0.000000 0.561137
0.000000 0.511020
0.000000 0.440248
0.000000 0.361042
0.000000 0.282637
0.000000 0.210768
0.000000 0.148267
0.000000 0.095924
0.000000 0.053320
0.000000 0.019462
0.000378 -0.006812
0.006719 -0.026615
0.031986 -0.040934
0.087849 -0.050624
0.177292 -0.056435
0.294062 -0.059042
0.426474 -0.059064
0.561900 -0.057080
0.689503 -0.053618
0.796733 -0.049116
0.867140 -0.044040
0.888299 -0.038735
0.858270 -0.033472
0.785316 -0.028455
0.683481 -0.023865
0.567727 -0.019732
0.450633 -0.016099
0.341005 -0.012971
0.243900 -0.010328
0.161401 -0.008133
0.093589 -0.006336
0.039408 -0.004888
-0.002697 -0.003734
-0.034019 -0.002827
-0.050558 -0.002122
-0.040783 -0.001580
0.005711 -0.001167
0.090776 -0.000855
0.207145 -0.000622
0.342216 -0.000409
0.482543 -0.000253
0.616944 -0.000139
0.737458 -0.000058
0.834496 0.000000
0.893936 0.000000
0.904849 0.000000
0.866046 0.000000
0.786012 0.000000
0.678701 0.000000
0.558851 0.000000
0.438790 0.000000
0.327102 0.000000
0.228673 0.000000
0.145457 0.000000
0.077439 0.000000
0.023485 0.000000
-0.018036 0.000000
-0.048863 0.000000
-0.070657 0.000000
-0.084875 0.000000
-0.092907 0.000378
-0.095938 0.006719
-0.095031 0.031986
-0.091138 0.087849
-0.085104 0.177292
-0.077669 0.294062
-0.069458 0.426474
-0.061026 0.561900
-0.052720 0.689881
-0.044839 0.803453
-0.037586 0.898749
-0.031079 0.969428
-0.025370 1.003576
-0.020461 0.991530
-0.016313 0.932663
-0.012865 0.835564
-0.010041 0.714039
-0.007760 0.582558
-0.005941 0.453146
-0.004508 0.334096
-0.003391 0.230025
-0.002531 0.142639
-0.001832 0.071696
-0.001306 0.015851
-0.000913 -0.026719
-0.000622 -0.057938
-0.000409 -0.079625
-0.000253 -0.093047
-0.000139 -0.094074
-0.000058 -0.071035
0.000000 -0.013402
0.000000 0.080799
0.000000 0.204423
0.000000 0.345023
0.000000 0.488950
0.000000 0.619641
0.000000 0.716772
0.000000 0.764892
0.000000 0.760072
0.000000 0.709502
0.000000 0.626835
0.000000 0.527068
0.000000 0.423040
0.000000 0.323905
0.000000 0.235076
0.000000 0.158963
0.000000 0.095933
0.000000 0.045183
0.000000 0.005382
0.000000 -0.024522
0.000000 -0.040397
0.000000 -0.030542
0.000000 0.015597
0.000000 0.100009
0.000000 0.215158
0.000000 0.342949
0.000000 0.457045
0.000000 0.534645
0.000000 0.565218
0.000000 0.550994
0.000000 0.502563
0.000000 0.433292
0.000000 0.355433
0.000000 0.278167
0.000000 0.207247
0.000000 0.145523
0.000000 0.093807
0.000000 0.051703
0.000000 0.018237
0.000378 -0.007731
0.006719 -0.027299
0.031986 -0.041439
0.087849 -0.050994
0.177292 -0.056705
0.294062 -0.059236
0.426474 -0.059204
0.561900 -0.057138
0.689503 -0.053618
0.796733 -0.049116
0.867140 -0.044040
0.888299 -0.038735
0.858270 -0.033472
0.785316 -0.028455
0.683481 -0.023865
0.567727 -0.019732
0.450633 -0.016099
0.341005 -0.012971
0.243900 -0.010328
0.161401 -0.008133
0.093589 -0.006336
0.039408 -0.004888
-0.002697 -0.003734
-0.034397 -0.002449
-0.057278 0.004597
-0.072769 0.030406
-0.082138 0.086682
-0.086516 0.176437
-0.086918 0.293062
-0.084258 0.419346
-0.079357 0.529661
-0.072936 0.601893
-0.065617 0.626102
-0.057911 0.605064
-0.050225 0.549673
-0.042865 0.473662
-0.036040 0.389498
-0.029881 0.306502
-0.024451 0.230500
-0.019762 0.164366
-0.015787 0.108895
-0.012472 0.063648
-0.009750 0.027594
-0.007546 -0.000098
-0.005785 -0.015008
-0.004395 -0.005214
-0.003310 0.040051
-0.002472 0.122979
-0.001832 0.236600
-0.001306 0.368576
-0.000913 0.505675
-0.000622 0.636885
-0.000409 0.754746
-0.000253 0.854961
-0.000139 0.930832
-0.000058 0.970162
0.000000 0.963074
0.000000 0.908798
0.000000 0.815832
0.000000 0.697940
0.000000 0.569586
0.000000 0.442817
0.000000 0.325964
0.000000 0.223688
0.000000 0.137751
0.000000 0.067961
0.000000 0.013024
0.000000 -0.028841
0.000378 -0.059517
0.006719 -0.080792
0.031986 -0.094280
0.087849 -0.101416
0.176914 -0.103429
0.287343 -0.101503
0.394488 -0.096633
0.474051 -0.089697
0.512588 -0.081451
0.509391 -0.072572
0.472652 -0.063520
0.414248 -0.054695
0.345682 -0.046386
0.275925 -0.038784
0.210829 -0.031998
0.153479 -0.026069
0.104951 -0.020987
0.065079 -0.016706
0.033072 -0.013156
0.008300 -0.010255
-0.004643 -0.007916
0.006315 -0.006054
0.052080 -0.004589
0.134973 -0.003450
0.248147 -0.002531
0.379377 -0.001832
0.515531 -0.001306
0.645684 -0.000913
0.762450 -0.000622
0.861588 -0.000409
0.936440 -0.000253
0.974836 -0.000139
0.966915 -0.000058
0.911912 0.000000
0.818327 0.000000
0.699915 0.000000
0.571132 0.000000
0.444015 0.000000
0.326883 0.000000
0.224387 0.000000
0.138277 0.000000
0.068354 0.000000
0.013315 0.000000
-0.028627 0.000000
-0.059361 0.000378
-0.080679 0.006719
-0.094198 0.031986
-0.101357 0.087849
-0.103429 0.177292
-0.101503 0.294062
-0.096633 0.426474
-0.089697 0.561900
-0.081451 0.689881
-0.072572 0.803075
-0.063520 0.892407
-0.054695 0.944162
-0.046386 0.947714
-0.038784 0.902086
-0.031998 0.815893
-0.026069 0.703152
-0.020987 0.578614
-0.016706 0.454577
-0.013156 0.339574
-0.010255 0.238423
-0.007916 0.153003
-0.006054 0.083224
-0.004589 0.027880
-0.003450 -0.014725
-0.002531 -0.046013
-0.001832 -0.062105
-0.001306 -0.051583
-0.000913 -0.004145
-0.000622 0.081976
-0.000409 0.199440
-0.000253 0.335589
-0.000139 0.476935
-0.000058 0.612270
0.000000 0.733995
0.000000 0.837723
0.000000 0.916708
0.000000 0.958737
0.000000 0.953944
0.000000 0.901584
0.000000 0.810194
0.000000 0.693579
0.000000 0.566245
0.000000 0.440281
0.000000 0.324055
0.000000 0.222265
0.000000 0.136698
0.000000 0.067187
0.000000 0.012460
0.000000 -0.029250
0.000378 -0.059770
0.006719 -0.080931
0.031986 -0.094338
0.087849 -0.101416
0.177292 -0.103429
0.294062 -0.101503
0.426474 -0.096633
0.561900 -0.089697
0.689881 -0.081451
0.803453 -0.072572
0.898749 -0.063520
0.969428 -0.054695
1.003576 -0.046386
0.991530 -0.038784
0.932663 -0.031998
0.835564 -0.026069
0.714039 -0.020987
0.582558 -0.016706
0.453146 -0.013156
0.334096 -0.010255
0.230025 -0.007916
0.142639 -0.006054
0.071696 -0.004589
0.015851 -0.003450
-0.026719 -0.002531
-0.057938 -0.001454
-0.079625 0.005413
-0.093424 0.031073
-0.100793 0.087226
-0.103021 0.176506
-0.101250 0.287090
-0.096493 0.394349
-0.089639 0.473993
-0.081451 0.512588
-0.072572 0.509391
-0.063520 0.472652
-0.054695 0.414248
-0.046386 0.345682
-0.038784 0.275925
-0.031998 0.210829
-0.026069 0.153479
-0.020987 0.104951
-0.016706 0.065079
-0.013156 0.033072
-0.009877 0.007922
-0.001197 -0.011363
0.025932 -0.025671
0.083259 -0.035769
0.173465 -0.042320
0.284812 -0.045915
0.392656 -0.047097
0.472745 -0.046369
0.511675 -0.044196
0.508768 -0.041002
0.472244 -0.037160
0.413995 -0.032988
0.345542 -0.028740
0.275867 -0.024614
0.210829 -0.020750
0.153479 -0.017238
0.104951 -0.014124
0.065079 -0.011425
0.033072 -0.009131
0.007922 -0.006836
-0.011363 0.001081
-0.025671 0.027625
-0.035769 0.084507
-0.042320 0.174378
-0.045915 0.285435
-0.047097 0.393064
-0.046369 0.472998
-0.044196 0.511815
-0.041002 0.508826
-0.037160 0.472244
-0.032988 0.413995
-0.028740 0.345542
-0.024614 0.275867
-0.020750 0.210829
-0.017238 0.153479
-0.014124 0.104951
-0.011425 0.065079
-0.009131 0.033072
-0.007214 0.007922
-0.005638 -0.011363
-0.004362 -0.025671
-0.003341 -0.035769
-0.002536 -0.042320
-0.001530 -0.045915
0.005296 -0.047097
0.030932 -0.046369
0.087075 -0.044196
0.176350 -0.041002
0.286934 -0.037160
0.394236 -0.032988
0.473912 -0.028740
0.512530 -0.024614
0.509391 -0.020750
0.472652 -0.017238
0.414248 -0.014124
0.345682 -0.011425
0.275925 -0.009131
0.210829 -0.007214
0.153479 -0.005638
0.104951 -0.004362
0.065079 -0.003341
0.033072 -0.002536
0.008300 -0.001908
-0.004643 -0.001424
0.006315 -0.001054
0.052080 -0.000774
0.134595 -0.000564
0.241427 -0.000409
0.347391 -0.000253
0.427682 -0.000139
0.468392 -0.000058
0.468388 0.000000
0.435492 0.000000
0.381260 0.000000
0.316941 0.000000
0.251311 0.000000
0.190078 0.000000
0.136241 0.000000
0.090827 0.000000
0.053654 0.000000
0.023941 0.000000
0.000709 0.000378
-0.017001 0.006719
-0.030033 0.031986
-0.039110 0.087849
-0.044856 0.177292
-0.047824 0.294062
-0.048521 0.426096
-0.047423 0.555180
-0.044970 0.657895
-0.041567 0.715604
-0.037569 0.721834
-0.033240 0.682085
-0.028880 0.609088
-0.024673 0.517478
-0.020750 0.420074
-0.017238 0.326174
-0.014124 0.241387
-0.011425 0.168310
-0.009131 0.107464
-0.007214 0.058171
-0.005638 0.019196
-0.003984 -0.010840
0.003378 -0.033256
0.029450 -0.049228
0.085940 -0.059791
0.175868 -0.065860
0.293009 -0.068262
0.425700 -0.067753
0.560958 -0.065024
0.682753 -0.060701
0.771214 -0.055335
0.811138 -0.049396
0.798797 -0.043270
0.741500 -0.037255
0.652904 -0.031570
0.548055 -0.026360
0.439746 -0.021707
0.337061 -0.017645
0.245331 -0.014169
0.166879 -0.011247
0.101987 -0.008831
0.049773 -0.006862
0.008832 -0.005280
-0.021991 -0.004025
-0.038565 -0.003041
-0.029236 -0.002278
0.016511 -0.001693
0.100632 -0.001248
0.215944 -0.000913
0.349543 -0.000622
0.482451 -0.000409
0.590566 -0.000253
0.654662 -0.000139
0.667764 -0.000058
0.634975 0.000000
0.568718 0.000000
0.483413 0.000000
0.391740 0.000000
0.302920 0.000000
0.222544 0.000000
0.153222 0.000000
0.095518 0.000000
0.048814 0.000000
0.011941 0.000000
-0.016034 0.000000
-0.030775 0.000000
-0.020439 0.000000
0.025667 0.000000
0.109280 0.000000
0.217774 0.000000
0.325821 0.000000
0.408405 0.000000
0.451479 0.000000
0.453803 0.000000
0.423117 0.000000
0.370920 0.000000
0.308427 0.000000
0.244355 0.000000
0.184469 0.000000
0.131772 0.000000
0.087306 0.000000
0.050910 0.000000
0.021824 0.000000
-0.000531 0.000000
-0.011506 0.000000
0.001035 0.000000
0.048055 0.000000
0.131931 0.000000
0.245869 0.000000
0.377684 0.000000
0.514283 0.000000
0.644771 0.000000
0.761828 0.000000
0.861180 0.000000
0.936188 0.000000
0.974696 0.000000
0.966857 0.000000
0.911912 0.000000
0.818327 0.000000
0.699915 0.000000
0.571132 0.000000
0.444015 0.000000
0.326883 0.000000
0.224387 0.000000
0.138277 0.000000
0.068354 0.000000
0.013315 0.000000
-0.028627 0.000000
-0.059361 0.000000
-0.080679 0.000000
-0.094198 0.000000
-0.101357 0.000000
-0.103429 0.000000
-0.101503 0.000000
-0.096633 0.000000
-0.089697 0.000000
-0.081451 0.000000
-0.072572 0.000000
-0.063520 0.000000
-0.054695 0.000000
-0.046386 0.000000
-0.038784 0.000000
-0.031998 0.000000
-0.026069 0.000000
-0.020987 0.000000
-0.016706 0.000000
-0.013156 0.000000
-0.010255 0.000000
-0.007916 0.000000
-0.006054 0.000000
-0.004589 0.000000
-0.003450 0.000000
-0.002531 0.000000
-0.001832 0.000000
-0.001306 0.000000
-0.000913 0.000000
-0.000622 0.000000
-0.000409 0.000000
-0.000253 0.000000
-0.000139 0.000000
-0.000058 0.000000
0.000000 0.000000
0.000000 0.000000
0.000000 0.000000
0.000000 0.000000
0.000000 0.000000
0.000000 0.000000
0.000000 0.000000
0.000000 0.000000
0.000000 0.000000
0.000000 0.000000
0.000000 0.000000
0.000000 0.000000
0.000000 0.000000
0.000000 0.000000
0.000000 0.000000
0.000000 0.000000
0.000000 0.000000
0.000000 0.000000
0.000000 0.000000
0.000000 0.000000
0.000000 0.000000
0.000000 0.000000
0.000000 0.000000
0.000000 0.000000
0.000000 0.000000
0.000000 0.000000
0.000000 0.000000
0.000000 0.000000
0.000000 0.000000
0.000000 0.000000
0.000000 0.000000
0.000000 0.000000
0.000000 0.000000
0.000000 0.000000
0.000000 0.000000
0.000000 0.000000
0.000000 0.000000
0.000000 0.000000
0.000000 0.000000
0.000000 0.000000
0.000000 0.000000
0.000000 0.000000
0.000000 0.000000
0.000000 0.000000
0.000000 0.000000
