0.000000 0.000000
0.000000 0.000000
0.000000 0.000000
0.000000 0.000000
0.000000 0.000000
0.000000 0.000000
0.000000 0.000000
0.000000 0.000000
0.000000 0.000000
0.000000 0.000000
0.000000 0.000000
0.000000 0.000000
0.000000 0.000000
0.000000 0.000000
0.000000 0.000000
0.000378 0.000000
0.006719 0.000000
0.031986 0.000000
0.087849 0.000000
0.176914 0.000000
0.287343 0.000000
0.394488 0.000000
0.474051 0.000000
0.512588 0.000000
0.509391 0.000000
0.472652 0.000000
0.414248 0.000000
0.345682 0.000000
0.275925 0.000000
0.210829 0.000000
0.153479 0.000000
0.104951 0.000000
0.065079 0.000000
0.033072 0.000000
0.008300 0.000000
-0.004643 0.000000
0.006315 0.000000
0.052080 0.000000
0.134595 0.000000
0.241427 0.000000
0.347391 0.000000
0.427682 0.000000
0.468392 0.000000
0.468388 0.000000
0.435492 0.000000
0.381260 0.000000
0.316941 0.000000
0.251311 0.000000
0.190078 0.000000
0.136241 0.000000
0.090827 0.000000
0.053654 0.000000
0.023941 0.000000
0.001086 0.000000
-0.010281 0.000000
0.001953 0.000000
0.048738 0.000000
0.132436 0.000000
0.246239 0.000000
0.377953 0.000000
0.514477 0.000000
0.644910 0.000000
0.761508 0.000000
0.854838 0.000000
0.910921 0.000000
0.918834 0.000000
0.877413 0.000000
0.795142 0.000000
0.685915 0.000000
0.564489 0.000000
0.443152 0.000000
0.330443 0.000000
0.231209 0.000000
0.147365 0.000000
0.078863 0.000000
0.024538 0.000000
-0.017262 0.000000
-0.047921 0.000000
-0.063529 0.000000
-0.052637 0.000000
-0.004919 0.000000
0.081034 0.000000
0.192312 0.000000
0.303350 0.000000
0.388947 0.000000
0.434920 0.000000
0.439933 0.000000
0.411627 0.000000
0.361528 0.000000
0.300842 0.000000
0.238339 0.000000
0.179750 0.000000
0.128109 0.000000
0.084491 0.000000
0.048767 0.000000
0.020207 0.000000
-0.001741 0.000000
-0.012403 0.000000
0.000374 0.000000
0.047572 0.000000
0.131203 0.000000
0.238897 0.000000
0.345558 0.000000
0.426376 0.000000
0.467479 0.000000
0.467766 0.000000
0.435083 0.000000
0.381007 0.000000
0.316802 0.000000
0.251253 0.000000
0.190078 0.000000
0.136241 0.000000
0.090827 0.000000
0.053654 0.000000
0.023941 0.000000
0.000709 0.000000
-0.017001 0.000000
-0.030033 0.000000
-0.039110 0.000000
-0.044856 0.000000
-0.047824 0.000378
-0.048521 0.006719
-0.047423 0.031986
-0.044970 0.087849
-0.041567 0.177292
-0.037569 0.294062
-0.033240 0.426474
-0.028880 0.561900
-0.024673 0.689503
-0.020750 0.796733
-0.017238 0.867140
-0.014124 0.888299
-0.011425 0.858270
-0.009131 0.785316
-0.007214 0.683481
-0.005638 0.567727
-0.004362 0.450633
-0.003341 0.341005
-0.002536 0.243900
-0.001908 0.161401
-0.001424 0.093589
-0.001054 0.039408
-0.000774 -0.002697
-0.000564 -0.034397
-0.000409 -0.057278
-0.000253 -0.072769
-0.000139 -0.082138
-0.000058 -0.086516
0.000000 -0.086540
0.000000 -0.077538
0.000000 -0.047371
0.000000 0.014912
0.000000 0.111675
0.000000 0.235774
0.000000 0.369529
0.000000 0.487049
0.000000 0.565992
0.000000 0.596280
0.000000 0.580613
0.000000 0.529911
0.000000 0.457876
0.000000 0.377026
0.000000 0.296752
0.000000 0.222954
0.000000 0.158581
0.000000 0.104500
0.000000 0.060338
0.000000 0.025122
0.000000 -0.002308
0.000378 -0.023033
0.006719 -0.038113
0.031986 -0.048420
0.087849 -0.054722
0.177292 -0.057715
0.294062 -0.058037
0.426474 -0.056283
0.561900 -0.052996
0.689503 -0.048707
0.796733 -0.043788
0.867140 -0.038596
0.888299 -0.033414
0.858270 -0.028455
0.785316 -0.023865
0.683481 -0.019732
0.567727 -0.016099
0.450633 -0.012971
0.341005 -0.010328
0.243900 -0.008133
0.161401 -0.006336
0.093589 -0.004888
0.039408 -0.003734
-0.002697 -0.002827
-0.034397 -0.002122
-0.057278 -0.001580
-0.072769 -0.000789
-0.082138 0.005864
-0.086516 0.031364
-0.086918 0.087440
-0.084258 0.176662
-0.079357 0.287203
-0.072936 0.394430
-0.065617 0.474051
-0.057911 0.512588
-0.050225 0.509391
-0.042865 0.472652
-0.036040 0.414248
-0.029881 0.345682
-0.024451 0.275925
-0.019762 0.210829
-0.015787 0.153479
-0.012472 0.104951
-0.009750 0.065079
-0.007546 0.033072
-0.005785 0.007922
-0.004395 -0.011363
-0.003310 -0.025671
-0.002472 -0.035769
-0.001454 -0.042320
0.005413 -0.045915
0.031073 -0.047097
0.087226 -0.046369
0.176506 -0.044196
0.287090 -0.041002
0.394349 -0.037160
0.473993 -0.032988
0.512588 -0.028740
0.509391 -0.024614
0.472652 -0.020750
0.414248 -0.017238
0.345682 -0.014124
0.275925 -0.011425
0.210829 -0.009131
0.153479 -0.007214
0.104951 -0.005638
0.065079 -0.004362
0.033072 -0.003341
0.007922 -0.002536
-0.011363 -0.001908
-0.025671 -0.001424
-0.035769 -0.001054
-0.042320 -0.000774
-0.045915 -0.000187
-0.047097 0.006311
-0.046369 0.031734
-0.044196 0.087709
-0.041002 0.177234
-0.037160 0.294062
-0.032988 0.426474
-0.028740 0.561900
-0.024614 0.689881
-0.020750 0.803453
-0.017238 0.898749
-0.014124 0.969428
-0.011425 1.003576
-0.009131 0.991530
-0.007214 0.932663
-0.005638 0.835564
-0.004362 0.714039
-0.003341 0.582558
-0.002536 0.453146
-0.001908 0.334096
-0.001424 0.230025
-0.001054 0.142639
-0.000774 0.071696
-0.000564 0.015851
-0.000409 -0.026719
-0.000253 -0.057938
-0.000139 -0.079625
-0.000058 -0.093424
0.000000 -0.100793
0.000000 -0.102643
0.000000 -0.094531
0.000000 -0.064507
0.000000 -0.001790
0.000000 0.095463
0.000000 0.214770
0.000000 0.330968
0.000000 0.419357
0.000000 0.466203
0.000000 0.470607
0.000000 0.440654
0.000000 0.388179
0.000000 0.324695
0.000000 0.259220
0.000000 0.197673
0.000000 0.143224
0.000000 0.097035
0.000000 0.059025
0.000000 0.028482
0.000000 0.004473
0.000000 -0.013893
0.000000 -0.027503
0.000000 -0.037075
0.000378 -0.043233
0.006719 -0.046538
0.031986 -0.047506
0.087849 -0.046622
0.177292 -0.044336
0.293684 -0.041060
0.419755 -0.037160
0.529914 -0.032988
0.602032 -0.028740
0.626161 -0.024614
0.605064 -0.020750
0.549673 -0.017238
0.473662 -0.014124
0.389498 -0.011425
0.306502 -0.009131
0.230500 -0.007214
0.164366 -0.005638
0.108895 -0.004362
0.063648 -0.003341
0.027594 -0.002536
-0.000098 -0.001908
-0.015008 -0.001424
-0.005214 -0.001054
0.040051 -0.000774
0.122601 -0.000564
0.229881 -0.000409
0.336590 -0.000253
0.417827 -0.000139
0.459592 -0.000058
0.460683 0.000000
0.428864 0.000000
0.375652 0.000000
0.312267 0.000000
0.247470 0.000000
0.186963 0.000000
0.133747 0.000000
0.088852 0.000000
0.052108 0.000000
0.022743 0.000000
-0.000210 0.000378
-0.017699 0.006719
-0.030559 0.031986
-0.039503 0.087849
-0.045147 0.176914
-0.048037 0.287343
-0.048677 0.394488
-0.047536 0.474051
-0.045052 0.512588
-0.041625 0.509391
-0.037569 0.472652
-0.033240 0.414248
-0.028880 0.345682
-0.024673 0.275925
-0.020750 0.210829
-0.017238 0.153479
-0.014124 0.104951
-0.011425 0.065079
-0.009131 0.033072
-0.007214 0.008300
-0.005638 -0.004643
-0.004362 0.006315
-0.003341 0.052080
-0.002536 0.134973
-0.001908 0.247769
-0.001424 0.372657
-0.001054 0.483545
-0.000774 0.557836
-0.000564 0.585158
-0.000409 0.567904
-0.000253 0.516686
-0.000139 0.444922
-0.000058 0.364883
0.000000 0.285752
0.000000 0.213263
0.000000 0.150242
0.000000 0.097470
0.000000 0.054518
0.000000 0.020380
0.000378 -0.006114
0.006719 -0.026089
0.031986 -0.040541
0.087849 -0.050333
0.176914 -0.056222
0.287343 -0.058886
0.394488 -0.058951
0.474051 -0.056999
0.512588 -0.053560
0.509391 -0.049116
0.472652 -0.044040
0.414248 -0.038735
0.345682 -0.033472
0.275925 -0.028455
0.210829 -0.023865
0.153479 -0.019732
0.104951 -0.016099
0.065079 -0.012971
0.033072 -0.010328
0.007922 -0.008133
-0.011363 -0.006336
-0.025671 -0.004888
-0.035391 -0.003734
-0.035600 -0.002827
-0.013929 -0.002122
0.040751 -0.001580
0.130545 -0.001167
0.243146 -0.000855
0.353486 -0.000622
0.436891 -0.000409
0.479601 -0.000253
0.480650 -0.000139
0.448038 -0.000058
0.393497 0.000000
0.328444 0.000000
0.261801 0.000000
0.199403 0.000000
0.144349 0.000000
0.097738 0.000000
0.059441 0.000000
0.028710 0.000000
0.004959 0.000000
-0.007179 0.000000
0.004407 0.000000
0.050656 0.000000
0.133541 0.000000
0.240653 0.000000
0.346826 0.000000
0.427274 0.000000
0.468140 0.000000
0.468249 0.000000
0.435433 0.000000
0.381260 0.000000
0.316941 0.000000
0.251311 0.000000
0.190078 0.000000
0.136241 0.000000
0.090827 0.000000
0.053654 0.000000
0.023941 0.000000
0.000709 0.000378
-0.017001 0.006719
-0.030033 0.031986
-0.039110 0.087849
-0.044856 0.177292
-0.047824 0.294062
-0.048521 0.426474
-0.047423 0.561900
-0.044970 0.689503
-0.041567 0.796733
-0.037569 0.867140
-0.033240 0.888299
-0.028880 0.858270
-0.024673 0.785316
-0.020750 0.683481
-0.017238 0.567727
-0.014124 0.450633
-0.011425 0.341005
-0.009131 0.243900
-0.007214 0.161401
-0.005638 0.093589
-0.004362 0.039408
-0.003341 -0.002697
-0.002536 -0.034397
-0.001908 -0.057278
-0.001424 -0.072769
-0.001054 -0.082138
-0.000774 -0.086138
-0.000564 -0.080198
-0.000409 -0.052272
-0.000253 0.008492
-0.000139 0.104356
-0.000058 0.228445
0.000000 0.368563
0.000000 0.511675
0.000000 0.647016
0.000000 0.767413
0.000000 0.868868
0.000000 0.944977
0.000000 0.983814
0.000000 0.975743
0.000000 0.920191
0.000000 0.825814
0.000000 0.706493
0.000000 0.576772
0.000000 0.448751
0.000000 0.330786
0.000000 0.227552
0.000000 0.140807
0.000000 0.070389
0.000000 0.014938
0.000000 -0.027342
0.000378 -0.058346
0.006719 -0.079878
0.031986 -0.093564
0.087849 -0.100851
0.176914 -0.103021
0.287343 -0.101250
0.394488 -0.096493
0.474051 -0.089639
0.512588 -0.081451
0.509391 -0.072572
0.472652 -0.063520
0.414248 -0.054695
0.345682 -0.046386
0.275925 -0.038784
0.210829 -0.031998
0.153479 -0.026069
0.104951 -0.020987
0.065079 -0.016706
0.033072 -0.013156
0.008300 -0.010255
-0.004643 -0.007916
0.006315 -0.006054
0.052080 -0.004589
0.134973 -0.003450
0.247769 -0.002531
0.372657 -0.001832
0.483545 -0.001306
0.557836 -0.000913
0.585158 -0.000622
0.567904 -0.000409
0.516686 -0.000253
0.444922 -0.000139
0.364883 -0.000058
0.285752 0.000000
0.213263 0.000000
0.150242 0.000000
0.097470 0.000000
0.054518 0.000000
0.020380 0.000000
-0.005736 0.000000
-0.019369 0.000000
-0.008555 0.000000
0.037515 0.000000
0.120693 0.000000
0.228457 0.000000
0.335537 0.000000
0.417053 0.000000
0.459028 0.000000
0.460275 0.000000
0.428612 0.000000
0.375512 0.000000
0.312209 0.000000
0.247470 0.000000
0.186963 0.000000
0.133747 0.000000
0.088852 0.000000
0.052108 0.000000
0.022743 0.000000
0.000167 0.000000
-0.010980 0.000000
0.001427 0.000000
0.048346 0.000000
0.132145 0.000000
0.246025 0.000000
0.377797 0.000000
0.514364 0.000000
0.644829 0.000000
0.761828 0.000000
0.861180 0.000000
0.936188 0.000000
0.974696 0.000000
0.966857 0.000000
0.911912 0.000000
0.818327 0.000000
0.699915 0.000000
0.571132 0.000000
0.444015 0.000000
0.326883 0.000000
0.224387 0.000000
0.138277 0.000000
0.068354 0.000000
0.013315 0.000000
-0.028627 0.000000
-0.059361 0.000000
-0.080679 0.000000
-0.094198 0.000000
-0.101357 0.000000
-0.103429 0.000378
-0.101503 0.006719
-0.096633 0.031986
-0.089697 0.087849
-0.081451 0.177292
-0.072572 0.294062
-0.063520 0.426474
-0.054695 0.561900
-0.046386 0.689881
-0.038784 0.803453
-0.031998 0.898749
-0.026069 0.969428
-0.020987 1.003576
-0.016706 0.991530
-0.013156 0.932663
-0.010255 0.835564
-0.007916 0.714039
-0.006054 0.582558
-0.004589 0.453146
-0.003450 0.334096
-0.002531 0.230025
-0.001832 0.142639
-0.001306 0.071696
-0.000913 0.015851
-0.000622 -0.026719
-0.000409 -0.057938
-0.000253 -0.079625
0.000238 -0.093424
0.006661 -0.100793
0.031986 -0.103021
0.087849 -0.101250
0.176914 -0.096493
0.287343 -0.089639
0.394488 -0.081451
0.474051 -0.072572
0.512588 -0.063520
0.509391 -0.054695
0.472652 -0.046386
0.414248 -0.038784
0.345682 -0.031998
0.275925 -0.026069
0.210829 -0.020987
0.153479 -0.016706
0.104951 -0.013156
0.065079 -0.010255
0.033072 -0.007916
0.008300 -0.006054
-0.004643 -0.004589
0.006315 -0.003450
0.052080 -0.002531
0.134595 -0.001832
0.241427 -0.001306
0.347391 -0.000913
0.427682 -0.000622
0.468392 -0.000409
0.468388 -0.000253
0.435492 -0.000139
0.381260 -0.000058
0.316941 0.000000
0.251311 0.000000
0.190078 0.000000
0.136241 0.000000
0.090827 0.000000
0.053654 0.000000
0.023941 0.000000
0.000709 0.000378
-0.017001 0.006719
-0.030033 0.031986
-0.039110 0.087849
-0.044856 0.176914
-0.047824 0.287343
-0.048521 0.394488
-0.047423 0.474051
-0.044970 0.512588
-0.041567 0.509391
-0.037569 0.472652
-0.033240 0.414248
-0.028880 0.345682
-0.024673 0.275925
-0.020750 0.210829
-0.017238 0.153479
-0.014124 0.104951
-0.011425 0.065079
-0.009131 0.033072
-0.007214 0.008300
-0.005638 -0.004643
-0.004362 0.006315
-0.003341 0.052080
-0.002536 0.134973
-0.001908 0.248147
-0.001424 0.379377
-0.001054 0.515531
-0.000774 0.645307
-0.000564 0.755731
-0.000409 0.829980
-0.000253 0.855311
-0.000139 0.829530
-0.000058 0.760701
0.000000 0.662730
0.000000 0.550489
0.000000 0.436509
0.000000 0.329580
0.000000 0.234770
0.000000 0.154188
0.000000 0.087951
0.000000 0.035047
0.000000 -0.006038
0.000000 -0.036556
0.000000 -0.052467
0.000000 -0.042206
0.000000 0.004657
0.000000 0.090002
0.000000 0.206580
0.000000 0.341808
0.000000 0.482291
0.000000 0.616805
0.000000 0.737778
0.000000 0.840838
0.000000 0.919203
0.000000 0.960712
0.000000 0.955490
0.000000 0.902782
0.000000 0.811113
0.000000 0.694277
0.000000 0.566771
0.000000 0.440674
0.000000 0.324346
0.000000 0.222479
0.000000 0.136854
0.000000 0.067301
0.000000 0.012541
0.000000 -0.029192
0.000000 -0.059770
0.000000 -0.080931
0.000000 -0.094338
0.000000 -0.101416
0.000000 -0.103051
0.000000 -0.094783
0.000000 -0.064647
0.000000 -0.001848
0.000000 0.095841
0.000000 0.221490
0.000000 0.362954
0.000000 0.507205
0.000000 0.643117
0.000000 0.757949
0.000000 0.835142
0.000000 0.862230
0.000000 0.837283
0.000000 0.768610
0.000000 0.670325
0.000000 0.557472
0.000000 0.442717
0.000000 0.334950
0.000000 0.239311
0.000000 0.157952
0.000000 0.091058
0.000000 0.037576
0.000000 -0.004003
0.000000 -0.035311
0.000000 -0.057900
0.000000 -0.073177
0.000000 -0.082390
0.000000 -0.086655
0.000000 -0.086598
0.000000 -0.077538
0.000000 -0.047371
0.000000 0.014912
0.000000 0.111298
0.000000 0.229432
0.000000 0.344263
0.000000 0.431187
0.000000 0.476549
0.000000 0.479510
0.000000 0.448201
0.000000 0.394485
0.000000 0.329895
0.000000 0.263453
0.000000 0.201079
0.000000 0.145933
0.000000 0.099166
0.000000 0.060684
0.000000 0.029762
0.000000 0.005828
0.000000 -0.006475
0.000000 0.005009
0.000000 0.051166
0.000000 0.134350
0.000000 0.247738
0.000000 0.379124
0.000000 0.515014
0.000000 0.638907
0.000000 0.730464
0.000000 0.774117
0.000000 0.765868
0.000000 0.712760
0.000000 0.628290
0.000000 0.527305
0.000000 0.422508
0.000000 0.322937
0.000000 0.233906
0.000000 0.157748
0.000000 0.094773
0.000000 0.044135
0.000000 0.004470
0.000000 -0.025332
0.000000 -0.041101
0.000000 -0.031144
0.000000 0.015087
0.000000 0.099578
0.000000 0.215170
0.000000 0.349357
0.000000 0.488762
0.000000 0.622300
0.000000 0.741993
0.000000 0.838279
0.000000 0.897051
0.000000 0.907344
0.000000 0.868021
0.000000 0.787558
0.000000 0.679899
0.000000 0.559770
0.000000 0.439489
0.000000 0.327628
0.000000 0.229066
0.000000 0.145748
0.000000 0.077653
0.000000 0.023641
0.000000 -0.017922
0.000000 -0.048404
0.000000 -0.063879
0.000000 -0.052889
0.000000 -0.005058
0.000000 0.081354
0.000000 0.199031
0.000000 0.335336
0.000000 0.476796
0.000000 0.612212
0.000000 0.733617
0.000000 0.831381
0.000000 0.891442
0.000000 0.902874
0.000000 0.864500
0.000000 0.784814
0.000000 0.677782
0.000000 0.558153
0.000000 0.438264
0.000000 0.326709
0.000000 0.228382
0.000000 0.145243
0.000000 0.077283
0.000000 0.023372
0.000000 -0.018117
0.000000 -0.048922
0.000000 -0.070657
0.000000 -0.084875
0.000000 -0.092907
0.000000 -0.095938
0.000000 -0.095031
0.000000 -0.091138
0.000000 -0.085104
0.000000 -0.077669
0.000000 -0.069458
0.000000 -0.061026
0.000000 -0.052720
0.000000 -0.044839
0.000000 -0.037586
0.000000 -0.031079
0.000000 -0.025370
0.000000 -0.020461
0.000000 -0.016313
0.000000 -0.012865
0.000000 -0.010041
0.000000 -0.007760
0.000000 -0.005941
0.000000 -0.004508
0.000000 -0.003391
0.000000 -0.002531
0.000000 -0.001832
0.000000 -0.001306
0.000000 -0.000913
0.000000 -0.000622
0.000000 -0.000409
0.000000 -0.000253
0.000000 -0.000139
0.000000 -0.000058
0.000000 0.000000
0.000000 0.000000
0.000000 0.000000
0.000000 0.000000
0.000000 0.000000
0.000000 0.000000
0.000000 0.000000
0.000000 0.000000
0.000000 0.000000
0.000000 0.000000
0.000000 0.000000
0.000000 0.000000
0.000000 0.000000
0.000000 0.000000
0.000000 0.000000
0.000000 0.000000
0.000000 0.000000
0.000000 0.000000
0.000000 0.000000
0.000000 0.000000
0.000000 0.000000
0.000000 0.000000
0.000000 0.000000
0.000000 0.000000
0.000000 0.000000
0.000000 0.000000
0.000000 0.000000
0.000000 0.000000
0.000000 0.000000
0.000000 0.000000
0.000000 0.000000
0.000000 0.000000
0.000000 0.000000
0.000000 0.000000
0.000000 0.000000
0.000000 0.000000
0.000000 0.000000
0.000000 0.000000
0.000000 0.000000
0.000000 0.000000
0.000000 0.000000
0.000000 0.000000
0.000000 0.000000
0.000000 0.000000
