0.000000 0.000000
0.000000 0.000000
0.000000 0.000000
0.000000 0.000000
0.000000 0.000000
0.000000 0.000000
0.000000 0.000000
0.000000 0.000000
0.000000 0.000000
0.000000 0.000000
0.000000 0.000000
0.000000 0.000000
0.000000 0.000000
0.000000 0.000000
0.000000 0.000000
0.000000 0.000000
0.000000 0.000000
0.000000 0.000000
0.000000 0.000000
0.000000 0.000000
0.000000 0.000378
0.000000 0.006719
0.000000 0.031986
0.000000 0.087849
0.000000 0.176914
0.000000 0.287343
0.000000 0.394488
0.000000 0.474051
0.000000 0.512588
0.000000 0.509391
0.000000 0.472652
0.000000 0.414248
0.000000 0.345682
0.000000 0.275925
0.000000 0.210829
0.000000 0.153479
0.000000 0.104951
0.000000 0.065079
0.000000 0.033072
0.000000 0.007922
0.000378 -0.011363
0.006719 -0.025671
0.031986 -0.035769
0.087849 -0.042320
0.177292 -0.045915
0.294062 -0.047097
0.426474 -0.046369
0.561900 -0.044196
0.689503 -0.041002
0.796733 -0.037160
0.867140 -0.032988
0.888299 -0.028740
0.858270 -0.024614
0.785316 -0.020750
0.683481 -0.017238
0.567727 -0.014124
0.450633 -0.011425
0.341005 -0.009131
0.243900 -0.007214
0.161401 -0.005638
0.093589 -0.004362
0.039408 -0.003341
-0.002697 -0.002536
-0.034397 -0.001908
-0.057278 -0.001424
-0.072391 -0.001054
-0.075418 -0.000774
-0.054530 -0.000564
0.000931 -0.000409
0.093034 -0.000253
0.214705 -0.000139
0.353538 -0.000058
0.496283 0.000000
0.631970 0.000000
0.753227 0.000000
0.855884 0.000000
0.933388 0.000000
0.973695 0.000000
0.967078 0.000000
0.912900 0.000000
0.819778 0.000000
0.701568 0.000000
0.572808 0.000000
0.445600 0.000000
0.328311 0.000000
0.225630 0.000000
0.139329 0.000000
0.069223 0.000000
0.014019 0.000000
-0.028025 0.000000
-0.058851 0.000000
-0.079870 0.000000
-0.087113 0.000000
-0.069060 0.000000
-0.015312 0.000000
0.075984 0.000000
0.197191 0.000000
0.330116 0.000000
0.448463 0.000000
0.529460 0.000000
0.562640 0.000000
0.550369 0.000000
0.503288 0.000000
0.434878 0.000000
0.357500 0.000000
0.280433 0.000000
0.209514 0.000000
0.147660 0.000000
0.095740 0.000000
0.053394 0.000000
0.019678 0.000000
-0.006530 0.000378
-0.026317 0.006719
-0.040649 0.031986
-0.050328 0.087849
-0.056146 0.176914
-0.058768 0.287343
-0.058811 0.394488
-0.056847 0.474051
-0.053405 0.512588
-0.048960 0.509391
-0.043927 0.472652
-0.038654 0.414248
-0.033414 0.345682
-0.028455 0.275925
-0.023865 0.210829
-0.019732 0.153479
-0.016099 0.104951
-0.012971 0.065079
-0.010328 0.033072
-0.008133 0.008300
-0.006336 -0.004643
-0.004888 0.006315
-0.003734 0.052080
-0.002827 0.134595
-0.002122 0.241427
-0.001580 0.347391
-0.001167 0.427682
-0.000855 0.468392
-0.000622 0.468388
-0.000409 0.435492
-0.000253 0.381260
-0.000139 0.316941
-0.000058 0.251311
0.000000 0.190078
0.000000 0.136241
0.000000 0.090827
0.000000 0.053654
0.000000 0.023941
0.000000 0.000709
0.000000 -0.017001
0.000000 -0.030033
0.000000 -0.039110
0.000000 -0.044478
0.000000 -0.041104
0.000000 -0.016535
0.000000 0.040426
0.000000 0.132322
0.000000 0.252496
0.000000 0.388527
0.000000 0.521940
0.000000 0.629015
0.000000 0.690932
0.000000 0.701084
0.000000 0.664848
0.000000 0.594964
0.000000 0.506053
0.000000 0.410944
0.000000 0.318960
0.000000 0.235749
0.000000 0.163948
0.000000 0.104123
0.000000 0.055635
0.000000 0.017288
0.000000 -0.012264
0.000000 -0.034310
0.000000 -0.050002
0.000000 -0.060355
0.000000 -0.065891
0.000000 -0.061795
0.000000 -0.035907
0.000000 0.022766
0.000000 0.116591
0.000000 0.238728
0.000000 0.376700
0.000000 0.511911
0.000000 0.620639
0.000000 0.684034
0.000000 0.695474
0.000000 0.660378
0.000000 0.591443
0.000000 0.503309
0.000000 0.408827
0.000000 0.317343
0.000000 0.234525
0.000000 0.163030
0.000000 0.103439
0.000000 0.055130
0.000000 0.016918
0.000000 -0.012155
0.000000 -0.027784
0.000000 -0.018155
0.000000 0.027435
0.000000 0.111023
0.000000 0.225547
0.000000 0.358581
0.000000 0.496817
0.000000 0.629180
0.000000 0.747740
0.000000 0.843011
0.000000 0.900892
0.000000 0.910459
0.000000 0.870516
0.000000 0.789533
0.000000 0.681445
0.000000 0.560968
0.000000 0.440408
0.000000 0.328326
0.000000 0.229592
0.000000 0.146141
0.000000 0.077944
0.000000 0.023855
0.000000 -0.017766
0.000000 -0.048291
0.000000 -0.063798
0.000000 -0.052831
0.000000 -0.005058
0.000000 0.080976
0.000000 0.192312
0.000000 0.303350
0.000000 0.388947
0.000000 0.434920
0.000000 0.439933
0.000000 0.411627
0.000000 0.361528
0.000000 0.300842
0.000000 0.238339
0.000000 0.179750
0.000000 0.128109
0.000000 0.084491
0.000000 0.048767
0.000000 0.020207
0.000378 -0.002119
0.006719 -0.019123
0.031986 -0.031612
0.087849 -0.040277
0.176914 -0.045711
0.287343 -0.048446
0.394488 -0.048930
0.474051 -0.047675
0.512588 -0.045110
0.509391 -0.041625
0.472652 -0.037569
0.414248 -0.033240
0.345682 -0.028880
0.275925 -0.024673
0.210829 -0.020750
0.153479 -0.017238
0.104951 -0.014124
0.065079 -0.011425
0.033072 -0.009131
0.008300 -0.007214
-0.004643 -0.005638
0.006315 -0.004362
0.052080 -0.003341
0.134973 -0.002536
0.248147 -0.001908
0.379377 -0.001424
0.515531 -0.001054
0.645684 -0.000774
0.762450 -0.000564
0.861588 -0.000409
0.936440 -0.000253
0.974836 -0.000139
0.966915 -0.000058
0.911912 0.000000
0.818327 0.000000
0.699915 0.000000
0.571132 0.000000
0.444015 0.000000
0.326883 0.000000
0.224387 0.000000
0.138277 0.000000
0.068354 0.000000
0.013315 0.000000
-0.028627 0.000000
-0.059361 0.000378
-0.080679 0.006719
-0.094198 0.031986
-0.101357 0.087849
-0.103429 0.177292
-0.101503 0.294062
-0.096633 0.426474
-0.089697 0.561900
-0.081451 0.689881
-0.072572 0.803075
-0.063520 0.892407
-0.054695 0.944162
-0.046386 0.947714
-0.038784 0.902086
-0.031998 0.815893
-0.026069 0.703152
-0.020987 0.578614
-0.016706 0.454577
-0.013156 0.339574
-0.010255 0.238423
-0.007916 0.153003
-0.006054 0.083224
-0.004589 0.027880
-0.003450 -0.014725
-0.002531 -0.046391
-0.001832 -0.068825
-0.001306 -0.083569
-0.000913 -0.091616
-0.000622 -0.088596
-0.000409 -0.062637
-0.000253 -0.003037
-0.000139 0.092327
-0.000058 0.216452
0.000000 0.357017
0.000000 0.500874
0.000000 0.637161
0.000000 0.758236
0.000000 0.854821
0.000000 0.913083
0.000000 0.922343
0.000000 0.881625
0.000000 0.799580
0.000000 0.690288
0.000000 0.568573
0.000000 0.446817
0.000000 0.333633
0.000000 0.233915
0.000000 0.149612
0.000000 0.080694
0.000000 0.026047
0.000000 -0.016032
0.000000 -0.047304
0.000000 -0.069447
0.000000 -0.083977
0.000000 -0.092246
0.000378 -0.095455
0.006719 -0.094681
0.031986 -0.090885
0.087849 -0.084965
0.177292 -0.077610
0.294062 -0.069458
0.426474 -0.061026
0.561900 -0.052720
0.689503 -0.044839
0.796733 -0.037586
0.867140 -0.031079
0.888299 -0.025370
0.858270 -0.020461
0.785316 -0.016313
0.683481 -0.012865
0.567727 -0.010041
0.450633 -0.007760
0.341005 -0.005941
0.243900 -0.004508
0.161401 -0.003391
0.093589 -0.002531
0.039408 -0.001832
-0.002697 -0.001306
-0.034019 -0.000913
-0.050558 -0.000622
-0.040783 -0.000409
0.005711 -0.000253
0.090398 -0.000139
0.200425 -0.000058
0.310230 0.000000
0.394695 0.000000
0.439652 0.000000
0.443774 0.000000
0.414741 0.000000
0.364022 0.000000
0.302817 0.000000
0.239886 0.000000
0.180948 0.000000
0.129028 0.000000
0.085189 0.000000
0.049293 0.000000
0.020600 0.000000
-0.001828 0.000378
-0.018909 0.006719
-0.031456 0.031986
-0.040164 0.087849
-0.045630 0.176914
-0.048388 0.287343
-0.048930 0.394488
-0.047675 0.474051
-0.045110 0.512588
-0.041625 0.509391
-0.037569 0.472652
-0.033240 0.414248
-0.028880 0.345682
-0.024673 0.275925
-0.020750 0.210829
-0.017238 0.153479
-0.014124 0.104951
-0.011425 0.065079
-0.009131 0.033072
-0.007214 0.007922
-0.005638 -0.011363
-0.004362 -0.025671
-0.003341 -0.035769
-0.002536 -0.041942
-0.001908 -0.039196
-0.001424 -0.015111
-0.001054 0.041479
-0.000774 0.133096
-0.000564 0.253060
-0.000409 0.389314
-0.000253 0.528535
-0.000139 0.654421
-0.000058 0.746852
0.000000 0.790527
0.000000 0.781618
0.000000 0.727376
0.000000 0.641479
0.000000 0.538924
0.000000 0.432532
0.000000 0.331423
0.000000 0.240970
0.000000 0.163538
0.000000 0.099451
0.000000 0.047865
0.000000 0.007408
0.000000 -0.023423
0.000000 -0.046058
0.000000 -0.061786
0.000000 -0.071368
0.000000 -0.070193
0.000000 -0.046271
0.000000 0.011237
0.000000 0.104185
0.000000 0.220014
0.000000 0.333545
0.000000 0.419981
0.000000 0.465478
0.000000 0.469021
0.000000 0.438587
0.000000 0.385913
0.000000 0.322428
0.000000 0.257082
0.000000 0.195740
0.000000 0.141533
0.000000 0.095594
0.000000 0.057824
0.000000 0.027500
0.000378 0.003683
0.006719 -0.014560
0.031986 -0.028062
0.087849 -0.037543
0.176914 -0.043626
0.287343 -0.046829
0.394488 -0.047720
0.474051 -0.046778
0.512588 -0.044449
0.509391 -0.041142
0.472652 -0.037219
0.414248 -0.032988
0.345682 -0.028740
0.275925 -0.024614
0.210829 -0.020750
0.153479 -0.017238
0.104951 -0.014124
0.065079 -0.011425
0.033072 -0.009131
0.007922 -0.006836
-0.011363 0.001081
-0.025671 0.027625
-0.035769 0.084507
-0.042320 0.174378
-0.045915 0.285435
-0.047097 0.393064
-0.046369 0.472998
-0.044196 0.511815
-0.041002 0.508826
-0.037160 0.472244
-0.032988 0.413995
-0.028740 0.345542
-0.024614 0.275867
-0.020750 0.210829
-0.017238 0.153479
-0.014124 0.104951
-0.011425 0.065079
-0.009131 0.033072
-0.007214 0.008300
-0.005638 -0.004643
-0.004362 0.006315
-0.003341 0.052080
-0.002536 0.134595
-0.001908 0.241427
-0.001424 0.347391
-0.001054 0.427682
-0.000774 0.468392
-0.000564 0.468388
-0.000409 0.435492
-0.000253 0.381260
-0.000139 0.316941
-0.000058 0.251311
0.000000 0.190078
0.000000 0.136241
0.000000 0.090827
0.000000 0.053654
0.000000 0.023941
0.000000 0.001086
0.000000 -0.010281
0.000000 0.001953
0.000000 0.048738
0.000000 0.132436
0.000000 0.246239
0.000000 0.377953
0.000000 0.514477
0.000000 0.644910
0.000000 0.761886
0.000000 0.861180
0.000000 0.936188
0.000000 0.974696
0.000000 0.966857
0.000000 0.911912
0.000000 0.818327
0.000000 0.699915
0.000000 0.571132
0.000000 0.444015
0.000000 0.326883
0.000000 0.224387
0.000000 0.138277
0.000000 0.068354
0.000000 0.013315
0.000000 -0.028627
0.000000 -0.058984
0.000000 -0.073959
0.000000 -0.062212
0.000000 -0.013509
0.000000 0.073485
0.000000 0.185840
0.000000 0.297855
0.000000 0.384354
0.000000 0.431137
0.000000 0.436818
0.000000 0.409132
0.000000 0.359553
0.000000 0.299296
0.000000 0.237142
0.000000 0.178831
0.000000 0.127410
0.000000 0.083965
0.000000 0.048374
0.000000 0.019916
0.000378 -0.002332
0.006719 -0.019279
0.031986 -0.031725
0.087849 -0.040358
0.176914 -0.045769
0.287343 -0.048446
0.394488 -0.048930
0.474051 -0.047675
0.512588 -0.045110
0.509391 -0.041625
0.472652 -0.037569
0.414248 -0.033240
0.345682 -0.028880
0.275925 -0.024673
0.210829 -0.020750
0.153479 -0.017238
0.104951 -0.014124
0.065079 -0.011425
0.033072 -0.009131
0.008300 -0.007214
-0.004643 -0.005638
0.006315 -0.004362
0.052080 -0.003341
0.134595 -0.002536
0.241427 -0.001908
0.347391 -0.001424
0.427682 -0.001054
0.468392 -0.000774
0.468388 -0.000564
0.435492 -0.000409
0.381260 -0.000253
0.316941 -0.000139
0.251311 -0.000058
0.190078 0.000000
0.136241 0.000000
0.090827 0.000000
0.053654 0.000000
0.023941 0.000000
0.001086 0.000000
-0.010281 0.000000
0.001953 0.000000
0.048738 0.000000
0.132436 0.000000
0.246239 0.000000
0.377953 0.000000
0.514477 0.000000
0.644910 0.000000
0.761886 0.000000
0.861180 0.000000
0.936188 0.000000
0.974696 0.000000
0.966857 0.000000
0.911912 0.000000
0.818327 0.000000
0.699915 0.000000
0.571132 0.000000
0.444015 0.000000
0.326883 0.000000
0.224387 0.000000
0.138277 0.000000
0.068354 0.000000
0.013315 0.000000
-0.028627 0.000000
-0.058984 0.000000
-0.073959 0.000000
-0.062212 0.000000
-0.013509 0.000000
0.073485 0.000000
0.185840 0.000000
0.297855 0.000000
0.384354 0.000000
0.431137 0.000000
0.436818 0.000000
0.409132 0.000000
0.359553 0.000000
0.299296 0.000000
0.237142 0.000000
0.178831 0.000000
0.127410 0.000000
0.083965 0.000000
0.048374 0.000000
0.019916 0.000000
-0.002332 0.000378
-0.019279 0.006719
-0.031725 0.031986
-0.040358 0.087849
-0.045769 0.177292
-0.048446 0.294062
-0.048930 0.426474
-0.047675 0.561900
-0.045110 0.689881
-0.041625 0.803075
-0.037569 0.892407
-0.033240 0.944162
-0.028880 0.947714
-0.024673 0.902086
-0.020750 0.815893
-0.017238 0.703152
-0.014124 0.578614
-0.011425 0.454577
-0.009131 0.339574
-0.007214 0.238423
-0.005638 0.153003
-0.004362 0.083224
-0.003341 0.027880
-0.002536 -0.014725
-0.001908 -0.046013
-0.001424 -0.062105
-0.001054 -0.051583
-0.000774 -0.004145
-0.000564 0.081976
-0.000409 0.199440
-0.000253 0.335589
-0.000139 0.476935
-0.000058 0.612270
0.000000 0.733617
0.000000 0.831381
0.000000 0.891442
0.000000 0.902874
0.000000 0.864500
0.000000 0.784814
0.000000 0.677782
0.000000 0.558153
0.000000 0.438264
0.000000 0.326709
0.000000 0.228382
0.000000 0.145243
0.000000 0.077283
0.000000 0.023372
0.000000 -0.018117
0.000378 -0.048922
0.006719 -0.070657
0.031986 -0.084875
0.087849 -0.092907
0.177292 -0.095938
0.294062 -0.095031
0.426474 -0.091138
0.561900 -0.085104
0.689881 -0.077669
0.803075 -0.069458
0.892407 -0.061026
0.944162 -0.052720
0.947714 -0.044839
0.902086 -0.037586
0.815893 -0.031079
0.703152 -0.025370
0.578614 -0.020461
0.454577 -0.016313
0.339574 -0.012865
0.238423 -0.010041
0.153003 -0.007760
0.083224 -0.005941
0.027880 -0.004508
-0.014725 -0.003391
-0.046013 -0.002531
-0.062105 -0.001832
-0.051583 -0.001306
-0.004145 -0.000913
0.081599 -0.000622
0.192720 -0.000409
0.303603 -0.000253
0.389087 -0.000139
0.434978 -0.000058
0.439933 0.000000
0.411627 0.000000
0.361528 0.000000
0.300842 0.000000
0.238339 0.000000
0.179750 0.000000
0.128109 0.000000
0.084491 0.000000
0.048767 0.000000
0.020207 0.000000
-0.001741 0.000000
-0.012403 0.000000
0.000374 0.000000
0.047572 0.000000
0.131581 0.000000
0.245616 0.000000
0.377544 0.000000
0.514225 0.000000
0.644771 0.000000
0.761450 0.000000
0.854838 0.000000
0.910921 0.000000
0.918834 0.000000
0.877413 0.000000
0.795142 0.000000
0.685915 0.000000
0.564489 0.000000
0.443152 0.000000
0.330443 0.000000
0.231209 0.000000
0.147365 0.000000
0.078863 0.000000
0.024538 0.000000
-0.017262 0.000000
-0.047921 0.000000
-0.063529 0.000000
-0.052637 0.000000
-0.004919 0.000000
0.081412 0.000000
0.199031 0.000000
0.335336 0.000000
0.476796 0.000000
0.612212 0.000000
0.733617 0.000000
0.831381 0.000000
0.891442 0.000000
0.902874 0.000000
0.864500 0.000000
0.784814 0.000000
0.677782 0.000000
0.558153 0.000000
0.438264 0.000000
0.326709 0.000000
0.228382 0.000000
0.145243 0.000000
0.077283 0.000000
0.023372 0.000000
-0.018117 0.000000
-0.048544 0.000000
-0.063937 0.000000
-0.052889 0.000000
-0.005058 0.000000
0.080976 0.000000
0.192312 0.000000
0.303350 0.000000
0.388947 0.000000
0.434920 0.000000
0.439933 0.000000
0.411627 0.000000
0.361528 0.000000
0.300842 0.000000
0.238339 0.000000
0.179750 0.000000
0.128109 0.000000
0.084491 0.000000
0.048767 0.000000
0.020207 0.000000
-0.001741 0.000000
-0.012403 0.000000
0.000374 0.000000
0.047572 0.000000
0.131203 0.000000
0.238897 0.000000
0.345558 0.000000
0.426376 0.000000
0.467479 0.000000
0.467766 0.000000
0.435083 0.000000
0.381007 0.000000
0.316802 0.000000
0.251253 0.000000
0.190078 0.000000
0.136241 0.000000
0.090827 0.000000
0.053654 0.000000
0.023941 0.000000
0.000709 0.000000
-0.017001 0.000000
-0.030033 0.000000
-0.039110 0.000000
-0.044856 0.000000
-0.047824 0.000000
-0.048521 0.000000
-0.047423 0.000000
-0.044970 0.000000
-0.041567 0.000000
-0.037569 0.000000
-0.033240 0.000000
-0.028880 0.000000
-0.024673 0.000000
-0.020750 0.000000
-0.017238 0.000000
-0.014124 0.000000
-0.011425 0.000000
-0.009131 0.000000
-0.007214 0.000000
-0.005638 0.000000
-0.004362 0.000000
-0.003341 0.000000
-0.002536 0.000000
-0.001908 0.000000
-0.001424 0.000000
-0.001054 0.000000
-0.000774 0.000000
-0.000564 0.000000
-0.000409 0.000000
-0.000253 0.000000
-0.000139 0.000000
-0.000058 0.000000
0.000000 0.000000
0.000000 0.000000
0.000000 0.000000
0.000000 0.000000
0.000000 0.000000
0.000000 0.000000
0.000000 0.000000
0.000000 0.000000
0.000000 0.000000
0.000000 0.000000
0.000000 0.000000
0.000000 0.000000
0.000000 0.000000
0.000000 0.000000
0.000000 0.000000
0.000000 0.000000
0.000000 0.000000
0.000000 0.000000
0.000000 0.000000
0.000000 0.000000
0.000000 0.000000
0.000000 0.000000
0.000000 0.000000
0.000000 0.000000
0.000000 0.000000
0.000000 0.000000
0.000000 0.000000
0.000000 0.000000
0.000000 0.000000
0.000000 0.000000
0.000000 0.000000
0.000000 0.000000
0.000000 0.000000
0.000000 0.000000
0.000000 0.000000
0.000000 0.000000
0.000000 0.000000
0.000000 0.000000
0.000000 0.000000
0.000000 0.000000
0.000000 0.000000
0.000000 0.000000
0.000000 0.000000
0.000000 0.000000
0.000000 0.000000
0.000000 0.000000
0.000000 0.000000
0.000000 0.000000
0.000000 0.000000
0.000000 0.000000
0.000000 0.000000
0.000000 0.000000
0.000000 0.000000
0.000000 0.000000
0.000000 0.000000
0.000000 0.000000
0.000000 0.000000
