0.000000 0.000000
0.000000 0.000000
0.000000 0.000000
0.000000 0.000000
0.000000 0.000000
0.000000 0.000000
0.000000 0.000000
0.000000 0.018566
0.000000 0.165070
0.000000 0.439405
0.000000 0.724358
0.000000 0.937974
0.000000 1.047532
0.000000 0.962426
0.000000 0.705800
0.000000 0.412714
0.000000 0.177664
0.000000 0.023497
0.000000 -0.062902
0.018566 -0.101522
0.165070 -0.109197
0.439405 -0.098777
0.705793 -0.079900
0.772904 -0.059290
0.626693 -0.040934
0.403137 -0.026543
0.207232 -0.016282
0.070975 -0.009503
-0.011858 -0.005304
-0.055611 0.015816
-0.072479 0.163737
-0.071953 0.420261
-0.061718 0.559097
-0.047733 0.498568
-0.033989 0.341739
-0.022572 0.189522
-0.014110 0.079108
-0.008362 0.009577
-0.004725 -0.011003
-0.002559 0.117591
-0.001333 0.369796
-0.000578 0.513378
-0.000192 0.461851
0.000000 0.314916
0.000000 0.171341
0.000000 0.067551
0.000000 0.002632
0.018566 -0.033539
0.165070 -0.049650
0.439405 -0.052185
0.705793 -0.046489
0.772904 -0.036909
0.626693 -0.026824
0.403137 -0.018181
0.207232 -0.011557
0.070975 -0.006945
-0.011858 -0.003971
-0.055611 0.016394
-0.072479 0.163928
-0.071953 0.420261
-0.061718 0.559097
-0.047733 0.498568
-0.033989 0.341739
-0.022572 0.189522
-0.014110 0.079108
-0.008362 0.009577
0.013841 -0.029568
0.162511 -0.047478
0.419507 -0.051044
0.558710 -0.045910
0.498377 -0.036718
0.341739 -0.026824
0.189522 -0.018181
0.079108 -0.011557
0.009577 -0.006945
-0.029568 0.014595
-0.047478 0.162898
-0.051044 0.419698
-0.045910 0.558710
-0.036718 0.498377
-0.026824 0.341739
-0.018181 0.189522
-0.011557 0.079108
-0.006945 0.009577
-0.003971 -0.029568
0.016394 -0.047478
0.163928 -0.051044
0.420261 -0.045910
0.559097 -0.036718
0.498568 -0.026824
0.341739 -0.018181
0.189522 -0.011557
0.079108 -0.006945
0.009577 -0.003971
-0.011003 -0.002172
0.117591 -0.001141
0.388361 -0.000578
0.659882 -0.000192
0.736186 0.000000
0.599869 0.000000
0.384956 0.000000
0.195676 0.000000
0.064030 0.000000
-0.015829 0.000000
-0.057783 0.018566
-0.073620 0.165070
-0.072532 0.439405
-0.061910 0.724358
-0.047733 0.919408
-0.033989 0.901028
-0.022572 0.688090
-0.014110 0.420847
-0.008362 0.199099
-0.004725 0.049540
-0.002559 -0.037901
0.017233 -0.080612
0.164491 -0.093389
0.420648 -0.087761
0.559289 -0.072734
0.498568 -0.054899
0.341739 -0.038380
0.189522 -0.025126
0.079108 -0.015527
0.009577 -0.009116
-0.029568 0.013454
-0.047478 0.162319
-0.051044 0.438072
-0.045910 0.723780
-0.036718 0.919216
-0.026824 0.901028
-0.018181 0.688090
-0.011557 0.420847
-0.006945 0.199099
-0.003971 0.049540
-0.002172 -0.037901
0.017424 -0.080612
0.164491 -0.093389
0.420648 -0.087761
0.559289 -0.072734
0.498568 -0.054899
0.341739 -0.038380
0.189522 -0.025126
0.079108 -0.015527
0.009577 -0.009116
-0.029568 0.013454
-0.047478 0.162319
-0.051044 0.438072
-0.045910 0.723780
-0.036718 0.937782
-0.026824 1.047532
-0.018181 0.962426
-0.011557 0.705800
-0.006945 0.412714
-0.003971 0.177664
-0.002172 0.023497
-0.001141 -0.062902
-0.000578 -0.082956
-0.000192 0.055873
0.000000 0.340628
0.000000 0.644459
0.000000 0.878684
0.000000 1.006598
0.000000 0.935883
0.000000 0.689519
0.000000 0.403211
0.000000 0.172360
0.000000 0.020746
0.000000 -0.064235
0.000000 -0.083535
0.000000 0.055681
0.000000 0.322062
0.000000 0.479389
0.000000 0.439279
0.000000 0.300806
0.000000 0.162979
0.000000 0.062826
0.000000 0.000074
0.018566 -0.034872
0.165070 -0.050228
0.420840 -0.052377
0.559289 -0.046489
0.498568 -0.036909
0.341739 -0.026824
0.189522 -0.018181
0.079108 -0.011557
0.009577 -0.006945
-0.029568 0.014595
-0.047478 0.162898
-0.051044 0.438264
-0.045910 0.723780
-0.036718 0.919216
-0.026824 0.901028
-0.018181 0.688090
-0.011557 0.420847
-0.006945 0.199099
-0.003971 0.049540
-0.002172 -0.037901
-0.001141 -0.062046
-0.000578 0.071681
-0.000192 0.333078
0.000000 0.486555
0.000000 0.443670
0.000000 0.303359
0.000000 0.164396
0.000000 0.063581
0.000000 0.000461
0.000000 -0.016115
0.000000 0.114841
0.000000 0.368463
0.000000 0.512800
0.000000 0.461659
0.000000 0.314916
0.000000 0.171341
0.000000 0.067551
0.000000 0.002632
0.018566 -0.033539
0.165070 -0.049650
0.439405 -0.052185
0.705793 -0.046489
0.772904 -0.036909
0.626693 -0.026824
0.403137 -0.018181
0.207232 -0.011557
0.070975 -0.006945
-0.011858 -0.003971
-0.037046 -0.002172
0.092591 -0.001141
0.348886 -0.000578
0.497570 -0.000192
0.450835 0.000000
0.307750 0.000000
0.166950 0.000000
0.064998 0.000000
0.001215 0.000000
-0.034294 0.018566
-0.050037 0.165070
-0.052377 0.439405
-0.046489 0.724358
-0.036909 0.919408
-0.026824 0.901028
-0.018181 0.688090
-0.011557 0.420847
-0.006945 0.199099
-0.003971 0.049540
-0.002172 -0.037901
0.017424 -0.080612
0.164491 -0.093389
0.439214 -0.087761
0.724358 -0.072734
0.919408 -0.054899
0.901028 -0.038380
0.688090 -0.025126
0.420847 -0.015527
0.199099 -0.009116
0.049540 -0.005112
-0.037901 -0.002750
-0.080612 -0.001333
-0.093389 -0.000578
-0.087761 0.018374
-0.072734 0.165070
-0.054899 0.439405
-0.038380 0.705793
-0.025126 0.772904
-0.015527 0.626693
-0.009116 0.403137
-0.005112 0.207232
-0.002750 0.070975
-0.001333 -0.011858
0.017987 -0.055611
0.164878 -0.072479
0.420840 -0.071953
0.559289 -0.061718
0.498568 -0.047733
0.341739 -0.033989
0.189522 -0.022572
0.079108 -0.014110
0.009577 -0.008362
-0.011003 -0.004725
0.117591 -0.002559
0.369796 -0.001333
0.513378 -0.000578
0.461851 -0.000192
0.314916 0.000000
0.171341 0.000000
0.067551 0.000000
0.002632 0.000000
-0.014973 0.000000
0.115420 0.000000
0.387220 0.000000
0.677869 0.000000
0.882499 0.000000
0.874204 0.000000
0.669909 0.000000
0.409291 0.000000
0.192154 0.000000
0.045569 0.000000
-0.040073 0.000000
-0.063188 0.000000
0.071102 0.000000
0.351452 0.000000
0.651624 0.000000
0.883075 0.000000
1.009152 0.000000
0.937300 0.000000
0.690273 0.000000
0.403598 0.000000
0.172552 0.000000
0.020746 0.000000
-0.064235 0.000000
-0.102100 0.000000
-0.109388 0.000000
-0.098777 0.000000
-0.079900 0.000000
-0.059290 0.000000
-0.040934 0.000000
-0.026543 0.000000
-0.016282 0.000000
-0.009503 0.000000
-0.005304 0.000000
-0.002750 0.000000
-0.001333 0.000000
-0.000578 0.000000
-0.000192 0.000000
0.000000 0.000000
0.000000 0.000000
0.000000 0.000000
0.000000 0.000000
0.000000 0.000000
0.000000 0.000000
0.000000 0.000000
0.000000 0.000000
0.000000 0.000000
0.000000 0.000000
0.000000 0.000000
0.000000 0.000000
0.000000 0.000000
0.000000 0.000000
0.000000 0.000000
0.000000 0.000000
0.000000 0.000000
0.000000 0.000000
0.000000 0.000000
0.000000 0.000000
0.000000 0.000000
0.000000 0.000000
0.000000 0.000000
0.000000 0.000000
0.000000 0.000000
0.000000 0.000000
0.000000 0.000000
0.000000 0.000000
0.000000 0.000000
0.000000 0.000000
0.000000 0.000000
0.000000 0.000000
0.000000 0.000000
0.000000 0.000000
0.000000 0.000000
0.000000 0.000000
0.000000 0.000000
0.000000 0.000000
0.000000 0.000000
0.000000 0.000000
0.000000 0.000000
0.000000 0.000000
0.000000 0.000000
0.000000 0.000000
0.000000 0.000000
0.000000 0.000000
0.000000 0.000000
0.000000 0.000000
0.000000 0.000000
0.000000 0.000000
0.000000 0.000000
0.000000 0.000000
0.000000 0.000000
0.000000 0.000000
0.000000 0.000000
0.000000 0.000000
0.000000 0.000000
0.000000 0.000000
0.000000 0.000000
0.000000 0.000000
0.000000 0.000000
0.000000 0.000000
0.000000 0.000000
0.000000 0.000000
0.000000 0.000000
0.000000 0.000000
0.000000 0.000000
0.000000 0.000000
0.000000 0.000000
0.000000 0.000000
0.000000 0.000000
0.000000 0.000000
0.000000 0.000000
0.000000 0.000000
0.000000 0.000000
0.000000 0.000000
0.000000 0.000000
0.000000 0.000000
0.000000 0.000000
0.000000 0.000000
0.000000 0.000000
