0.000000 0.000000
0.000000 0.000000
0.000000 0.000000
0.000000 0.000000
0.000000 0.000000
0.000000 0.000000
0.000000 0.000000
0.000000 0.000000
0.000000 0.000000
0.000000 0.000000
0.000000 0.000000
0.000000 0.000000
0.000000 0.000000
0.000000 0.000000
0.000000 0.000000
0.000378 0.000000
0.006719 0.000000
0.031986 0.000000
0.087849 0.000000
0.177292 0.000000
0.294062 0.000000
0.426474 0.000000
0.561522 0.000000
0.683161 0.000000
0.771467 0.000000
0.811278 0.000000
0.798855 0.000000
0.741500 0.000000
0.652904 0.000000
0.548055 0.000000
0.439746 0.000000
0.337061 0.000000
0.245331 0.000000
0.166879 0.000000
0.101987 0.000000
0.049773 0.000000
0.008832 0.000000
-0.021991 0.000000
-0.038565 0.000000
-0.029236 0.000000
0.016511 0.000000
0.100632 0.000000
0.215567 0.000000
0.343202 0.000000
0.457185 0.000000
0.534704 0.000000
0.565218 0.000000
0.550994 0.000000
0.502563 0.000000
0.433292 0.000000
0.355433 0.000000
0.278167 0.000000
0.207247 0.000000
0.145523 0.000000
0.093807 0.000000
0.051703 0.000000
0.018237 0.000000
-0.007353 0.000000
-0.020579 0.000000
-0.009453 0.000000
0.036854 0.000000
0.120210 0.000000
0.228107 0.000000
0.335284 0.000000
0.416913 0.000000
0.458970 0.000000
0.460275 0.000000
0.428612 0.000000
0.375512 0.000000
0.312209 0.000000
0.247470 0.000000
0.186963 0.000000
0.133747 0.000000
0.088852 0.000000
0.052108 0.000000
0.022743 0.000000
-0.000210 0.000000
-0.017699 0.000000
-0.030559 0.000000
-0.039125 0.000000
-0.038427 0.000000
-0.016051 0.000000
0.039171 0.000000
0.129756 0.000000
0.249011 0.000000
0.384849 0.000000
0.524331 0.000000
0.656640 0.000000
0.774195 0.000000
0.867734 0.000000
0.923411 0.000000
0.930476 0.000000
0.887962 0.000000
0.804467 0.000000
0.694022 0.000000
0.571400 0.000000
0.448939 0.000000
0.335212 0.000000
0.235081 0.000000
0.150467 0.000000
0.081316 0.000000
0.026456 0.000000
-0.015779 0.000000
-0.047165 0.000378
-0.069389 0.006719
-0.083977 0.031986
-0.092246 0.087849
-0.095455 0.176914
-0.094681 0.287343
-0.090885 0.394488
-0.084965 0.474051
-0.077610 0.512588
-0.069458 0.509391
-0.061026 0.472652
-0.052720 0.414248
-0.044839 0.345682
-0.037586 0.275925
-0.031079 0.210829
-0.025370 0.153479
-0.020461 0.104951
-0.016313 0.065079
-0.012865 0.033072
-0.010041 0.007922
-0.007760 -0.011363
-0.005941 -0.025671
-0.004508 -0.035769
-0.003391 -0.042320
-0.002531 -0.045538
-0.001832 -0.040378
-0.001306 -0.014383
-0.000913 0.043652
-0.000622 0.136290
-0.000409 0.256902
-0.000253 0.393487
-0.000139 0.533160
-0.000058 0.665266
0.000000 0.782325
0.000000 0.875169
0.000000 0.930037
0.000000 0.936288
0.000000 0.892955
0.000000 0.808679
0.000000 0.697514
0.000000 0.574252
0.000000 0.451236
0.000000 0.337038
0.000000 0.236515
0.000000 0.151580
0.000000 0.082170
0.000000 0.027106
0.000000 -0.015290
0.000000 -0.046800
0.000000 -0.069077
0.000000 -0.083708
0.000000 -0.092052
0.000000 -0.094938
0.000000 -0.087903
0.000000 -0.058899
0.000000 0.002884
0.000000 0.099682
0.000000 0.224227
0.000000 0.358729
0.000000 0.477194
0.000000 0.557193
0.000000 0.588575
0.000000 0.573985
0.000000 0.524303
0.000000 0.453202
0.000000 0.373185
0.000000 0.293637
0.000000 0.220459
0.000000 0.156606
0.000000 0.102954
0.000000 0.059140
0.000000 0.024203
0.000000 -0.003006
0.000378 -0.023560
0.006719 -0.038506
0.031986 -0.048711
0.087849 -0.054936
0.177292 -0.057871
0.294062 -0.058150
0.426474 -0.056364
0.561900 -0.053054
0.689881 -0.048707
0.803075 -0.043788
0.892407 -0.038596
0.944162 -0.033414
0.947714 -0.028455
0.902086 -0.023865
0.815893 -0.019732
0.703152 -0.016099
0.578614 -0.012971
0.454577 -0.010328
0.339574 -0.008133
0.238423 -0.006336
0.153003 -0.004888
0.083224 -0.003734
0.027880 -0.002827
-0.014725 -0.002122
-0.046391 -0.001580
-0.068825 -0.001167
-0.083569 -0.000855
-0.091616 -0.000622
-0.088596 -0.000409
-0.062637 -0.000253
-0.003037 -0.000139
0.092327 -0.000058
0.216452 0.000000
0.357017 0.000000
0.500874 0.000000
0.637161 0.000000
0.758236 0.000000
0.854821 0.000000
0.913083 0.000000
0.922343 0.000000
0.881625 0.000000
0.799580 0.000000
0.690288 0.000000
0.568573 0.000000
0.446817 0.000000
0.333633 0.000000
0.233915 0.000000
0.149612 0.000000
0.080694 0.000000
0.026047 0.000000
-0.016032 0.000000
-0.046927 0.000000
-0.062728 0.000000
-0.051991 0.000000
-0.004397 0.000000
0.081837 0.000000
0.199381 0.000000
0.335589 0.000000
0.476935 0.000000
0.612270 0.000000
0.733995 0.000000
0.837723 0.000000
0.916708 0.000000
0.958737 0.000000
0.953944 0.000000
0.901584 0.000000
0.810194 0.000000
0.693579 0.000000
0.566245 0.000000
0.440281 0.000000
0.324055 0.000000
0.222265 0.000000
0.136698 0.000000
0.067187 0.000000
0.012460 0.000000
-0.029250 0.000000
-0.059770 0.000378
-0.080931 0.006719
-0.094338 0.031986
-0.101416 0.087849
-0.103429 0.176914
-0.101503 0.287343
-0.096633 0.394488
-0.089697 0.474051
-0.081451 0.512588
-0.072572 0.509391
-0.063520 0.472652
-0.054695 0.414248
-0.046386 0.345682
-0.038784 0.275925
-0.031998 0.210829
-0.026069 0.153479
-0.020987 0.104951
-0.016706 0.065079
-0.013156 0.033072
-0.010255 0.008300
-0.007916 -0.004643
-0.006054 0.006315
-0.004589 0.052080
-0.003450 0.134595
-0.002531 0.241427
-0.001832 0.347391
-0.001306 0.427682
-0.000913 0.468392
-0.000622 0.468388
-0.000409 0.435492
-0.000253 0.381260
-0.000139 0.316941
-0.000058 0.251311
0.000000 0.190078
0.000000 0.136241
0.000000 0.090827
0.000000 0.053654
0.000000 0.023941
0.000378 0.000709
0.006719 -0.017001
0.031986 -0.030033
0.087849 -0.039110
0.177292 -0.044856
0.293684 -0.047824
0.419755 -0.048521
0.529914 -0.047423
0.602032 -0.044970
0.626161 -0.041567
0.605064 -0.037569
0.549673 -0.033240
0.473662 -0.028880
0.389498 -0.024673
0.306502 -0.020750
0.230500 -0.017238
0.164366 -0.014124
0.108895 -0.011425
0.063648 -0.009131
0.027594 -0.007214
-0.000098 -0.005638
-0.015008 -0.004362
-0.005214 -0.003341
0.040051 -0.002536
0.122601 -0.001908
0.229881 -0.001424
0.336590 -0.001054
0.417827 -0.000774
0.459592 -0.000564
0.460683 -0.000409
0.428864 -0.000253
0.375652 -0.000139
0.312267 -0.000058
0.247470 0.000000
0.186963 0.000000
0.133747 0.000000
0.088852 0.000000
0.052108 0.000000
0.022743 0.000000
-0.000210 0.000000
-0.017699 0.000000
-0.030559 0.000000
-0.039503 0.000000
-0.045147 0.000000
-0.047660 0.000000
-0.041958 0.000000
-0.015550 0.000000
0.042797 0.000000
0.135667 0.000000
0.256493 0.000000
0.393234 0.000000
0.532643 0.000000
0.658489 0.000000
0.750716 0.000000
0.794040 0.000000
0.784731 0.000000
0.730075 0.000000
0.643773 0.000000
0.540841 0.000000
0.434108 0.000000
0.332699 0.000000
0.241990 0.000000
0.164343 0.000000
0.100079 0.000000
0.048349 0.000000
0.007778 0.000000
-0.023143 0.000378
-0.045848 0.006719
-0.061630 0.031986
-0.071590 0.087849
-0.076800 0.177292
-0.078176 0.294062
-0.076553 0.426474
-0.072729 0.561900
-0.067328 0.689881
-0.060943 0.803453
-0.054070 0.898749
-0.047111 0.969428
-0.040370 1.003576
-0.034065 0.991530
-0.028335 0.932663
-0.023253 0.835564
-0.018843 0.714039
-0.015088 0.582558
-0.011946 0.453146
-0.009357 0.334096
-0.007255 0.230025
-0.005571 0.142639
-0.004239 0.071696
-0.003197 0.015851
-0.002391 -0.026719
-0.001396 -0.057938
0.005413 -0.079625
0.031073 -0.093424
0.087226 -0.100793
0.176506 -0.103021
0.287090 -0.101250
0.394349 -0.096493
0.473993 -0.089639
0.512588 -0.081451
0.509391 -0.072572
0.472652 -0.063520
0.414248 -0.054695
0.345682 -0.046386
0.275925 -0.038784
0.210829 -0.031998
0.153479 -0.026069
0.104951 -0.020987
0.065079 -0.016706
0.033072 -0.013156
0.007922 -0.009877
-0.011363 -0.001197
-0.025671 0.025932
-0.035769 0.083259
-0.042320 0.173465
-0.045915 0.284812
-0.047097 0.392656
-0.046369 0.472745
-0.044196 0.511675
-0.041002 0.508768
-0.037160 0.472244
-0.032988 0.413995
-0.028740 0.345542
-0.024614 0.275867
-0.020750 0.210829
-0.017238 0.153479
-0.014124 0.104951
-0.011425 0.065079
-0.009131 0.033072
-0.006836 0.007922
0.001081 -0.011363
0.027625 -0.025671
0.084507 -0.035769
0.174756 -0.042320
0.292154 -0.045915
0.425050 -0.047097
0.560846 -0.046369
0.688729 -0.044196
0.796169 -0.041002
0.866732 -0.037160
0.888047 -0.032988
0.858131 -0.028740
0.785258 -0.024614
0.683481 -0.020750
0.567727 -0.017238
0.450633 -0.014124
0.341005 -0.011425
0.243900 -0.009131
0.161401 -0.007214
0.093589 -0.005638
0.039408 -0.004362
-0.002697 -0.003341
-0.034397 -0.002158
-0.057278 0.004811
-0.072769 0.030562
-0.082138 0.086795
-0.086516 0.176141
-0.086918 0.286778
-0.084258 0.394080
-0.079357 0.473799
-0.072936 0.512449
-0.065617 0.509332
-0.057911 0.472652
-0.050225 0.414248
-0.042865 0.345682
-0.036040 0.275925
-0.029881 0.210829
-0.024451 0.153479
-0.019762 0.104951
-0.015787 0.065079
-0.012472 0.033072
-0.009372 0.007922
-0.000827 -0.011363
0.026201 -0.025671
0.083453 -0.035769
0.173604 -0.042320
0.284870 -0.045915
0.392656 -0.047097
0.472745 -0.046369
0.511675 -0.044196
0.508768 -0.041002
0.472244 -0.037160
0.413995 -0.032988
0.345542 -0.028740
0.275867 -0.024614
0.210829 -0.020750
0.153479 -0.017238
0.104951 -0.014124
0.065079 -0.011425
0.033072 -0.009131
0.007922 -0.007214
-0.011363 -0.005638
-0.025671 -0.004362
-0.035769 -0.003341
-0.042320 -0.002536
-0.045538 -0.001908
-0.040378 -0.001424
-0.014383 -0.001054
0.043652 -0.000774
0.135912 -0.000564
0.250182 -0.000409
0.361500 -0.000253
0.445311 -0.000139
0.487974 -0.000058
0.488640 0.000000
0.455414 0.000000
0.400123 0.000000
0.334256 0.000000
0.266795 0.000000
0.203615 0.000000
0.147841 0.000000
0.100590 0.000000
0.061738 0.000000
0.030536 0.000000
0.006392 0.000000
-0.006067 0.000000
0.005261 0.000000
0.051306 0.000000
0.134031 0.000000
0.241019 0.000000
0.347138 0.000000
0.427543 0.000000
0.468334 0.000000
0.468388 0.000000
0.435492 0.000000
0.381260 0.000000
0.316941 0.000000
0.251311 0.000000
0.190078 0.000000
0.136241 0.000000
0.090827 0.000000
0.053654 0.000000
0.023941 0.000000
0.000709 0.000378
-0.017001 0.006719
-0.030033 0.031986
-0.039110 0.087849
-0.044856 0.177292
-0.047824 0.293684
-0.048521 0.419755
-0.047423 0.529914
-0.044970 0.602032
-0.041567 0.626161
-0.037569 0.605064
-0.033240 0.549673
-0.028880 0.473662
-0.024673 0.389498
-0.020750 0.306502
-0.017238 0.230500
-0.014124 0.164366
-0.011425 0.108895
-0.009131 0.063648
-0.007214 0.027594
-0.005260 -0.000476
0.002358 -0.021727
0.028645 -0.037200
0.085312 -0.047797
0.175384 -0.054313
0.292639 -0.057462
0.425043 -0.057898
0.554407 -0.056225
0.657330 -0.052996
0.715196 -0.048707
0.721582 -0.043788
0.681946 -0.038596
0.609030 -0.033414
0.517478 -0.028455
0.420074 -0.023865
0.326174 -0.019732
0.241387 -0.016099
0.168310 -0.012971
0.107464 -0.010328
0.058171 -0.008133
0.019196 -0.006336
-0.010840 -0.004888
-0.033256 -0.003734
-0.049228 -0.002827
-0.059413 -0.002122
-0.059141 -0.001580
-0.036276 -0.001167
0.020095 -0.000855
0.112268 -0.000622
0.233361 -0.000409
0.370762 -0.000253
0.505785 -0.000139
0.614625 -0.000058
0.678349 0.000000
0.690264 0.000000
0.655726 0.000000
0.587381 0.000000
0.499833 0.000000
0.405905 0.000000
0.314926 0.000000
0.232556 0.000000
0.161448 0.000000
0.102184 0.000000
0.054146 0.000000
0.016155 0.000000
-0.013118 0.000000
-0.034949 0.000000
-0.050476 0.000378
-0.060704 0.006719
-0.066483 0.031986
-0.068671 0.087849
-0.068006 0.177292
-0.065164 0.293684
-0.060759 0.419755
-0.055335 0.529914
-0.049396 0.602032
-0.043270 0.626161
-0.037255 0.605064
-0.031570 0.549673
-0.026360 0.473662
-0.021707 0.389498
-0.017645 0.306502
-0.014169 0.230500
-0.011247 0.164366
-0.008831 0.108895
-0.006862 0.063648
-0.005280 0.027594
-0.004025 -0.000476
-0.003041 -0.021727
-0.002278 -0.037200
-0.001693 -0.047797
-0.001248 -0.053936
-0.000913 -0.050743
-0.000622 -0.025912
-0.000409 0.031624
-0.000253 0.124296
-0.000139 0.245355
-0.000058 0.382686
0.000000 0.522927
0.000000 0.649747
0.000000 0.743011
0.000000 0.787413
0.000000 0.779123
0.000000 0.725401
0.000000 0.639933
0.000000 0.537726
0.000000 0.431613
0.000000 0.330724
0.000000 0.240444
0.000000 0.163145
0.000000 0.099160
0.000000 0.047651
0.000000 0.007252
0.000000 -0.023536
0.000000 -0.046139
0.000000 -0.061844
0.000000 -0.071746
0.000000 -0.076913
0.000000 -0.077880
0.000000 -0.069892
0.000000 -0.040743
0.000000 0.020520
0.000000 0.116349
0.000000 0.239615
0.000000 0.372644
0.000000 0.489544
0.000000 0.567967
0.000000 0.597826
0.000000 0.581811
0.000000 0.530830
0.000000 0.458574
0.000000 0.377552
0.000000 0.297145
0.000000 0.223245
0.000000 0.158795
0.000000 0.104656
0.000000 0.060451
0.000000 0.025203
0.000000 -0.002250
0.000000 -0.022656
0.000000 -0.031394
0.000000 -0.016433
0.000000 0.033127
0.000000 0.119578
0.000000 0.236025
0.000000 0.369814
0.000000 0.502184
0.000000 0.609187
0.000000 0.671816
0.000000 0.683238
0.000000 0.648671
0.000000 0.580633
0.000000 0.493613
0.000000 0.400342
0.000000 0.310075
0.000000 0.228416
0.000000 0.157981
0.000000 0.099332
0.000000 0.051835
0.000000 0.014309
0.000000 -0.014197
0.000000 -0.029364
0.000000 -0.019364
0.000000 0.026478
0.000000 0.109888
0.000000 0.218225
0.000000 0.326112
0.000000 0.408619
0.000000 0.451635
0.000000 0.453916
0.000000 0.423198
0.000000 0.370978
0.000000 0.308427
0.000000 0.244355
0.000000 0.184469
0.000000 0.131772
0.000000 0.087306
0.000000 0.050910
0.000000 0.021824
0.000378 -0.000909
0.006719 -0.018225
0.031986 -0.030951
0.087849 -0.039794
0.176914 -0.045361
0.287343 -0.048193
0.394488 -0.048790
0.474051 -0.047617
0.512588 -0.045110
0.509391 -0.041625
0.472652 -0.037569
0.414248 -0.033240
0.345682 -0.028880
0.275925 -0.024673
0.210829 -0.020750
0.153479 -0.017238
0.104951 -0.014124
0.065079 -0.011425
0.033072 -0.009131
0.007922 -0.006836
-0.011363 0.001081
-0.025671 0.027625
-0.035769 0.084507
-0.042320 0.174378
-0.045915 0.285435
-0.047097 0.393064
-0.046369 0.472998
-0.044196 0.511815
-0.041002 0.508826
-0.037160 0.472244
-0.032988 0.413995
-0.028740 0.345542
-0.024614 0.275867
-0.020750 0.210829
-0.017238 0.153479
-0.014124 0.104951
-0.011425 0.065079
-0.009131 0.033072
-0.007214 0.008300
-0.005638 -0.004643
-0.004362 0.006315
-0.003341 0.052080
-0.002536 0.134595
-0.001908 0.241427
-0.001424 0.347391
-0.001054 0.427682
-0.000774 0.468392
-0.000564 0.468388
-0.000409 0.435492
-0.000253 0.381260
-0.000139 0.316941
-0.000058 0.251311
0.000000 0.190078
0.000000 0.136241
0.000000 0.090827
0.000000 0.053654
0.000000 0.023941
0.000000 0.001086
0.000000 -0.010281
0.000000 0.001953
0.000000 0.048738
0.000000 0.132436
0.000000 0.246239
0.000000 0.377953
0.000000 0.514477
0.000000 0.644910
0.000000 0.761508
0.000000 0.854838
0.000000 0.910921
0.000000 0.918834
0.000000 0.877413
0.000000 0.795142
0.000000 0.685915
0.000000 0.564489
0.000000 0.443152
0.000000 0.330443
0.000000 0.231209
0.000000 0.147365
0.000000 0.078863
0.000000 0.024538
0.000000 -0.017262
0.000000 -0.047921
0.000000 -0.063529
0.000000 -0.052637
0.000000 -0.004919
0.000000 0.081412
0.000000 0.199031
0.000000 0.335336
0.000000 0.476796
0.000000 0.612212
0.000000 0.733995
0.000000 0.837723
0.000000 0.916708
0.000000 0.958737
0.000000 0.953944
0.000000 0.901584
0.000000 0.810194
0.000000 0.693579
0.000000 0.566245
0.000000 0.440281
0.000000 0.324055
0.000000 0.222265
0.000000 0.136698
0.000000 0.067187
0.000000 0.012460
0.000000 -0.029250
0.000000 -0.059770
0.000000 -0.080931
0.000000 -0.094338
0.000000 -0.101416
0.000000 -0.103429
0.000000 -0.101503
0.000000 -0.096633
0.000000 -0.089697
0.000000 -0.081451
0.000000 -0.072572
0.000000 -0.063520
0.000000 -0.054695
0.000000 -0.046386
0.000000 -0.038784
0.000000 -0.031998
0.000000 -0.026069
0.000000 -0.020987
0.000000 -0.016706
0.000000 -0.013156
0.000000 -0.010255
0.000000 -0.007916
0.000000 -0.006054
0.000000 -0.004589
0.000000 -0.003450
0.000000 -0.002531
0.000000 -0.001832
0.000000 -0.001306
0.000000 -0.000913
0.000000 -0.000622
0.000000 -0.000409
0.000000 -0.000253
0.000000 -0.000139
0.000000 -0.000058
0.000000 0.000000
0.000000 0.000000
0.000000 0.000000
0.000000 0.000000
0.000000 0.000000
0.000000 0.000000
0.000000 0.000000
0.000000 0.000000
0.000000 0.000000
0.000000 0.000000
0.000000 0.000000
0.000000 0.000000
0.000000 0.000000
0.000000 0.000000
0.000000 0.000000
0.000000 0.000000
0.000000 0.000000
0.000000 0.000000
0.000000 0.000000
0.000000 0.000000
0.000000 0.000000
0.000000 0.000000
0.000000 0.000000
0.000000 0.000000
0.000000 0.000000
0.000000 0.000000
0.000000 0.000000
0.000000 0.000000
0.000000 0.000000
0.000000 0.000000
0.000000 0.000000
0.000000 0.000000
0.000000 0.000000
0.000000 0.000000
0.000000 0.000000
0.000000 0.000000
0.000000 0.000000
0.000000 0.000000
0.000000 0.000000
0.000000 0.000000
0.000000 0.000000
0.000000 0.000000
0.000000 0.000000
0.000000 0.000000
0.000000 0.000000
0.000000 0.000000
0.000000 0.000000
0.000000 0.000000
0.000000 0.000000
0.000000 0.000000
0.000000 0.000000
0.000000 0.000000
0.000000 0.000000
0.000000 0.000000
0.000000 0.000000
0.000000 0.000000
0.000000 0.000000
0.000000 0.000000
0.000000 0.000000
