0.000000 0.000000
0.000000 0.000000
0.000000 0.000000
0.000000 0.000000
0.000000 0.000000
0.000000 0.000000
0.000000 0.000000
0.000000 0.000000
0.000000 0.000000
0.000000 0.000000
0.000000 0.000000
0.000000 0.000000
0.000000 0.000000
0.000000 0.000000
0.000000 0.000000
0.000378 0.000000
0.006719 0.000000
0.031986 0.000000
0.087849 0.000000
0.177292 0.000000
0.294062 0.000000
0.426474 0.000000
0.561522 0.000000
0.683161 0.000000
0.771467 0.000000
0.811278 0.000000
0.798855 0.000000
0.741500 0.000000
0.652904 0.000000
0.548055 0.000000
0.439746 0.000000
0.337061 0.000000
0.245331 0.000000
0.166879 0.000000
0.101987 0.000000
0.049773 0.000000
0.008832 0.000000
-0.021991 0.000000
-0.038565 0.000000
-0.029236 0.000000
0.016511 0.000000
0.100254 0.000000
0.209225 0.000000
0.317935 0.000000
0.401322 0.000000
0.445260 0.000000
0.448448 0.000000
0.418582 0.000000
0.367137 0.000000
0.305312 0.000000
0.241861 0.000000
0.182494 0.000000
0.130226 0.000000
0.086108 0.000000
0.049991 0.000000
0.021126 0.000000
-0.001435 0.000378
-0.018618 0.006719
-0.031242 0.031986
-0.040008 0.087849
-0.045517 0.176914
-0.048306 0.287343
-0.048872 0.394488
-0.047675 0.474051
-0.045110 0.512588
-0.041625 0.509391
-0.037569 0.472652
-0.033240 0.414248
-0.028880 0.345682
-0.024673 0.275925
-0.020750 0.210829
-0.017238 0.153479
-0.014124 0.104951
-0.011425 0.065079
-0.009131 0.033072
-0.006836 0.007922
0.001081 -0.011363
0.027625 -0.025671
0.084507 -0.035769
0.174756 -0.042320
0.292154 -0.045915
0.425050 -0.047097
0.560846 -0.046369
0.689107 -0.044196
0.802889 -0.041002
0.898340 -0.037160
0.969176 -0.032988
1.003437 -0.028740
0.991471 -0.024614
0.932663 -0.020750
0.835564 -0.017238
0.714039 -0.014124
0.582558 -0.011425
0.453146 -0.009131
0.334096 -0.007214
0.230025 -0.005638
0.142639 -0.004362
0.071696 -0.003341
0.015851 -0.002536
-0.026719 -0.001908
-0.057938 -0.001424
-0.079625 -0.001054
-0.093424 -0.000774
-0.100415 -0.000564
-0.096301 -0.000409
-0.069264 -0.000253
-0.008645 -0.000139
0.087653 -0.000058
0.212233 0.000000
0.347182 0.000000
0.466394 0.000000
0.547337 0.000000
0.579775 0.000000
0.566280 0.000000
0.517676 0.000000
0.447593 0.000000
0.368511 0.000000
0.289796 0.000000
0.217345 0.000000
0.154111 0.000000
0.100979 0.000000
0.057594 0.000000
0.023005 0.000000
-0.003548 0.000000
-0.017538 0.000000
-0.007046 0.000000
0.038745 0.000000
0.121688 0.000000
0.229258 0.000000
0.336182 0.000000
0.417574 0.000000
0.459453 0.000000
0.460625 0.000000
0.428864 0.000000
0.375652 0.000000
0.312267 0.000000
0.247470 0.000000
0.186963 0.000000
0.133747 0.000000
0.088852 0.000000
0.052108 0.000000
0.022743 0.000000
-0.000210 0.000378
-0.017699 0.006719
-0.030559 0.031986
-0.039503 0.087849
-0.045147 0.176914
-0.048037 0.287343
-0.048677 0.394488
-0.047536 0.474051
-0.045052 0.512588
-0.041625 0.509391
-0.037569 0.472652
-0.033240 0.414248
-0.028880 0.345682
-0.024673 0.275925
-0.020750 0.210829
-0.017238 0.153479
-0.014124 0.104951
-0.011425 0.065079
-0.009131 0.033072
-0.007214 0.007922
-0.005638 -0.011363
-0.004362 -0.025671
-0.002964 -0.035769
0.004183 -0.042320
0.030078 -0.045915
0.086425 -0.047097
0.176238 -0.046369
0.292911 -0.044196
0.419190 -0.041002
0.529505 -0.037160
0.601780 -0.032988
0.626021 -0.028740
0.605006 -0.024614
0.549673 -0.020750
0.473662 -0.017238
0.389498 -0.014124
0.306502 -0.011425
0.230500 -0.009131
0.164366 -0.007214
0.108895 -0.005638
0.063648 -0.004362
0.027594 -0.003341
-0.000476 -0.002158
-0.021727 0.004811
-0.037200 0.030562
-0.047797 0.086795
-0.054313 0.176141
-0.057462 0.286778
-0.057898 0.394080
-0.056225 0.473799
-0.052996 0.512449
-0.048707 0.509332
-0.043788 0.472652
-0.038596 0.414248
-0.033414 0.345682
-0.028455 0.275925
-0.023865 0.210829
-0.019732 0.153479
-0.016099 0.104951
-0.012971 0.065079
-0.010328 0.033072
-0.007755 0.007922
0.000383 -0.011363
0.027099 -0.025671
0.084114 -0.035769
0.174465 -0.042320
0.291562 -0.045915
0.418175 -0.047097
0.528747 -0.046369
0.601177 -0.044196
0.625538 -0.041002
0.604656 -0.037160
0.549421 -0.032988
0.473523 -0.028740
0.389439 -0.024614
0.306502 -0.020750
0.230500 -0.017238
0.164366 -0.014124
0.108895 -0.011425
0.063648 -0.009131
0.027594 -0.007214
-0.000476 -0.005638
-0.021727 -0.004362
-0.036822 -0.003341
-0.041078 -0.002536
-0.022327 -0.001908
0.030386 -0.001424
0.119394 -0.001054
0.237838 -0.000774
0.373478 -0.000564
0.513193 -0.000409
0.645715 -0.000253
0.758138 -0.000139
0.833726 -0.000058
0.859844 0.000000
0.834405 0.000000
0.765584 0.000000
0.667381 0.000000
0.554755 0.000000
0.440305 0.000000
0.332872 0.000000
0.237564 0.000000
0.156514 0.000000
0.089855 0.000000
0.036581 0.000000
-0.004819 0.000000
-0.035599 0.000000
-0.051725 0.000000
-0.041638 0.000000
0.005088 0.000000
0.089990 0.000000
0.200173 0.000000
0.310091 0.000000
0.394637 0.000000
0.439652 0.000000
0.443774 0.000000
0.414741 0.000000
0.364022 0.000000
0.302817 0.000000
0.239886 0.000000
0.180948 0.000000
0.129028 0.000000
0.085189 0.000000
0.049293 0.000000
0.020600 0.000000
-0.001828 0.000000
-0.018909 0.000000
-0.031079 0.000000
-0.033444 0.000000
-0.013644 0.000000
0.039461 0.000000
0.128362 0.000000
0.246387 0.000000
0.381364 0.000000
0.520275 0.000000
0.651934 0.000000
0.763493 0.000000
0.838261 0.000000
0.863626 0.000000
0.837520 0.000000
0.768078 0.000000
0.669356 0.000000
0.556301 0.000000
0.441502 0.000000
0.333791 0.000000
0.238262 0.000000
0.157040 0.000000
0.090247 0.000000
0.036872 0.000000
-0.004605 0.000000
-0.035443 0.000000
-0.051612 0.000000
-0.041556 0.000000
0.005146 0.000000
0.090368 0.000000
0.206514 0.000000
0.335357 0.000000
0.450499 0.000000
0.529096 0.000000
0.560544 0.000000
0.547153 0.000000
0.499448 0.000000
0.430798 0.000000
0.353458 0.000000
0.276621 0.000000
0.206049 0.000000
0.144604 0.000000
0.093109 0.000000
0.051177 0.000000
0.017844 0.000000
-0.008022 0.000378
-0.027512 0.006719
-0.041595 0.031986
-0.051107 0.087849
-0.056786 0.177292
-0.059294 0.294062
-0.059204 0.426096
-0.057138 0.555180
-0.053618 0.657895
-0.049116 0.715604
-0.044040 0.721834
-0.038735 0.682085
-0.033472 0.609088
-0.028455 0.517478
-0.023865 0.420074
-0.019732 0.326174
-0.016099 0.241387
-0.012971 0.168310
-0.010328 0.107464
-0.008133 0.058171
-0.006336 0.019196
-0.004510 -0.010840
0.002985 -0.033256
0.029159 -0.049228
0.085726 -0.059791
0.175712 -0.065860
0.292895 -0.068262
0.425241 -0.067753
0.554558 -0.065024
0.657486 -0.060701
0.715352 -0.055335
0.721695 -0.049396
0.682027 -0.043270
0.609088 -0.037255
0.517478 -0.031570
0.420074 -0.026360
0.326174 -0.021707
0.241387 -0.017645
0.168310 -0.014169
0.107464 -0.011247
0.058171 -0.008831
0.019196 -0.006862
-0.010840 -0.004903
-0.033256 0.002694
-0.049228 0.028945
-0.059791 0.085570
-0.065860 0.175222
-0.068262 0.286095
-0.067753 0.393575
-0.065024 0.473429
-0.060701 0.512180
-0.055335 0.509138
-0.049396 0.472513
-0.043270 0.414189
-0.037255 0.345682
-0.031570 0.275925
-0.026360 0.210829
-0.021707 0.153479
-0.017645 0.104951
-0.014169 0.065079
-0.011247 0.033072
-0.008831 0.007922
-0.006862 -0.011363
-0.005280 -0.025293
-0.004025 -0.029049
-0.003041 -0.010334
-0.002278 0.041933
-0.001693 0.130195
-0.001248 0.247693
-0.000913 0.381900
-0.000622 0.514178
-0.000409 0.620734
-0.000253 0.682617
-0.000139 0.693094
-0.000058 0.657471
0.000000 0.588338
0.000000 0.500241
0.000000 0.405950
0.000000 0.314749
0.000000 0.232257
0.000000 0.161096
0.000000 0.101826
0.000000 0.053809
0.000000 0.015855
0.000000 -0.013376
0.000000 -0.035164
0.000000 -0.050652
0.000378 -0.060845
0.006719 -0.066634
0.031986 -0.068827
0.087849 -0.068162
0.177292 -0.065277
0.294062 -0.060840
0.426474 -0.055393
0.561900 -0.049396
0.689503 -0.043270
0.796733 -0.037255
0.867140 -0.031570
0.888299 -0.026360
0.858270 -0.021707
0.785316 -0.017645
0.683481 -0.014169
0.567727 -0.011247
0.450633 -0.008831
0.341005 -0.006862
0.243900 -0.005280
0.161401 -0.004025
0.093589 -0.003041
0.039408 -0.002278
-0.002697 -0.001693
-0.034397 -0.000870
-0.057278 0.005806
-0.072769 0.031364
-0.082138 0.087440
-0.086516 0.177040
-0.086918 0.293923
-0.084258 0.426038
-0.079357 0.555180
-0.072936 0.657895
-0.065617 0.715604
-0.057911 0.721834
-0.050225 0.682085
-0.042865 0.609088
-0.036040 0.517478
-0.029881 0.420074
-0.024451 0.326174
-0.019762 0.241387
-0.015787 0.168310
-0.012472 0.107464
-0.009750 0.058171
-0.007546 0.019196
-0.005785 -0.010463
-0.004395 -0.026536
-0.003310 -0.017242
-0.002472 0.028058
-0.001832 0.111054
-0.001306 0.219080
-0.000913 0.326735
-0.000622 0.409027
-0.000409 0.451887
-0.000253 0.454056
-0.000139 0.423256
-0.000058 0.370978
0.000000 0.308427
0.000000 0.244355
0.000000 0.184469
0.000000 0.131772
0.000000 0.087306
0.000000 0.050910
0.000000 0.021824
0.000000 -0.000531
0.000000 -0.011506
0.000000 0.001035
0.000000 0.048055
0.000000 0.131554
0.000000 0.239149
0.000000 0.345698
0.000000 0.426434
0.000000 0.467479
0.000000 0.467766
0.000000 0.435083
0.000000 0.381007
0.000000 0.316802
0.000000 0.251253
0.000000 0.190078
0.000000 0.136241
0.000000 0.090827
0.000000 0.053654
0.000000 0.023941
0.000000 0.001086
0.000000 -0.010281
0.000000 0.001953
0.000000 0.048738
0.000000 0.132436
0.000000 0.245861
0.000000 0.371234
0.000000 0.482491
0.000000 0.557062
0.000000 0.584594
0.000000 0.567495
0.000000 0.516433
0.000000 0.444783
0.000000 0.364825
0.000000 0.285752
0.000000 0.213263
0.000000 0.150242
0.000000 0.097470
0.000000 0.054518
0.000000 0.020380
0.000000 -0.005736
0.000000 -0.019369
0.000000 -0.008555
0.000000 0.037515
0.000000 0.120693
0.000000 0.228457
0.000000 0.335537
0.000000 0.417053
0.000000 0.459028
0.000000 0.460275
0.000000 0.428612
0.000000 0.375512
0.000000 0.312209
0.000000 0.247470
0.000000 0.186963
0.000000 0.133747
0.000000 0.088852
0.000000 0.052108
0.000000 0.022743
0.000378 -0.000210
0.006719 -0.017699
0.031986 -0.030559
0.087849 -0.039503
0.176914 -0.045147
0.287343 -0.048037
0.394488 -0.048677
0.474051 -0.047536
0.512588 -0.045052
0.509391 -0.041625
0.472652 -0.037569
0.414248 -0.033240
0.345682 -0.028880
0.275925 -0.024673
0.210829 -0.020750
0.153479 -0.017238
0.104951 -0.014124
0.065079 -0.011425
0.033072 -0.009131
0.007922 -0.006836
-0.011363 0.001081
-0.025671 0.027625
-0.035769 0.084507
-0.042320 0.174378
-0.045915 0.285435
-0.047097 0.393064
-0.046369 0.472998
-0.044196 0.511815
-0.041002 0.508826
-0.037160 0.472244
-0.032988 0.413995
-0.028740 0.345542
-0.024614 0.275867
-0.020750 0.210829
-0.017238 0.153479
-0.014124 0.104951
-0.011425 0.065079
-0.009131 0.033072
-0.007214 0.008300
-0.005638 -0.004643
-0.004362 0.006315
-0.003341 0.052080
-0.002536 0.134973
-0.001908 0.248147
-0.001424 0.379377
-0.001054 0.515531
-0.000774 0.645307
-0.000564 0.755731
-0.000409 0.829980
-0.000253 0.855311
-0.000139 0.829530
-0.000058 0.760701
0.000000 0.662730
0.000000 0.550489
0.000000 0.436509
0.000000 0.329580
0.000000 0.234770
0.000000 0.154188
0.000000 0.087951
0.000000 0.035047
0.000000 -0.006038
0.000378 -0.036933
0.006719 -0.059186
0.031986 -0.074192
0.087849 -0.083192
0.177292 -0.087290
0.294062 -0.087482
0.426474 -0.084666
0.561900 -0.079609
0.689503 -0.073076
0.796733 -0.065675
0.867140 -0.057911
0.888299 -0.050225
0.858270 -0.042865
0.785316 -0.036040
0.683481 -0.029881
0.567727 -0.024451
0.450633 -0.019762
0.341005 -0.015787
0.243900 -0.012472
0.161401 -0.009750
0.093589 -0.007546
0.039408 -0.005785
-0.002697 -0.004395
-0.034397 -0.003310
-0.057278 -0.002472
-0.072769 -0.001832
-0.082138 -0.001306
-0.086138 -0.000913
-0.080198 -0.000622
-0.052272 -0.000409
0.008492 -0.000253
0.104356 -0.000139
0.228445 -0.000058
0.368563 0.000000
0.511675 0.000000
0.646638 0.000000
0.760694 0.000000
0.837259 0.000000
0.863848 0.000000
0.838508 0.000000
0.769529 0.000000
0.671009 0.000000
0.557977 0.000000
0.443087 0.000000
0.335220 0.000000
0.239505 0.000000
0.158091 0.000000
0.091116 0.000000
0.037576 0.000000
-0.004003 0.000000
-0.034933 0.000000
-0.051181 0.000000
-0.041191 0.000000
0.005458 0.000000
0.090637 0.000000
0.207086 0.000000
0.342216 0.000000
0.482543 0.000000
0.616944 0.000000
0.737836 0.000000
0.840838 0.000000
0.919203 0.000000
0.960712 0.000000
0.955490 0.000000
0.902782 0.000000
0.811113 0.000000
0.694277 0.000000
0.566771 0.000000
0.440674 0.000000
0.324346 0.000000
0.222479 0.000000
0.136854 0.000000
0.067301 0.000000
0.012541 0.000000
-0.029192 0.000000
-0.059770 0.000378
-0.080931 0.006719
-0.094338 0.031986
-0.101416 0.087849
-0.103429 0.177292
-0.101503 0.293684
-0.096633 0.419755
-0.089697 0.529914
-0.081451 0.602032
-0.072572 0.626161
-0.063520 0.605064
-0.054695 0.549673
-0.046386 0.473662
-0.038784 0.389498
-0.031998 0.306502
-0.026069 0.230500
-0.020987 0.164366
-0.016706 0.108895
-0.013156 0.063648
-0.010255 0.027594
-0.007916 -0.000476
-0.006054 -0.021727
-0.004212 -0.037200
0.003270 -0.047797
0.029455 -0.054313
0.086016 -0.057462
0.175986 -0.057898
0.293149 -0.056225
0.425852 -0.052996
0.561491 -0.048707
0.689628 -0.043788
0.803313 -0.038596
0.898690 -0.033414
0.969428 -0.028455
1.003576 -0.023865
0.991530 -0.019732
0.932663 -0.016099
0.835564 -0.012971
0.714039 -0.010328
0.582558 -0.008133
0.453146 -0.006336
0.334096 -0.004888
0.230025 -0.003734
0.142639 -0.002827
0.071696 -0.002122
0.015851 -0.001580
-0.026719 -0.001167
-0.057938 -0.000855
-0.079625 -0.000245
-0.093424 0.006311
-0.100793 0.031734
-0.103021 0.087709
-0.101250 0.176856
-0.096493 0.287343
-0.089639 0.394488
-0.081451 0.474051
-0.072572 0.512588
-0.063520 0.509391
-0.054695 0.472652
-0.046386 0.414248
-0.038784 0.345682
-0.031998 0.275925
-0.026069 0.210829
-0.020987 0.153479
-0.016706 0.104951
-0.013156 0.065079
-0.010255 0.033072
-0.007916 0.008300
-0.006054 -0.004643
-0.004589 0.006315
-0.003450 0.052080
-0.002531 0.134595
-0.001832 0.241427
-0.001306 0.347391
-0.000913 0.427682
-0.000622 0.468392
-0.000409 0.468388
-0.000253 0.435492
-0.000139 0.381260
-0.000058 0.316941
0.000000 0.251311
0.000000 0.190078
0.000000 0.136241
0.000000 0.090827
0.000000 0.053654
0.000000 0.023941
0.000000 0.001086
0.000000 -0.010281
0.000000 0.001953
0.000000 0.048738
0.000000 0.132059
0.000000 0.239519
0.000000 0.345967
0.000000 0.426629
0.000000 0.467618
0.000000 0.467824
0.000000 0.435083
0.000000 0.381007
0.000000 0.316802
0.000000 0.251253
0.000000 0.190078
0.000000 0.136241
0.000000 0.090827
0.000000 0.053654
0.000000 0.023941
0.000000 0.001086
0.000000 -0.010281
0.000000 0.001953
0.000000 0.048738
0.000000 0.132059
0.000000 0.239519
0.000000 0.345967
0.000000 0.426629
0.000000 0.467618
0.000000 0.467824
0.000000 0.435083
0.000000 0.381007
0.000000 0.316802
0.000000 0.251253
0.000000 0.190078
0.000000 0.136241
0.000000 0.090827
0.000000 0.053654
0.000000 0.023941
0.000000 0.000709
0.000000 -0.017001
0.000000 -0.030033
0.000000 -0.039110
0.000000 -0.044856
0.000000 -0.047824
0.000000 -0.048521
0.000000 -0.047423
0.000000 -0.044970
0.000000 -0.041567
0.000000 -0.037569
0.000000 -0.033240
0.000000 -0.028880
0.000000 -0.024673
0.000000 -0.020750
0.000000 -0.017238
0.000000 -0.014124
0.000000 -0.011425
0.000000 -0.009131
0.000000 -0.007214
0.000000 -0.005638
0.000000 -0.004362
0.000000 -0.003341
0.000000 -0.002536
0.000000 -0.001908
0.000000 -0.001424
0.000000 -0.001054
0.000000 -0.000774
0.000000 -0.000564
0.000000 -0.000409
0.000000 -0.000253
0.000000 -0.000139
0.000000 -0.000058
0.000000 0.000000
0.000000 0.000000
0.000000 0.000000
0.000000 0.000000
0.000000 0.000000
0.000000 0.000000
0.000000 0.000000
0.000000 0.000000
0.000000 0.000000
0.000000 0.000000
0.000000 0.000000
0.000000 0.000000
0.000000 0.000000
0.000000 0.000000
0.000000 0.000000
0.000000 0.000000
0.000000 0.000000
0.000000 0.000000
0.000000 0.000000
0.000000 0.000000
0.000000 0.000000
0.000000 0.000000
0.000000 0.000000
0.000000 0.000000
0.000000 0.000000
0.000000 0.000000
0.000000 0.000000
0.000000 0.000000
0.000000 0.000000
0.000000 0.000000
0.000000 0.000000
0.000000 0.000000
0.000000 0.000000
0.000000 0.000000
0.000000 0.000000
0.000000 0.000000
0.000000 0.000000
0.000000 0.000000
0.000000 0.000000
0.000000 0.000000
0.000000 0.000000
0.000000 0.000000
0.000000 0.000000
0.000000 0.000000
0.000000 0.000000
0.000000 0.000000
0.000000 0.000000
0.000000 0.000000
0.000000 0.000000
0.000000 0.000000
0.000000 0.000000
0.000000 0.000000
0.000000 0.000000
0.000000 0.000000
0.000000 0.000000
0.000000 0.000000
0.000000 0.000000
0.000000 0.000000
0.000000 0.000000
0.000000 0.000000
0.000000 0.000000
0.000000 0.000000
0.000000 0.000000
0.000000 0.000000
0.000000 0.000000
0.000000 0.000000
0.000000 0.000000
0.000000 0.000000
0.000000 0.000000
0.000000 0.000000
0.000000 0.000000
0.000000 0.000000
0.000000 0.000000
0.000000 0.000000
0.000000 0.000000
0.000000 0.000000
0.000000 0.000000
0.000000 0.000000
0.000000 0.000000
0.000000 0.000000
0.000000 0.000000
0.000000 0.000000
0.000000 0.000000
0.000000 0.000000
0.000000 0.000000
0.000000 0.000000
0.000000 0.000000
