0.000000 0.000000
0.000000 0.000000
0.000000 0.000000
0.000000 0.000000
0.000000 0.000000
0.000000 0.000000
0.000000 0.000000
0.000000 0.000000
0.000000 0.000000
0.000000 0.000000
0.000000 0.000000
0.000000 0.000000
0.000000 0.000000
0.000000 0.000000
0.000000 0.000000
0.000000 0.000378
0.000000 0.006719
0.000000 0.031986
0.000000 0.087849
0.000000 0.176914
0.000000 0.287343
0.000000 0.394488
0.000000 0.474051
0.000000 0.512588
0.000000 0.509391
0.000000 0.472652
0.000000 0.414248
0.000000 0.345682
0.000000 0.275925
0.000000 0.210829
0.000000 0.153479
0.000000 0.104951
0.000000 0.065079
0.000000 0.033072
0.000000 0.008300
0.000000 -0.004643
0.000000 0.006315
0.000000 0.052080
0.000000 0.134595
0.000000 0.241427
0.000000 0.347391
0.000000 0.427682
0.000000 0.468392
0.000000 0.468388
0.000000 0.435492
0.000000 0.381260
0.000000 0.316941
0.000000 0.251311
0.000000 0.190078
0.000000 0.136241
0.000000 0.090827
0.000000 0.053654
0.000000 0.023941
0.000000 0.000709
0.000000 -0.017001
0.000000 -0.030033
0.000000 -0.039110
0.000000 -0.044856
0.000378 -0.047824
0.006719 -0.048521
0.031986 -0.047423
0.087849 -0.044970
0.177292 -0.041567
0.294062 -0.037569
0.426474 -0.033240
0.561900 -0.028880
0.689503 -0.024673
0.796733 -0.020750
0.867140 -0.017238
0.888299 -0.014124
0.858270 -0.011425
0.785316 -0.009131
0.683481 -0.007214
0.567727 -0.005638
0.450633 -0.004362
0.341005 -0.003341
0.243900 -0.002536
0.161401 -0.001908
0.093589 -0.001424
0.039408 -0.001054
-0.002697 -0.000774
-0.034397 -0.000564
-0.057278 -0.000409
-0.072769 -0.000253
-0.082138 -0.000139
-0.086516 -0.000058
-0.086918 0.000378
-0.084258 0.006719
-0.079357 0.031986
-0.072936 0.087849
-0.065617 0.177292
-0.057911 0.294062
-0.050225 0.426474
-0.042865 0.561900
-0.036040 0.689881
-0.029881 0.803075
-0.024451 0.892407
-0.019762 0.944162
-0.015787 0.947714
-0.012472 0.902086
-0.009750 0.815893
-0.007546 0.703152
-0.005785 0.578614
-0.004395 0.454577
-0.003310 0.339574
-0.002472 0.238423
-0.001832 0.153003
-0.001306 0.083224
-0.000913 0.027880
-0.000622 -0.014725
-0.000409 -0.046013
-0.000253 -0.062105
-0.000139 -0.051583
-0.000058 -0.004145
0.000000 0.081599
0.000000 0.192720
0.000000 0.303603
0.000000 0.389087
0.000000 0.434978
0.000000 0.439933
0.000000 0.411627
0.000000 0.361528
0.000000 0.300842
0.000000 0.238339
0.000000 0.179750
0.000000 0.128109
0.000000 0.084491
0.000000 0.048767
0.000000 0.020207
0.000000 -0.001741
0.000000 -0.012403
0.000000 0.000374
0.000000 0.047572
0.000000 0.131203
0.000000 0.238897
0.000000 0.345558
0.000000 0.426376
0.000000 0.467479
0.000000 0.467766
0.000000 0.435083
0.000000 0.381007
0.000000 0.316802
0.000000 0.251253
0.000000 0.190078
0.000000 0.136241
0.000000 0.090827
0.000000 0.053654
0.000000 0.023941
0.000378 0.000709
0.006719 -0.017001
0.031986 -0.030033
0.087849 -0.039110
0.177292 -0.044856
0.294062 -0.047824
0.426474 -0.048521
0.561522 -0.047423
0.683161 -0.044970
0.771467 -0.041567
0.811278 -0.037569
0.798855 -0.033240
0.741500 -0.028880
0.652904 -0.024673
0.548055 -0.020750
0.439746 -0.017238
0.337061 -0.014124
0.245331 -0.011425
0.166879 -0.009131
0.101987 -0.007214
0.049773 -0.005638
0.008832 -0.004362
-0.022369 -0.002964
-0.045284 0.004183
-0.061222 0.030078
-0.071338 0.086425
-0.076660 0.176238
-0.078118 0.292911
-0.076553 0.419190
-0.072729 0.529505
-0.067328 0.601780
-0.060943 0.626021
-0.054070 0.605006
-0.047111 0.549673
-0.040370 0.473662
-0.034065 0.389498
-0.028335 0.306502
-0.023253 0.230500
-0.018843 0.164366
-0.015088 0.108895
-0.011946 0.063648
-0.009357 0.027594
-0.006878 -0.000476
0.001148 -0.021727
0.027747 -0.037200
0.084651 -0.047797
0.174901 -0.054313
0.292288 -0.057462
0.425168 -0.057898
0.560987 -0.056225
0.689258 -0.052996
0.803044 -0.048707
0.898496 -0.043788
0.969289 -0.038596
1.003518 -0.033414
0.991530 -0.028455
0.932663 -0.023865
0.835564 -0.019732
0.714039 -0.016099
0.582558 -0.012971
0.453146 -0.010328
0.334096 -0.008133
0.230025 -0.006336
0.142639 -0.004888
0.071696 -0.003734
0.015851 -0.002827
-0.026719 -0.002122
-0.057938 -0.001202
-0.079625 0.005553
-0.093424 0.031131
-0.100793 0.087226
-0.103021 0.176884
-0.101250 0.293810
-0.096493 0.426335
-0.089639 0.561464
-0.081451 0.683161
-0.072572 0.771467
-0.063520 0.811278
-0.054695 0.798855
-0.046386 0.741500
-0.038784 0.652904
-0.031998 0.548055
-0.026069 0.439746
-0.020987 0.337061
-0.016706 0.245331
-0.013156 0.166879
-0.010255 0.101987
-0.007916 0.049773
-0.006054 0.008832
-0.004589 -0.021991
-0.003450 -0.038565
-0.002531 -0.029236
-0.001832 0.016511
-0.001306 0.100632
-0.000913 0.215944
-0.000622 0.349921
-0.000409 0.489171
-0.000253 0.622552
-0.000139 0.742510
-0.000058 0.844679
0.000000 0.922318
0.000000 0.963206
0.000000 0.957465
0.000000 0.904328
0.000000 0.812311
0.000000 0.695196
0.000000 0.567469
0.000000 0.441200
0.000000 0.324739
0.000000 0.222770
0.000000 0.137067
0.000000 0.067457
0.000000 0.012654
0.000000 -0.029110
0.000000 -0.059334
0.000000 -0.074212
0.000000 -0.062352
0.000000 -0.013567
0.000000 0.073485
0.000000 0.185840
0.000000 0.297855
0.000000 0.384354
0.000000 0.431137
0.000000 0.436818
0.000000 0.409132
0.000000 0.359553
0.000000 0.299296
0.000000 0.237142
0.000000 0.178831
0.000000 0.127410
0.000000 0.083965
0.000000 0.048374
0.000000 0.019916
0.000000 -0.001955
0.000000 -0.012559
0.000000 0.000261
0.000000 0.047490
0.000000 0.131145
0.000000 0.238897
0.000000 0.345558
0.000000 0.426376
0.000000 0.467479
0.000000 0.467766
0.000000 0.435083
0.000000 0.381007
0.000000 0.316802
0.000000 0.251253
0.000000 0.190078
0.000000 0.136241
0.000000 0.090827
0.000000 0.053654
0.000000 0.023941
0.000000 0.001086
0.000000 -0.010281
0.000000 0.001953
0.000000 0.048738
0.000000 0.132059
0.000000 0.239519
0.000000 0.345967
0.000000 0.426629
0.000000 0.467618
0.000000 0.467824
0.000000 0.435083
0.000000 0.381007
0.000000 0.316802
0.000000 0.251253
0.000000 0.190078
0.000000 0.136241
0.000000 0.090827
0.000000 0.053654
0.000000 0.023941
0.000000 0.000709
0.000378 -0.017001
0.006719 -0.030033
0.031986 -0.039110
0.087849 -0.044856
0.177292 -0.047824
0.294062 -0.048521
0.426096 -0.047423
0.555180 -0.044970
0.657895 -0.041567
0.715604 -0.037569
0.721834 -0.033240
0.682085 -0.028880
0.609088 -0.024673
0.517478 -0.020750
0.420074 -0.017238
0.326174 -0.014124
0.241387 -0.011425
0.168310 -0.009131
0.107464 -0.007214
0.058171 -0.005638
0.019196 -0.004362
-0.010463 -0.003341
-0.026536 -0.002536
-0.017242 -0.001908
0.028058 -0.001424
0.111432 -0.001054
0.225800 -0.000774
0.358721 -0.000564
0.496876 -0.000409
0.629180 -0.000253
0.747740 -0.000139
0.843011 -0.000058
0.900892 0.000000
0.910459 0.000000
0.870516 0.000000
0.789533 0.000000
0.681445 0.000000
0.560968 0.000000
0.440408 0.000000
0.328326 0.000000
0.229592 0.000000
0.146141 0.000000
0.077944 0.000000
0.023855 0.000000
-0.017766 0.000000
-0.048669 0.000378
-0.070517 0.006719
-0.084817 0.031986
-0.092907 0.087849
-0.095938 0.176914
-0.095031 0.287343
-0.091138 0.394488
-0.085104 0.474051
-0.077669 0.512588
-0.069458 0.509391
-0.061026 0.472652
-0.052720 0.414248
-0.044839 0.345682
-0.037586 0.275925
-0.031079 0.210829
-0.025370 0.153479
-0.020461 0.104951
-0.016313 0.065079
-0.012865 0.033072
-0.010041 0.007922
-0.007760 -0.011363
-0.005941 -0.025671
-0.004508 -0.035769
-0.003014 -0.042320
0.004189 -0.045915
0.030154 -0.047097
0.086542 -0.046369
0.176379 -0.044196
0.293440 -0.041002
0.426066 -0.037160
0.561647 -0.032988
0.689741 -0.028740
0.803017 -0.024614
0.892407 -0.020750
0.944162 -0.017238
0.947714 -0.014124
0.902086 -0.011425
0.815893 -0.009131
0.703152 -0.007214
0.578614 -0.005638
0.454577 -0.004362
0.339574 -0.003341
0.238423 -0.002536
0.153003 -0.001908
0.083224 -0.001424
0.027880 -0.001054
-0.014725 -0.000774
-0.046013 -0.000564
-0.062105 -0.000409
-0.051583 -0.000253
-0.004145 -0.000139
0.081599 -0.000058
0.192720 0.000000
0.303603 0.000000
0.389087 0.000000
0.434978 0.000000
0.439933 0.000000
0.411627 0.000000
0.361528 0.000000
0.300842 0.000000
0.238339 0.000000
0.179750 0.000000
0.128109 0.000000
0.084491 0.000000
0.048767 0.000000
0.020207 0.000000
-0.002119 0.000378
-0.019123 0.006719
-0.031612 0.031986
-0.040277 0.087849
-0.045711 0.177292
-0.048446 0.294062
-0.048930 0.426474
-0.047675 0.561900
-0.045110 0.689503
-0.041625 0.796733
-0.037569 0.867140
-0.033240 0.888299
-0.028880 0.858270
-0.024673 0.785316
-0.020750 0.683481
-0.017238 0.567727
-0.014124 0.450633
-0.011425 0.341005
-0.009131 0.243900
-0.007214 0.161401
-0.005638 0.093589
-0.004362 0.039408
-0.003341 -0.002697
-0.002536 -0.034397
-0.001908 -0.056900
-0.001424 -0.066049
-0.001054 -0.050152
-0.000774 0.001333
-0.000564 0.089997
-0.000409 0.203085
-0.000253 0.315131
-0.000139 0.401115
-0.000058 0.446972
0.000000 0.451480
0.000000 0.422427
0.000000 0.371383
0.000000 0.309642
0.000000 0.246044
0.000000 0.186377
0.000000 0.133717
0.000000 0.089165
0.000000 0.052608
0.000000 0.023322
0.000000 0.000376
0.000000 -0.017148
0.000378 -0.030066
0.006719 -0.039079
0.031986 -0.044792
0.087849 -0.047748
0.177292 -0.048404
0.294062 -0.047283
0.426474 -0.044819
0.561900 -0.041411
0.689881 -0.037413
0.803075 -0.033127
0.892407 -0.028798
0.944162 -0.024614
0.947714 -0.020750
0.902086 -0.017238
0.815893 -0.014124
0.703152 -0.011425
0.578614 -0.009131
0.454577 -0.007214
0.339574 -0.005638
0.238423 -0.004362
0.153003 -0.003341
0.083224 -0.002536
0.027880 -0.001908
-0.014725 -0.001424
-0.046391 -0.001054
-0.068825 -0.000774
-0.083191 -0.000564
-0.085274 -0.000409
-0.063330 -0.000253
-0.006774 -0.000139
0.086407 -0.000058
0.209097 0.000000
0.348864 0.000000
0.492442 0.000000
0.628477 0.000000
0.744013 0.000000
0.822301 0.000000
0.850713 0.000000
0.827191 0.000000
0.759946 0.000000
0.663020 0.000000
0.551414 0.000000
0.437768 0.000000
0.330964 0.000000
0.236140 0.000000
0.155460 0.000000
0.089081 0.000000
0.036017 0.000000
-0.005228 0.000000
-0.036229 0.000378
-0.058584 0.006719
-0.073682 0.031986
-0.082760 0.087849
-0.086924 0.176914
-0.087170 0.287343
-0.084397 0.394488
-0.079415 0.474051
-0.072936 0.512588
-0.065617 0.509391
-0.057911 0.472652
-0.050225 0.414248
-0.042865 0.345682
-0.036040 0.275925
-0.029881 0.210829
-0.024451 0.153479
-0.019762 0.104951
-0.015787 0.065079
-0.012472 0.033072
-0.009372 0.007922
-0.000827 -0.011363
0.026201 -0.025671
0.083453 -0.035769
0.173982 -0.042320
0.291590 -0.045915
0.424642 -0.047097
0.560594 -0.046369
0.688967 -0.044196
0.802453 -0.041002
0.891998 -0.037160
0.943909 -0.032988
0.947574 -0.028740
0.902028 -0.024614
0.815893 -0.020750
0.703152 -0.017238
0.578614 -0.014124
0.454577 -0.011425
0.339574 -0.009131
0.238423 -0.007214
0.153003 -0.005638
0.083224 -0.004362
0.027880 -0.003341
-0.014725 -0.002536
-0.046391 -0.001908
-0.068825 -0.001424
-0.083569 -0.001054
-0.091993 -0.000774
-0.095316 -0.000187
-0.094623 0.006311
-0.090885 0.031734
-0.084965 0.087709
-0.077610 0.176856
-0.069458 0.287343
-0.061026 0.394488
-0.052720 0.474051
-0.044839 0.512588
-0.037586 0.509391
-0.031079 0.472652
-0.025370 0.414248
-0.020461 0.345682
-0.016313 0.275925
-0.012865 0.210829
-0.010041 0.153479
-0.007760 0.104951
-0.005941 0.065079
-0.004508 0.033072
-0.003391 0.008300
-0.002531 -0.004643
-0.001832 0.006315
-0.001306 0.052080
-0.000913 0.134973
-0.000622 0.247769
-0.000409 0.372657
-0.000253 0.483545
-0.000139 0.557836
-0.000058 0.585158
0.000000 0.567904
0.000000 0.516686
0.000000 0.444922
0.000000 0.364883
0.000000 0.285752
0.000000 0.213263
0.000000 0.150242
0.000000 0.097470
0.000000 0.054518
0.000000 0.020380
0.000378 -0.006114
0.006719 -0.026089
0.031986 -0.040541
0.087849 -0.050333
0.177292 -0.056222
0.294062 -0.058886
0.426474 -0.058951
0.561522 -0.056999
0.683161 -0.053560
0.771467 -0.049116
0.811278 -0.044040
0.798855 -0.038735
0.741500 -0.033472
0.652904 -0.028455
0.548055 -0.023865
0.439746 -0.019732
0.337061 -0.016099
0.245331 -0.012971
0.166879 -0.010328
0.101987 -0.008133
0.049773 -0.006336
0.008832 -0.004888
-0.022369 -0.003734
-0.045284 -0.002827
-0.061222 -0.002122
-0.071338 -0.001580
-0.076660 -0.001167
-0.077740 -0.000855
-0.069833 -0.000622
-0.040743 -0.000409
0.020520 -0.000253
0.116349 -0.000139
0.239992 -0.000058
0.379364 0.000000
0.521530 0.000000
0.655816 0.000000
0.774740 0.000000
0.869153 0.000000
0.925318 0.000000
0.932625 0.000000
0.890140 0.000000
0.806535 0.000000
0.695897 0.000000
0.573042 0.000000
0.450338 0.000000
0.336377 0.000000
0.236032 0.000000
0.151229 0.000000
0.081918 0.000000
0.026966 0.000000
-0.015348 0.000000
-0.046422 0.000000
-0.062358 0.000000
-0.051722 0.000000
-0.004203 0.000000
0.081599 0.000000
0.192720 0.000000
0.303603 0.000000
0.389087 0.000000
0.434978 0.000000
0.439933 0.000000
0.411627 0.000000
0.361528 0.000000
0.300842 0.000000
0.238339 0.000000
0.179750 0.000000
0.128109 0.000000
0.084491 0.000000
0.048767 0.000000
0.020207 0.000000
-0.002119 0.000000
-0.019123 0.000000
-0.031612 0.000000
-0.039899 0.000000
-0.038992 0.000000
-0.016460 0.000000
0.038919 0.000000
0.129617 0.000000
0.248575 0.000000
0.378130 0.000000
0.492345 0.000000
0.568792 0.000000
0.597281 0.000000
0.580391 0.000000
0.528923 0.000000
0.456425 0.000000
0.375373 0.000000
0.295077 0.000000
0.221370 0.000000
0.157152 0.000000
0.103257 0.000000
0.059287 0.000000
0.024253 0.000000
-0.003012 0.000000
-0.023258 0.000000
-0.031904 0.000000
-0.016865 0.000000
0.032761 0.000000
0.118888 0.000000
0.229036 0.000000
0.338011 0.000000
0.420916 0.000000
0.463823 0.000000
0.465603 0.000000
0.434056 0.000000
0.380833 0.000000
0.317226 0.000000
0.252060 0.000000
0.191096 0.000000
0.137380 0.000000
0.091980 0.000000
0.054751 0.000000
0.024939 0.000000
0.001586 0.000378
-0.016250 0.006719
-0.029405 0.031986
-0.038596 0.087849
-0.044442 0.176914
-0.047495 0.287343
-0.048264 0.394488
-0.047224 0.474051
-0.044819 0.512588
-0.041411 0.509391
-0.037413 0.472652
-0.033127 0.414248
-0.028798 0.345682
-0.024614 0.275925
-0.020750 0.210829
-0.017238 0.153479
-0.014124 0.104951
-0.011425 0.065079
-0.009131 0.033072
-0.007214 0.007922
-0.005638 -0.011363
-0.004362 -0.025671
-0.003341 -0.035769
-0.002158 -0.042320
0.004811 -0.045915
0.030562 -0.047097
0.086795 -0.046369
0.176518 -0.044196
0.293498 -0.041002
0.426066 -0.037160
0.561647 -0.032988
0.689741 -0.028740
0.803395 -0.024614
0.898749 -0.020750
0.969428 -0.017238
1.003576 -0.014124
0.991530 -0.011425
0.932663 -0.009131
0.835564 -0.007214
0.714039 -0.005638
0.582558 -0.004362
0.453146 -0.003341
0.334096 -0.002536
0.230025 -0.001908
0.142639 -0.001424
0.071696 -0.001054
0.015851 -0.000774
-0.026719 -0.000564
-0.057560 -0.000409
-0.072906 -0.000253
-0.061438 -0.000139
-0.012945 -0.000058
0.074272 0.000000
0.192812 0.000000
0.329981 0.000000
0.472261 0.000000
0.608052 0.000000
0.724161 0.000000
0.803620 0.000000
0.833604 0.000000
0.811884 0.000000
0.746532 0.000000
0.651483 0.000000
0.541658 0.000000
0.429646 0.000000
0.324299 0.000000
0.230745 0.000000
0.151147 0.000000
0.085673 0.000000
0.033354 0.000000
-0.007286 0.000000
-0.037469 0.000000
-0.053089 0.000000
-0.042615 0.000000
0.004404 0.000000
0.089863 0.000000
0.206522 0.000000
0.341430 0.000000
0.475571 0.000000
0.584819 0.000000
0.649929 0.000000
0.663923 0.000000
0.631860 0.000000
0.566224 0.000000
0.481438 0.000000
0.390193 0.000000
0.301722 0.000000
0.221625 0.000000
0.152523 0.000000
0.094992 0.000000
0.048421 0.000000
0.011650 0.000000
-0.016625 0.000000
-0.037651 0.000000
-0.052538 0.000000
-0.062263 0.000000
-0.067692 0.000000
-0.069569 0.000000
-0.068667 0.000000
-0.065647 0.000000
-0.061110 0.000000
-0.055587 0.000000
-0.049535 0.000000
-0.043328 0.000000
-0.037255 0.000000
-0.031570 0.000000
-0.026360 0.000000
-0.021707 0.000000
-0.017645 0.000000
-0.014169 0.000000
-0.011247 0.000000
-0.008831 0.000000
-0.006862 0.000000
-0.005280 0.000000
-0.004025 0.000000
-0.003041 0.000000
-0.002278 0.000000
-0.001693 0.000000
-0.001248 0.000000
-0.000913 0.000000
-0.000622 0.000000
-0.000409 0.000000
-0.000253 0.000000
-0.000139 0.000000
-0.000058 0.000000
0.000000 0.000000
0.000000 0.000000
0.000000 0.000000
0.000000 0.000000
0.000000 0.000000
0.000000 0.000000
0.000000 0.000000
0.000000 0.000000
0.000000 0.000000
0.000000 0.000000
0.000000 0.000000
0.000000 0.000000
0.000000 0.000000
0.000000 0.000000
0.000000 0.000000
0.000000 0.000000
0.000000 0.000000
0.000000 0.000000
0.000000 0.000000
0.000000 0.000000
0.000000 0.000000
0.000000 0.000000
0.000000 0.000000
0.000000 0.000000
0.000000 0.000000
0.000000 0.000000
0.000000 0.000000
0.000000 0.000000
0.000000 0.000000
0.000000 0.000000
0.000000 0.000000
0.000000 0.000000
0.000000 0.000000
0.000000 0.000000
0.000000 0.000000
0.000000 0.000000
0.000000 0.000000
0.000000 0.000000
0.000000 0.000000
0.000000 0.000000
0.000000 0.000000
0.000000 0.000000
0.000000 0.000000
0.000000 0.000000
0.000000 0.000000
0.000000 0.000000
0.000000 0.000000
0.000000 0.000000
0.000000 0.000000
0.000000 0.000000
0.000000 0.000000
