0.000000 0.000000
0.000000 0.000000
0.000000 0.000000
0.000000 0.000000
0.000000 0.000000
0.000000 0.000000
0.000000 0.000000
0.000000 0.000000
0.000000 0.000000
0.000000 0.000000
0.000000 0.000000
0.000000 0.000000
0.000000 0.000000
0.000000 0.000000
0.000000 0.000000
0.000378 0.000000
0.006719 0.000000
0.031986 0.000000
0.087849 0.000000
0.177292 0.000000
0.293684 0.000000
0.419755 0.000000
0.529914 0.000000
0.602032 0.000000
0.626161 0.000000
0.605064 0.000000
0.549673 0.000000
0.473662 0.000000
0.389498 0.000000
0.306502 0.000000
0.230500 0.000000
0.164366 0.000000
0.108895 0.000000
0.063648 0.000000
0.027594 0.000000
-0.000476 0.000378
-0.021727 0.006719
-0.037200 0.031986
-0.047797 0.087849
-0.054313 0.177292
-0.057462 0.294062
-0.057898 0.426474
-0.056225 0.561522
-0.052996 0.683161
-0.048707 0.771467
-0.043788 0.811278
-0.038596 0.798855
-0.033414 0.741500
-0.028455 0.652904
-0.023865 0.548055
-0.019732 0.439746
-0.016099 0.337061
-0.012971 0.245331
-0.010328 0.166879
-0.008133 0.101987
-0.006336 0.049773
-0.004888 0.008832
-0.003734 -0.021991
-0.002827 -0.038565
-0.002122 -0.029236
-0.001580 0.016511
-0.001167 0.100632
-0.000855 0.215944
-0.000622 0.349921
-0.000409 0.489171
-0.000253 0.622174
-0.000139 0.735791
-0.000058 0.813070
0.000000 0.841189
0.000000 0.817900
0.000000 0.751251
0.000000 0.655146
0.000000 0.544473
0.000000 0.431790
0.000000 0.325916
0.000000 0.231954
0.000000 0.152044
0.000000 0.086334
0.000000 0.033837
0.000000 -0.006936
0.000000 -0.037217
0.000000 -0.052950
0.000000 -0.042557
0.000000 0.004404
0.000000 0.089863
0.000000 0.206522
0.000000 0.341808
0.000000 0.482291
0.000000 0.616805
0.000000 0.737400
0.000000 0.834496
0.000000 0.893936
0.000000 0.904849
0.000000 0.866046
0.000000 0.786012
0.000000 0.678701
0.000000 0.558851
0.000000 0.438790
0.000000 0.327102
0.000000 0.228673
0.000000 0.145457
0.000000 0.077439
0.000000 0.023485
0.000000 -0.018036
0.000000 -0.048486
0.000000 -0.063937
0.000000 -0.052889
0.000000 -0.005058
0.000000 0.080976
0.000000 0.192312
0.000000 0.303350
0.000000 0.388947
0.000000 0.434920
0.000000 0.439933
0.000000 0.411627
0.000000 0.361528
0.000000 0.300842
0.000000 0.238339
0.000000 0.179750
0.000000 0.128109
0.000000 0.084491
0.000000 0.048767
0.000000 0.020207
0.000000 -0.002119
0.000000 -0.019123
0.000000 -0.031612
0.000000 -0.040277
0.000378 -0.045711
0.006719 -0.048446
0.031986 -0.048930
0.087849 -0.047675
0.176914 -0.045110
0.287343 -0.041625
0.394488 -0.037569
0.474051 -0.033240
0.512588 -0.028880
0.509391 -0.024673
0.472652 -0.020750
0.414248 -0.017238
0.345682 -0.014124
0.275925 -0.011425
0.210829 -0.009131
0.153479 -0.007214
0.104951 -0.005638
0.065079 -0.004362
0.033072 -0.003341
0.008300 -0.002536
-0.004643 -0.001908
0.006315 -0.001424
0.052080 -0.001054
0.134973 -0.000774
0.248147 -0.000564
0.379377 -0.000409
0.515531 -0.000253
0.645307 -0.000139
0.755731 -0.000058
0.829980 0.000000
0.855311 0.000000
0.829530 0.000000
0.760701 0.000000
0.662730 0.000000
0.550489 0.000000
0.436509 0.000000
0.329580 0.000000
0.234770 0.000000
0.154188 0.000000
0.087951 0.000000
0.035047 0.000000
-0.006038 0.000000
-0.036556 0.000000
-0.052467 0.000000
-0.042206 0.000000
0.004657 0.000000
0.090002 0.000000
0.206203 0.000000
0.335088 0.000000
0.450305 0.000000
0.528956 0.000000
0.560486 0.000000
0.547153 0.000000
0.499448 0.000000
0.430798 0.000000
0.353458 0.000000
0.276621 0.000000
0.206049 0.000000
0.144604 0.000000
0.093109 0.000000
0.051177 0.000000
0.017844 0.000000
-0.008022 0.000378
-0.027512 0.006719
-0.041595 0.031986
-0.051107 0.087849
-0.056786 0.177292
-0.059294 0.294062
-0.059204 0.426474
-0.057138 0.561900
-0.053618 0.689881
-0.049116 0.803075
-0.044040 0.892407
-0.038735 0.944162
-0.033472 0.947714
-0.028455 0.902086
-0.023865 0.815893
-0.019732 0.703152
-0.016099 0.578614
-0.012971 0.454577
-0.010328 0.339574
-0.008133 0.238423
-0.006336 0.153003
-0.004888 0.083224
-0.003734 0.027880
-0.002827 -0.014725
-0.002122 -0.046013
-0.001580 -0.062105
-0.001167 -0.051583
-0.000855 -0.004145
-0.000622 0.081976
-0.000409 0.199440
-0.000253 0.335211
-0.000139 0.470216
-0.000058 0.580284
0.000000 0.646147
0.000000 0.660809
0.000000 0.629365
0.000000 0.564249
0.000000 0.479892
0.000000 0.388995
0.000000 0.300803
0.000000 0.220927
0.000000 0.151997
0.000000 0.094600
0.000000 0.048130
0.000000 0.011436
0.000000 -0.016404
0.000000 -0.031044
0.000000 -0.020633
0.000000 0.025527
0.000000 0.109600
0.000000 0.224494
0.000000 0.357808
0.000000 0.496253
0.000000 0.628771
0.000000 0.747488
0.000000 0.842871
0.000000 0.900834
0.000000 0.910459
0.000000 0.870516
0.000000 0.789533
0.000000 0.681445
0.000000 0.560968
0.000000 0.440408
0.000000 0.328326
0.000000 0.229592
0.000000 0.146141
0.000000 0.077944
0.000000 0.023855
0.000000 -0.017766
0.000000 -0.048669
0.000000 -0.070517
0.000000 -0.084817
0.000000 -0.092907
0.000000 -0.095938
0.000378 -0.095031
0.006719 -0.091138
0.031986 -0.085104
0.087849 -0.077669
0.177292 -0.069458
0.294062 -0.061026
0.426096 -0.052720
0.555180 -0.044839
0.657895 -0.037586
0.715604 -0.031079
0.721834 -0.025370
0.682085 -0.020461
0.609088 -0.016313
0.517478 -0.012865
0.420074 -0.010041
0.326174 -0.007760
0.241387 -0.005941
0.168310 -0.004508
0.107464 -0.003391
0.058171 -0.002531
0.019196 -0.001832
-0.010840 -0.000928
-0.033256 0.005806
-0.049228 0.031364
-0.059791 0.087440
-0.065860 0.176662
-0.068262 0.287203
-0.067753 0.394430
-0.065024 0.474051
-0.060701 0.512588
-0.055335 0.509391
-0.049396 0.472652
-0.043270 0.414248
-0.037255 0.345682
-0.031570 0.275925
-0.026360 0.210829
-0.021707 0.153479
-0.017645 0.104951
-0.014169 0.065079
-0.011247 0.033072
-0.008831 0.008300
-0.006862 -0.004643
-0.005280 0.006315
-0.004025 0.052080
-0.003041 0.134595
-0.002278 0.241427
-0.001693 0.347391
-0.001248 0.427682
-0.000913 0.468392
-0.000622 0.468388
-0.000409 0.435492
-0.000253 0.381260
-0.000139 0.316941
-0.000058 0.251311
0.000000 0.190078
0.000000 0.136241
0.000000 0.090827
0.000000 0.053654
0.000000 0.023941
0.000000 0.000709
0.000000 -0.017001
0.000000 -0.029655
0.000000 -0.032391
0.000000 -0.012870
0.000000 0.040025
0.000000 0.128393
0.000000 0.239920
0.000000 0.349518
0.000000 0.432485
0.000000 0.475019
0.000000 0.476150
0.000000 0.443772
0.000000 0.389575
0.000000 0.324931
0.000000 0.258688
0.000000 0.196704
0.000000 0.142054
0.000000 0.095821
0.000000 0.057866
0.000000 0.027434
0.000000 0.003561
0.000000 -0.014704
0.000000 -0.028207
0.000000 -0.037677
0.000000 -0.043366
0.000000 -0.040250
0.000000 -0.015885
0.000000 0.040915
0.000000 0.132310
0.000000 0.246088
0.000000 0.357188
0.000000 0.441006
0.000000 0.483848
0.000000 0.484776
0.000000 0.451902
0.000000 0.397010
0.000000 0.331557
0.000000 0.264500
0.000000 0.201698
0.000000 0.146265
0.000000 0.099313
0.000000 0.060718
0.000000 0.029730
0.000000 0.005764
0.000000 -0.006551
0.000000 0.004891
0.000000 0.051026
0.000000 0.134199
0.000000 0.247205
0.000000 0.372249
0.000000 0.483292
0.000000 0.557696
0.000000 0.585100
0.000000 0.567904
0.000000 0.516686
0.000000 0.444922
0.000000 0.364883
0.000000 0.285752
0.000000 0.213263
0.000000 0.150242
0.000000 0.097470
0.000000 0.054518
0.000000 0.020380
0.000000 -0.005736
0.000000 -0.019369
0.000000 -0.008555
0.000000 0.037515
0.000000 0.121071
0.000000 0.234799
0.000000 0.360803
0.000000 0.472915
0.000000 0.548472
0.000000 0.577045
0.000000 0.561024
0.000000 0.510938
0.000000 0.440190
0.000000 0.361042
0.000000 0.282637
0.000000 0.210768
0.000000 0.148267
0.000000 0.095924
0.000000 0.053320
0.000000 0.019462
0.000000 -0.006812
0.000000 -0.026615
0.000000 -0.040556
0.000000 -0.043905
0.000000 -0.024449
0.000000 0.028807
0.000000 0.117850
0.000000 0.230263
0.000000 0.340870
0.000000 0.424936
0.000000 0.468548
0.000000 0.470655
0.000000 0.439180
0.000000 0.385792
0.000000 0.321817
0.000000 0.256193
0.000000 0.194729
0.000000 0.140508
0.000000 0.094623
0.000000 0.056947
0.000000 0.026735
0.000378 0.003035
0.006719 -0.015097
0.031986 -0.028498
0.087849 -0.037891
0.177292 -0.043899
0.294062 -0.047082
0.426096 -0.047953
0.555180 -0.046992
0.657895 -0.044605
0.715604 -0.041255
0.721834 -0.037300
0.682085 -0.033046
0.609088 -0.028740
0.517478 -0.024614
0.420074 -0.020750
0.326174 -0.017238
0.241387 -0.014124
0.168310 -0.011425
0.107464 -0.009131
0.058171 -0.007214
0.019196 -0.005638
-0.010463 -0.004362
-0.026536 -0.003341
-0.017242 -0.002536
0.028058 -0.001908
0.111054 -0.001424
0.219080 -0.001054
0.326735 -0.000774
0.409027 -0.000564
0.451887 -0.000409
0.454056 -0.000253
0.423256 -0.000139
0.370978 -0.000058
0.308427 0.000000
0.244355 0.000000
0.184469 0.000000
0.131772 0.000000
0.087306 0.000000
0.050910 0.000000
0.021824 0.000000
-0.000531 0.000000
-0.011506 0.000000
0.001035 0.000000
0.048055 0.000000
0.131931 0.000000
0.245869 0.000000
0.377684 0.000000
0.514283 0.000000
0.644393 0.000000
0.755109 0.000000
0.829571 0.000000
0.855059 0.000000
0.829390 0.000000
0.760643 0.000000
0.662730 0.000000
0.550489 0.000000
0.436509 0.000000
0.329580 0.000000
0.234770 0.000000
0.154188 0.000000
0.087951 0.000000
0.035047 0.000000
-0.006038 0.000000
-0.036933 0.000378
-0.059186 0.006719
-0.074192 0.031986
-0.083192 0.087849
-0.087290 0.176914
-0.087482 0.287343
-0.084666 0.394488
-0.079609 0.474051
-0.073076 0.512588
-0.065675 0.509391
-0.057911 0.472652
-0.050225 0.414248
-0.042865 0.345682
-0.036040 0.275925
-0.029881 0.210829
-0.024451 0.153479
-0.019762 0.104951
-0.015787 0.065079
-0.012472 0.033072
-0.009750 0.008300
-0.007546 -0.004643
-0.005785 0.006315
-0.004395 0.052080
-0.003310 0.134595
-0.002472 0.241427
-0.001832 0.347391
-0.001306 0.427682
-0.000913 0.468392
-0.000622 0.468388
-0.000409 0.435492
-0.000253 0.381260
-0.000139 0.316941
-0.000058 0.251311
0.000000 0.190078
0.000000 0.136241
0.000000 0.090827
0.000000 0.053654
0.000000 0.023941
0.000000 0.001086
0.000000 -0.010281
0.000000 0.001953
0.000000 0.048738
0.000000 0.132436
0.000000 0.246239
0.000000 0.377575
0.000000 0.507758
0.000000 0.612924
0.000000 0.674038
0.000000 0.684265
0.000000 0.648845
0.000000 0.580208
0.000000 0.492806
0.000000 0.399324
0.000000 0.308936
0.000000 0.227263
0.000000 0.156885
0.000000 0.098334
0.000000 0.050957
0.000000 0.013558
0.000000 -0.015202
0.000000 -0.036219
0.000000 -0.045045
0.000000 -0.029713
0.000000 0.020565
0.000000 0.107976
0.000000 0.225535
0.000000 0.360886
0.000000 0.500413
0.000000 0.627574
0.000000 0.721931
0.000000 0.767950
0.000000 0.761600
0.000000 0.709930
0.000000 0.626544
0.000000 0.526348
0.000000 0.422101
0.000000 0.322892
0.000000 0.234084
0.000000 0.158048
0.000000 0.095124
0.000000 0.044493
0.000000 0.004806
0.000378 -0.025410
0.006719 -0.047562
0.031986 -0.062915
0.087849 -0.072586
0.176914 -0.077574
0.287343 -0.078740
0.394488 -0.076961
0.474051 -0.072982
0.512588 -0.067468
0.509391 -0.061001
0.472652 -0.054070
0.414248 -0.047111
0.345682 -0.040370
0.275925 -0.034065
0.210829 -0.028335
0.153479 -0.023253
0.104951 -0.018843
0.065079 -0.015088
0.033072 -0.011946
0.008300 -0.009357
-0.004643 -0.007255
0.006315 -0.005571
0.052080 -0.004239
0.134973 -0.003197
0.247769 -0.002391
0.372657 -0.001774
0.483545 -0.001306
0.557836 -0.000913
0.585158 -0.000622
0.567904 -0.000409
0.516686 -0.000253
0.444922 -0.000139
0.364883 -0.000058
0.285752 0.000000
0.213263 0.000000
0.150242 0.000000
0.097470 0.000000
0.054518 0.000000
0.020380 0.000000
-0.006114 0.000000
-0.025711 0.000000
-0.033822 0.000000
-0.018347 0.000000
0.031627 0.000000
0.118406 0.000000
0.235111 0.000000
0.369476 0.000000
0.508340 0.000000
0.640765 0.000000
0.759412 0.000000
0.860013 0.000000
0.935956 0.000000
0.975121 0.000000
0.967665 0.000000
0.912930 0.000000
0.819465 0.000000
0.701068 0.000000
0.572229 0.000000
0.445013 0.000000
0.327760 0.000000
0.225137 0.000000
0.138905 0.000000
0.068868 0.000000
0.013729 0.000000
-0.028299 0.000000
-0.059104 0.000000
-0.080480 0.000000
-0.093669 0.000000
-0.094482 0.000000
-0.071287 0.000000
-0.013541 0.000000
0.080363 0.000000
0.197704 0.000000
0.313037 0.000000
0.401479 0.000000
0.449068 0.000000
0.454696 0.000000
0.426267 0.000000
0.375464 0.000000
0.313684 0.000000
0.249857 0.000000
0.189842 0.000000
0.136773 0.000000
0.091796 0.000000
0.054825 0.000000
0.025156 0.000000
0.001868 0.000000
-0.015952 0.000000
-0.029121 0.000000
-0.038299 0.000000
-0.043774 0.000000
-0.040502 0.000000
-0.016025 0.000000
0.040857 0.000000
0.132310 0.000000
0.246088 0.000000
0.357188 0.000000
0.441006 0.000000
0.483848 0.000000
0.484776 0.000000
0.451902 0.000000
0.397010 0.000000
0.331557 0.000000
0.264500 0.000000
0.201698 0.000000
0.146265 0.000000
0.099313 0.000000
0.060718 0.000000
0.029730 0.000000
0.005764 0.000000
-0.006551 0.000000
0.004891 0.000000
0.051026 0.000000
0.133821 0.000000
0.240863 0.000000
0.346982 0.000000
0.427430 0.000000
0.468253 0.000000
0.468330 0.000000
0.435492 0.000000
0.381260 0.000000
0.316941 0.000000
0.251311 0.000000
0.190078 0.000000
0.136241 0.000000
0.090827 0.000000
0.053654 0.000000
0.023941 0.000000
0.000709 0.000000
-0.017001 0.000000
-0.030033 0.000000
-0.039110 0.000000
-0.044856 0.000000
-0.047446 0.000000
-0.041802 0.000000
-0.015437 0.000000
0.042878 0.000000
0.135348 0.000000
0.249774 0.000000
0.361248 0.000000
0.445172 0.000000
0.487916 0.000000
0.488640 0.000000
0.455414 0.000000
0.400123 0.000000
0.334256 0.000000
0.266795 0.000000
0.203615 0.000000
0.147841 0.000000
0.100590 0.000000
0.061738 0.000000
0.030536 0.000000
0.006392 0.000000
-0.006067 0.000000
0.005261 0.000000
0.051306 0.000000
0.134031 0.000000
0.241019 0.000000
0.347138 0.000000
0.427543 0.000000
0.468334 0.000000
0.468388 0.000000
0.435492 0.000000
0.381260 0.000000
0.316941 0.000000
0.251311 0.000000
0.190078 0.000000
0.136241 0.000000
0.090827 0.000000
0.053654 0.000000
0.023941 0.000000
0.001086 0.000000
-0.010281 0.000000
0.001953 0.000000
0.048738 0.000000
0.132059 0.000000
0.239519 0.000000
0.345967 0.000000
0.426629 0.000000
0.467618 0.000000
0.467824 0.000000
0.435083 0.000000
0.381007 0.000000
0.316802 0.000000
0.251253 0.000000
0.190078 0.000000
0.136241 0.000000
0.090827 0.000000
0.053654 0.000000
0.023941 0.000000
0.001086 0.000000
-0.010281 0.000000
0.001953 0.000000
0.048738 0.000000
0.132436 0.000000
0.246239 0.000000
0.377953 0.000000
0.514477 0.000000
0.644910 0.000000
0.761508 0.000000
0.854838 0.000000
0.910921 0.000000
0.918834 0.000000
0.877413 0.000000
0.795142 0.000000
0.685915 0.000000
0.564489 0.000000
0.443152 0.000000
0.330443 0.000000
0.231209 0.000000
0.147365 0.000000
0.078863 0.000000
0.024538 0.000000
-0.017262 0.000000
-0.048299 0.000000
-0.070248 0.000000
-0.084623 0.000000
-0.092767 0.000000
-0.095880 0.000000
-0.095031 0.000000
-0.091138 0.000000
-0.085104 0.000000
-0.077669 0.000000
-0.069458 0.000000
-0.061026 0.000000
-0.052720 0.000000
-0.044839 0.000000
-0.037586 0.000000
-0.031079 0.000000
-0.025370 0.000000
-0.020461 0.000000
-0.016313 0.000000
-0.012865 0.000000
-0.010041 0.000000
-0.007760 0.000000
-0.005941 0.000000
-0.004508 0.000000
-0.003391 0.000000
-0.002531 0.000000
-0.001832 0.000000
-0.001306 0.000000
-0.000913 0.000000
-0.000622 0.000000
-0.000409 0.000000
-0.000253 0.000000
-0.000139 0.000000
-0.000058 0.000000
0.000000 0.000000
0.000000 0.000000
0.000000 0.000000
0.000000 0.000000
0.000000 0.000000
0.000000 0.000000
0.000000 0.000000
0.000000 0.000000
0.000000 0.000000
0.000000 0.000000
0.000000 0.000000
0.000000 0.000000
0.000000 0.000000
0.000000 0.000000
0.000000 0.000000
0.000000 0.000000
0.000000 0.000000
0.000000 0.000000
0.000000 0.000000
0.000000 0.000000
0.000000 0.000000
0.000000 0.000000
0.000000 0.000000
0.000000 0.000000
0.000000 0.000000
0.000000 0.000000
0.000000 0.000000
0.000000 0.000000
0.000000 0.000000
0.000000 0.000000
0.000000 0.000000
0.000000 0.000000
0.000000 0.000000
0.000000 0.000000
0.000000 0.000000
0.000000 0.000000
0.000000 0.000000
0.000000 0.000000
0.000000 0.000000
0.000000 0.000000
0.000000 0.000000
0.000000 0.000000
0.000000 0.000000
0.000000 0.000000
0.000000 0.000000
0.000000 0.000000
0.000000 0.000000
0.000000 0.000000
0.000000 0.000000
0.000000 0.000000
0.000000 0.000000
0.000000 0.000000
0.000000 0.000000
0.000000 0.000000
0.000000 0.000000
0.000000 0.000000
0.000000 0.000000
0.000000 0.000000
0.000000 0.000000
0.000000 0.000000
0.000000 0.000000
0.000000 0.000000
0.000000 0.000000
0.000000 0.000000
0.000000 0.000000
0.000000 0.000000
0.000000 0.000000
0.000000 0.000000
0.000000 0.000000
0.000000 0.000000
0.000000 0.000000
0.000000 0.000000
0.000000 0.000000
0.000000 0.000000
0.000000 0.000000
0.000000 0.000000
0.000000 0.000000
0.000000 0.000000
0.000000 0.000000
0.000000 0.000000
0.000000 0.000000
