0.000000 0.000000
0.000000 0.000000
0.000000 0.000000
0.000000 0.000000
0.000000 0.000000
0.000000 0.000000
0.000000 0.000000
0.000000 0.000000
0.000000 0.000000
0.000000 0.000000
0.000000 0.000000
0.000000 0.000000
0.000000 0.000000
0.000000 0.000000
0.000000 0.000000
0.000378 0.000000
0.006719 0.000000
0.031986 0.000000
0.087849 0.000000
0.177292 0.000000
0.294062 0.000000
0.426096 0.000000
0.555180 0.000000
0.657895 0.000000
0.715604 0.000000
0.721834 0.000000
0.682085 0.000000
0.609088 0.000000
0.517478 0.000000
0.420074 0.000000
0.326174 0.000000
0.241387 0.000000
0.168310 0.000000
0.107464 0.000000
0.058171 0.000000
0.019196 0.000000
-0.010840 0.000000
-0.033256 0.000000
-0.049228 0.000000
-0.059791 0.000000
-0.065860 0.000378
-0.068262 0.006719
-0.067753 0.031986
-0.065024 0.087849
-0.060701 0.177292
-0.055335 0.294062
-0.049396 0.426474
-0.043270 0.561900
-0.037255 0.689881
-0.031570 0.803075
-0.026360 0.892407
-0.021707 0.944162
-0.017645 0.947714
-0.014169 0.902086
-0.011247 0.815893
-0.008831 0.703152
-0.006862 0.578614
-0.005280 0.454577
-0.004025 0.339574
-0.003041 0.238423
-0.002278 0.153003
-0.001693 0.083224
-0.001248 0.027880
-0.000913 -0.014725
-0.000245 -0.046391
0.006311 -0.068825
0.031734 -0.083569
0.087709 -0.091993
0.177234 -0.095316
0.294062 -0.094623
0.426474 -0.090885
0.561900 -0.084965
0.689881 -0.077610
0.803453 -0.069458
0.898749 -0.061026
0.969428 -0.052720
1.003576 -0.044839
0.991530 -0.037586
0.932663 -0.031079
0.835564 -0.025370
0.714039 -0.020461
0.582558 -0.016313
0.453146 -0.012865
0.334096 -0.010041
0.230025 -0.007760
0.142639 -0.005941
0.071696 -0.004508
0.015851 -0.003391
-0.026719 -0.002531
-0.057560 -0.001832
-0.072906 -0.001306
-0.061438 -0.000913
-0.012945 -0.000622
0.074272 -0.000409
0.192812 -0.000253
0.329981 -0.000139
0.472261 -0.000058
0.608429 0.000000
0.730880 0.000000
0.835228 0.000000
0.914733 0.000000
0.957191 0.000000
0.952746 0.000000
0.900665 0.000000
0.809496 0.000000
0.693053 0.000000
0.565852 0.000000
0.439990 0.000000
0.323841 0.000000
0.222109 0.000000
0.136585 0.000000
0.067106 0.000000
0.012402 0.000000
-0.029250 0.000000
-0.059770 0.000000
-0.080931 0.000000
-0.094338 0.000000
-0.101038 0.000000
-0.096710 0.000000
-0.069516 0.000000
-0.008784 0.000000
0.087595 0.000000
0.212611 0.000000
0.353524 0.000000
0.491660 0.000000
0.603200 0.000000
0.669219 0.000000
0.683050 0.000000
0.650088 0.000000
0.583019 0.000000
0.496491 0.000000
0.403369 0.000000
0.313018 0.000000
0.231133 0.000000
0.160394 0.000000
0.101410 0.000000
0.053582 0.000000
0.015747 0.000000
-0.013371 0.000378
-0.035088 0.006719
-0.050534 0.031986
-0.060704 0.087849
-0.066483 0.177292
-0.068671 0.294062
-0.068006 0.426474
-0.065164 0.561900
-0.060759 0.689503
-0.055335 0.796733
-0.049396 0.867140
-0.043270 0.888299
-0.037255 0.858270
-0.031570 0.785316
-0.026360 0.683481
-0.021707 0.567727
-0.017645 0.450633
-0.014169 0.341005
-0.011247 0.243900
-0.008831 0.161401
-0.006862 0.093589
-0.005280 0.039408
-0.004025 -0.002697
-0.002663 -0.034397
0.004441 -0.057278
0.030293 -0.072769
0.086600 -0.082138
0.176379 -0.086516
0.293062 -0.086918
0.419346 -0.084258
0.529661 -0.079357
0.601893 -0.072936
0.626102 -0.065617
0.605064 -0.057911
0.549673 -0.050225
0.473662 -0.042865
0.389498 -0.036040
0.306502 -0.029881
0.230500 -0.024451
0.164366 -0.019762
0.108895 -0.015787
0.063648 -0.012472
0.027594 -0.009750
-0.000098 -0.007546
-0.015008 -0.005785
-0.005214 -0.004395
0.040051 -0.003310
0.122601 -0.002472
0.229881 -0.001832
0.336590 -0.001306
0.417827 -0.000913
0.459592 -0.000622
0.460683 -0.000409
0.428864 -0.000253
0.375652 -0.000139
0.312267 -0.000058
0.247470 0.000000
0.186963 0.000000
0.133747 0.000000
0.088852 0.000000
0.052108 0.000000
0.022743 0.000000
-0.000210 0.000378
-0.017699 0.006719
-0.030559 0.031986
-0.039503 0.087849
-0.045147 0.177292
-0.048037 0.293684
-0.048677 0.419755
-0.047536 0.529914
-0.045052 0.602032
-0.041625 0.626161
-0.037569 0.605064
-0.033240 0.549673
-0.028880 0.473662
-0.024673 0.389498
-0.020750 0.306502
-0.017238 0.230500
-0.014124 0.164366
-0.011425 0.108895
-0.009131 0.063648
-0.007214 0.027594
-0.005260 -0.000476
0.002358 -0.021727
0.028645 -0.037200
0.085312 -0.047797
0.175384 -0.054313
0.292639 -0.057462
0.425420 -0.057898
0.561126 -0.056225
0.688939 -0.052996
0.796325 -0.048707
0.866888 -0.043788
0.888160 -0.038596
0.858212 -0.033414
0.785316 -0.028455
0.683481 -0.023865
0.567727 -0.019732
0.450633 -0.016099
0.341005 -0.012971
0.243900 -0.010328
0.161401 -0.008133
0.093589 -0.006336
0.039408 -0.004888
-0.002697 -0.003734
-0.034397 -0.002449
-0.057278 0.004597
-0.072769 0.030406
-0.082138 0.086682
-0.086516 0.176437
-0.086918 0.293062
-0.084258 0.419346
-0.079357 0.529661
-0.072936 0.601893
-0.065617 0.626102
-0.057911 0.605064
-0.050225 0.549673
-0.042865 0.473662
-0.036040 0.389498
-0.029881 0.306502
-0.024451 0.230500
-0.019762 0.164366
-0.015787 0.108895
-0.012472 0.063648
-0.009750 0.027594
-0.007546 -0.000098
-0.005785 -0.015008
-0.004395 -0.005214
-0.003310 0.040051
-0.002472 0.122601
-0.001832 0.229881
-0.001306 0.336590
-0.000913 0.417827
-0.000622 0.459592
-0.000409 0.460683
-0.000253 0.428864
-0.000139 0.375652
-0.000058 0.312267
0.000000 0.247470
0.000000 0.186963
0.000000 0.133747
0.000000 0.088852
0.000000 0.052108
0.000000 0.022743
0.000000 -0.000210
0.000000 -0.017699
0.000000 -0.030559
0.000000 -0.039503
0.000378 -0.045147
0.006719 -0.048037
0.031986 -0.048677
0.087849 -0.047536
0.177292 -0.045052
0.293684 -0.041625
0.419755 -0.037569
0.529914 -0.033240
0.602032 -0.028880
0.626161 -0.024673
0.605064 -0.020750
0.549673 -0.017238
0.473662 -0.014124
0.389498 -0.011425
0.306502 -0.009131
0.230500 -0.007214
0.164366 -0.005638
0.108895 -0.004362
0.063648 -0.003341
0.027594 -0.002536
-0.000476 -0.001908
-0.021727 -0.001424
-0.036822 -0.001054
-0.041078 -0.000774
-0.022327 -0.000564
0.030386 -0.000409
0.119017 -0.000253
0.231118 -0.000139
0.341492 -0.000058
0.425344 0.000000
0.468801 0.000000
0.470795 0.000000
0.439238 0.000000
0.385792 0.000000
0.321817 0.000000
0.256193 0.000000
0.194729 0.000000
0.140508 0.000000
0.094623 0.000000
0.056947 0.000000
0.026735 0.000000
0.003413 0.000000
-0.008377 0.000000
0.003488 0.000000
0.049958 0.000000
0.133015 0.000000
0.240261 0.000000
0.346535 0.000000
0.427060 0.000000
0.467984 0.000000
0.468136 0.000000
0.435352 0.000000
0.381202 0.000000
0.316941 0.000000
0.251311 0.000000
0.190078 0.000000
0.136241 0.000000
0.090827 0.000000
0.053654 0.000000
0.023941 0.000000
0.001086 0.000000
-0.010281 0.000000
0.001953 0.000000
0.048738 0.000000
0.132436 0.000000
0.246239 0.000000
0.377953 0.000000
0.514099 0.000000
0.638191 0.000000
0.729900 0.000000
0.773709 0.000000
0.765615 0.000000
0.712620 0.000000
0.628231 0.000000
0.527305 0.000000
0.422508 0.000000
0.322937 0.000000
0.233906 0.000000
0.157748 0.000000
0.094773 0.000000
0.044135 0.000000
0.004470 0.000000
-0.025332 0.000000
-0.041101 0.000000
-0.031144 0.000000
0.015087 0.000000
0.099200 0.000000
0.208451 0.000000
0.317371 0.000000
0.400914 0.000000
0.445007 0.000000
0.448308 0.000000
0.418524 0.000000
0.367137 0.000000
0.305312 0.000000
0.241861 0.000000
0.182494 0.000000
0.130226 0.000000
0.086108 0.000000
0.049991 0.000000
0.021126 0.000000
-0.001057 0.000000
-0.011898 0.000000
0.000744 0.000000
0.047841 0.000000
0.131775 0.000000
0.245378 0.000000
0.370883 0.000000
0.482239 0.000000
0.556922 0.000000
0.584536 0.000000
0.567495 0.000000
0.516433 0.000000
0.444783 0.000000
0.364825 0.000000
0.285752 0.000000
0.213263 0.000000
0.150242 0.000000
0.097470 0.000000
0.054518 0.000000
0.020380 0.000000
-0.006114 0.000000
-0.026089 0.000378
-0.040541 0.006719
-0.050333 0.031986
-0.056222 0.087849
-0.058886 0.177292
-0.058951 0.293684
-0.056999 0.419755
-0.053560 0.529914
-0.049116 0.602032
-0.044040 0.626161
-0.038735 0.605064
-0.033472 0.549673
-0.028455 0.473662
-0.023865 0.389498
-0.019732 0.306502
-0.016099 0.230500
-0.012971 0.164366
-0.010328 0.108895
-0.008133 0.063648
-0.006336 0.027594
-0.004888 -0.000476
-0.003734 -0.021727
-0.002827 -0.037200
-0.001744 -0.047797
0.005140 -0.054313
0.030819 -0.057462
0.086993 -0.057898
0.176292 -0.056225
0.286934 -0.052996
0.394236 -0.048707
0.473912 -0.043788
0.512530 -0.038596
0.509391 -0.033414
0.472652 -0.028455
0.414248 -0.023865
0.345682 -0.019732
0.275925 -0.016099
0.210829 -0.012971
0.153479 -0.010328
0.104951 -0.008133
0.065079 -0.006336
0.033072 -0.004888
0.007922 -0.003356
-0.011363 0.003892
-0.025671 0.029864
-0.035769 0.086269
-0.042320 0.176125
-0.045915 0.293207
-0.047097 0.425852
-0.046369 0.561114
-0.044196 0.682909
-0.041002 0.771327
-0.037160 0.811220
-0.032988 0.798855
-0.028740 0.741500
-0.024614 0.652904
-0.020750 0.548055
-0.017238 0.439746
-0.014124 0.337061
-0.011425 0.245331
-0.009131 0.166879
-0.007214 0.101987
-0.005638 0.049773
-0.004362 0.008832
-0.003341 -0.021991
-0.002536 -0.038565
-0.001908 -0.029236
-0.001424 0.016511
-0.001054 0.100254
-0.000774 0.209225
-0.000564 0.317935
-0.000409 0.401322
-0.000253 0.445260
-0.000139 0.448448
-0.000058 0.418582
0.000000 0.367137
0.000000 0.305312
0.000000 0.241861
0.000000 0.182494
0.000000 0.130226
0.000000 0.086108
0.000000 0.049991
0.000000 0.021126
0.000000 -0.001435
0.000000 -0.018618
0.000000 -0.031242
0.000000 -0.040008
0.000000 -0.045139
0.000000 -0.041587
0.000000 -0.016885
0.000000 0.040173
0.000000 0.132182
0.000000 0.252438
0.000000 0.388527
0.000000 0.521940
0.000000 0.629015
0.000000 0.690932
0.000000 0.701084
0.000000 0.664848
0.000000 0.594964
0.000000 0.506053
0.000000 0.410944
0.000000 0.318960
0.000000 0.235749
0.000000 0.163948
0.000000 0.104123
0.000000 0.055635
0.000000 0.017288
0.000000 -0.012264
0.000000 -0.034310
0.000000 -0.050002
0.000000 -0.060355
0.000000 -0.066269
0.000000 -0.068137
0.000000 -0.061173
0.000000 -0.033096
0.000000 0.027148
0.000000 0.121957
0.000000 0.244666
0.000000 0.383204
0.000000 0.524645
0.000000 0.658311
0.000000 0.776715
0.000000 0.870700
0.000000 0.926516
0.000000 0.933544
0.000000 0.890838
0.000000 0.807061
0.000000 0.696290
0.000000 0.573333
0.000000 0.450552
0.000000 0.336533
0.000000 0.236145
0.000000 0.151311
0.000000 0.081976
0.000000 0.026966
0.000000 -0.015348
0.000378 -0.046800
0.006719 -0.069077
0.031986 -0.083708
0.087849 -0.092052
0.176914 -0.095316
0.287343 -0.094623
0.394488 -0.090885
0.474051 -0.084965
0.512588 -0.077610
0.509391 -0.069458
0.472652 -0.061026
0.414248 -0.052720
0.345682 -0.044839
0.275925 -0.037586
0.210829 -0.031079
0.153479 -0.025370
0.104951 -0.020461
0.065079 -0.016313
0.033072 -0.012865
0.007922 -0.009663
-0.011363 -0.001041
-0.025671 0.026045
-0.035769 0.083340
-0.042320 0.173523
-0.045915 0.284812
-0.047097 0.392656
-0.046369 0.472745
-0.044196 0.511675
-0.041002 0.508768
-0.037160 0.472244
-0.032988 0.413995
-0.028740 0.345542
-0.024614 0.275867
-0.020750 0.210829
-0.017238 0.153479
-0.014124 0.104951
-0.011425 0.065079
-0.009131 0.033072
-0.006836 0.007922
0.001081 -0.011363
0.027625 -0.025671
0.084507 -0.035769
0.174756 -0.042320
0.292154 -0.045915
0.424673 -0.047097
0.554127 -0.046369
0.657121 -0.044196
0.715040 -0.041002
0.721426 -0.037160
0.681833 -0.032988
0.608949 -0.028740
0.517420 -0.024614
0.420074 -0.020750
0.326174 -0.017238
0.241387 -0.014124
0.168310 -0.011425
0.107464 -0.009131
0.058171 -0.007214
0.019196 -0.005638
-0.010463 -0.004362
-0.026536 -0.003341
-0.017242 -0.002536
0.028058 -0.001908
0.111432 -0.001424
0.225422 -0.001054
0.352001 -0.000774
0.464890 -0.000564
0.541331 -0.000409
0.570826 -0.000253
0.555668 -0.000139
0.506404 -0.000058
0.436407 0.000000
0.357927 0.000000
0.280142 0.000000
0.208793 0.000000
0.146721 0.000000
0.094726 0.000000
0.052401 0.000000
0.018763 0.000000
-0.006960 0.000000
-0.020288 0.000000
-0.009239 0.000000
0.037010 0.000000
0.120701 0.000000
0.234907 0.000000
0.367328 0.000000
0.504762 0.000000
0.636262 0.000000
0.754337 0.000000
0.854708 0.000000
0.930693 0.000000
0.970104 0.000000
0.963074 0.000000
0.908798 0.000000
0.815832 0.000000
0.697940 0.000000
0.569586 0.000000
0.442817 0.000000
0.325964 0.000000
0.223688 0.000000
0.137751 0.000000
0.067961 0.000000
0.013024 0.000000
-0.028841 0.000000
-0.059517 0.000378
-0.080792 0.006719
-0.094280 0.031986
-0.101416 0.087849
-0.103429 0.177292
-0.101503 0.293684
-0.096633 0.419755
-0.089697 0.529914
-0.081451 0.602032
-0.072572 0.626161
-0.063520 0.605064
-0.054695 0.549673
-0.046386 0.473662
-0.038784 0.389498
-0.031998 0.306502
-0.026069 0.230500
-0.020987 0.164366
-0.016706 0.108895
-0.013156 0.063648
-0.010255 0.027594
-0.007916 -0.000098
-0.006054 -0.015008
-0.004589 -0.005214
-0.003450 0.040051
-0.002531 0.122979
-0.001832 0.236600
-0.001306 0.368576
-0.000913 0.505298
-0.000622 0.630165
-0.000409 0.722759
-0.000253 0.767490
-0.000139 0.760260
-0.000058 0.708086
0.000000 0.624449
0.000000 0.524190
0.000000 0.420014
0.000000 0.320962
0.000000 0.232360
0.000000 0.156550
0.000000 0.093854
0.000000 0.043436
0.000000 0.003944
0.000000 -0.025725
0.000000 -0.041392
0.000000 -0.031358
0.000000 0.014931
0.000000 0.099465
0.000000 0.215089
0.000000 0.349299
0.000000 0.488762
0.000000 0.622300
0.000000 0.742371
0.000000 0.844620
0.000000 0.922318
0.000000 0.963206
0.000000 0.957465
0.000000 0.904328
0.000000 0.812311
0.000000 0.695196
0.000000 0.567469
0.000000 0.441200
0.000000 0.324739
0.000000 0.222770
0.000000 0.137067
0.000000 0.067457
0.000000 0.012654
0.000000 -0.029110
0.000000 -0.059712
0.000000 -0.080931
0.000000 -0.093960
0.000000 -0.094696
0.000000 -0.071443
0.000000 -0.013654
0.000000 0.080282
0.000000 0.197646
0.000000 0.313037
0.000000 0.401479
0.000000 0.449068
0.000000 0.454696
0.000000 0.426267
0.000000 0.375464
0.000000 0.313684
0.000000 0.249857
0.000000 0.189842
0.000000 0.136773
0.000000 0.091796
0.000000 0.054825
0.000000 0.025156
0.000000 0.001868
0.000000 -0.015952
0.000000 -0.029121
0.000000 -0.037922
0.000000 -0.037432
0.000000 -0.015235
0.000000 0.039838
0.000000 0.129923
0.000000 0.242738
0.000000 0.353233
0.000000 0.436751
0.000000 0.479543
0.000000 0.480650
0.000000 0.448038
0.000000 0.393497
0.000000 0.328444
0.000000 0.261801
0.000000 0.199403
0.000000 0.144349
0.000000 0.097738
0.000000 0.059441
0.000000 0.028710
0.000000 0.004959
0.000000 -0.007179
0.000000 0.004407
0.000000 0.050656
0.000000 0.133541
0.000000 0.240653
0.000000 0.346826
0.000000 0.427274
0.000000 0.468140
0.000000 0.468249
0.000000 0.435433
0.000000 0.381260
0.000000 0.316941
0.000000 0.251311
0.000000 0.190078
0.000000 0.136241
0.000000 0.090827
0.000000 0.053654
0.000000 0.023941
0.000000 0.001086
0.000000 -0.010281
0.000000 0.001953
0.000000 0.048738
0.000000 0.132059
0.000000 0.239519
0.000000 0.345967
0.000000 0.426629
0.000000 0.467618
0.000000 0.467824
0.000000 0.435083
0.000000 0.381007
0.000000 0.316802
0.000000 0.251253
0.000000 0.190078
0.000000 0.136241
0.000000 0.090827
0.000000 0.053654
0.000000 0.023941
0.000000 0.000709
0.000000 -0.017001
0.000000 -0.030033
0.000000 -0.039110
0.000000 -0.044856
0.000000 -0.047824
0.000000 -0.048521
0.000000 -0.047423
0.000000 -0.044970
0.000000 -0.041567
0.000000 -0.037569
0.000000 -0.033240
0.000000 -0.028880
0.000000 -0.024673
0.000000 -0.020750
0.000000 -0.017238
0.000000 -0.014124
0.000000 -0.011425
0.000000 -0.009131
0.000000 -0.007214
0.000000 -0.005638
0.000000 -0.004362
0.000000 -0.003341
0.000000 -0.002536
0.000000 -0.001908
0.000000 -0.001424
0.000000 -0.001054
0.000000 -0.000774
0.000000 -0.000564
0.000000 -0.000409
0.000000 -0.000253
0.000000 -0.000139
0.000000 -0.000058
0.000000 0.000000
0.000000 0.000000
0.000000 0.000000
0.000000 0.000000
0.000000 0.000000
0.000000 0.000000
0.000000 0.000000
0.000000 0.000000
0.000000 0.000000
0.000000 0.000000
0.000000 0.000000
0.000000 0.000000
0.000000 0.000000
0.000000 0.000000
0.000000 0.000000
0.000000 0.000000
0.000000 0.000000
0.000000 0.000000
0.000000 0.000000
0.000000 0.000000
0.000000 0.000000
0.000000 0.000000
0.000000 0.000000
0.000000 0.000000
0.000000 0.000000
0.000000 0.000000
0.000000 0.000000
0.000000 0.000000
0.000000 0.000000
0.000000 0.000000
0.000000 0.000000
0.000000 0.000000
0.000000 0.000000
0.000000 0.000000
0.000000 0.000000
0.000000 0.000000
0.000000 0.000000
0.000000 0.000000
0.000000 0.000000
0.000000 0.000000
0.000000 0.000000
0.000000 0.000000
0.000000 0.000000
0.000000 0.000000
0.000000 0.000000
0.000000 0.000000
0.000000 0.000000
0.000000 0.000000
0.000000 0.000000
0.000000 0.000000
0.000000 0.000000
0.000000 0.000000
0.000000 0.000000
0.000000 0.000000
0.000000 0.000000
0.000000 0.000000
0.000000 0.000000
0.000000 0.000000
0.000000 0.000000
0.000000 0.000000
0.000000 0.000000
0.000000 0.000000
0.000000 0.000000
0.000000 0.000000
0.000000 0.000000
0.000000 0.000000
0.000000 0.000000
0.000000 0.000000
0.000000 0.000000
0.000000 0.000000
