0.000000 0.000000
0.000000 0.000000
0.000000 0.000000
0.000000 0.000000
0.000000 0.000000
0.000000 0.000000
0.000000 0.000000
0.000000 0.000000
0.000000 0.000000
0.000000 0.000000
0.000000 0.000000
0.000000 0.000000
0.000000 0.000000
0.000000 0.000000
0.000000 0.000000
0.000378 0.000000
0.006719 0.000000
0.031986 0.000000
0.087849 0.000000
0.177292 0.000000
0.294062 0.000000
0.426474 0.000000
0.561900 0.000000
0.689881 0.000000
0.803075 0.000000
0.892407 0.000000
0.944162 0.000000
0.947714 0.000000
0.902086 0.000000
0.815893 0.000000
0.703152 0.000000
0.578614 0.000000
0.454577 0.000000
0.339574 0.000000
0.238423 0.000000
0.153003 0.000000
0.083224 0.000000
0.027880 0.000000
-0.014725 0.000000
-0.046391 0.000378
-0.068825 0.006719
-0.083569 0.031986
-0.091993 0.087849
-0.095316 0.177292
-0.094623 0.294062
-0.090885 0.426474
-0.084965 0.561900
-0.077610 0.689881
-0.069458 0.803075
-0.061026 0.892407
-0.052720 0.944162
-0.044839 0.947714
-0.037586 0.902086
-0.031079 0.815893
-0.025370 0.703152
-0.020461 0.578614
-0.016313 0.454577
-0.012865 0.339574
-0.010041 0.238423
-0.007760 0.153003
-0.005941 0.083224
-0.004508 0.027880
-0.003391 -0.014725
-0.002531 -0.046013
-0.001832 -0.062105
-0.001306 -0.051583
-0.000913 -0.004145
-0.000622 0.081976
-0.000409 0.199062
-0.000253 0.328869
-0.000139 0.444949
-0.000058 0.524422
0.000000 0.556703
0.000000 0.544038
0.000000 0.496953
0.000000 0.428823
0.000000 0.351912
0.000000 0.275423
0.000000 0.205130
0.000000 0.143905
0.000000 0.092583
0.000000 0.050784
0.000000 0.017553
0.000378 -0.008236
0.006719 -0.027669
0.031986 -0.041708
0.087849 -0.051189
0.176914 -0.056844
0.287343 -0.059294
0.394488 -0.059204
0.474051 -0.057138
0.512588 -0.053618
0.509391 -0.049116
0.472652 -0.044040
0.414248 -0.038735
0.345682 -0.033472
0.275925 -0.028455
0.210829 -0.023865
0.153479 -0.019732
0.104951 -0.016099
0.065079 -0.012971
0.033072 -0.010328
0.007922 -0.007755
-0.011363 0.000383
-0.025671 0.027099
-0.035769 0.084114
-0.042320 0.174087
-0.045915 0.285221
-0.047097 0.392908
-0.046369 0.472885
-0.044196 0.511733
-0.041002 0.508768
-0.037160 0.472244
-0.032988 0.413995
-0.028740 0.345542
-0.024614 0.275867
-0.020750 0.210829
-0.017238 0.153479
-0.014124 0.104951
-0.011425 0.065079
-0.009131 0.033072
-0.007214 0.008300
-0.005638 -0.004643
-0.004362 0.006315
-0.003341 0.052080
-0.002536 0.134973
-0.001908 0.248147
-0.001424 0.378999
-0.001054 0.508811
-0.000774 0.613698
-0.000564 0.674602
-0.000409 0.684674
-0.000253 0.649098
-0.000139 0.580348
-0.000058 0.492864
0.000000 0.399324
0.000000 0.308936
0.000000 0.227263
0.000000 0.156885
0.000000 0.098334
0.000000 0.050957
0.000000 0.013558
0.000378 -0.015202
0.006719 -0.036597
0.031986 -0.051764
0.087849 -0.061699
0.176914 -0.067284
0.287343 -0.069316
0.394488 -0.068527
0.474051 -0.065589
0.512588 -0.061110
0.509391 -0.055587
0.472652 -0.049535
0.414248 -0.043328
0.345682 -0.037255
0.275925 -0.031570
0.210829 -0.026360
0.153479 -0.021707
0.104951 -0.017645
0.065079 -0.014169
0.033072 -0.011247
0.008300 -0.008831
-0.004643 -0.006862
0.006315 -0.005280
0.052080 -0.004025
0.134595 -0.003041
0.241427 -0.002278
0.347391 -0.001693
0.427682 -0.001248
0.468392 -0.000913
0.468388 -0.000622
0.435492 -0.000409
0.381260 -0.000253
0.316941 -0.000139
0.251311 -0.000058
0.190078 0.000000
0.136241 0.000000
0.090827 0.000000
0.053654 0.000000
0.023941 0.000000
0.000709 0.000000
-0.017001 0.000000
-0.030033 0.000000
-0.039110 0.000000
-0.044856 0.000378
-0.047824 0.006719
-0.048521 0.031986
-0.047423 0.087849
-0.044970 0.177292
-0.041567 0.294062
-0.037569 0.426474
-0.033240 0.561900
-0.028880 0.689881
-0.024673 0.803453
-0.020750 0.898749
-0.017238 0.969428
-0.014124 1.003576
-0.011425 0.991530
-0.009131 0.932663
-0.007214 0.835564
-0.005638 0.714039
-0.004362 0.582558
-0.003341 0.453146
-0.002536 0.334096
-0.001908 0.230025
-0.001424 0.142639
-0.001054 0.071696
-0.000774 0.015851
-0.000564 -0.026719
-0.000031 -0.057938
0.006467 -0.079625
0.031847 -0.093424
0.087790 -0.100793
0.177292 -0.103021
0.294062 -0.101250
0.426474 -0.096493
0.561900 -0.089639
0.689881 -0.081451
0.803075 -0.072572
0.892407 -0.063520
0.944162 -0.054695
0.947714 -0.046386
0.902086 -0.038784
0.815893 -0.031998
0.703152 -0.026069
0.578614 -0.020987
0.454577 -0.016706
0.339574 -0.013156
0.238423 -0.010255
0.153003 -0.007916
0.083224 -0.006054
0.027880 -0.004589
-0.014725 -0.003450
-0.046013 -0.002531
-0.062105 -0.001832
-0.051583 -0.001306
-0.004145 -0.000913
0.081599 -0.000622
0.192720 -0.000409
0.303603 -0.000253
0.389087 -0.000139
0.434978 -0.000058
0.439933 0.000000
0.411627 0.000000
0.361528 0.000000
0.300842 0.000000
0.238339 0.000000
0.179750 0.000000
0.128109 0.000000
0.084491 0.000000
0.048767 0.000000
0.020207 0.000000
-0.001741 0.000000
-0.012403 0.000000
0.000374 0.000000
0.047572 0.000000
0.131581 0.000000
0.245616 0.000000
0.377167 0.000000
0.507505 0.000000
0.612785 0.000000
0.673980 0.000000
0.684265 0.000000
0.648845 0.000000
0.580208 0.000000
0.492806 0.000000
0.399324 0.000000
0.308936 0.000000
0.227263 0.000000
0.156885 0.000000
0.098334 0.000000
0.050957 0.000000
0.013558 0.000000
-0.015202 0.000378
-0.036597 0.006719
-0.051764 0.031986
-0.061699 0.087849
-0.067284 0.176914
-0.069316 0.287343
-0.068527 0.394488
-0.065589 0.474051
-0.061110 0.512588
-0.055587 0.509391
-0.049535 0.472652
-0.043328 0.414248
-0.037255 0.345682
-0.031570 0.275925
-0.026360 0.210829
-0.021707 0.153479
-0.017645 0.104951
-0.014169 0.065079
-0.011247 0.033072
-0.008831 0.008300
-0.006862 -0.004643
-0.005280 0.006315
-0.004025 0.052080
-0.003041 0.134973
-0.002278 0.248147
-0.001693 0.378999
-0.001248 0.508811
-0.000913 0.613698
-0.000622 0.674602
-0.000409 0.684674
-0.000253 0.649098
-0.000139 0.580348
-0.000058 0.492864
0.000000 0.399324
0.000000 0.308936
0.000000 0.227263
0.000000 0.156885
0.000000 0.098334
0.000000 0.050957
0.000000 0.013558
0.000378 -0.015202
0.006719 -0.036597
0.031986 -0.051764
0.087849 -0.061699
0.177292 -0.067284
0.294062 -0.069316
0.426474 -0.068527
0.561900 -0.065589
0.689503 -0.061110
0.796733 -0.055587
0.867140 -0.049535
0.888299 -0.043328
0.858270 -0.037255
0.785316 -0.031570
0.683481 -0.026360
0.567727 -0.021707
0.450633 -0.017645
0.341005 -0.014169
0.243900 -0.011247
0.161401 -0.008831
0.093589 -0.006862
0.039408 -0.005280
-0.002697 -0.004025
-0.034019 -0.003041
-0.050558 -0.002278
-0.040783 -0.001693
0.005711 -0.001248
0.090776 -0.000913
0.207145 -0.000622
0.342216 -0.000409
0.482165 -0.000253
0.610225 -0.000139
0.705850 -0.000058
0.753367 0.000000
0.748630 0.000000
0.698635 0.000000
0.616864 0.000000
0.518174 0.000000
0.415295 0.000000
0.317299 0.000000
0.229545 0.000000
0.154407 0.000000
0.092237 0.000000
0.042227 0.000000
0.003046 0.000000
-0.026764 0.000378
-0.048594 0.006719
-0.063694 0.031986
-0.073170 0.087849
-0.077967 0.176914
-0.079031 0.287343
-0.077175 0.394488
-0.073138 0.474051
-0.067581 0.512588
-0.061082 0.509391
-0.054128 0.472652
-0.047111 0.414248
-0.040370 0.345682
-0.034065 0.275925
-0.028335 0.210829
-0.023253 0.153479
-0.018843 0.104951
-0.015088 0.065079
-0.011946 0.033072
-0.008979 0.007922
-0.000536 -0.011363
0.026415 -0.025671
0.083610 -0.035769
0.173717 -0.042320
0.284952 -0.045915
0.392714 -0.047097
0.472745 -0.046369
0.511675 -0.044196
0.508768 -0.041002
0.472244 -0.037160
0.413995 -0.032988
0.345542 -0.028740
0.275867 -0.024614
0.210829 -0.020750
0.153479 -0.017238
0.104951 -0.014124
0.065079 -0.011425
0.033072 -0.009131
0.007922 -0.007214
-0.011363 -0.005638
-0.025671 -0.004362
-0.035391 -0.003341
-0.035600 -0.002536
-0.013929 -0.001908
0.040751 -0.001424
0.130923 -0.001054
0.249866 -0.000774
0.385472 -0.000564
0.524739 -0.000409
0.656515 -0.000253
0.767993 -0.000139
0.842526 -0.000058
0.867549 0.000000
0.841032 0.000000
0.771192 0.000000
0.672055 0.000000
0.558596 0.000000
0.443419 0.000000
0.335367 0.000000
0.239539 0.000000
0.158060 0.000000
0.091053 0.000000
0.037500 0.000000
-0.004121 0.000000
-0.035451 0.000378
-0.058052 0.006719
-0.073333 0.031986
-0.082546 0.087849
-0.086768 0.176914
-0.087057 0.287343
-0.084316 0.394488
-0.079357 0.474051
-0.072936 0.512588
-0.065617 0.509391
-0.057911 0.472652
-0.050225 0.414248
-0.042865 0.345682
-0.036040 0.275925
-0.029881 0.210829
-0.024451 0.153479
-0.019762 0.104951
-0.015787 0.065079
-0.012472 0.033072
-0.009750 0.007922
-0.007546 -0.011363
-0.005407 -0.025671
0.002324 -0.035769
0.028676 -0.042320
0.085376 -0.045915
0.175460 -0.047097
0.292756 -0.046369
0.425561 -0.044196
0.561278 -0.041002
0.689094 -0.037160
0.796481 -0.032988
0.867001 -0.028740
0.888241 -0.024614
0.858270 -0.020750
0.785316 -0.017238
0.683481 -0.014124
0.567727 -0.011425
0.450633 -0.009131
0.341005 -0.007214
0.243900 -0.005638
0.161401 -0.004362
0.093589 -0.003341
0.039408 -0.002536
-0.002697 -0.001908
-0.034397 -0.001424
-0.057278 -0.001054
-0.072769 -0.000774
-0.082138 -0.000564
-0.086516 -0.000031
-0.086918 0.006467
-0.084258 0.031847
-0.079357 0.087790
-0.072936 0.177292
-0.065617 0.294062
-0.057911 0.426474
-0.050225 0.561522
-0.042865 0.683161
-0.036040 0.771467
-0.029881 0.811278
-0.024451 0.798855
-0.019762 0.741500
-0.015787 0.652904
-0.012472 0.548055
-0.009750 0.439746
-0.007546 0.337061
-0.005785 0.245331
-0.004395 0.166879
-0.003310 0.101987
-0.002472 0.049773
-0.001832 0.008832
-0.001306 -0.021991
-0.000913 -0.038565
-0.000622 -0.029236
-0.000409 0.016511
-0.000253 0.100632
-0.000139 0.215944
-0.000058 0.349921
0.000000 0.488793
0.000000 0.615833
0.000000 0.710524
0.000000 0.757208
0.000000 0.751745
0.000000 0.701130
0.000000 0.618839
0.000000 0.519720
0.000000 0.416493
0.000000 0.318218
0.000000 0.230243
0.000000 0.154933
0.000000 0.092630
0.000000 0.042518
0.000000 0.003260
0.000378 -0.026608
0.006719 -0.048481
0.031986 -0.063613
0.087849 -0.073112
0.176914 -0.077967
0.287343 -0.079031
0.394488 -0.077175
0.474051 -0.073138
0.512588 -0.067581
0.509391 -0.061082
0.472652 -0.054128
0.414248 -0.047111
0.345682 -0.040370
0.275925 -0.034065
0.210829 -0.028335
0.153479 -0.023253
0.104951 -0.018843
0.065079 -0.015088
0.033072 -0.011946
0.008300 -0.009357
-0.004643 -0.007255
0.006315 -0.005571
0.052080 -0.004239
0.134595 -0.003197
0.241427 -0.002391
0.347391 -0.001774
0.427682 -0.001306
0.468392 -0.000913
0.468388 -0.000622
0.435492 -0.000409
0.381260 -0.000253
0.316941 -0.000139
0.251311 -0.000058
0.190078 0.000000
0.136241 0.000000
0.090827 0.000000
0.053654 0.000000
0.023941 0.000000
0.000709 0.000000
-0.017001 0.000378
-0.030033 0.006719
-0.039110 0.031986
-0.044856 0.087849
-0.047824 0.177292
-0.048521 0.294062
-0.047423 0.426474
-0.044970 0.561900
-0.041567 0.689503
-0.037569 0.796733
-0.033240 0.867140
-0.028880 0.888299
-0.024673 0.858270
-0.020750 0.785316
-0.017238 0.683481
-0.014124 0.567727
-0.011425 0.450633
-0.009131 0.341005
-0.007214 0.243900
-0.005638 0.161401
-0.004362 0.093589
-0.003341 0.039408
-0.002536 -0.002697
-0.001908 -0.034019
-0.001424 -0.050558
-0.001054 -0.040783
-0.000774 0.005711
-0.000564 0.090776
-0.000409 0.207145
-0.000253 0.342216
-0.000139 0.482165
-0.000058 0.610225
0.000000 0.705850
0.000000 0.753367
0.000000 0.748630
0.000000 0.698635
0.000000 0.616864
0.000000 0.518174
0.000000 0.415295
0.000000 0.317299
0.000000 0.229545
0.000000 0.154407
0.000000 0.092237
0.000000 0.042227
0.000000 0.003046
0.000000 -0.026386
0.000000 -0.041875
0.000000 -0.031708
0.000000 0.014679
0.000000 0.099326
0.000000 0.215031
0.000000 0.348921
0.000000 0.482043
0.000000 0.590314
0.000000 0.654522
0.000000 0.667706
0.000000 0.634975
0.000000 0.568718
0.000000 0.483413
0.000000 0.391740
0.000000 0.302920
0.000000 0.222544
0.000000 0.153222
0.000000 0.095518
0.000000 0.048814
0.000000 0.011941
0.000000 -0.016412
0.000378 -0.037495
0.006719 -0.052425
0.031986 -0.062182
0.087849 -0.067634
0.176914 -0.069569
0.287343 -0.068667
0.394488 -0.065647
0.474051 -0.061110
0.512588 -0.055587
0.509391 -0.049535
0.472652 -0.043328
0.414248 -0.037255
0.345682 -0.031570
0.275925 -0.026360
0.210829 -0.021707
0.153479 -0.017645
0.104951 -0.014169
0.065079 -0.011247
0.033072 -0.008831
0.007922 -0.006862
-0.011363 -0.005280
-0.025293 -0.004025
-0.029049 -0.003041
-0.010334 -0.002278
0.041933 -0.001693
0.130195 -0.001248
0.247693 -0.000913
0.382278 -0.000622
0.520520 -0.000409
0.646001 -0.000253
0.738479 -0.000139
0.782538 -0.000058
0.774241 0.000000
0.720750 0.000000
0.635666 0.000000
0.533931 0.000000
0.428321 0.000000
0.327930 0.000000
0.238117 0.000000
0.161241 0.000000
0.097625 0.000000
0.046432 0.000000
0.006295 0.000000
-0.024277 0.000000
-0.046708 0.000000
-0.062276 0.000000
-0.072112 0.000378
-0.077225 0.006719
-0.078526 0.031986
-0.076805 0.087849
-0.072869 0.177292
-0.067387 0.294062
-0.060943 0.426474
-0.054070 0.561900
-0.047111 0.689503
-0.040370 0.796733
-0.034065 0.867140
-0.028335 0.888299
-0.023253 0.858270
-0.018843 0.785316
-0.015088 0.683481
-0.011946 0.567727
-0.009357 0.450633
-0.007255 0.341005
-0.005571 0.243900
-0.004239 0.161401
-0.003197 0.093589
-0.002391 0.039408
-0.001774 -0.002697
-0.000928 -0.034397
0.005806 -0.057278
0.031364 -0.072769
0.087440 -0.082138
0.177040 -0.086516
0.293923 -0.086918
0.426038 -0.084258
0.555180 -0.079357
0.657895 -0.072936
0.715604 -0.065617
0.721834 -0.057911
0.682085 -0.050225
0.609088 -0.042865
0.517478 -0.036040
0.420074 -0.029881
0.326174 -0.024451
0.241387 -0.019762
0.168310 -0.015787
0.107464 -0.012472
0.058171 -0.009750
0.019196 -0.007546
-0.010840 -0.005407
-0.033256 0.002324
-0.049228 0.028676
-0.059791 0.085376
-0.065860 0.175460
-0.068262 0.292756
-0.067753 0.425183
-0.065024 0.554558
-0.060701 0.657486
-0.055335 0.715352
-0.049396 0.721695
-0.043270 0.682027
-0.037255 0.609088
-0.031570 0.517478
-0.026360 0.420074
-0.021707 0.326174
-0.017645 0.241387
-0.014169 0.168310
-0.011247 0.107464
-0.008831 0.058171
-0.006862 0.019196
-0.004903 -0.010840
0.002694 -0.033256
0.028945 -0.049228
0.085570 -0.059791
0.175222 -0.065860
0.286095 -0.068262
0.393575 -0.067753
0.473429 -0.065024
0.512180 -0.060701
0.509138 -0.055335
0.472513 -0.049396
0.414189 -0.043270
0.345682 -0.037255
0.275925 -0.031570
0.210829 -0.026360
0.153479 -0.021707
0.104951 -0.017645
0.065079 -0.014169
0.033072 -0.011247
0.007922 -0.008453
-0.011363 -0.000143
-0.025671 0.026706
-0.035769 0.083823
-0.042320 0.174251
-0.045915 0.291784
-0.047097 0.424781
-0.046369 0.560652
-0.044196 0.688967
-0.041002 0.802453
-0.037160 0.891998
-0.032988 0.943909
-0.028740 0.947574
-0.024614 0.902028
-0.020750 0.815893
-0.017238 0.703152
-0.014124 0.578614
-0.011425 0.454577
-0.009131 0.339574
-0.007214 0.238423
-0.005638 0.153003
-0.004362 0.083224
-0.003341 0.027880
-0.002536 -0.014725
-0.001908 -0.046013
-0.001424 -0.062105
-0.001054 -0.051583
-0.000774 -0.004145
-0.000564 0.081976
-0.000409 0.199440
-0.000253 0.335589
-0.000139 0.476935
-0.000058 0.612270
0.000000 0.733995
0.000000 0.837723
0.000000 0.916708
0.000000 0.958737
0.000000 0.953944
0.000000 0.901584
0.000000 0.810194
0.000000 0.693579
0.000000 0.566245
0.000000 0.440281
0.000000 0.324055
0.000000 0.222265
0.000000 0.136698
0.000000 0.067187
0.000000 0.012460
0.000000 -0.029250
0.000000 -0.059770
0.000000 -0.080931
0.000000 -0.094338
0.000000 -0.101416
0.000000 -0.103429
0.000000 -0.101503
0.000000 -0.096633
0.000000 -0.089697
0.000000 -0.081451
0.000000 -0.072572
0.000000 -0.063520
0.000000 -0.054695
0.000000 -0.046386
0.000000 -0.038784
0.000000 -0.031998
0.000000 -0.026069
0.000000 -0.020987
0.000000 -0.016706
0.000000 -0.013156
0.000000 -0.010255
0.000000 -0.007916
0.000000 -0.006054
0.000000 -0.004589
0.000000 -0.003450
0.000000 -0.002531
0.000000 -0.001832
0.000000 -0.001306
0.000000 -0.000913
0.000000 -0.000622
0.000000 -0.000409
0.000000 -0.000253
0.000000 -0.000139
0.000000 -0.000058
0.000000 0.000000
0.000000 0.000000
0.000000 0.000000
0.000000 0.000000
0.000000 0.000000
0.000000 0.000000
0.000000 0.000000
0.000000 0.000000
0.000000 0.000000
0.000000 0.000000
0.000000 0.000000
0.000000 0.000000
0.000000 0.000000
0.000000 0.000000
0.000000 0.000000
0.000000 0.000000
0.000000 0.000000
0.000000 0.000000
0.000000 0.000000
0.000000 0.000000
0.000000 0.000000
0.000000 0.000000
0.000000 0.000000
0.000000 0.000000
0.000000 0.000000
0.000000 0.000000
0.000000 0.000000
0.000000 0.000000
0.000000 0.000000
0.000000 0.000000
0.000000 0.000000
0.000000 0.000000
0.000000 0.000000
0.000000 0.000000
0.000000 0.000000
0.000000 0.000000
0.000000 0.000000
0.000000 0.000000
0.000000 0.000000
0.000000 0.000000
0.000000 0.000000
0.000000 0.000000
0.000000 0.000000
0.000000 0.000000
0.000000 0.000000
0.000000 0.000000
0.000000 0.000000
0.000000 0.000000
0.000000 0.000000
0.000000 0.000000
0.000000 0.000000
0.000000 0.000000
0.000000 0.000000
0.000000 0.000000
0.000000 0.000000
0.000000 0.000000
0.000000 0.000000
0.000000 0.000000
0.000000 0.000000
0.000000 0.000000
0.000000 0.000000
0.000000 0.000000
0.000000 0.000000
0.000000 0.000000
0.000000 0.000000
0.000000 0.000000
0.000000 0.000000
0.000000 0.000000
