0.000000 0.000000
0.000000 0.000000
0.000000 0.000000
0.000000 0.000000
0.000000 0.000000
0.000000 0.000000
0.000000 0.000000
0.000000 0.000000
0.000000 0.000000
0.000000 0.000000
0.000000 0.000000
0.000000 0.000000
0.000000 0.000000
0.000000 0.000000
0.000000 0.000000
0.000000 0.000000
0.000000 0.000000
0.000000 0.000378
0.000000 0.006719
0.000000 0.031986
0.000000 0.087849
0.000000 0.177292
0.000000 0.294062
0.000000 0.426474
0.000000 0.561522
0.000000 0.683161
0.000000 0.771467
0.000000 0.811278
0.000000 0.798855
0.000000 0.741500
0.000000 0.652904
0.000000 0.548055
0.000000 0.439746
0.000000 0.337061
0.000000 0.245331
0.000000 0.166879
0.000000 0.101987
0.000000 0.049773
0.000000 0.008832
0.000000 -0.022369
0.000000 -0.045284
0.000000 -0.061222
0.000000 -0.071338
0.000000 -0.076660
0.000000 -0.077740
0.000000 -0.069833
0.000000 -0.040743
0.000000 0.020520
0.000000 0.116349
0.000000 0.239615
0.000000 0.372644
0.000000 0.489544
0.000000 0.567967
0.000000 0.597826
0.000000 0.581811
0.000000 0.530830
0.000000 0.458574
0.000000 0.377552
0.000000 0.297145
0.000000 0.223245
0.000000 0.158795
0.000000 0.104656
0.000000 0.060451
0.000000 0.025203
0.000000 -0.002250
0.000000 -0.023033
0.000000 -0.038113
0.000000 -0.048420
0.000378 -0.054722
0.006719 -0.057715
0.031986 -0.058037
0.087849 -0.056283
0.176914 -0.052996
0.287343 -0.048707
0.394488 -0.043788
0.474051 -0.038596
0.512588 -0.033414
0.509391 -0.028455
0.472652 -0.023865
0.414248 -0.019732
0.345682 -0.016099
0.275925 -0.012971
0.210829 -0.010328
0.153479 -0.008133
0.104951 -0.006336
0.065079 -0.004888
0.033072 -0.003734
0.007922 -0.002449
-0.011363 0.004597
-0.025671 0.030406
-0.035769 0.086682
-0.042320 0.176059
-0.045915 0.286720
-0.047097 0.394080
-0.046369 0.473799
-0.044196 0.512449
-0.041002 0.509332
-0.037160 0.472652
-0.032988 0.414248
-0.028740 0.345682
-0.024614 0.275925
-0.020750 0.210829
-0.017238 0.153479
-0.014124 0.104951
-0.011425 0.065079
-0.009131 0.033072
-0.006836 0.007922
0.001081 -0.011363
0.027625 -0.025671
0.084507 -0.035769
0.174756 -0.042320
0.292154 -0.045915
0.424673 -0.047097
0.554127 -0.046369
0.657121 -0.044196
0.715040 -0.041002
0.721426 -0.037160
0.681833 -0.032988
0.608949 -0.028740
0.517420 -0.024614
0.420074 -0.020750
0.326174 -0.017238
0.241387 -0.014124
0.168310 -0.011425
0.107464 -0.009131
0.058171 -0.007214
0.019196 -0.005638
-0.010840 -0.004362
-0.033256 -0.003341
-0.049228 -0.002536
-0.059791 -0.001530
-0.065860 0.005296
-0.068262 0.030932
-0.067753 0.087075
-0.065024 0.176350
-0.060701 0.286934
-0.055335 0.394236
-0.049396 0.473912
-0.043270 0.512530
-0.037255 0.509391
-0.031570 0.472652
-0.026360 0.414248
-0.021707 0.345682
-0.017645 0.275925
-0.014169 0.210829
-0.011247 0.153479
-0.008831 0.104951
-0.006862 0.065079
-0.005280 0.033072
-0.004025 0.008300
-0.003041 -0.004643
-0.002278 0.006315
-0.001693 0.052080
-0.001248 0.134595
-0.000913 0.241427
-0.000622 0.347391
-0.000409 0.427682
-0.000253 0.468392
-0.000139 0.468388
-0.000058 0.435492
0.000000 0.381260
0.000000 0.316941
0.000000 0.251311
0.000000 0.190078
0.000000 0.136241
0.000000 0.090827
0.000000 0.053654
0.000000 0.023941
0.000000 0.000709
0.000000 -0.016623
0.000000 -0.023313
0.000000 -0.007124
0.000000 0.042993
0.000000 0.129469
0.000000 0.245541
0.000000 0.379051
0.000000 0.516552
0.000000 0.641595
0.000000 0.733898
0.000000 0.778038
0.000000 0.769976
0.000000 0.716827
0.000000 0.632154
0.000000 0.530817
0.000000 0.425622
0.000000 0.325636
0.000000 0.236201
0.000000 0.159665
0.000000 0.096349
0.000000 0.045411
0.000000 0.005490
0.000378 -0.024905
0.006719 -0.047192
0.031986 -0.062646
0.087849 -0.072391
0.177292 -0.077434
0.294062 -0.078682
0.426474 -0.076961
0.561900 -0.072982
0.689881 -0.067468
0.803453 -0.061001
0.898749 -0.054070
0.969428 -0.047111
1.003576 -0.040370
0.991530 -0.034065
0.932663 -0.028335
0.835564 -0.023253
0.714039 -0.018843
0.582558 -0.015088
0.453146 -0.011946
0.334096 -0.009357
0.230025 -0.007255
0.142639 -0.005571
0.071696 -0.004239
0.015851 -0.003197
-0.026719 -0.002391
-0.057560 -0.001774
-0.072906 -0.001306
-0.061438 -0.000913
-0.012945 -0.000622
0.074272 -0.000409
0.192812 -0.000253
0.329981 -0.000139
0.472261 -0.000058
0.608429 0.000000
0.730880 0.000000
0.835228 0.000000
0.914733 0.000000
0.957191 0.000000
0.952746 0.000000
0.900665 0.000000
0.809496 0.000000
0.693053 0.000000
0.565852 0.000000
0.439990 0.000000
0.323841 0.000000
0.222109 0.000000
0.136585 0.000000
0.067106 0.000000
0.012402 0.000000
-0.029250 0.000000
-0.059770 0.000000
-0.080554 0.000000
-0.087618 0.000000
-0.069429 0.000000
-0.015581 0.000000
0.075790 0.000000
0.197429 0.000000
0.336777 0.000000
0.480449 0.000000
0.617308 0.000000
0.739555 0.000000
0.837712 0.000000
0.897776 0.000000
0.908930 0.000000
0.870088 0.000000
0.789824 0.000000
0.682166 0.000000
0.561908 0.000000
0.441421 0.000000
0.329319 0.000000
0.230507 0.000000
0.146949 0.000000
0.078635 0.000000
0.024430 0.000000
-0.017256 0.000000
-0.048223 0.000000
-0.070131 0.000000
-0.084482 0.000000
-0.092616 0.000000
-0.095724 0.000378
-0.094875 0.006719
-0.091025 0.031986
-0.085023 0.087849
-0.077610 0.177292
-0.069458 0.294062
-0.061026 0.426096
-0.052720 0.555180
-0.044839 0.657895
-0.037586 0.715604
-0.031079 0.721834
-0.025370 0.682085
-0.020461 0.609088
-0.016313 0.517478
-0.012865 0.420074
-0.010041 0.326174
-0.007760 0.241387
-0.005941 0.168310
-0.004508 0.107464
-0.003391 0.058171
-0.002531 0.019196
-0.001832 -0.010840
-0.000928 -0.033256
0.005806 -0.049228
0.031364 -0.059791
0.087440 -0.065860
0.177040 -0.068262
0.293545 -0.067753
0.419697 -0.065024
0.529914 -0.060701
0.602032 -0.055335
0.626161 -0.049396
0.605064 -0.043270
0.549673 -0.037255
0.473662 -0.031570
0.389498 -0.026360
0.306502 -0.021707
0.230500 -0.017645
0.164366 -0.014169
0.108895 -0.011247
0.063648 -0.008831
0.027594 -0.006862
-0.000098 -0.005280
-0.015008 -0.004025
-0.005214 -0.003041
0.040051 -0.002278
0.122979 -0.001693
0.236600 -0.001248
0.368576 -0.000913
0.505675 -0.000622
0.636507 -0.000409
0.748026 -0.000253
0.823352 -0.000139
0.849703 -0.000058
0.824856 0.000000
0.756861 0.000000
0.659616 0.000000
0.547994 0.000000
0.434534 0.000000
0.328033 0.000000
0.233572 0.000000
0.153269 0.000000
0.087252 0.000000
0.034521 0.000000
-0.006431 0.000000
-0.037224 0.000378
-0.059400 0.006719
-0.074348 0.031986
-0.083305 0.087849
-0.087371 0.176914
-0.087540 0.287343
-0.084666 0.394488
-0.079609 0.474051
-0.073076 0.512588
-0.065675 0.509391
-0.057911 0.472652
-0.050225 0.414248
-0.042865 0.345682
-0.036040 0.275925
-0.029881 0.210829
-0.024451 0.153479
-0.019762 0.104951
-0.015787 0.065079
-0.012472 0.033072
-0.009372 0.007922
-0.000827 -0.011363
0.026201 -0.025671
0.083453 -0.035769
0.173982 -0.042320
0.291590 -0.045915
0.424642 -0.047097
0.560594 -0.046369
0.688589 -0.044196
0.796111 -0.041002
0.866732 -0.037160
0.888047 -0.032988
0.858131 -0.028740
0.785258 -0.024614
0.683481 -0.020750
0.567727 -0.017238
0.450633 -0.014124
0.341005 -0.011425
0.243900 -0.009131
0.161401 -0.007214
0.093589 -0.005638
0.039408 -0.004362
-0.002697 -0.003341
-0.034397 -0.002536
-0.057278 -0.001908
-0.072769 -0.001046
-0.082138 0.005666
-0.086516 0.031212
-0.086918 0.087284
-0.084258 0.176884
-0.079357 0.293810
-0.072936 0.426335
-0.065617 0.561842
-0.057911 0.689881
-0.050225 0.803075
-0.042865 0.892407
-0.036040 0.944162
-0.029881 0.947714
-0.024451 0.902086
-0.019762 0.815893
-0.015787 0.703152
-0.012472 0.578614
-0.009750 0.454577
-0.007546 0.339574
-0.005785 0.238423
-0.004395 0.153003
-0.003310 0.083224
-0.002472 0.027880
-0.001832 -0.014725
-0.001306 -0.046013
-0.000913 -0.062105
-0.000622 -0.051583
-0.000409 -0.004145
-0.000253 0.081599
-0.000139 0.192720
-0.000058 0.303603
0.000000 0.389087
0.000000 0.434978
0.000000 0.439933
0.000000 0.411627
0.000000 0.361528
0.000000 0.300842
0.000000 0.238339
0.000000 0.179750
0.000000 0.128109
0.000000 0.084491
0.000000 0.048767
0.000000 0.020207
0.000378 -0.002119
0.006719 -0.019123
0.031986 -0.031612
0.087849 -0.040277
0.177292 -0.045711
0.293684 -0.048446
0.419755 -0.048930
0.529914 -0.047675
0.602032 -0.045110
0.626161 -0.041625
0.605064 -0.037569
0.549673 -0.033240
0.473662 -0.028880
0.389498 -0.024673
0.306502 -0.020750
0.230500 -0.017238
0.164366 -0.014124
0.108895 -0.011425
0.063648 -0.009131
0.027594 -0.007214
-0.000476 -0.005260
-0.021727 0.002358
-0.037200 0.028645
-0.047797 0.085312
-0.054313 0.175384
-0.057462 0.292639
-0.057898 0.425043
-0.056225 0.554407
-0.052996 0.657330
-0.048707 0.715196
-0.043788 0.721582
-0.038596 0.681946
-0.033414 0.609030
-0.028455 0.517478
-0.023865 0.420074
-0.019732 0.326174
-0.016099 0.241387
-0.012971 0.168310
-0.010328 0.107464
-0.008133 0.058171
-0.006336 0.019196
-0.004510 -0.010840
0.002985 -0.033256
0.029159 -0.049228
0.085726 -0.059791
0.175712 -0.065860
0.292895 -0.068262
0.425619 -0.067753
0.561278 -0.065024
0.689472 -0.060701
0.802823 -0.055335
0.892267 -0.049396
0.944103 -0.043270
0.947714 -0.037255
0.902086 -0.031570
0.815893 -0.026360
0.703152 -0.021707
0.578614 -0.017645
0.454577 -0.014169
0.339574 -0.011247
0.238423 -0.008831
0.153003 -0.006862
0.083224 -0.005280
0.027880 -0.004025
-0.014725 -0.003041
-0.046391 -0.002278
-0.068825 -0.001693
-0.083569 -0.001248
-0.091993 -0.000913
-0.094938 -0.000622
-0.087903 -0.000409
-0.058899 -0.000253
0.002884 -0.000139
0.099304 -0.000058
0.217885 0.000000
0.333463 0.000000
0.421331 0.000000
0.467749 0.000000
0.471805 0.000000
0.441573 0.000000
0.388877 0.000000
0.325221 0.000000
0.259613 0.000000
0.197964 0.000000
0.143438 0.000000
0.097191 0.000000
0.059138 0.000000
0.028564 0.000000
0.004909 0.000000
-0.007174 0.000000
0.004483 0.000000
0.050774 0.000000
0.134059 0.000000
0.247524 0.000000
0.378968 0.000000
0.515278 0.000000
0.645545 0.000000
0.762392 0.000000
0.861588 0.000000
0.936440 0.000000
0.974836 0.000000
0.966915 0.000000
0.911912 0.000000
0.818327 0.000000
0.699915 0.000000
0.571132 0.000000
0.444015 0.000000
0.326883 0.000000
0.224387 0.000000
0.138277 0.000000
0.068354 0.000000
0.013315 0.000000
-0.028627 0.000000
-0.059361 0.000000
-0.080679 0.000000
-0.094198 0.000000
-0.101357 0.000000
-0.103051 0.000000
-0.094783 0.000000
-0.064647 0.000000
-0.001848 0.000000
0.095841 0.000000
0.221490 0.000000
0.362954 0.000000
0.507205 0.000000
0.643495 0.000000
0.764669 0.000000
0.866751 0.000000
0.943359 0.000000
0.982589 0.000000
0.974824 0.000000
0.919507 0.000000
0.825310 0.000000
0.706123 0.000000
0.576503 0.000000
0.448557 0.000000
0.330647 0.000000
0.227494 0.000000
0.140807 0.000000
0.070389 0.000000
0.014938 0.000000
-0.027342 0.000000
-0.057969 0.000000
-0.073158 0.000000
-0.061578 0.000000
-0.013003 0.000000
0.073894 0.000000
0.186093 0.000000
0.297995 0.000000
0.384413 0.000000
0.431137 0.000000
0.436818 0.000000
0.409132 0.000000
0.359553 0.000000
0.299296 0.000000
0.237142 0.000000
0.178831 0.000000
0.127410 0.000000
0.083965 0.000000
0.048374 0.000000
0.019916 0.000000
-0.001955 0.000000
-0.012559 0.000000
0.000261 0.000000
0.047490 0.000000
0.131523 0.000000
0.245616 0.000000
0.377544 0.000000
0.514225 0.000000
0.644771 0.000000
0.761450 0.000000
0.854838 0.000000
0.910921 0.000000
0.918834 0.000000
0.877413 0.000000
0.795142 0.000000
0.685915 0.000000
0.564489 0.000000
0.443152 0.000000
0.330443 0.000000
0.231209 0.000000
0.147365 0.000000
0.078863 0.000000
0.024538 0.000000
-0.017262 0.000000
-0.047921 0.000000
-0.063529 0.000000
-0.052637 0.000000
-0.004919 0.000000
0.081412 0.000000
0.199031 0.000000
0.335336 0.000000
0.476796 0.000000
0.612212 0.000000
0.733617 0.000000
0.831381 0.000000
0.891442 0.000000
0.902874 0.000000
0.864500 0.000000
0.784814 0.000000
0.677782 0.000000
0.558153 0.000000
0.438264 0.000000
0.326709 0.000000
0.228382 0.000000
0.145243 0.000000
0.077283 0.000000
0.023372 0.000000
-0.018117 0.000000
-0.048922 0.000378
-0.070657 0.006719
-0.084875 0.031986
-0.092907 0.087849
-0.095938 0.177292
-0.095031 0.294062
-0.091138 0.426474
-0.085104 0.561900
-0.077669 0.689503
-0.069458 0.796733
-0.061026 0.867140
-0.052720 0.888299
-0.044839 0.858270
-0.037586 0.785316
-0.031079 0.683481
-0.025370 0.567727
-0.020461 0.450633
-0.016313 0.341005
-0.012865 0.243900
-0.010041 0.161401
-0.007760 0.093589
-0.005941 0.039408
-0.004508 -0.002697
-0.003391 -0.034019
-0.002531 -0.050558
-0.001832 -0.040783
-0.001306 0.005711
-0.000913 0.090776
-0.000622 0.207145
-0.000409 0.342216
-0.000253 0.482165
-0.000139 0.610225
-0.000058 0.705850
0.000000 0.753367
0.000000 0.748630
0.000000 0.698635
0.000000 0.616864
0.000000 0.518174
0.000000 0.415295
0.000000 0.317299
0.000000 0.229545
0.000000 0.154407
0.000000 0.092237
0.000000 0.042227
0.000000 0.003046
0.000378 -0.026764
0.006719 -0.048594
0.031986 -0.063694
0.087849 -0.073170
0.176914 -0.077967
0.287343 -0.079031
0.394488 -0.077175
0.474051 -0.073138
0.512588 -0.067581
0.509391 -0.061082
0.472652 -0.054128
0.414248 -0.047111
0.345682 -0.040370
0.275925 -0.034065
0.210829 -0.028335
0.153479 -0.023253
0.104951 -0.018843
0.065079 -0.015088
0.033072 -0.011946
0.008300 -0.009357
-0.004643 -0.007255
0.006315 -0.005571
0.052080 -0.004239
0.134973 -0.003197
0.248147 -0.002391
0.379377 -0.001774
0.515531 -0.001306
0.645684 -0.000913
0.762450 -0.000622
0.861588 -0.000409
0.936440 -0.000253
0.974836 -0.000139
0.966915 -0.000058
0.911912 0.000000
0.818327 0.000000
0.699915 0.000000
0.571132 0.000000
0.444015 0.000000
0.326883 0.000000
0.224387 0.000000
0.138277 0.000000
0.068354 0.000000
0.013315 0.000000
-0.028627 0.000000
-0.059361 0.000378
-0.080679 0.006719
-0.094198 0.031986
-0.101357 0.087849
-0.103429 0.177292
-0.101503 0.294062
-0.096633 0.426474
-0.089697 0.561900
-0.081451 0.689881
-0.072572 0.803453
-0.063520 0.898749
-0.054695 0.969428
-0.046386 1.003576
-0.038784 0.991530
-0.031998 0.932663
-0.026069 0.835564
-0.020987 0.714039
-0.016706 0.582558
-0.013156 0.453146
-0.010255 0.334096
-0.007916 0.230025
-0.006054 0.142639
-0.004589 0.071696
-0.003450 0.015851
-0.002531 -0.026719
-0.001832 -0.057938
-0.001306 -0.079625
-0.000913 -0.093424
-0.000622 -0.100793
-0.000409 -0.102643
-0.000253 -0.094531
-0.000139 -0.064507
-0.000058 -0.001790
0.000000 0.095841
0.000000 0.221490
0.000000 0.362954
0.000000 0.507205
0.000000 0.643495
0.000000 0.764291
0.000000 0.860409
0.000000 0.918093
0.000000 0.926727
0.000000 0.885380
0.000000 0.802737
0.000000 0.692898
0.000000 0.570698
0.000000 0.448523
0.000000 0.334984
0.000000 0.234973
0.000000 0.150473
0.000000 0.081392
0.000000 0.026573
0.000000 -0.015639
0.000000 -0.046636
0.000000 -0.062514
0.000000 -0.051835
0.000000 -0.004284
0.000000 0.081918
0.000000 0.199440
0.000000 0.335589
0.000000 0.476935
0.000000 0.612270
0.000000 0.733995
0.000000 0.837723
0.000000 0.916708
0.000000 0.958737
0.000000 0.953944
0.000000 0.901584
0.000000 0.810194
0.000000 0.693579
0.000000 0.566245
0.000000 0.440281
0.000000 0.324055
0.000000 0.222265
0.000000 0.136698
0.000000 0.067187
0.000000 0.012460
0.000000 -0.029250
0.000000 -0.059392
0.000000 -0.074212
0.000000 -0.062352
0.000000 -0.013567
0.000000 0.073863
0.000000 0.192560
0.000000 0.329841
0.000000 0.471825
0.000000 0.601710
0.000000 0.698894
0.000000 0.747757
0.000000 0.744161
0.000000 0.695114
0.000000 0.614120
0.000000 0.516057
0.000000 0.413677
0.000000 0.316074
0.000000 0.228626
0.000000 0.153723
0.000000 0.091732
0.000000 0.041857
0.000000 0.002777
0.000000 -0.026581
0.000000 -0.042014
0.000000 -0.031766
0.000000 0.014679
0.000000 0.099326
0.000000 0.215031
0.000000 0.348921
0.000000 0.482043
0.000000 0.590314
0.000000 0.654522
0.000000 0.667706
0.000000 0.634975
0.000000 0.568718
0.000000 0.483413
0.000000 0.391740
0.000000 0.302920
0.000000 0.222544
0.000000 0.153222
0.000000 0.095518
0.000000 0.048814
0.000000 0.011941
0.000000 -0.016412
0.000000 -0.037495
0.000000 -0.052425
0.000000 -0.062182
0.000000 -0.067634
0.000000 -0.069569
0.000000 -0.068667
0.000000 -0.065647
0.000000 -0.061110
0.000000 -0.055587
0.000000 -0.049535
0.000000 -0.043328
0.000000 -0.037255
0.000000 -0.031570
0.000000 -0.026360
0.000000 -0.021707
0.000000 -0.017645
0.000000 -0.014169
0.000000 -0.011247
0.000000 -0.008831
0.000000 -0.006862
0.000000 -0.005280
0.000000 -0.004025
0.000000 -0.003041
0.000000 -0.002278
0.000000 -0.001693
0.000000 -0.001248
0.000000 -0.000913
0.000000 -0.000622
0.000000 -0.000409
0.000000 -0.000253
0.000000 -0.000139
0.000000 -0.000058
0.000000 0.000000
0.000000 0.000000
0.000000 0.000000
0.000000 0.000000
0.000000 0.000000
0.000000 0.000000
0.000000 0.000000
0.000000 0.000000
0.000000 0.000000
0.000000 0.000000
0.000000 0.000000
0.000000 0.000000
0.000000 0.000000
0.000000 0.000000
0.000000 0.000000
0.000000 0.000000
0.000000 0.000000
0.000000 0.000000
0.000000 0.000000
0.000000 0.000000
0.000000 0.000000
0.000000 0.000000
0.000000 0.000000
0.000000 0.000000
0.000000 0.000000
0.000000 0.000000
