0.000000 0.000000
0.000000 0.000000
0.000000 0.000000
0.000000 0.000000
0.000000 0.000000
0.000000 0.000000
0.000000 0.000000
0.000000 0.000000
0.000000 0.000000
0.000000 0.000000
0.000000 0.000000
0.000000 0.000000
0.000000 0.000000
0.000000 0.000000
0.000000 0.000000
0.000000 0.000378
0.000000 0.006719
0.000000 0.031986
0.000000 0.087849
0.000000 0.177292
0.000000 0.294062
0.000000 0.426474
0.000000 0.561900
0.000000 0.689881
0.000000 0.803453
0.000000 0.898749
0.000000 0.969428
0.000000 1.003576
0.000000 0.991530
0.000000 0.932663
0.000000 0.835564
0.000000 0.714039
0.000000 0.582558
0.000000 0.453146
0.000000 0.334096
0.000000 0.230025
0.000000 0.142639
0.000000 0.071696
0.000000 0.015851
0.000000 -0.026719
0.000000 -0.057560
0.000000 -0.072906
0.000000 -0.061438
0.000000 -0.012945
0.000000 0.074272
0.000000 0.192812
0.000000 0.329981
0.000000 0.472261
0.000000 0.608052
0.000000 0.724161
0.000000 0.803620
0.000000 0.833604
0.000000 0.811884
0.000000 0.746532
0.000000 0.651483
0.000000 0.541658
0.000000 0.429646
0.000000 0.324299
0.000000 0.230745
0.000000 0.151147
0.000000 0.085673
0.000000 0.033354
0.000000 -0.007286
0.000000 -0.037469
0.000000 -0.053089
0.000000 -0.042615
0.000000 0.004404
0.000000 0.089863
0.000000 0.206522
0.000000 0.341430
0.000000 0.475571
0.000000 0.584819
0.000000 0.649929
0.000000 0.663923
0.000000 0.631860
0.000000 0.566224
0.000000 0.481438
0.000000 0.390193
0.000000 0.301722
0.000000 0.221625
0.000000 0.152523
0.000000 0.094992
0.000000 0.048421
0.000000 0.011650
0.000000 -0.016248
0.000000 -0.030931
0.000000 -0.020552
0.000000 0.025585
0.000000 0.109600
0.000000 0.224494
0.000000 0.357808
0.000000 0.495875
0.000000 0.622052
0.000000 0.715879
0.000000 0.761742
0.000000 0.755528
0.000000 0.704245
0.000000 0.621334
0.000000 0.521695
0.000000 0.418039
0.000000 0.319415
0.000000 0.231162
0.000000 0.155631
0.000000 0.093156
0.000000 0.042910
0.000000 0.003551
0.000000 -0.026394
0.000000 -0.048325
0.000000 -0.063500
0.000378 -0.073030
0.006719 -0.077909
0.031986 -0.079031
0.087849 -0.077175
0.176914 -0.073138
0.287343 -0.067581
0.394488 -0.061082
0.474051 -0.054128
0.512588 -0.047111
0.509391 -0.040370
0.472652 -0.034065
0.414248 -0.028335
0.345682 -0.023253
0.275925 -0.018843
0.210829 -0.015088
0.153479 -0.011946
0.104951 -0.009357
0.065079 -0.007255
0.033072 -0.005571
0.007922 -0.003861
-0.011363 0.003522
-0.025671 0.029595
-0.035769 0.086074
-0.042320 0.175986
-0.045915 0.293149
-0.047097 0.425852
-0.046369 0.561491
-0.044196 0.689628
-0.041002 0.803313
-0.037160 0.898690
-0.032988 0.969428
-0.028740 1.003576
-0.024614 0.991530
-0.020750 0.932663
-0.017238 0.835564
-0.014124 0.714039
-0.011425 0.582558
-0.009131 0.453146
-0.007214 0.334096
-0.005638 0.230025
-0.004362 0.142639
-0.003341 0.071696
-0.002536 0.015851
-0.001908 -0.026719
-0.001424 -0.057560
-0.001054 -0.072906
-0.000774 -0.061438
-0.000564 -0.012945
-0.000409 0.074272
-0.000253 0.192812
-0.000139 0.329603
-0.000058 0.465542
0.000000 0.576443
0.000000 0.643032
0.000000 0.658314
0.000000 0.627390
0.000000 0.562702
0.000000 0.478694
0.000000 0.388076
0.000000 0.300105
0.000000 0.220401
0.000000 0.151604
0.000000 0.094309
0.000000 0.047916
0.000000 0.011280
0.000378 -0.016895
0.006719 -0.037845
0.031986 -0.052678
0.087849 -0.062321
0.177292 -0.067692
0.294062 -0.069569
0.426474 -0.068667
0.561900 -0.065647
0.689881 -0.061110
0.803453 -0.055587
0.898749 -0.049535
0.969428 -0.043328
1.003576 -0.037255
0.991530 -0.031570
0.932663 -0.026360
0.835564 -0.021707
0.714039 -0.017645
0.582558 -0.014169
0.453146 -0.011247
0.334096 -0.008831
0.230025 -0.006862
0.142639 -0.005280
0.071696 -0.004025
0.015851 -0.003041
-0.026719 -0.002278
-0.057938 -0.001693
-0.079625 -0.001248
-0.093047 -0.000913
-0.094074 -0.000622
-0.071035 -0.000409
-0.013402 -0.000253
0.080799 -0.000139
0.204423 -0.000058
0.344645 0.000000
0.482608 0.000000
0.594374 0.000000
0.660909 0.000000
0.675449 0.000000
0.643302 0.000000
0.577090 0.000000
0.491409 0.000000
0.399087 0.000000
0.309468 0.000000
0.228232 0.000000
0.158055 0.000000
0.099548 0.000000
0.052117 0.000000
0.014607 0.000000
-0.014290 0.000000
-0.035786 0.000000
-0.051060 0.000378
-0.061097 0.006719
-0.066774 0.031986
-0.068885 0.087849
-0.068162 0.177292
-0.065277 0.294062
-0.060840 0.426096
-0.055393 0.555180
-0.049396 0.657895
-0.043270 0.715604
-0.037255 0.721834
-0.031570 0.682085
-0.026360 0.609088
-0.021707 0.517478
-0.017645 0.420074
-0.014169 0.326174
-0.011247 0.241387
-0.008831 0.168310
-0.006862 0.107464
-0.005280 0.058171
-0.004025 0.019196
-0.003041 -0.010463
-0.002278 -0.026536
-0.001693 -0.017242
-0.001248 0.028058
-0.000913 0.111432
-0.000622 0.225800
-0.000409 0.358721
-0.000253 0.496876
-0.000139 0.628802
-0.000058 0.741399
0.000000 0.817744
0.000000 0.845029
0.000000 0.821015
0.000000 0.753746
0.000000 0.657121
0.000000 0.546019
0.000000 0.432988
0.000000 0.326835
0.000000 0.232653
0.000000 0.152570
0.000000 0.086726
0.000000 0.034128
0.000000 -0.006722
0.000000 -0.037438
0.000378 -0.059556
0.006719 -0.074461
0.031986 -0.083386
0.087849 -0.087429
0.177292 -0.087540
0.294062 -0.084666
0.426474 -0.079609
0.561900 -0.073076
0.689503 -0.065675
0.796733 -0.057911
0.867140 -0.050225
0.888299 -0.042865
0.858270 -0.036040
0.785316 -0.029881
0.683481 -0.024451
0.567727 -0.019762
0.450633 -0.015787
0.341005 -0.012472
0.243900 -0.009750
0.161401 -0.007546
0.093589 -0.005785
0.039408 -0.004395
-0.002697 -0.003310
-0.034397 -0.002472
-0.057278 -0.001832
-0.072769 -0.001306
-0.082138 -0.000536
-0.086516 0.006097
-0.086918 0.031578
-0.084258 0.087596
-0.079357 0.177153
-0.072936 0.294004
-0.065617 0.426096
-0.057911 0.555180
-0.050225 0.657895
-0.042865 0.715604
-0.036040 0.721834
-0.029881 0.682085
-0.024451 0.609088
-0.019762 0.517478
-0.015787 0.420074
-0.012472 0.326174
-0.009750 0.241387
-0.007546 0.168310
-0.005785 0.107464
-0.004395 0.058171
-0.003310 0.019196
-0.002472 -0.010840
-0.001832 -0.033256
-0.001306 -0.049228
-0.000913 -0.059791
-0.000622 -0.065482
-0.000409 -0.061543
-0.000253 -0.035767
-0.000139 0.022824
-0.000058 0.116213
0.000000 0.232008
0.000000 0.345092
0.000000 0.430782
0.000000 0.475333
0.000000 0.477820
0.000000 0.446292
0.000000 0.392540
0.000000 0.328036
0.000000 0.261756
0.000000 0.199581
0.000000 0.144648
0.000000 0.098089
0.000000 0.059799
0.000000 0.029047
0.000378 0.004881
0.006719 -0.013641
0.031986 -0.027364
0.087849 -0.037017
0.177292 -0.043233
0.294062 -0.046538
0.426474 -0.047506
0.561522 -0.046622
0.683161 -0.044336
0.771467 -0.041060
0.811278 -0.037160
0.798855 -0.032988
0.741500 -0.028740
0.652904 -0.024614
0.548055 -0.020750
0.439746 -0.017238
0.337061 -0.014124
0.245331 -0.011425
0.166879 -0.009131
0.101987 -0.007214
0.049773 -0.005638
0.008832 -0.004362
-0.022369 -0.002964
-0.045284 0.004183
-0.061222 0.030078
-0.071338 0.086425
-0.076660 0.176238
-0.078118 0.293288
-0.076553 0.425910
-0.072729 0.561491
-0.067328 0.689628
-0.060943 0.802936
-0.054070 0.892349
-0.047111 0.944162
-0.040370 0.947714
-0.034065 0.902086
-0.028335 0.815893
-0.023253 0.703152
-0.018843 0.578614
-0.015088 0.454577
-0.011946 0.339574
-0.009357 0.238423
-0.007255 0.153003
-0.005571 0.083224
-0.004239 0.027880
-0.003197 -0.014725
-0.002013 -0.046391
0.004945 -0.068825
0.030680 -0.083569
0.086935 -0.091993
0.176670 -0.095316
0.293654 -0.094623
0.425844 -0.090885
0.555041 -0.084965
0.657836 -0.077610
0.715604 -0.069458
0.721834 -0.061026
0.682085 -0.052720
0.609088 -0.044839
0.517478 -0.037586
0.420074 -0.031079
0.326174 -0.025370
0.241387 -0.020461
0.168310 -0.016313
0.107464 -0.012865
0.058171 -0.010041
0.019196 -0.007760
-0.010463 -0.005941
-0.026536 -0.004508
-0.017242 -0.003391
0.028058 -0.002531
0.111432 -0.001832
0.225800 -0.001306
0.358343 -0.000913
0.490156 -0.000622
0.597194 -0.000409
0.660270 -0.000253
0.672438 -0.000139
0.638816 -0.000058
0.571833 0.000000
0.485908 0.000000
0.393714 0.000000
0.304467 0.000000
0.223742 0.000000
0.154141 0.000000
0.096217 0.000000
0.049340 0.000000
0.012334 0.000000
-0.016121 0.000000
-0.037281 0.000000
-0.052269 0.000000
-0.062069 0.000378
-0.067553 0.006719
-0.069510 0.031986
-0.068667 0.087849
-0.065647 0.177292
-0.061110 0.294062
-0.055587 0.426474
-0.049535 0.561522
-0.043328 0.683161
-0.037255 0.771467
-0.031570 0.811278
-0.026360 0.798855
-0.021707 0.741500
-0.017645 0.652904
-0.014169 0.548055
-0.011247 0.439746
-0.008831 0.337061
-0.006862 0.245331
-0.005280 0.166879
-0.004025 0.101987
-0.003041 0.049773
-0.002278 0.008832
-0.001693 -0.021991
-0.001248 -0.038565
-0.000913 -0.029236
-0.000622 0.016511
-0.000409 0.100632
-0.000253 0.215944
-0.000139 0.349543
-0.000058 0.482451
0.000000 0.590566
0.000000 0.654662
0.000000 0.667764
0.000000 0.634975
0.000000 0.568718
0.000000 0.483413
0.000000 0.391740
0.000000 0.302920
0.000000 0.222544
0.000000 0.153222
0.000000 0.095518
0.000000 0.048814
0.000000 0.011941
0.000000 -0.016412
0.000000 -0.037495
0.000000 -0.052425
0.000000 -0.062182
0.000000 -0.067634
0.000378 -0.069569
0.006719 -0.068667
0.031986 -0.065647
0.087849 -0.061110
0.177292 -0.055587
0.293684 -0.049535
0.419755 -0.043328
0.529914 -0.037255
0.602032 -0.031570
0.626161 -0.026360
0.605064 -0.021707
0.549673 -0.017645
0.473662 -0.014169
0.389498 -0.011247
0.306502 -0.008831
0.230500 -0.006862
0.164366 -0.005280
0.108895 -0.004025
0.063648 -0.003041
0.027594 -0.002278
-0.000476 -0.001315
-0.021727 0.005471
-0.037200 0.031073
-0.047797 0.087226
-0.054313 0.176884
-0.057462 0.293810
-0.057898 0.426335
-0.056225 0.561842
-0.052996 0.689881
-0.048707 0.803453
-0.043788 0.898749
-0.038596 0.969428
-0.033414 1.003576
-0.028455 0.991530
-0.023865 0.932663
-0.019732 0.835564
-0.016099 0.714039
-0.012971 0.582558
-0.010328 0.453146
-0.008133 0.334096
-0.006336 0.230025
-0.004888 0.142639
-0.003734 0.071696
-0.002827 0.015851
-0.002122 -0.026719
-0.001202 -0.057938
0.005553 -0.079625
0.031131 -0.093424
0.087226 -0.100793
0.176884 -0.103021
0.293810 -0.101250
0.426335 -0.096493
0.561842 -0.089639
0.689503 -0.081451
0.796733 -0.072572
0.867140 -0.063520
0.888299 -0.054695
0.858270 -0.046386
0.785316 -0.038784
0.683481 -0.031998
0.567727 -0.026069
0.450633 -0.020987
0.341005 -0.016706
0.243900 -0.013156
0.161401 -0.010255
0.093589 -0.007916
0.039408 -0.006054
-0.002697 -0.004589
-0.034397 -0.003072
-0.057278 0.004189
-0.072769 0.030154
-0.082138 0.086542
-0.086516 0.176379
-0.086918 0.293062
-0.084258 0.419346
-0.079357 0.529661
-0.072936 0.601893
-0.065617 0.626102
-0.057911 0.605064
-0.050225 0.549673
-0.042865 0.473662
-0.036040 0.389498
-0.029881 0.306502
-0.024451 0.230500
-0.019762 0.164366
-0.015787 0.108895
-0.012472 0.063648
-0.009750 0.027594
-0.007546 -0.000476
-0.005785 -0.021727
-0.004395 -0.037200
-0.003310 -0.047797
-0.002472 -0.054313
-0.001454 -0.057462
0.005413 -0.057898
0.031073 -0.056225
0.087226 -0.052996
0.176884 -0.048707
0.293432 -0.043788
0.419615 -0.038596
0.529856 -0.033414
0.602032 -0.028455
0.626161 -0.023865
0.605064 -0.019732
0.549673 -0.016099
0.473662 -0.012971
0.389498 -0.010328
0.306502 -0.008133
0.230500 -0.006336
0.164366 -0.004888
0.108895 -0.003734
0.063648 -0.002827
0.027594 -0.002122
-0.000098 -0.001580
-0.015008 -0.001167
-0.005214 -0.000855
0.040051 -0.000622
0.122601 -0.000409
0.229881 -0.000253
0.336590 -0.000139
0.417827 -0.000058
0.459592 0.000000
0.460683 0.000000
0.428864 0.000000
0.375652 0.000000
0.312267 0.000000
0.247470 0.000000
0.186963 0.000000
0.133747 0.000000
0.088852 0.000000
0.052108 0.000000
0.022743 0.000000
0.000167 0.000000
-0.010980 0.000000
0.001427 0.000000
0.048346 0.000000
0.132145 0.000000
0.246025 0.000000
0.377797 0.000000
0.513986 0.000000
0.638110 0.000000
0.729842 0.000000
0.773709 0.000000
0.765615 0.000000
0.712620 0.000000
0.628231 0.000000
0.527305 0.000000
0.422508 0.000000
0.322937 0.000000
0.233906 0.000000
0.157748 0.000000
0.094773 0.000000
0.044135 0.000000
0.004470 0.000000
-0.025332 0.000000
-0.041101 0.000000
-0.031144 0.000000
0.015087 0.000000
0.099578 0.000000
0.215170 0.000000
0.349357 0.000000
0.488762 0.000000
0.622300 0.000000
0.742371 0.000000
0.844620 0.000000
0.922318 0.000000
0.963206 0.000000
0.957465 0.000000
0.904328 0.000000
0.812311 0.000000
0.695196 0.000000
0.567469 0.000000
0.441200 0.000000
0.324739 0.000000
0.222770 0.000000
0.137067 0.000000
0.067457 0.000000
0.012654 0.000000
-0.029110 0.000000
-0.059712 0.000378
-0.080931 0.006719
-0.094338 0.031986
-0.101416 0.087849
-0.103429 0.177292
-0.101503 0.294062
-0.096633 0.426474
-0.089697 0.561522
-0.081451 0.683161
-0.072572 0.771467
-0.063520 0.811278
-0.054695 0.798855
-0.046386 0.741500
-0.038784 0.652904
-0.031998 0.548055
-0.026069 0.439746
-0.020987 0.337061
-0.016706 0.245331
-0.013156 0.166879
-0.010255 0.101987
-0.007916 0.049773
-0.006054 0.008832
-0.004589 -0.022369
-0.003450 -0.044906
-0.002531 -0.054502
-0.001832 -0.039352
-0.001306 0.011188
-0.000913 0.099174
-0.000622 0.217132
-0.000409 0.347025
-0.000253 0.462585
-0.000139 0.541089
-0.000058 0.572091
0.000000 0.557954
0.000000 0.509304
0.000000 0.439597
0.000000 0.361163
0.000000 0.283249
0.000000 0.211657
0.000000 0.149278
0.000000 0.096949
0.000000 0.054291
0.000000 0.020339
0.000000 -0.006047
0.000000 -0.025966
0.000378 -0.040397
0.006719 -0.050188
0.031986 -0.056087
0.087849 -0.058768
0.176914 -0.058811
0.287343 -0.056847
0.394488 -0.053405
0.474051 -0.048960
0.512588 -0.043927
0.509391 -0.038654
0.472652 -0.033414
0.414248 -0.028455
0.345682 -0.023865
0.275925 -0.019732
0.210829 -0.016099
0.153479 -0.012971
0.104951 -0.010328
0.065079 -0.008133
0.033072 -0.006336
0.007922 -0.004510
-0.011363 0.002985
-0.025671 0.029159
-0.035769 0.085726
-0.042320 0.175712
-0.045915 0.292895
-0.047097 0.425241
-0.046369 0.554558
-0.044196 0.657486
-0.041002 0.715352
-0.037160 0.721695
-0.032988 0.682027
-0.028740 0.609088
-0.024614 0.517478
-0.020750 0.420074
-0.017238 0.326174
-0.014124 0.241387
-0.011425 0.168310
-0.009131 0.107464
-0.007214 0.058171
-0.005638 0.019196
-0.003984 -0.010840
0.003378 -0.033256
0.029450 -0.049228
0.085940 -0.059791
0.175868 -0.065860
0.293009 -0.068262
0.425700 -0.067753
0.561336 -0.065024
0.689472 -0.060701
0.803200 -0.055335
0.898609 -0.049396
0.969370 -0.043270
1.003576 -0.037255
0.991530 -0.031570
0.932663 -0.026360
0.835564 -0.021707
0.714039 -0.017645
0.582558 -0.014169
0.453146 -0.011247
0.334096 -0.008831
0.230025 -0.006862
0.142639 -0.005280
0.071696 -0.004025
0.015851 -0.003041
-0.026719 -0.002278
-0.057938 -0.001693
-0.079625 -0.001248
-0.093047 -0.000913
-0.094074 -0.000622
-0.071035 -0.000409
-0.013402 -0.000253
0.080421 -0.000139
0.197704 -0.000058
0.313037 0.000000
0.401479 0.000000
0.449068 0.000000
0.454696 0.000000
0.426267 0.000000
0.375464 0.000000
0.313684 0.000000
0.249857 0.000000
0.189842 0.000000
0.136773 0.000000
0.091796 0.000000
0.054825 0.000000
0.025156 0.000000
0.002246 0.000000
-0.009233 0.000000
0.002865 0.000000
0.049549 0.000000
0.133140 0.000000
0.246841 0.000000
0.378463 0.000000
0.514908 0.000000
0.645276 0.000000
0.762198 0.000000
0.861449 0.000000
0.936382 0.000000
0.974836 0.000000
0.966915 0.000000
0.911912 0.000000
0.818327 0.000000
0.699915 0.000000
0.571132 0.000000
0.444015 0.000000
0.326883 0.000000
0.224387 0.000000
0.138277 0.000000
0.068354 0.000000
0.013315 0.000000
-0.028627 0.000000
-0.058984 0.000000
-0.073959 0.000000
-0.062212 0.000000
-0.013509 0.000000
0.073863 0.000000
0.192560 0.000000
0.329464 0.000000
0.465484 0.000000
0.576443 0.000000
0.643032 0.000000
0.658314 0.000000
0.627390 0.000000
0.562702 0.000000
0.478694 0.000000
0.388076 0.000000
0.300105 0.000000
0.220401 0.000000
0.151604 0.000000
0.094309 0.000000
0.047916 0.000000
0.011280 0.000000
-0.016895 0.000000
-0.037845 0.000000
-0.052678 0.000000
-0.062321 0.000000
-0.067692 0.000000
-0.069569 0.000000
-0.068667 0.000000
-0.065647 0.000000
-0.061110 0.000000
-0.055587 0.000000
-0.049535 0.000000
-0.043328 0.000000
-0.037255 0.000000
-0.031570 0.000000
-0.026360 0.000000
-0.021707 0.000000
-0.017645 0.000000
-0.014169 0.000000
-0.011247 0.000000
-0.008831 0.000000
-0.006862 0.000000
-0.005280 0.000000
-0.004025 0.000000
-0.003041 0.000000
-0.002278 0.000000
-0.001693 0.000000
-0.001248 0.000000
-0.000913 0.000000
-0.000622 0.000000
-0.000409 0.000000
-0.000253 0.000000
-0.000139 0.000000
-0.000058 0.000000
0.000000 0.000000
0.000000 0.000000
0.000000 0.000000
0.000000 0.000000
0.000000 0.000000
0.000000 0.000000
0.000000 0.000000
0.000000 0.000000
0.000000 0.000000
0.000000 0.000000
0.000000 0.000000
0.000000 0.000000
0.000000 0.000000
0.000000 0.000000
0.000000 0.000000
0.000000 0.000000
0.000000 0.000000
0.000000 0.000000
0.000000 0.000000
0.000000 0.000000
0.000000 0.000000
0.000000 0.000000
0.000000 0.000000
0.000000 0.000000
0.000000 0.000000
0.000000 0.000000
0.000000 0.000000
0.000000 0.000000
0.000000 0.000000
0.000000 0.000000
0.000000 0.000000
0.000000 0.000000
0.000000 0.000000
