0.000000 0.000000
0.000000 0.000000
0.000000 0.000000
0.000000 0.000000
0.000000 0.000000
0.000000 0.000000
0.000000 0.000000
0.018566 0.000000
0.165070 0.000000
0.439405 0.000000
0.724358 0.000000
0.937974 0.000000
1.047532 0.000000
0.962426 0.000000
0.705800 0.000000
0.412714 0.000000
0.177664 0.000000
0.023497 0.000000
-0.062902 0.000000
-0.082956 0.000000
0.055873 0.000000
0.340628 0.000000
0.625893 0.000000
0.713614 0.000000
0.585759 0.000000
0.376594 0.000000
0.190950 0.000000
0.061472 0.000000
-0.017162 0.000000
-0.039796 0.000000
0.091258 0.000000
0.348308 0.000000
0.497379 0.000000
0.450835 0.000000
0.307750 0.000000
0.166950 0.000000
0.064998 0.000000
0.001215 0.000000
-0.034294 0.000000
-0.050037 0.018566
-0.052377 0.165070
-0.046489 0.439405
-0.036909 0.724358
-0.026824 0.919408
-0.018181 0.901028
-0.011557 0.688090
-0.006945 0.420847
-0.003971 0.199099
-0.002172 0.049540
-0.001141 -0.037901
-0.000578 -0.080612
0.018374 -0.093389
0.165070 -0.087761
0.420840 -0.072734
0.559289 -0.054899
0.498568 -0.038380
0.341739 -0.025126
0.189522 -0.015527
0.079108 -0.009116
0.009577 -0.005112
-0.029568 0.015816
-0.047478 0.163737
-0.051044 0.420261
-0.045910 0.559097
-0.036718 0.498568
-0.026824 0.341739
-0.018181 0.189522
-0.011557 0.079108
-0.006945 0.009577
0.014595 -0.029568
0.162898 -0.047478
0.438264 -0.051044
0.723780 -0.045910
0.937782 -0.036718
1.047532 -0.026824
0.962426 -0.018181
0.705800 -0.011557
0.412714 -0.006945
0.177664 -0.003971
0.023497 -0.002172
-0.062902 -0.001141
-0.101522 -0.000578
-0.109197 0.018374
-0.098777 0.165070
-0.079900 0.420840
-0.059290 0.559289
-0.040934 0.498568
-0.026543 0.341739
-0.016282 0.189522
-0.009503 0.079108
-0.005304 0.009577
-0.002750 -0.029568
-0.001333 -0.047478
-0.000578 -0.032478
-0.000192 0.119159
0.000000 0.402688
0.000000 0.678969
0.000000 0.754723
0.000000 0.615136
0.000000 0.396193
0.000000 0.203261
0.000000 0.068803
0.000000 -0.013000
0.018566 -0.056190
0.165070 -0.072671
0.420840 -0.071953
0.559289 -0.061718
0.498568 -0.047733
0.341739 -0.033989
0.189522 -0.022572
0.079108 -0.014110
0.009577 -0.008362
-0.011003 -0.004725
0.117591 -0.002559
0.388361 -0.001333
0.678448 -0.000578
0.882690 -0.000192
0.874204 0.000000
0.669909 0.000000
0.409291 0.000000
0.192154 0.000000
0.045569 0.000000
-0.040073 0.000000
-0.081753 0.018566
-0.093967 0.165070
-0.087953 0.420840
-0.072734 0.559289
-0.054899 0.498568
-0.038380 0.341739
-0.025126 0.189522
-0.015527 0.079108
-0.009116 0.009577
-0.005112 -0.011003
-0.002750 0.117591
-0.001333 0.388361
-0.000578 0.678448
-0.000192 0.901256
0.000000 1.020708
0.000000 0.944245
0.000000 0.694244
0.000000 0.405770
0.000000 0.173693
0.000000 0.021325
0.000000 -0.064043
0.000000 -0.083535
0.000000 0.055681
0.000000 0.340628
0.000000 0.644459
0.000000 0.860118
0.000000 0.860094
0.000000 0.661547
0.000000 0.404566
0.000000 0.189596
0.000000 0.044236
0.000000 -0.040651
0.000000 -0.063379
0.000000 0.071102
0.000000 0.332886
0.000000 0.486555
0.000000 0.443670
0.000000 0.303359
0.000000 0.164396
0.000000 0.063581
0.000000 0.000461
0.000000 -0.034680
0.000000 -0.031663
0.000000 0.112693
0.000000 0.392916
0.000000 0.668883
0.000000 0.746080
0.000000 0.608511
0.000000 0.391581
0.000000 0.200288
0.000000 0.067004
0.000000 -0.014030
0.018566 -0.056753
0.165070 -0.073058
0.439405 -0.072145
0.724358 -0.061718
0.937974 -0.047733
1.047532 -0.033989
0.962426 -0.022572
0.705800 -0.014110
0.412714 -0.008362
0.177664 -0.004725
0.023497 -0.002559
-0.062902 -0.001333
-0.101522 0.017987
-0.109197 0.164878
-0.098777 0.439405
-0.079900 0.724358
-0.059290 0.919408
-0.040934 0.901028
-0.026543 0.688090
-0.016282 0.420847
-0.009503 0.199099
-0.005304 0.049540
-0.002750 -0.037901
-0.001333 -0.062046
-0.000578 0.071681
-0.000192 0.351644
0.000000 0.651624
0.000000 0.864509
0.000000 0.862648
0.000000 0.662965
0.000000 0.405320
0.000000 0.189983
0.000000 0.044428
0.000000 -0.040651
0.000000 -0.081945
0.000000 -0.075401
0.000000 0.077117
0.000000 0.366671
0.000000 0.669460
0.000000 0.881028
0.000000 0.875902
0.000000 0.672563
0.000000 0.411731
0.000000 0.193987
0.000000 0.046789
0.000000 -0.039234
0.018566 -0.081191
0.165070 -0.093580
0.439405 -0.087761
0.724358 -0.072734
0.937974 -0.054899
1.047532 -0.038380
0.962426 -0.025126
0.705800 -0.015527
0.412714 -0.009116
0.177664 -0.005112
0.023497 -0.002750
-0.062902 -0.001333
-0.082956 -0.000578
0.055873 -0.000192
0.322062 0.000000
0.479389 0.000000
0.439279 0.000000
0.300806 0.000000
0.162979 0.000000
0.062826 0.000000
0.000074 0.000000
-0.034872 0.018566
-0.050228 0.165070
-0.052377 0.420840
-0.046489 0.559289
-0.036909 0.498568
-0.026824 0.341739
-0.018181 0.189522
-0.011557 0.079108
-0.006945 0.009577
-0.003971 -0.011003
-0.002172 0.117591
-0.001141 0.388361
-0.000578 0.678448
-0.000192 0.901256
0.000000 1.020708
0.000000 0.944245
0.000000 0.694244
0.000000 0.405770
0.000000 0.173693
0.000000 0.021325
0.000000 -0.064043
0.000000 -0.102100
0.000000 -0.090823
0.000000 0.066293
0.000000 0.340940
0.000000 0.499999
0.000000 0.457635
0.000000 0.315196
0.000000 0.173240
0.000000 0.069605
0.000000 0.004273
0.000000 -0.032319
0.018566 -0.048811
0.165070 -0.051622
0.439405 -0.046102
0.705793 -0.036718
0.772904 -0.026824
0.626693 -0.018181
0.403137 -0.011557
0.207232 -0.006945
0.070975 -0.003971
-0.011858 -0.002172
-0.037046 -0.001141
0.092591 -0.000578
0.367452 -0.000192
0.644074 0.000000
0.725171 0.000000
0.592703 0.000000
0.380565 0.000000
0.193122 0.000000
0.062613 0.000000
-0.016584 0.000000
-0.039604 0.000000
0.091258 0.000000
0.366873 0.000000
0.643883 0.000000
0.725171 0.000000
0.592703 0.000000
0.380565 0.000000
0.193122 0.000000
0.062613 0.000000
-0.016584 0.000000
-0.058170 0.000000
-0.073812 0.000000
-0.053966 0.000000
0.103160 0.000000
0.391672 0.000000
0.671803 0.000000
0.750332 0.000000
0.612583 0.000000
0.394776 0.000000
0.202507 0.000000
0.068416 0.000000
-0.013191 0.000000
-0.037624 0.000000
0.092399 0.000000
0.367452 0.000000
0.662640 0.000000
0.890240 0.000000
1.013543 0.000000
0.939854 0.000000
0.691690 0.000000
0.404352 0.000000
0.172939 0.000000
0.020938 0.000000
-0.064235 0.000000
-0.102100 0.000000
-0.109388 0.000000
-0.098777 0.000000
-0.079900 0.000000
-0.059290 0.000000
-0.040934 0.000000
-0.026543 0.000000
-0.016282 0.000000
-0.009503 0.000000
-0.005304 0.000000
-0.002750 0.000000
-0.001333 0.000000
-0.000578 0.000000
-0.000192 0.000000
0.000000 0.000000
0.000000 0.000000
0.000000 0.000000
0.000000 0.000000
0.000000 0.000000
0.000000 0.000000
0.000000 0.000000
0.000000 0.000000
0.000000 0.000000
0.000000 0.000000
0.000000 0.000000
0.000000 0.000000
0.000000 0.000000
0.000000 0.000000
0.000000 0.000000
0.000000 0.000000
0.000000 0.000000
0.000000 0.000000
0.000000 0.000000
0.000000 0.000000
0.000000 0.000000
0.000000 0.000000
0.000000 0.000000
0.000000 0.000000
0.000000 0.000000
0.000000 0.000000
0.000000 0.000000
0.000000 0.000000
0.000000 0.000000
0.000000 0.000000
0.000000 0.000000
0.000000 0.000000
0.000000 0.000000
0.000000 0.000000
0.000000 0.000000
0.000000 0.000000
0.000000 0.000000
0.000000 0.000000
0.000000 0.000000
0.000000 0.000000
0.000000 0.000000
0.000000 0.000000
0.000000 0.000000
0.000000 0.000000
0.000000 0.000000
0.000000 0.000000
0.000000 0.000000
0.000000 0.000000
0.000000 0.000000
0.000000 0.000000
0.000000 0.000000
0.000000 0.000000
0.000000 0.000000
0.000000 0.000000
0.000000 0.000000
0.000000 0.000000
0.000000 0.000000
0.000000 0.000000
0.000000 0.000000
0.000000 0.000000
0.000000 0.000000
0.000000 0.000000
