0.000000 0.000000
0.000000 0.000000
0.000000 0.000000
0.000000 0.000000
0.000000 0.000000
0.000000 0.000000
0.000000 0.000000
0.000000 0.000000
0.000000 0.000000
0.000000 0.000000
0.000000 0.000000
0.000000 0.000000
0.000000 0.000000
0.000000 0.000000
0.000000 0.000000
0.000000 0.000378
0.000000 0.006719
0.000000 0.031986
0.000000 0.087849
0.000000 0.176914
0.000000 0.287343
0.000000 0.394488
0.000000 0.474051
0.000000 0.512588
0.000000 0.509391
0.000000 0.472652
0.000000 0.414248
0.000000 0.345682
0.000000 0.275925
0.000000 0.210829
0.000000 0.153479
0.000000 0.104951
0.000000 0.065079
0.000000 0.033072
0.000378 0.007922
0.006719 -0.011363
0.031986 -0.025671
0.087849 -0.035769
0.176914 -0.042320
0.287343 -0.045915
0.394488 -0.047097
0.474051 -0.046369
0.512588 -0.044196
0.509391 -0.041002
0.472652 -0.037160
0.414248 -0.032988
0.345682 -0.028740
0.275925 -0.024614
0.210829 -0.020750
0.153479 -0.017238
0.104951 -0.014124
0.065079 -0.011425
0.033072 -0.009131
0.008300 -0.007214
-0.004643 -0.005638
0.006315 -0.004362
0.052080 -0.003341
0.134595 -0.002536
0.241427 -0.001908
0.347391 -0.001424
0.427682 -0.001054
0.468392 -0.000774
0.468388 -0.000564
0.435492 -0.000409
0.381260 -0.000253
0.316941 -0.000139
0.251311 -0.000058
0.190078 0.000000
0.136241 0.000000
0.090827 0.000000
0.053654 0.000000
0.023941 0.000000
0.000709 0.000378
-0.017001 0.006719
-0.030033 0.031986
-0.039110 0.087849
-0.044856 0.176914
-0.047824 0.287343
-0.048521 0.394488
-0.047423 0.474051
-0.044970 0.512588
-0.041567 0.509391
-0.037569 0.472652
-0.033240 0.414248
-0.028880 0.345682
-0.024673 0.275925
-0.020750 0.210829
-0.017238 0.153479
-0.014124 0.104951
-0.011425 0.065079
-0.009131 0.033072
-0.007214 0.008300
-0.005638 -0.004643
-0.004362 0.006315
-0.003341 0.052080
-0.002536 0.134595
-0.001908 0.241427
-0.001424 0.347391
-0.001054 0.427682
-0.000774 0.468392
-0.000564 0.468388
-0.000409 0.435492
-0.000253 0.381260
-0.000139 0.316941
-0.000058 0.251311
0.000000 0.190078
0.000000 0.136241
0.000000 0.090827
0.000000 0.053654
0.000000 0.023941
0.000378 0.000709
0.006719 -0.017001
0.031986 -0.030033
0.087849 -0.039110
0.177292 -0.044856
0.294062 -0.047824
0.426474 -0.048521
0.561900 -0.047423
0.689881 -0.044970
0.803075 -0.041567
0.892407 -0.037569
0.944162 -0.033240
0.947714 -0.028880
0.902086 -0.024673
0.815893 -0.020750
0.703152 -0.017238
0.578614 -0.014124
0.454577 -0.011425
0.339574 -0.009131
0.238423 -0.007214
0.153003 -0.005638
0.083224 -0.004362
0.027880 -0.003341
-0.014725 -0.002536
-0.046391 -0.001530
-0.068825 0.005296
-0.083569 0.030932
-0.091993 0.087075
-0.095316 0.176350
-0.094623 0.286934
-0.090885 0.394236
-0.084965 0.473912
-0.077610 0.512530
-0.069458 0.509391
-0.061026 0.472652
-0.052720 0.414248
-0.044839 0.345682
-0.037586 0.275925
-0.031079 0.210829
-0.025370 0.153479
-0.020461 0.104951
-0.016313 0.065079
-0.012865 0.033072
-0.009663 0.007922
-0.001041 -0.011363
0.026045 -0.025671
0.083340 -0.035769
0.173901 -0.042320
0.291532 -0.045915
0.424642 -0.047097
0.560594 -0.046369
0.688967 -0.044196
0.802830 -0.041002
0.898340 -0.037160
0.969176 -0.032988
1.003437 -0.028740
0.991471 -0.024614
0.932663 -0.020750
0.835564 -0.017238
0.714039 -0.014124
0.582558 -0.011425
0.453146 -0.009131
0.334096 -0.007214
0.230025 -0.005638
0.142639 -0.004362
0.071696 -0.003341
0.015851 -0.002536
-0.026719 -0.001908
-0.057938 -0.001424
-0.079247 -0.001054
-0.086705 -0.000774
-0.068807 -0.000564
-0.015172 -0.000409
0.076042 -0.000253
0.197569 -0.000139
0.336458 -0.000058
0.473729 0.000000
0.585322 0.000000
0.652084 0.000000
0.667139 0.000000
0.635700 0.000000
0.570304 0.000000
0.485480 0.000000
0.394005 0.000000
0.305187 0.000000
0.224682 0.000000
0.155154 0.000000
0.097210 0.000000
0.050255 0.000000
0.013142 0.000000
-0.015052 0.000000
-0.029986 0.000000
-0.019773 0.000000
0.026225 0.000000
0.110126 0.000000
0.224886 0.000000
0.358099 0.000000
0.496467 0.000000
0.628927 0.000000
0.747979 0.000000
0.849294 0.000000
0.926158 0.000000
0.966321 0.000000
0.959960 0.000000
0.906303 0.000000
0.813857 0.000000
0.696394 0.000000
0.568388 0.000000
0.441898 0.000000
0.325265 0.000000
0.223162 0.000000
0.137358 0.000000
0.067670 0.000000
0.012810 0.000000
-0.028997 0.000000
-0.059253 0.000000
-0.074154 0.000000
-0.062352 0.000000
-0.013567 0.000000
0.073863 0.000000
0.192560 0.000000
0.329841 0.000000
0.472203 0.000000
0.608429 0.000000
0.730880 0.000000
0.835228 0.000000
0.914733 0.000000
0.957191 0.000000
0.952746 0.000000
0.900665 0.000000
0.809496 0.000000
0.693053 0.000000
0.565852 0.000000
0.439990 0.000000
0.323841 0.000000
0.222109 0.000000
0.136585 0.000000
0.067106 0.000000
0.012402 0.000000
-0.029250 0.000000
-0.059770 0.000378
-0.080931 0.006719
-0.094338 0.031986
-0.101416 0.087849
-0.103429 0.176914
-0.101503 0.287343
-0.096633 0.394488
-0.089697 0.474051
-0.081451 0.512588
-0.072572 0.509391
-0.063520 0.472652
-0.054695 0.414248
-0.046386 0.345682
-0.038784 0.275925
-0.031998 0.210829
-0.026069 0.153479
-0.020987 0.104951
-0.016706 0.065079
-0.013156 0.033072
-0.010255 0.008300
-0.007916 -0.004643
-0.006054 0.006315
-0.004589 0.052080
-0.003450 0.134973
-0.002531 0.248147
-0.001832 0.379377
-0.001306 0.515531
-0.000913 0.645684
-0.000622 0.762450
-0.000409 0.861588
-0.000253 0.936440
-0.000139 0.974836
-0.000058 0.966915
0.000000 0.911912
0.000000 0.818327
0.000000 0.699915
0.000000 0.571132
0.000000 0.444015
0.000000 0.326883
0.000000 0.224387
0.000000 0.138277
0.000000 0.068354
0.000000 0.013315
0.000000 -0.028627
0.000000 -0.058984
0.000000 -0.073959
0.000000 -0.062212
0.000000 -0.013509
0.000000 0.073485
0.000000 0.185840
0.000000 0.297855
0.000000 0.384354
0.000000 0.431137
0.000000 0.436818
0.000000 0.409132
0.000000 0.359553
0.000000 0.299296
0.000000 0.237142
0.000000 0.178831
0.000000 0.127410
0.000000 0.083965
0.000000 0.048374
0.000000 0.019916
0.000000 -0.001955
0.000000 -0.012559
0.000000 0.000261
0.000000 0.047490
0.000000 0.131523
0.000000 0.245616
0.000000 0.377167
0.000000 0.507505
0.000000 0.612785
0.000000 0.673980
0.000000 0.684265
0.000000 0.648845
0.000000 0.580208
0.000000 0.492806
0.000000 0.399324
0.000000 0.308936
0.000000 0.227263
0.000000 0.156885
0.000000 0.098334
0.000000 0.050957
0.000000 0.013558
0.000000 -0.015202
0.000000 -0.036597
0.000378 -0.051764
0.006719 -0.061699
0.031986 -0.067284
0.087849 -0.069316
0.177292 -0.068527
0.294062 -0.065589
0.426474 -0.061110
0.561900 -0.055587
0.689881 -0.049535
0.803453 -0.043328
0.898749 -0.037255
0.969428 -0.031570
1.003576 -0.026360
0.991530 -0.021707
0.932663 -0.017645
0.835564 -0.014169
0.714039 -0.011247
0.582558 -0.008831
0.453146 -0.006862
0.334096 -0.005280
0.230025 -0.004025
0.142639 -0.003041
0.071696 -0.002278
0.015851 -0.001693
-0.026719 -0.001248
-0.057938 -0.000536
-0.079625 0.006097
-0.093424 0.031578
-0.100793 0.087596
-0.103021 0.176775
-0.101250 0.287285
-0.096493 0.394488
-0.089639 0.474051
-0.081451 0.512588
-0.072572 0.509391
-0.063520 0.472652
-0.054695 0.414248
-0.046386 0.345682
-0.038784 0.275925
-0.031998 0.210829
-0.026069 0.153479
-0.020987 0.104951
-0.016706 0.065079
-0.013156 0.033072
-0.009877 0.007922
-0.001197 -0.011363
0.025932 -0.025671
0.083259 -0.035769
0.173843 -0.042320
0.291532 -0.045915
0.424264 -0.047097
0.553874 -0.046369
0.656981 -0.044196
0.714982 -0.041002
0.721426 -0.037160
0.681833 -0.032988
0.608949 -0.028740
0.517420 -0.024614
0.420074 -0.020750
0.326174 -0.017238
0.241387 -0.014124
0.168310 -0.011425
0.107464 -0.009131
0.058171 -0.007214
0.019196 -0.005638
-0.010840 -0.003984
-0.033256 0.003378
-0.049228 0.029450
-0.059791 0.085940
-0.065860 0.175868
-0.068262 0.293009
-0.067753 0.425700
-0.065024 0.561336
-0.060701 0.689094
-0.055335 0.796481
-0.049396 0.867001
-0.043270 0.888241
-0.037255 0.858270
-0.031570 0.785316
-0.026360 0.683481
-0.021707 0.567727
-0.017645 0.450633
-0.014169 0.341005
-0.011247 0.243900
-0.008831 0.161401
-0.006862 0.093589
-0.005280 0.039408
-0.004025 -0.002697
-0.003041 -0.034019
-0.002278 -0.050558
-0.001693 -0.040783
-0.001248 0.005711
-0.000913 0.090398
-0.000622 0.200425
-0.000409 0.310230
-0.000253 0.394695
-0.000139 0.439652
-0.000058 0.443774
0.000000 0.414741
0.000000 0.364022
0.000000 0.302817
0.000000 0.239886
0.000000 0.180948
0.000000 0.129028
0.000000 0.085189
0.000000 0.049293
0.000000 0.020600
0.000378 -0.001828
0.006719 -0.018909
0.031986 -0.031456
0.087849 -0.040164
0.177292 -0.045630
0.293684 -0.048388
0.419755 -0.048930
0.529914 -0.047675
0.602032 -0.045110
0.626161 -0.041625
0.605064 -0.037569
0.549673 -0.033240
0.473662 -0.028880
0.389498 -0.024673
0.306502 -0.020750
0.230500 -0.017238
0.164366 -0.014124
0.108895 -0.011425
0.063648 -0.009131
0.027594 -0.007214
-0.000476 -0.005260
-0.021727 0.002358
-0.037200 0.028645
-0.047797 0.085312
-0.054313 0.175006
-0.057462 0.285919
-0.057898 0.393434
-0.056225 0.473278
-0.052996 0.512024
-0.048707 0.508982
-0.043788 0.472400
-0.038596 0.414108
-0.033414 0.345623
-0.028455 0.275925
-0.023865 0.210829
-0.019732 0.153479
-0.016099 0.104951
-0.012971 0.065079
-0.010328 0.033072
-0.008133 0.008300
-0.006336 -0.004643
-0.004888 0.006315
-0.003734 0.052080
-0.002827 0.134973
-0.002122 0.248147
-0.001580 0.378999
-0.001167 0.508811
-0.000855 0.613698
-0.000622 0.674602
-0.000409 0.684674
-0.000253 0.649098
-0.000139 0.580348
-0.000058 0.492864
0.000000 0.399324
0.000000 0.308936
0.000000 0.227263
0.000000 0.156885
0.000000 0.098334
0.000000 0.050957
0.000000 0.013558
0.000000 -0.014824
0.000000 -0.029878
0.000000 -0.019778
0.000000 0.026149
0.000000 0.109631
0.000000 0.218027
0.000000 0.325961
0.000000 0.408463
0.000000 0.451479
0.000000 0.453803
0.000000 0.423117
0.000000 0.370920
0.000000 0.308427
0.000000 0.244355
0.000000 0.184469
0.000000 0.131772
0.000000 0.087306
0.000000 0.050910
0.000000 0.021824
0.000378 -0.000909
0.006719 -0.018225
0.031986 -0.030951
0.087849 -0.039794
0.176914 -0.045361
0.287343 -0.048193
0.394488 -0.048790
0.474051 -0.047617
0.512588 -0.045110
0.509391 -0.041625
0.472652 -0.037569
0.414248 -0.033240
0.345682 -0.028880
0.275925 -0.024673
0.210829 -0.020750
0.153479 -0.017238
0.104951 -0.014124
0.065079 -0.011425
0.033072 -0.009131
0.008300 -0.007214
-0.004643 -0.005638
0.006315 -0.004362
0.052080 -0.003341
0.134973 -0.002536
0.248147 -0.001908
0.378999 -0.001424
0.508811 -0.001054
0.613698 -0.000774
0.674602 -0.000564
0.684674 -0.000409
0.649098 -0.000253
0.580348 -0.000139
0.492864 -0.000058
0.399324 0.000000
0.308936 0.000000
0.227263 0.000000
0.156885 0.000000
0.098334 0.000000
0.050957 0.000000
0.013558 0.000000
-0.015202 0.000378
-0.036597 0.006719
-0.051764 0.031986
-0.061699 0.087849
-0.067284 0.176914
-0.069316 0.287343
-0.068527 0.394488
-0.065589 0.474051
-0.061110 0.512588
-0.055587 0.509391
-0.049535 0.472652
-0.043328 0.414248
-0.037255 0.345682
-0.031570 0.275925
-0.026360 0.210829
-0.021707 0.153479
-0.017645 0.104951
-0.014169 0.065079
-0.011247 0.033072
-0.008453 0.007922
-0.000143 -0.011363
0.026706 -0.025671
0.083823 -0.035769
0.173873 -0.042320
0.285065 -0.045915
0.392795 -0.047097
0.472803 -0.046369
0.511675 -0.044196
0.508768 -0.041002
0.472244 -0.037160
0.413995 -0.032988
0.345542 -0.028740
0.275867 -0.024614
0.210829 -0.020750
0.153479 -0.017238
0.104951 -0.014124
0.065079 -0.011425
0.033072 -0.009131
0.008300 -0.007214
-0.004643 -0.005638
0.006315 -0.004362
0.052080 -0.003341
0.134973 -0.002536
0.248147 -0.001908
0.379377 -0.001424
0.515153 -0.001054
0.638965 -0.000774
0.730464 -0.000564
0.774117 -0.000409
0.765868 -0.000253
0.712760 -0.000139
0.628290 -0.000058
0.527305 0.000000
0.422508 0.000000
0.322937 0.000000
0.233906 0.000000
0.157748 0.000000
0.094773 0.000000
0.044135 0.000000
0.004470 0.000000
-0.025710 0.000000
-0.047820 0.000000
-0.063130 0.000378
-0.072761 0.006719
-0.077714 0.031986
-0.078892 0.087849
-0.077117 0.177292
-0.073138 0.294062
-0.067581 0.426474
-0.061082 0.561900
-0.054128 0.689881
-0.047111 0.803075
-0.040370 0.892407
-0.034065 0.944162
-0.028335 0.947714
-0.023253 0.902086
-0.018843 0.815893
-0.015088 0.703152
-0.011946 0.578614
-0.009357 0.454577
-0.007255 0.339574
-0.005571 0.238423
-0.004239 0.153003
-0.003197 0.083224
-0.002391 0.027880
-0.001774 -0.014725
-0.000928 -0.046391
0.005806 -0.068825
0.031364 -0.083569
0.087440 -0.091993
0.177040 -0.095316
0.293923 -0.094623
0.426416 -0.090885
0.561522 -0.084965
0.683161 -0.077610
0.771467 -0.069458
0.811278 -0.061026
0.798855 -0.052720
0.741500 -0.044839
0.652904 -0.037586
0.548055 -0.031079
0.439746 -0.025370
0.337061 -0.020461
0.245331 -0.016313
0.166879 -0.012865
0.101987 -0.010041
0.049773 -0.007760
0.008832 -0.005941
-0.021991 -0.004508
-0.038565 -0.003391
-0.029236 -0.002531
0.016511 -0.001832
0.100632 -0.001306
0.215567 -0.000913
0.343202 -0.000622
0.457185 -0.000409
0.534704 -0.000253
0.565218 -0.000139
0.550994 -0.000058
0.502563 0.000000
0.433292 0.000000
0.355433 0.000000
0.278167 0.000000
0.207247 0.000000
0.145523 0.000000
0.093807 0.000000
0.051703 0.000000
0.018237 0.000000
-0.007731 0.000378
-0.027299 0.006719
-0.041439 0.031986
-0.050994 0.087849
-0.056705 0.177292
-0.059236 0.294062
-0.059204 0.426474
-0.057138 0.561900
-0.053618 0.689503
-0.049116 0.796733
-0.044040 0.867140
-0.038735 0.888299
-0.033472 0.858270
-0.028455 0.785316
-0.023865 0.683481
-0.019732 0.567727
-0.016099 0.450633
-0.012971 0.341005
-0.010328 0.243900
-0.008133 0.161401
-0.006336 0.093589
-0.004888 0.039408
-0.003734 -0.002697
-0.002827 -0.034397
-0.002122 -0.057278
-0.001580 -0.072769
-0.001167 -0.081760
-0.000855 -0.079796
-0.000622 -0.054932
-0.000409 0.003591
-0.000253 0.097558
-0.000139 0.214406
-0.000058 0.328871
0.000000 0.416141
0.000000 0.462363
0.000000 0.466526
0.000000 0.436612
0.000000 0.384367
0.000000 0.321230
0.000000 0.256163
0.000000 0.195042
0.000000 0.141007
0.000000 0.095201
0.000000 0.057533
0.000000 0.027287
0.000378 0.003527
0.006719 -0.014673
0.031986 -0.028144
0.087849 -0.037601
0.176914 -0.043626
0.287343 -0.046829
0.394488 -0.047720
0.474051 -0.046778
0.512588 -0.044449
0.509391 -0.041142
0.472652 -0.037219
0.414248 -0.032988
0.345682 -0.028740
0.275925 -0.024614
0.210829 -0.020750
0.153479 -0.017238
0.104951 -0.014124
0.065079 -0.011425
0.033072 -0.009131
0.008300 -0.007214
-0.004643 -0.005638
0.006315 -0.004362
0.052080 -0.003341
0.134973 -0.002536
0.247769 -0.001908
0.372657 -0.001424
0.483545 -0.001054
0.557836 -0.000774
0.585158 -0.000564
0.567904 -0.000409
0.516686 -0.000253
0.444922 -0.000139
0.364883 -0.000058
0.285752 0.000000
0.213263 0.000000
0.150242 0.000000
0.097470 0.000000
0.054518 0.000000
0.020380 0.000000
-0.006114 0.000000
-0.026089 0.000000
-0.040541 0.000000
-0.050333 0.000000
-0.056222 0.000000
-0.058886 0.000000
-0.058951 0.000000
-0.056999 0.000000
-0.053560 0.000000
-0.049116 0.000000
-0.044040 0.000000
-0.038735 0.000000
-0.033472 0.000000
-0.028455 0.000000
-0.023865 0.000000
-0.019732 0.000000
-0.016099 0.000000
-0.012971 0.000000
-0.010328 0.000000
-0.008133 0.000000
-0.006336 0.000000
-0.004888 0.000000
-0.003734 0.000000
-0.002827 0.000000
-0.002122 0.000000
-0.001580 0.000000
-0.001167 0.000000
-0.000855 0.000000
-0.000622 0.000000
-0.000409 0.000000
-0.000253 0.000000
-0.000139 0.000000
-0.000058 0.000000
0.000000 0.000000
0.000000 0.000000
0.000000 0.000000
0.000000 0.000000
0.000000 0.000000
0.000000 0.000000
0.000000 0.000000
0.000000 0.000000
0.000000 0.000000
0.000000 0.000000
0.000000 0.000000
0.000000 0.000000
0.000000 0.000000
0.000000 0.000000
0.000000 0.000000
0.000000 0.000000
0.000000 0.000000
0.000000 0.000000
0.000000 0.000000
0.000000 0.000000
0.000000 0.000000
0.000000 0.000000
0.000000 0.000000
0.000000 0.000000
0.000000 0.000000
0.000000 0.000000
0.000000 0.000000
0.000000 0.000000
0.000000 0.000000
0.000000 0.000000
0.000000 0.000000
0.000000 0.000000
0.000000 0.000000
0.000000 0.000000
0.000000 0.000000
0.000000 0.000000
0.000000 0.000000
0.000000 0.000000
0.000000 0.000000
0.000000 0.000000
0.000000 0.000000
0.000000 0.000000
0.000000 0.000000
0.000000 0.000000
0.000000 0.000000
0.000000 0.000000
0.000000 0.000000
0.000000 0.000000
0.000000 0.000000
0.000000 0.000000
0.000000 0.000000
0.000000 0.000000
0.000000 0.000000
0.000000 0.000000
0.000000 0.000000
0.000000 0.000000
0.000000 0.000000
0.000000 0.000000
0.000000 0.000000
0.000000 0.000000
0.000000 0.000000
0.000000 0.000000
0.000000 0.000000
0.000000 0.000000
0.000000 0.000000
0.000000 0.000000
0.000000 0.000000
0.000000 0.000000
0.000000 0.000000
0.000000 0.000000
0.000000 0.000000
0.000000 0.000000
0.000000 0.000000
0.000000 0.000000
0.000000 0.000000
0.000000 0.000000
0.000000 0.000000
0.000000 0.000000
0.000000 0.000000
0.000000 0.000000
0.000000 0.000000
0.000000 0.000000
0.000000 0.000000
0.000000 0.000000
0.000000 0.000000
0.000000 0.000000
0.000000 0.000000
0.000000 0.000000
0.000000 0.000000
0.000000 0.000000
0.000000 0.000000
0.000000 0.000000
0.000000 0.000000
