0.000000 0.000000
0.000000 0.000000
0.000000 0.000000
0.000000 0.000000
0.000000 0.000000
0.000000 0.000000
0.000000 0.000000
0.000000 0.000000
0.000000 0.018566
0.000000 0.165070
0.000000 0.420840
0.000000 0.559289
0.000000 0.498568
0.000000 0.341739
0.000000 0.189522
0.000000 0.079108
0.000000 0.009577
0.000000 -0.029568
0.000000 -0.028913
0.000000 0.114026
0.000000 0.393495
0.000000 0.687641
0.000000 0.911150
0.000000 1.029351
0.000000 0.950869
0.000000 0.698856
0.000000 0.408744
0.000000 0.175492
0.000000 0.022355
0.000000 -0.063481
0.000000 -0.101713
0.000000 -0.090631
0.000000 0.066293
0.000000 0.359506
0.000000 0.646503
0.000000 0.731970
0.000000 0.600150
0.000000 0.386856
0.000000 0.197729
0.000000 0.065671
0.000000 -0.014609
0.000000 -0.038379
0.000000 0.092012
0.000000 0.367260
0.000000 0.662640
0.000000 0.890240
0.000000 1.013543
0.000000 0.939854
0.000000 0.691690
0.000000 0.404352
0.000000 0.172939
0.000000 0.020938
0.000000 -0.064235
0.000000 -0.083535
0.000000 0.055681
0.000000 0.340628
0.000000 0.625893
0.000000 0.713614
0.000000 0.585759
0.000000 0.376594
0.000000 0.190950
0.000000 0.061472
0.000000 -0.017162
0.000000 -0.058362
0.000000 -0.073812
0.000000 -0.053966
0.000000 0.103160
0.000000 0.373106
0.000000 0.525299
0.000000 0.475996
0.000000 0.327629
0.000000 0.181160
0.000000 0.074383
0.000000 0.007018
0.000000 -0.030901
0.000000 -0.048057
0.018566 -0.051235
0.165070 -0.045910
0.439405 -0.036718
0.705793 -0.026824
0.772904 -0.018181
0.626693 -0.011557
0.403137 -0.006945
0.207232 -0.003971
0.070975 -0.002172
-0.011858 -0.001141
-0.055611 -0.000578
-0.072479 -0.000192
-0.071953 0.018566
-0.061718 0.165070
-0.047733 0.439405
-0.033989 0.724358
-0.022572 0.937974
-0.014110 1.047532
-0.008362 0.962426
-0.004725 0.705800
-0.002559 0.412714
-0.001333 0.177664
-0.000578 0.023497
-0.000192 -0.062902
0.018566 -0.101522
0.165070 -0.109197
0.439405 -0.098777
0.705793 -0.079900
0.772904 -0.059290
0.626693 -0.040934
0.403137 -0.026543
0.207232 -0.016282
0.070975 -0.009503
-0.011858 -0.005304
-0.055611 0.015816
-0.072479 0.163737
-0.071953 0.420261
-0.061718 0.559097
-0.047733 0.498568
-0.033989 0.341739
-0.022572 0.189522
-0.014110 0.079108
-0.008362 0.009577
0.013841 -0.029568
0.162511 -0.047478
0.438072 -0.051044
0.723780 -0.045910
0.937782 -0.036718
1.047532 -0.026824
0.962426 -0.018181
0.705800 -0.011557
0.412714 -0.006945
0.177664 -0.003971
0.023497 -0.002172
-0.062902 -0.001141
-0.101522 0.017987
-0.109197 0.164878
-0.098777 0.420840
-0.079900 0.559289
-0.059290 0.498568
-0.040934 0.341739
-0.026543 0.189522
-0.016282 0.079108
-0.009503 0.009577
-0.005304 -0.011003
-0.002750 0.117591
-0.001333 0.369796
-0.000578 0.513378
-0.000192 0.461851
0.000000 0.314916
0.000000 0.171341
0.000000 0.067551
0.000000 0.002632
0.000000 -0.014973
0.000000 0.115420
0.000000 0.368654
0.000000 0.512800
0.000000 0.461659
0.000000 0.314916
0.000000 0.171341
0.000000 0.067551
0.000000 0.002632
0.018566 -0.033539
0.165070 -0.049650
0.439405 -0.052185
0.705793 -0.046489
0.772904 -0.036909
0.626693 -0.026824
0.403137 -0.018181
0.207232 -0.011557
0.070975 -0.006945
-0.011858 -0.003971
-0.037046 -0.002172
0.092591 -0.001141
0.367452 -0.000578
0.662640 -0.000192
0.890240 0.000000
1.013543 0.000000
0.939854 0.000000
0.691690 0.000000
0.404352 0.000000
0.172939 0.000000
0.020938 0.000000
-0.064235 0.000000
-0.083535 0.000000
0.055681 0.000000
0.322062 0.000000
0.479389 0.000000
0.439279 0.000000
0.300806 0.000000
0.162979 0.000000
0.062826 0.000000
0.000074 0.000000
-0.034872 0.018566
-0.050228 0.165070
-0.052377 0.439405
-0.046489 0.724358
-0.036909 0.937974
-0.026824 1.047532
-0.018181 0.962426
-0.011557 0.705800
-0.006945 0.412714
-0.003971 0.177664
-0.002172 0.023497
-0.001141 -0.062902
-0.000578 -0.082956
-0.000192 0.055873
0.000000 0.340628
0.000000 0.644459
0.000000 0.860118
0.000000 0.860094
0.000000 0.661547
0.000000 0.404566
0.000000 0.189596
0.000000 0.044236
0.000000 -0.040651
0.018566 -0.081945
0.165070 -0.093967
0.439405 -0.087953
0.724358 -0.072734
0.937974 -0.054899
1.047532 -0.038380
0.962426 -0.025126
0.705800 -0.015527
0.412714 -0.009116
0.177664 -0.005112
0.023497 -0.002750
-0.062902 -0.001333
-0.101522 -0.000578
-0.109197 -0.000192
-0.080211 0.000000
0.085170 0.000000
0.361550 0.000000
0.518355 0.000000
0.472025 0.000000
0.325458 0.000000
0.180019 0.000000
0.073804 0.000000
0.006827 0.000000
-0.012336 0.000000
0.117013 0.000000
0.388170 0.000000
0.678448 0.000000
0.901256 0.000000
1.020708 0.000000
0.944245 0.000000
0.694244 0.000000
0.405770 0.000000
0.173693 0.000000
0.021325 0.000000
-0.064043 0.000000
-0.102100 0.018566
-0.109388 0.165070
-0.098777 0.439405
-0.079900 0.724358
-0.059290 0.919408
-0.040934 0.901028
-0.026543 0.688090
-0.016282 0.420847
-0.009503 0.199099
-0.005304 0.049540
-0.002750 -0.037901
0.017233 -0.080612
0.164491 -0.093389
0.439214 -0.087761
0.724358 -0.072734
0.937974 -0.054899
1.047532 -0.038380
0.962426 -0.025126
0.705800 -0.015527
0.412714 -0.009116
0.177664 -0.005112
0.023497 -0.002750
-0.062902 -0.001333
-0.082956 -0.000578
0.055873 -0.000192
0.340628 0.000000
0.625893 0.000000
0.713614 0.000000
0.585759 0.000000
0.376594 0.000000
0.190950 0.000000
0.061472 0.000000
-0.017162 0.000000
-0.058362 0.000000
-0.055246 0.000000
0.092538 0.000000
0.358929 0.000000
0.511555 0.000000
0.464579 0.000000
0.319167 0.000000
0.175412 0.000000
0.070746 0.000000
0.004852 0.000000
-0.013561 0.000000
0.116258 0.000000
0.369217 0.000000
0.513187 0.000000
0.461851 0.000000
0.314916 0.000000
0.171341 0.000000
0.067551 0.000000
0.002632 0.000000
-0.033539 0.018566
-0.049650 0.165070
-0.052185 0.439405
-0.046489 0.724358
-0.036909 0.937974
-0.026824 1.047532
-0.018181 0.962426
-0.011557 0.705800
-0.006945 0.412714
-0.003971 0.177664
-0.002172 0.023497
-0.001141 -0.062902
-0.000578 -0.101522
-0.000192 -0.109197
0.018566 -0.098777
0.165070 -0.079900
0.439405 -0.059290
0.705793 -0.040934
0.772904 -0.026543
0.626693 -0.016282
0.403137 -0.009503
0.207232 -0.005304
0.070975 -0.002750
-0.011858 -0.001333
-0.037046 -0.000578
0.092591 -0.000192
0.367452 0.000000
0.644074 0.000000
0.725171 0.000000
0.592703 0.000000
0.380565 0.000000
0.193122 0.000000
0.062613 0.000000
-0.016584 0.000000
-0.058170 0.000000
-0.073812 0.000000
-0.072532 0.000000
-0.061910 0.000000
-0.047733 0.000000
-0.033989 0.000000
-0.022572 0.000000
-0.014110 0.000000
-0.008362 0.000000
-0.004725 0.000000
-0.002559 0.000000
-0.001333 0.000000
-0.000578 0.000000
-0.000192 0.000000
0.000000 0.000000
0.000000 0.000000
0.000000 0.000000
0.000000 0.000000
0.000000 0.000000
0.000000 0.000000
0.000000 0.000000
0.000000 0.000000
0.000000 0.000000
0.000000 0.000000
0.000000 0.000000
0.000000 0.000000
0.000000 0.000000
0.000000 0.000000
0.000000 0.000000
0.000000 0.000000
0.000000 0.000000
0.000000 0.000000
0.000000 0.000000
0.000000 0.000000
0.000000 0.000000
0.000000 0.000000
0.000000 0.000000
0.000000 0.000000
0.000000 0.000000
0.000000 0.000000
0.000000 0.000000
0.000000 0.000000
0.000000 0.000000
0.000000 0.000000
0.000000 0.000000
0.000000 0.000000
0.000000 0.000000
0.000000 0.000000
0.000000 0.000000
0.000000 0.000000
0.000000 0.000000
0.000000 0.000000
0.000000 0.000000
0.000000 0.000000
0.000000 0.000000
0.000000 0.000000
0.000000 0.000000
0.000000 0.000000
0.000000 0.000000
0.000000 0.000000
0.000000 0.000000
0.000000 0.000000
0.000000 0.000000
0.000000 0.000000
0.000000 0.000000
0.000000 0.000000
0.000000 0.000000
0.000000 0.000000
0.000000 0.000000
0.000000 0.000000
0.000000 0.000000
