0.000000 0.000000
0.000000 0.000000
0.000000 0.000000
0.000000 0.000000
0.000000 0.000000
0.000000 0.000000
0.000000 0.000000
0.000000 0.000000
0.000000 0.000000
0.000000 0.000000
0.000000 0.000000
0.000000 0.000000
0.000000 0.000000
0.000000 0.000000
0.000000 0.000000
0.000000 0.000000
0.000000 0.000000
0.000000 0.000000
0.000000 0.000000
0.000000 0.000000
0.000000 0.000378
0.000000 0.006719
0.000000 0.031986
0.000000 0.087849
0.000000 0.177292
0.000000 0.294062
0.000000 0.426474
0.000000 0.561900
0.000000 0.689503
0.000000 0.796733
0.000000 0.867140
0.000000 0.888299
0.000000 0.858270
0.000000 0.785316
0.000000 0.683481
0.000000 0.567727
0.000000 0.450633
0.000000 0.341005
0.000000 0.243900
0.000000 0.161401
0.000000 0.093589
0.000000 0.039408
0.000000 -0.002697
0.000378 -0.034397
0.006719 -0.057278
0.031986 -0.072769
0.087849 -0.082138
0.176914 -0.086516
0.287343 -0.086918
0.394488 -0.084258
0.474051 -0.079357
0.512588 -0.072936
0.509391 -0.065617
0.472652 -0.057911
0.414248 -0.050225
0.345682 -0.042865
0.275925 -0.036040
0.210829 -0.029881
0.153479 -0.024451
0.104951 -0.019762
0.065079 -0.015787
0.033072 -0.012472
0.007922 -0.009750
-0.010985 -0.007546
-0.018952 -0.005785
-0.003783 -0.004395
0.045529 -0.003310
0.131377 -0.002472
0.246587 -0.001832
0.373386 -0.001306
0.485718 -0.000913
0.561030 -0.000622
0.589000 -0.000409
0.572076 -0.000253
0.520933 -0.000139
0.449048 -0.000058
0.368747 0.000000
0.289264 0.000000
0.216376 0.000000
0.152941 0.000000
0.099765 0.000000
0.056435 0.000000
0.021956 0.000000
-0.004459 0.000000
-0.018349 0.000000
-0.007750 0.000000
0.038143 0.000000
0.121555 0.000000
0.235169 0.000000
0.361083 0.000000
0.473125 0.000000
0.548628 0.000000
0.577201 0.000000
0.561137 0.000000
0.511020 0.000000
0.440248 0.000000
0.361042 0.000000
0.282637 0.000000
0.210768 0.000000
0.148267 0.000000
0.095924 0.000000
0.053320 0.000000
0.019462 0.000000
-0.006812 0.000000
-0.026615 0.000378
-0.040934 0.006719
-0.050624 0.031986
-0.056435 0.087849
-0.059042 0.176914
-0.059064 0.287343
-0.057080 0.394488
-0.053618 0.474051
-0.049116 0.512588
-0.044040 0.509391
-0.038735 0.472652
-0.033472 0.414248
-0.028455 0.345682
-0.023865 0.275925
-0.019732 0.210829
-0.016099 0.153479
-0.012971 0.104951
-0.010328 0.065079
-0.008133 0.033072
-0.006336 0.008300
-0.004888 -0.004643
-0.003734 0.006315
-0.002827 0.052080
-0.002122 0.134595
-0.001580 0.241427
-0.001167 0.347391
-0.000855 0.427682
-0.000622 0.468392
-0.000409 0.468388
-0.000253 0.435492
-0.000139 0.381260
-0.000058 0.316941
0.000000 0.251311
0.000000 0.190078
0.000000 0.136241
0.000000 0.090827
0.000000 0.053654
0.000000 0.023941
0.000000 0.001086
0.000000 -0.010281
0.000000 0.001953
0.000000 0.048738
0.000000 0.132059
0.000000 0.239519
0.000000 0.345967
0.000000 0.426629
0.000000 0.467618
0.000000 0.467824
0.000000 0.435083
0.000000 0.381007
0.000000 0.316802
0.000000 0.251253
0.000000 0.190078
0.000000 0.136241
0.000000 0.090827
0.000000 0.053654
0.000000 0.023941
0.000000 0.001086
0.000000 -0.010281
0.000000 0.001953
0.000000 0.048738
0.000000 0.132436
0.000000 0.246239
0.000000 0.377953
0.000000 0.514099
0.000000 0.638191
0.000000 0.729900
0.000000 0.773709
0.000000 0.765615
0.000000 0.712620
0.000000 0.628231
0.000000 0.527305
0.000000 0.422508
0.000000 0.322937
0.000000 0.233906
0.000000 0.157748
0.000000 0.094773
0.000000 0.044135
0.000000 0.004470
0.000378 -0.025710
0.006719 -0.047820
0.031986 -0.063130
0.087849 -0.072761
0.176914 -0.077714
0.287343 -0.078892
0.394488 -0.077117
0.474051 -0.073138
0.512588 -0.067581
0.509391 -0.061082
0.472652 -0.054128
0.414248 -0.047111
0.345682 -0.040370
0.275925 -0.034065
0.210829 -0.028335
0.153479 -0.023253
0.104951 -0.018843
0.065079 -0.015088
0.033072 -0.011946
0.007922 -0.009357
-0.011363 -0.007255
-0.025671 -0.005571
-0.035769 -0.004239
-0.042320 -0.002819
-0.045915 0.004328
-0.047097 0.030212
-0.046369 0.086542
-0.044196 0.176001
-0.041002 0.286720
-0.037160 0.394080
-0.032988 0.473799
-0.028740 0.512449
-0.024614 0.509332
-0.020750 0.472652
-0.017238 0.414248
-0.014124 0.345682
-0.011425 0.275925
-0.009131 0.210829
-0.007214 0.153479
-0.005638 0.104951
-0.004362 0.065079
-0.003341 0.033072
-0.002158 0.007922
0.004811 -0.011363
0.030562 -0.025671
0.086795 -0.035769
0.176518 -0.042320
0.293120 -0.045915
0.419346 -0.047097
0.529661 -0.046369
0.601893 -0.044196
0.626102 -0.041002
0.605064 -0.037160
0.549673 -0.032988
0.473662 -0.028740
0.389498 -0.024614
0.306502 -0.020750
0.230500 -0.017238
0.164366 -0.014124
0.108895 -0.011425
0.063648 -0.009131
0.027594 -0.007214
-0.000476 -0.005638
-0.021727 -0.004362
-0.037200 -0.003341
-0.047797 -0.002536
-0.054313 -0.001530
-0.057462 0.005296
-0.057898 0.030932
-0.056225 0.087075
-0.052996 0.176728
-0.048707 0.293654
-0.043788 0.426222
-0.038596 0.561760
-0.033414 0.689822
-0.028455 0.803075
-0.023865 0.892407
-0.019732 0.944162
-0.016099 0.947714
-0.012971 0.902086
-0.010328 0.815893
-0.008133 0.703152
-0.006336 0.578614
-0.004888 0.454577
-0.003734 0.339574
-0.002827 0.238423
-0.002122 0.153003
-0.001580 0.083224
-0.001167 0.027880
-0.000855 -0.014725
-0.000622 -0.046013
-0.000409 -0.062105
-0.000253 -0.051583
-0.000139 -0.004145
-0.000058 0.081599
0.000000 0.192720
0.000000 0.303603
0.000000 0.389087
0.000000 0.434978
0.000000 0.439933
0.000000 0.411627
0.000000 0.361528
0.000000 0.300842
0.000000 0.238339
0.000000 0.179750
0.000000 0.128109
0.000000 0.084491
0.000000 0.048767
0.000000 0.020207
0.000000 -0.001741
0.000000 -0.012403
0.000000 0.000374
0.000000 0.047572
0.000000 0.131581
0.000000 0.245616
0.000000 0.377544
0.000000 0.513847
0.000000 0.638051
0.000000 0.729842
0.000000 0.773709
0.000000 0.765615
0.000000 0.712620
0.000000 0.628231
0.000000 0.527305
0.000000 0.422508
0.000000 0.322937
0.000000 0.233906
0.000000 0.157748
0.000000 0.094773
0.000000 0.044135
0.000000 0.004470
0.000000 -0.025332
0.000000 -0.041101
0.000000 -0.031144
0.000000 0.015087
0.000000 0.099578
0.000000 0.215170
0.000000 0.349357
0.000000 0.488762
0.000000 0.622300
0.000000 0.742371
0.000000 0.844620
0.000000 0.922318
0.000000 0.963206
0.000000 0.957465
0.000000 0.904328
0.000000 0.812311
0.000000 0.695196
0.000000 0.567469
0.000000 0.441200
0.000000 0.324739
0.000000 0.222770
0.000000 0.137067
0.000000 0.067457
0.000000 0.012654
0.000000 -0.029110
0.000000 -0.059712
0.000000 -0.080931
0.000000 -0.094338
0.000000 -0.101416
0.000000 -0.103429
0.000378 -0.101503
0.006719 -0.096633
0.031986 -0.089697
0.087849 -0.081451
0.176914 -0.072572
0.287343 -0.063520
0.394488 -0.054695
0.474051 -0.046386
0.512588 -0.038784
0.509391 -0.031998
0.472652 -0.026069
0.414248 -0.020987
0.345682 -0.016706
0.275925 -0.013156
0.210829 -0.010255
0.153479 -0.007916
0.104951 -0.006054
0.065079 -0.004589
0.033072 -0.003450
0.008300 -0.002531
-0.004643 -0.001832
0.006315 -0.001306
0.052080 -0.000913
0.134973 -0.000622
0.247769 -0.000409
0.372657 -0.000253
0.483545 -0.000139
0.557836 -0.000058
0.585158 0.000000
0.567904 0.000000
0.516686 0.000000
0.444922 0.000000
0.364883 0.000000
0.285752 0.000000
0.213263 0.000000
0.150242 0.000000
0.097470 0.000000
0.054518 0.000000
0.020380 0.000000
-0.006114 0.000378
-0.026089 0.006719
-0.040541 0.031986
-0.050333 0.087849
-0.056222 0.176914
-0.058886 0.287343
-0.058951 0.394488
-0.056999 0.474051
-0.053560 0.512588
-0.049116 0.509391
-0.044040 0.472652
-0.038735 0.414248
-0.033472 0.345682
-0.028455 0.275925
-0.023865 0.210829
-0.019732 0.153479
-0.016099 0.104951
-0.012971 0.065079
-0.010328 0.033072
-0.008133 0.007922
-0.006336 -0.011363
-0.004888 -0.025671
-0.003734 -0.035769
-0.002827 -0.042320
-0.001744 -0.045915
0.005140 -0.047097
0.030819 -0.046369
0.086993 -0.044196
0.176292 -0.041002
0.286934 -0.037160
0.394236 -0.032988
0.473912 -0.028740
0.512530 -0.024614
0.509391 -0.020750
0.472652 -0.017238
0.414248 -0.014124
0.345682 -0.011425
0.275925 -0.009131
0.210829 -0.007214
0.153479 -0.005638
0.104951 -0.004362
0.065079 -0.003341
0.033072 -0.002536
0.008300 -0.001908
-0.004643 -0.001424
0.006315 -0.001054
0.052080 -0.000774
0.134973 -0.000564
0.247769 -0.000409
0.372657 -0.000253
0.483545 -0.000139
0.557836 -0.000058
0.585158 0.000000
0.567904 0.000000
0.516686 0.000000
0.444922 0.000000
0.364883 0.000000
0.285752 0.000000
0.213263 0.000000
0.150242 0.000000
0.097470 0.000000
0.054518 0.000000
0.020380 0.000000
-0.006114 0.000000
-0.026089 0.000000
-0.040163 0.000000
-0.043614 0.000000
-0.024236 0.000000
0.028963 0.000000
0.117963 0.000000
0.230344 0.000000
0.340928 0.000000
0.424936 0.000000
0.468548 0.000000
0.470655 0.000000
0.439180 0.000000
0.385792 0.000000
0.321817 0.000000
0.256193 0.000000
0.194729 0.000000
0.140508 0.000000
0.094623 0.000000
0.056947 0.000000
0.026735 0.000000
0.003035 0.000378
-0.015097 0.006719
-0.028498 0.031986
-0.037891 0.087849
-0.043899 0.176914
-0.047082 0.287343
-0.047953 0.394488
-0.046992 0.474051
-0.044605 0.512588
-0.041255 0.509391
-0.037300 0.472652
-0.033046 0.414248
-0.028740 0.345682
-0.024614 0.275925
-0.020750 0.210829
-0.017238 0.153479
-0.014124 0.104951
-0.011425 0.065079
-0.009131 0.033072
-0.007214 0.007922
-0.005638 -0.010985
-0.004362 -0.018952
-0.003341 -0.003783
-0.002536 0.045529
-0.001908 0.131377
-0.001424 0.246587
-0.001054 0.373386
-0.000774 0.485718
-0.000564 0.561030
-0.000409 0.589000
-0.000253 0.572076
-0.000139 0.520933
-0.000058 0.449048
0.000000 0.368747
0.000000 0.289264
0.000000 0.216376
0.000000 0.152941
0.000000 0.099765
0.000000 0.056435
0.000000 0.021956
0.000000 -0.004459
0.000000 -0.018349
0.000000 -0.007750
0.000000 0.038143
0.000000 0.121555
0.000000 0.235546
0.000000 0.367802
0.000000 0.504733
0.000000 0.629757
0.000000 0.722507
0.000000 0.767350
0.000000 0.760202
0.000000 0.708086
0.000000 0.624449
0.000000 0.524190
0.000000 0.420014
0.000000 0.320962
0.000000 0.232360
0.000000 0.156550
0.000000 0.093854
0.000000 0.043436
0.000000 0.003944
0.000000 -0.025725
0.000000 -0.041392
0.000000 -0.031358
0.000000 0.014931
0.000000 0.099087
0.000000 0.208370
0.000000 0.317313
0.000000 0.400914
0.000000 0.445007
0.000000 0.448308
0.000000 0.418524
0.000000 0.367137
0.000000 0.305312
0.000000 0.241861
0.000000 0.182494
0.000000 0.130226
0.000000 0.086108
0.000000 0.049991
0.000000 0.021126
0.000378 -0.001435
0.006719 -0.018618
0.031986 -0.031242
0.087849 -0.040008
0.177292 -0.045517
0.294062 -0.048306
0.426474 -0.048872
0.561522 -0.047675
0.683161 -0.045110
0.771467 -0.041625
0.811278 -0.037569
0.798855 -0.033240
0.741500 -0.028880
0.652904 -0.024673
0.548055 -0.020750
0.439746 -0.017238
0.337061 -0.014124
0.245331 -0.011425
0.166879 -0.009131
0.101987 -0.007214
0.049773 -0.005638
0.008832 -0.004362
-0.022369 -0.003341
-0.045284 -0.002536
-0.061222 -0.001908
-0.070960 -0.001424
-0.069941 -0.001054
-0.046132 -0.000774
0.011296 -0.000564
0.104185 -0.000409
0.220014 -0.000253
0.333545 -0.000139
0.419981 -0.000058
0.465478 0.000000
0.469021 0.000000
0.438587 0.000000
0.385913 0.000000
0.322428 0.000000
0.257082 0.000000
0.195740 0.000000
0.141533 0.000000
0.095594 0.000000
0.057824 0.000000
0.027500 0.000000
0.004061 0.000000
-0.007840 0.000000
0.003924 0.000000
0.050306 0.000000
0.133666 0.000000
0.247234 0.000000
0.378754 0.000000
0.515122 0.000000
0.645054 0.000000
0.755592 0.000000
0.829922 0.000000
0.855311 0.000000
0.829530 0.000000
0.760701 0.000000
0.662730 0.000000
0.550489 0.000000
0.436509 0.000000
0.329580 0.000000
0.234770 0.000000
0.154188 0.000000
0.087951 0.000000
0.035047 0.000000
-0.006038 0.000000
-0.036933 0.000000
-0.059186 0.000000
-0.074192 0.000000
-0.083192 0.000000
-0.087290 0.000000
-0.087104 0.000000
-0.077947 0.000000
-0.047623 0.000000
0.014773 0.000000
0.111240 0.000000
0.229432 0.000000
0.344263 0.000000
0.431187 0.000000
0.476549 0.000000
0.479510 0.000000
0.448201 0.000000
0.394485 0.000000
0.329895 0.000000
0.263453 0.000000
0.201079 0.000000
0.145933 0.000000
0.099166 0.000000
0.060684 0.000000
0.029762 0.000000
0.005450 0.000378
-0.013195 0.006719
-0.026977 0.031986
-0.036682 0.087849
-0.042942 0.176914
-0.046324 0.287343
-0.047350 0.394488
-0.046509 0.474051
-0.044254 0.512588
-0.041002 0.509391
-0.037160 0.472652
-0.032988 0.414248
-0.028740 0.345682
-0.024614 0.275925
-0.020750 0.210829
-0.017238 0.153479
-0.014124 0.104951
-0.011425 0.065079
-0.009131 0.033072
-0.007214 0.007922
-0.005638 -0.011363
-0.004362 -0.025671
-0.003341 -0.035769
-0.002536 -0.042320
-0.001530 -0.045915
0.005296 -0.047097
0.030932 -0.046369
0.087075 -0.044196
0.176350 -0.041002
0.286934 -0.037160
0.394236 -0.032988
0.473912 -0.028740
0.512530 -0.024614
0.509391 -0.020750
0.472652 -0.017238
0.414248 -0.014124
0.345682 -0.011425
0.275925 -0.009131
0.210829 -0.007214
0.153479 -0.005638
0.104951 -0.004362
0.065079 -0.003341
0.033072 -0.002536
0.007922 -0.001530
-0.011363 0.005296
-0.025671 0.030932
-0.035769 0.087075
-0.042320 0.176728
-0.045915 0.293654
-0.047097 0.426222
-0.046369 0.561760
-0.044196 0.689822
-0.041002 0.803075
-0.037160 0.892407
-0.032988 0.944162
-0.028740 0.947714
-0.024614 0.902086
-0.020750 0.815893
-0.017238 0.703152
-0.014124 0.578614
-0.011425 0.454577
-0.009131 0.339574
-0.007214 0.238423
-0.005638 0.153003
-0.004362 0.083224
-0.003341 0.027880
-0.002536 -0.014725
-0.001530 -0.046391
0.005296 -0.068825
0.030932 -0.083569
0.087075 -0.091993
0.176728 -0.095316
0.293654 -0.094623
0.425844 -0.090885
0.555041 -0.084965
0.657836 -0.077610
0.715604 -0.069458
0.721834 -0.061026
0.682085 -0.052720
0.609088 -0.044839
0.517478 -0.037586
0.420074 -0.031079
0.326174 -0.025370
0.241387 -0.020461
0.168310 -0.016313
0.107464 -0.012865
0.058171 -0.010041
0.019196 -0.007760
-0.010840 -0.005941
-0.033256 -0.004130
-0.049228 0.003328
-0.059791 0.029455
-0.065860 0.086016
-0.068262 0.175608
-0.067753 0.286429
-0.065024 0.393866
-0.060701 0.473643
-0.055335 0.512336
-0.049396 0.509251
-0.043270 0.472594
-0.037255 0.414248
-0.031570 0.345682
-0.026360 0.275925
-0.021707 0.210829
-0.017645 0.153479
-0.014169 0.104951
-0.011247 0.065079
-0.008831 0.033072
-0.006485 0.007922
0.001439 -0.011363
0.027961 -0.025671
0.084807 -0.035769
0.174636 -0.042320
0.285650 -0.045915
0.393240 -0.047097
0.473138 -0.046369
0.511966 -0.044196
0.508982 -0.041002
0.472400 -0.037160
0.414108 -0.032988
0.345623 -0.028740
0.275925 -0.024614
0.210829 -0.020750
0.153479 -0.017238
0.104951 -0.014124
0.065079 -0.011425
0.033072 -0.009131
0.007922 -0.007214
-0.011363 -0.005638
-0.025671 -0.004362
-0.035769 -0.003341
-0.042320 -0.002536
-0.045538 -0.001908
-0.040378 -0.001424
-0.014383 -0.001054
0.043652 -0.000774
0.135912 -0.000564
0.250182 -0.000409
0.361500 -0.000253
0.445311 -0.000139
0.487974 -0.000058
0.488640 0.000000
0.455414 0.000000
0.400123 0.000000
0.334256 0.000000
0.266795 0.000000
0.203615 0.000000
0.147841 0.000000
0.100590 0.000000
0.061738 0.000000
0.030536 0.000000
0.006014 0.000000
-0.012786 0.000000
-0.026725 0.000000
-0.036543 0.000000
-0.042884 0.000000
-0.046324 0.000000
-0.047350 0.000000
-0.046509 0.000000
-0.044254 0.000000
-0.041002 0.000000
-0.037160 0.000000
-0.032988 0.000000
-0.028740 0.000000
-0.024614 0.000000
-0.020750 0.000000
-0.017238 0.000000
-0.014124 0.000000
-0.011425 0.000000
-0.009131 0.000000
-0.007214 0.000000
-0.005638 0.000000
-0.004362 0.000000
-0.003341 0.000000
-0.002536 0.000000
-0.001908 0.000000
-0.001424 0.000000
-0.001054 0.000000
-0.000774 0.000000
-0.000564 0.000000
-0.000409 0.000000
-0.000253 0.000000
-0.000139 0.000000
-0.000058 0.000000
0.000000 0.000000
0.000000 0.000000
0.000000 0.000000
0.000000 0.000000
0.000000 0.000000
0.000000 0.000000
0.000000 0.000000
0.000000 0.000000
0.000000 0.000000
0.000000 0.000000
0.000000 0.000000
0.000000 0.000000
0.000000 0.000000
0.000000 0.000000
0.000000 0.000000
0.000000 0.000000
0.000000 0.000000
0.000000 0.000000
0.000000 0.000000
0.000000 0.000000
0.000000 0.000000
0.000000 0.000000
0.000000 0.000000
0.000000 0.000000
0.000000 0.000000
0.000000 0.000000
0.000000 0.000000
0.000000 0.000000
0.000000 0.000000
0.000000 0.000000
0.000000 0.000000
0.000000 0.000000
0.000000 0.000000
0.000000 0.000000
0.000000 0.000000
0.000000 0.000000
0.000000 0.000000
0.000000 0.000000
0.000000 0.000000
0.000000 0.000000
0.000000 0.000000
0.000000 0.000000
0.000000 0.000000
0.000000 0.000000
0.000000 0.000000
0.000000 0.000000
0.000000 0.000000
0.000000 0.000000
0.000000 0.000000
0.000000 0.000000
0.000000 0.000000
0.000000 0.000000
0.000000 0.000000
0.000000 0.000000
0.000000 0.000000
0.000000 0.000000
0.000000 0.000000
0.000000 0.000000
0.000000 0.000000
0.000000 0.000000
0.000000 0.000000
0.000000 0.000000
0.000000 0.000000
0.000000 0.000000
0.000000 0.000000
0.000000 0.000000
0.000000 0.000000
0.000000 0.000000
0.000000 0.000000
0.000000 0.000000
0.000000 0.000000
0.000000 0.000000
0.000000 0.000000
0.000000 0.000000
0.000000 0.000000
0.000000 0.000000
0.000000 0.000000
