0.000000 0.000000
0.000000 0.000000
0.000000 0.000000
0.000000 0.000000
0.000000 0.000000
0.000000 0.000000
0.000000 0.000000
0.000000 0.000000
0.000000 0.000000
0.000000 0.000000
0.000000 0.000000
0.000000 0.000000
0.000000 0.000000
0.000000 0.000000
0.000000 0.000000
0.000000 0.000378
0.000000 0.006719
0.000000 0.031986
0.000000 0.087849
0.000000 0.176914
0.000000 0.287343
0.000000 0.394488
0.000000 0.474051
0.000000 0.512588
0.000000 0.509391
0.000000 0.472652
0.000000 0.414248
0.000000 0.345682
0.000000 0.275925
0.000000 0.210829
0.000000 0.153479
0.000000 0.104951
0.000000 0.065079
0.000000 0.033072
0.000000 0.007922
0.000000 -0.011363
0.000000 -0.025671
0.000000 -0.035769
0.000000 -0.042320
0.000000 -0.045538
0.000000 -0.040378
0.000000 -0.014383
0.000000 0.043652
0.000000 0.136290
0.000000 0.256902
0.000000 0.393487
0.000000 0.532782
0.000000 0.658547
0.000000 0.750716
0.000000 0.794040
0.000000 0.784731
0.000000 0.730075
0.000000 0.643773
0.000000 0.540841
0.000000 0.434108
0.000000 0.332699
0.000000 0.241990
0.000000 0.164343
0.000000 0.100079
0.000000 0.048349
0.000000 0.007778
0.000000 -0.022765
0.000000 -0.039129
0.000000 -0.029644
0.000000 0.016258
0.000000 0.100492
0.000000 0.215886
0.000000 0.349543
0.000000 0.482451
0.000000 0.590566
0.000000 0.654662
0.000000 0.667764
0.000000 0.634975
0.000000 0.568718
0.000000 0.483413
0.000000 0.391740
0.000000 0.302920
0.000000 0.222544
0.000000 0.153222
0.000000 0.095518
0.000000 0.048814
0.000000 0.011941
0.000378 -0.016412
0.006719 -0.037495
0.031986 -0.052425
0.087849 -0.062182
0.176914 -0.067634
0.287343 -0.069569
0.394488 -0.068667
0.474051 -0.065647
0.512588 -0.061110
0.509391 -0.055587
0.472652 -0.049535
0.414248 -0.043328
0.345682 -0.037255
0.275925 -0.031570
0.210829 -0.026360
0.153479 -0.021707
0.104951 -0.017645
0.065079 -0.014169
0.033072 -0.011247
0.007922 -0.008831
-0.011363 -0.006485
-0.025671 0.001439
-0.035769 0.027961
-0.042320 0.084807
-0.045915 0.175014
-0.047097 0.292369
-0.046369 0.425226
-0.044196 0.560987
-0.041002 0.689258
-0.037160 0.803044
-0.032988 0.898496
-0.028740 0.969289
-0.024614 1.003518
-0.020750 0.991530
-0.017238 0.932663
-0.014124 0.835564
-0.011425 0.714039
-0.009131 0.582558
-0.007214 0.453146
-0.005638 0.334096
-0.004362 0.230025
-0.003341 0.142639
-0.002536 0.071696
-0.001908 0.015851
-0.001424 -0.026719
-0.001054 -0.057938
-0.000774 -0.079625
-0.000187 -0.093424
0.006311 -0.100793
0.031734 -0.103021
0.087709 -0.101250
0.177234 -0.096493
0.294062 -0.089639
0.426474 -0.081451
0.561522 -0.072572
0.683161 -0.063520
0.771467 -0.054695
0.811278 -0.046386
0.798855 -0.038784
0.741500 -0.031998
0.652904 -0.026069
0.548055 -0.020987
0.439746 -0.016706
0.337061 -0.013156
0.245331 -0.010255
0.166879 -0.007916
0.101987 -0.006054
0.049773 -0.004589
0.008832 -0.003450
-0.022369 -0.002531
-0.045284 -0.001832
-0.060844 -0.001306
-0.064618 -0.000913
-0.044674 -0.000622
0.009731 -0.000409
0.100739 -0.000253
0.221333 -0.000139
0.359146 -0.000058
0.500957 0.000000
0.635433 0.000000
0.749623 0.000000
0.826770 0.000000
0.854234 0.000000
0.829935 0.000000
0.762062 0.000000
0.664637 0.000000
0.552638 0.000000
0.438687 0.000000
0.331648 0.000000
0.236645 0.000000
0.155830 0.000000
0.089350 0.000000
0.036211 0.000000
-0.005088 0.000000
-0.035794 0.000000
-0.051865 0.000000
-0.041696 0.000000
0.005088 0.000000
0.089990 0.000000
0.200173 0.000000
0.310091 0.000000
0.394637 0.000000
0.439652 0.000000
0.443774 0.000000
0.414741 0.000000
0.364022 0.000000
0.302817 0.000000
0.239886 0.000000
0.180948 0.000000
0.129028 0.000000
0.085189 0.000000
0.049293 0.000000
0.020600 0.000000
-0.001450 0.000000
-0.012189 0.000000
0.000530 0.000000
0.047685 0.000000
0.131662 0.000000
0.245674 0.000000
0.377167 0.000000
0.507505 0.000000
0.612785 0.000000
0.673980 0.000000
0.684265 0.000000
0.648845 0.000000
0.580208 0.000000
0.492806 0.000000
0.399324 0.000000
0.308936 0.000000
0.227263 0.000000
0.156885 0.000000
0.098334 0.000000
0.050957 0.000000
0.013558 0.000000
-0.015202 0.000000
-0.036597 0.000000
-0.051764 0.000000
-0.061699 0.000000
-0.067284 0.000000
-0.069316 0.000378
-0.068527 0.006719
-0.065589 0.031986
-0.061110 0.087849
-0.055587 0.177292
-0.049535 0.294062
-0.043328 0.426474
-0.037255 0.561900
-0.031570 0.689881
-0.026360 0.803075
-0.021707 0.892407
-0.017645 0.944162
-0.014169 0.947714
-0.011247 0.902086
-0.008831 0.815893
-0.006862 0.703152
-0.005280 0.578614
-0.004025 0.454577
-0.003041 0.339574
-0.002278 0.238423
-0.001693 0.153003
-0.001248 0.083224
-0.000913 0.027880
-0.000622 -0.014725
-0.000031 -0.046391
0.006467 -0.068825
0.031847 -0.083569
0.087790 -0.091993
0.177292 -0.095316
0.294062 -0.094623
0.426474 -0.090885
0.561900 -0.084965
0.689881 -0.077610
0.803075 -0.069458
0.892407 -0.061026
0.944162 -0.052720
0.947714 -0.044839
0.902086 -0.037586
0.815893 -0.031079
0.703152 -0.025370
0.578614 -0.020461
0.454577 -0.016313
0.339574 -0.012865
0.238423 -0.010041
0.153003 -0.007760
0.083224 -0.005941
0.027880 -0.004508
-0.014725 -0.003391
-0.046391 -0.002153
-0.068825 0.004887
-0.083569 0.030680
-0.091993 0.086935
-0.095316 0.176670
-0.094623 0.293654
-0.090885 0.426222
-0.084965 0.561760
-0.077610 0.689822
-0.069458 0.803075
-0.061026 0.892407
-0.052720 0.944162
-0.044839 0.947714
-0.037586 0.902086
-0.031079 0.815893
-0.025370 0.703152
-0.020461 0.578614
-0.016313 0.454577
-0.012865 0.339574
-0.010041 0.238423
-0.007760 0.153003
-0.005941 0.083224
-0.004508 0.027880
-0.003391 -0.014725
-0.002153 -0.046391
0.004887 -0.068825
0.030680 -0.083569
0.086935 -0.091993
0.176670 -0.095316
0.293654 -0.094623
0.426222 -0.090885
0.561760 -0.084965
0.689822 -0.077610
0.803075 -0.069458
0.892407 -0.061026
0.944162 -0.052720
0.947714 -0.044839
0.902086 -0.037586
0.815893 -0.031079
0.703152 -0.025370
0.578614 -0.020461
0.454577 -0.016313
0.339574 -0.012865
0.238423 -0.010041
0.153003 -0.007760
0.083224 -0.005941
0.027880 -0.004508
-0.014725 -0.003391
-0.046391 -0.002153
-0.068825 0.004887
-0.083569 0.030680
-0.091993 0.086935
-0.095316 0.176292
-0.094623 0.286934
-0.090885 0.394236
-0.084965 0.473912
-0.077610 0.512530
-0.069458 0.509391
-0.061026 0.472652
-0.052720 0.414248
-0.044839 0.345682
-0.037586 0.275925
-0.031079 0.210829
-0.025370 0.153479
-0.020461 0.104951
-0.016313 0.065079
-0.012865 0.033072
-0.010041 0.008300
-0.007760 -0.004643
-0.005941 0.006315
-0.004508 0.052080
-0.003391 0.134595
-0.002531 0.241427
-0.001832 0.347391
-0.001306 0.427682
-0.000913 0.468392
-0.000622 0.468388
-0.000409 0.435492
-0.000253 0.381260
-0.000139 0.316941
-0.000058 0.251311
0.000000 0.190078
0.000000 0.136241
0.000000 0.090827
0.000000 0.053654
0.000000 0.023941
0.000000 0.001086
0.000000 -0.010281
0.000000 0.001953
0.000000 0.048738
0.000000 0.132436
0.000000 0.245861
0.000000 0.371234
0.000000 0.482491
0.000000 0.557062
0.000000 0.584594
0.000000 0.567495
0.000000 0.516433
0.000000 0.444783
0.000000 0.364825
0.000000 0.285752
0.000000 0.213263
0.000000 0.150242
0.000000 0.097470
0.000000 0.054518
0.000000 0.020380
0.000378 -0.006114
0.006719 -0.026089
0.031986 -0.040541
0.087849 -0.050333
0.177292 -0.056222
0.293684 -0.058886
0.419755 -0.058951
0.529914 -0.056999
0.602032 -0.053560
0.626161 -0.049116
0.605064 -0.044040
0.549673 -0.038735
0.473662 -0.033472
0.389498 -0.028455
0.306502 -0.023865
0.230500 -0.019732
0.164366 -0.016099
0.108895 -0.012971
0.063648 -0.010328
0.027594 -0.008133
-0.000476 -0.006336
-0.021727 -0.004888
-0.037200 -0.003734
-0.047419 -0.002827
-0.047594 -0.002122
-0.025476 -0.001580
0.029951 -0.001167
0.121068 -0.000855
0.241066 -0.000622
0.377767 -0.000409
0.517734 -0.000253
0.644565 -0.000139
0.738053 -0.000058
0.782822 0.000000
0.774990 0.000000
0.721768 0.000000
0.636805 0.000000
0.535083 0.000000
0.429418 0.000000
0.328928 0.000000
0.238995 0.000000
0.161991 0.000000
0.098253 0.000000
0.046946 0.000000
0.006709 0.000000
-0.023949 0.000000
-0.046451 0.000000
-0.062077 0.000378
-0.071960 0.006719
-0.077069 0.031986
-0.078370 0.087849
-0.076692 0.176914
-0.072787 0.287343
-0.067328 0.394488
-0.060943 0.474051
-0.054070 0.512588
-0.047111 0.509391
-0.040370 0.472652
-0.034065 0.414248
-0.028335 0.345682
-0.023253 0.275925
-0.018843 0.210829
-0.015088 0.153479
-0.011946 0.104951
-0.009357 0.065079
-0.007255 0.033072
-0.005571 0.008300
-0.004239 -0.004643
-0.003197 0.006315
-0.002391 0.052080
-0.001774 0.134973
-0.001306 0.248147
-0.000913 0.379377
-0.000622 0.515531
-0.000409 0.645684
-0.000253 0.762073
-0.000139 0.855246
-0.000058 0.911174
0.000000 0.918974
0.000000 0.877472
0.000000 0.795142
0.000000 0.685915
0.000000 0.564489
0.000000 0.443152
0.000000 0.330443
0.000000 0.231209
0.000000 0.147365
0.000000 0.078863
0.000000 0.024538
0.000000 -0.017262
0.000000 -0.047921
0.000000 -0.063529
0.000000 -0.052637
0.000000 -0.004919
0.000000 0.081412
0.000000 0.199031
0.000000 0.335336
0.000000 0.476418
0.000000 0.605492
0.000000 0.702009
0.000000 0.750252
0.000000 0.746135
0.000000 0.696661
0.000000 0.615318
0.000000 0.516976
0.000000 0.414376
0.000000 0.316600
0.000000 0.229018
0.000000 0.154014
0.000000 0.091946
0.000000 0.042013
0.000000 0.002890
0.000000 -0.026499
0.000000 -0.041956
0.000000 -0.031766
0.000000 0.014679
0.000000 0.099326
0.000000 0.215031
0.000000 0.349299
0.000000 0.488762
0.000000 0.621922
0.000000 0.735651
0.000000 0.813012
0.000000 0.841189
0.000000 0.817900
0.000000 0.751251
0.000000 0.655146
0.000000 0.544473
0.000000 0.431790
0.000000 0.325916
0.000000 0.231954
0.000000 0.152044
0.000000 0.086334
0.000000 0.033837
0.000000 -0.006936
0.000378 -0.037594
0.006719 -0.059669
0.031986 -0.074543
0.087849 -0.083444
0.177292 -0.087429
0.294062 -0.087540
0.426474 -0.084666
0.561522 -0.079609
0.683161 -0.073076
0.771467 -0.065675
0.811278 -0.057911
0.798855 -0.050225
0.741500 -0.042865
0.652904 -0.036040
0.548055 -0.029881
0.439746 -0.024451
0.337061 -0.019762
0.245331 -0.015787
0.166879 -0.012472
0.101987 -0.009750
0.049773 -0.007546
0.008832 -0.005785
-0.022369 -0.004017
-0.045284 0.003409
-0.061222 0.029514
-0.071338 0.086016
-0.076660 0.175986
-0.078118 0.293149
-0.076553 0.425852
-0.072729 0.561491
-0.067328 0.689250
-0.060943 0.796594
-0.054070 0.867082
-0.047111 0.888299
-0.040370 0.858270
-0.034065 0.785316
-0.028335 0.683481
-0.023253 0.567727
-0.018843 0.450633
-0.015088 0.341005
-0.011946 0.243900
-0.009357 0.161401
-0.007255 0.093589
-0.005571 0.039408
-0.004239 -0.002697
-0.003197 -0.034019
-0.002391 -0.050558
-0.001774 -0.040783
-0.001306 0.005711
-0.000913 0.090398
-0.000622 0.200425
-0.000409 0.310230
-0.000253 0.394695
-0.000139 0.439652
-0.000058 0.443774
0.000000 0.414741
0.000000 0.364022
0.000000 0.302817
0.000000 0.239886
0.000000 0.180948
0.000000 0.129028
0.000000 0.085189
0.000000 0.049293
0.000000 0.020600
0.000000 -0.001450
0.000000 -0.012189
0.000000 0.000530
0.000000 0.047685
0.000000 0.131285
0.000000 0.238955
0.000000 0.345558
0.000000 0.426376
0.000000 0.467479
0.000000 0.467766
0.000000 0.435083
0.000000 0.381007
0.000000 0.316802
0.000000 0.251253
0.000000 0.190078
0.000000 0.136241
0.000000 0.090827
0.000000 0.053654
0.000000 0.023941
0.000000 0.001086
0.000000 -0.010281
0.000000 0.001953
0.000000 0.048738
0.000000 0.132436
0.000000 0.246239
0.000000 0.377953
0.000000 0.514477
0.000000 0.644533
0.000000 0.755167
0.000000 0.829571
0.000000 0.855059
0.000000 0.829390
0.000000 0.760643
0.000000 0.662730
0.000000 0.550489
0.000000 0.436509
0.000000 0.329580
0.000000 0.234770
0.000000 0.154188
0.000000 0.087951
0.000000 0.035047
0.000000 -0.006038
0.000000 -0.036556
0.000000 -0.052467
0.000000 -0.042206
0.000000 0.004657
0.000000 0.090002
0.000000 0.206580
0.000000 0.341430
0.000000 0.475571
0.000000 0.584819
0.000000 0.649929
0.000000 0.663923
0.000000 0.631860
0.000000 0.566224
0.000000 0.481438
0.000000 0.390193
0.000000 0.301722
0.000000 0.221625
0.000000 0.152523
0.000000 0.094992
0.000000 0.048421
0.000000 0.011650
0.000378 -0.016625
0.006719 -0.037651
0.031986 -0.052538
0.087849 -0.062263
0.177292 -0.067692
0.294062 -0.069569
0.426474 -0.068667
0.561900 -0.065647
0.689881 -0.061110
0.803075 -0.055587
0.892407 -0.049535
0.944162 -0.043328
0.947714 -0.037255
0.902086 -0.031570
0.815893 -0.026360
0.703152 -0.021707
0.578614 -0.017645
0.454577 -0.014169
0.339574 -0.011247
0.238423 -0.008831
0.153003 -0.006862
0.083224 -0.005280
0.027880 -0.004025
-0.014725 -0.003041
-0.046013 -0.002278
-0.062105 -0.001693
-0.051583 -0.001248
-0.004145 -0.000913
0.081599 -0.000622
0.192720 -0.000409
0.303603 -0.000253
0.389087 -0.000139
0.434978 -0.000058
0.439933 0.000000
0.411627 0.000000
0.361528 0.000000
0.300842 0.000000
0.238339 0.000000
0.179750 0.000000
0.128109 0.000000
0.084491 0.000000
0.048767 0.000000
0.020207 0.000000
-0.001741 0.000000
-0.012403 0.000000
0.000374 0.000000
0.047572 0.000000
0.131581 0.000000
0.245616 0.000000
0.377544 0.000000
0.514225 0.000000
0.644393 0.000000
0.755109 0.000000
0.829571 0.000000
0.855059 0.000000
0.829390 0.000000
0.760643 0.000000
0.662730 0.000000
0.550489 0.000000
0.436509 0.000000
0.329580 0.000000
0.234770 0.000000
0.154188 0.000000
0.087951 0.000000
0.035047 0.000000
-0.006038 0.000000
-0.036933 0.000000
-0.059186 0.000000
-0.074192 0.000000
-0.083192 0.000000
-0.087290 0.000000
-0.087104 0.000000
-0.077947 0.000000
-0.047623 0.000000
0.014773 0.000000
0.111617 0.000000
0.235774 0.000000
0.369529 0.000000
0.487049 0.000000
0.565992 0.000000
0.596280 0.000000
0.580613 0.000000
0.529911 0.000000
0.457876 0.000000
0.377026 0.000000
0.296752 0.000000
0.222954 0.000000
0.158581 0.000000
0.104500 0.000000
0.060338 0.000000
0.025122 0.000000
-0.001930 0.000000
-0.016314 0.000000
-0.006127 0.000000
0.039429 0.000000
0.122193 0.000000
0.229628 0.000000
0.336451 0.000000
0.417769 0.000000
0.459592 0.000000
0.460683 0.000000
0.428864 0.000000
0.375652 0.000000
0.312267 0.000000
0.247470 0.000000
0.186963 0.000000
0.133747 0.000000
0.088852 0.000000
0.052108 0.000000
0.022743 0.000000
-0.000210 0.000000
-0.017699 0.000000
-0.030559 0.000000
-0.039125 0.000000
-0.038427 0.000000
-0.016051 0.000000
0.039171 0.000000
0.129379 0.000000
0.242291 0.000000
0.352863 0.000000
0.436482 0.000000
0.479348 0.000000
0.480511 0.000000
0.447980 0.000000
0.393497 0.000000
0.328444 0.000000
0.261801 0.000000
0.199403 0.000000
0.144349 0.000000
0.097738 0.000000
0.059441 0.000000
0.028710 0.000000
0.004959 0.000000
-0.007179 0.000000
0.004407 0.000000
0.050656 0.000000
0.133919 0.000000
0.247373 0.000000
0.378812 0.000000
0.515122 0.000000
0.645432 0.000000
0.761933 0.000000
0.855188 0.000000
0.911174 0.000000
0.918974 0.000000
0.877472 0.000000
0.795142 0.000000
0.685915 0.000000
0.564489 0.000000
0.443152 0.000000
0.330443 0.000000
0.231209 0.000000
0.147365 0.000000
0.078863 0.000000
0.024538 0.000000
-0.017262 0.000000
-0.047921 0.000000
-0.063529 0.000000
-0.052637 0.000000
-0.004919 0.000000
0.081412 0.000000
0.199031 0.000000
0.335336 0.000000
0.476796 0.000000
0.612212 0.000000
0.733617 0.000000
0.831381 0.000000
0.891442 0.000000
0.902874 0.000000
0.864500 0.000000
0.784814 0.000000
0.677782 0.000000
0.558153 0.000000
0.438264 0.000000
0.326709 0.000000
0.228382 0.000000
0.145243 0.000000
0.077283 0.000000
0.023372 0.000000
-0.018117 0.000000
-0.048922 0.000000
-0.070657 0.000000
-0.084875 0.000000
-0.092907 0.000000
-0.095938 0.000000
-0.095031 0.000000
-0.091138 0.000000
-0.085104 0.000000
-0.077669 0.000000
-0.069458 0.000000
-0.061026 0.000000
-0.052720 0.000000
-0.044839 0.000000
-0.037586 0.000000
-0.031079 0.000000
-0.025370 0.000000
-0.020461 0.000000
-0.016313 0.000000
-0.012865 0.000000
-0.010041 0.000000
-0.007760 0.000000
-0.005941 0.000000
-0.004508 0.000000
-0.003391 0.000000
-0.002531 0.000000
-0.001832 0.000000
-0.001306 0.000000
-0.000913 0.000000
-0.000622 0.000000
-0.000409 0.000000
-0.000253 0.000000
-0.000139 0.000000
-0.000058 0.000000
0.000000 0.000000
0.000000 0.000000
0.000000 0.000000
0.000000 0.000000
0.000000 0.000000
0.000000 0.000000
0.000000 0.000000
0.000000 0.000000
0.000000 0.000000
0.000000 0.000000
0.000000 0.000000
0.000000 0.000000
0.000000 0.000000
0.000000 0.000000
0.000000 0.000000
0.000000 0.000000
0.000000 0.000000
0.000000 0.000000
0.000000 0.000000
0.000000 0.000000
0.000000 0.000000
0.000000 0.000000
0.000000 0.000000
0.000000 0.000000
0.000000 0.000000
0.000000 0.000000
0.000000 0.000000
0.000000 0.000000
0.000000 0.000000
0.000000 0.000000
0.000000 0.000000
0.000000 0.000000
0.000000 0.000000
0.000000 0.000000
0.000000 0.000000
0.000000 0.000000
0.000000 0.000000
0.000000 0.000000
0.000000 0.000000
0.000000 0.000000
0.000000 0.000000
0.000000 0.000000
0.000000 0.000000
0.000000 0.000000
0.000000 0.000000
0.000000 0.000000
0.000000 0.000000
0.000000 0.000000
0.000000 0.000000
0.000000 0.000000
