0.000000
0.000000
0.000000
0.000000
0.000000
0.000000
0.000000
0.000000
0.000000
0.000378
0.006719
0.031986
0.087471
0.170573
0.262076
0.338626
0.384608
0.395818
0.376979
0.337226
0.286267
0.232109
0.180252
0.133807
0.094064
0.061136
0.034503
0.013400
-0.002965
-0.015307
-0.024240
-0.030291
-0.033922
-0.035551
-0.035569
-0.034341
-0.032203
-0.029455
-0.026360
-0.023132
-0.019940
-0.016909
-0.013745
-0.004910
0.022536
0.079886
0.164557
0.257357
0.334963
0.381792
0.393675
0.375361
0.336017
0.285369
0.231449
0.179769
0.133457
0.093812
0.060996
0.034445
0.013400
-0.002965
-0.014929
-0.017521
0.001695
0.053549
0.135022
0.226507
0.304285
0.352405
0.366363
0.350618
0.314094
0.266327
0.215200
0.166129
0.122178
0.084992
0.060271
0.060473
0.096152
0.163945
0.243954
0.312242
0.352699
0.360687
0.340530
0.300997
0.251443
0.199556
0.150544
0.107308
0.070874
0.041195
0.017593
-0.000723
-0.014594
-0.024757
-0.031825
-0.036307
-0.038641
-0.039214
-0.038384
-0.036484
-0.033820
-0.030665
-0.027258
-0.023793
-0.020046
-0.010540
0.017611
0.075702
0.161064
0.254492
0.332610
0.379889
0.392155
0.374163
0.335083
0.284650
0.230900
0.179354
0.133146
0.093581
0.060785
0.034250
0.013638
0.003697
0.016680
0.063231
0.140281
0.228155
0.303075
0.349039
0.361478
0.344776
0.307771
0.259907
0.208977
0.160311
0.116898
0.079942
0.049506
0.025052
0.005816
-0.008980
-0.020026
-0.027903
-0.033107
-0.036065
-0.037168
-0.036779
-0.035238
-0.032863
-0.029561
-0.019991
0.008601
0.067391
0.153605
0.247953
0.326996
0.375157
0.388234
0.370963
0.332507
0.282604
0.229294
0.178108
0.132190
0.092855
0.060616
0.040561
0.044903
0.084156
0.155014
0.237696
0.308276
0.350686
0.360268
0.341410
0.302886
0.254064
0.202654
0.153892
0.110675
0.074502
0.050946
0.052366
0.089241
0.158158
0.239185
0.308370
0.349597
0.358234
0.338613
0.299514
0.250309
0.198697
0.149899
0.106786
0.070449
0.040845
0.017341
-0.000862
-0.014652
-0.024757
-0.031825
-0.036307
-0.038641
-0.039214
-0.038384
-0.036484
-0.033442
-0.023946
0.004728
0.063678
0.150149
0.244816
0.324250
0.372839
0.386310
0.369394
0.331211
0.281548
0.228446
0.177437
0.131664
0.092447
0.059926
0.033605
0.012739
-0.003448
-0.015279
-0.017773
0.001555
0.053491
0.135022
0.226507
0.304285
0.352405
0.366363
0.350618
0.314472
0.273046
0.247186
0.253600
0.292750
0.346690
0.392177
0.413095
0.404499
0.370351
0.319104
0.259883
0.200201
0.145120
0.097359
0.057835
0.026312
0.001950
-0.016308
-0.029464
-0.038497
-0.044181
-0.047201
-0.048044
-0.047180
-0.045019
-0.041925
-0.038218
-0.034175
-0.030023
-0.025947
-0.021706
-0.011807
0.016653
0.074944
0.160461
0.254009
0.332259
0.379636
0.392016
0.374105
0.335083
0.284650
0.230900
0.179354
0.133146
0.093581
0.060785
0.034250
0.013260
-0.003023
-0.015307
-0.024240
-0.030291
-0.033922
-0.035551
-0.035569
-0.034341
-0.032203
-0.029455
-0.026360
-0.023132
-0.019940
-0.016532
-0.007403
0.020356
0.078020
0.162988
0.256060
0.333907
0.380945
0.393003
0.374835
0.335609
0.285057
0.231212
0.179591
0.133324
0.093714
0.060883
0.034741
0.020061
0.029021
0.072164
0.146332
0.231785
0.304704
0.349057
0.360250
0.342638
0.305024
0.256812
0.205749
0.157120
0.114244
0.083874
0.078999
0.110344
0.174522
0.251527
0.317303
0.355649
0.361864
0.340242
0.299532
0.249081
0.196559
0.147152
0.104069
0.073941
0.069639
0.101781
0.166924
0.244931
0.311690
0.350917
0.357943
0.337041
0.296957
0.247035
0.194953
0.145906
0.103112
0.073214
0.069092
0.101372
0.166580
0.244638
0.311437
0.350778
0.357885
0.337041
0.296957
0.247035
0.194953
0.145906
0.102735
0.066494
0.037106
0.013901
-0.003993
-0.017438
-0.027189
-0.033452
-0.031214
-0.007951
0.047201
0.131341
0.224920
0.304280
0.353535
0.368248
0.352949
0.316625
0.268875
0.217636
0.168370
0.124217
0.086422
0.055120
0.029784
0.009737
-0.005780
-0.017072
-0.019138
0.000485
0.052652
0.134361
0.226024
0.303934
0.352153
0.366223
0.350560
0.314094
0.266327
0.215200
0.166129
0.122178
0.084614
0.053551
0.028487
0.008681
-0.006628
-0.018122
-0.026384
-0.031909
-0.035131
-0.036448
-0.036230
-0.034824
-0.032553
-0.029708
-0.026500
-0.023190
-0.019940
-0.016909
-0.013745
-0.004910
0.022536
0.079886
0.164557
0.257357
0.334963
0.381792
0.393675
0.375361
0.336017
0.285369
0.231449
0.179769
0.133457
0.093812
0.060996
0.034445
0.013778
0.003755
0.016680
0.063231
0.140281
0.228155
0.303075
0.349039
0.361478
0.344776
0.308149
0.266626
0.240963
0.247782
0.287470
0.342018
0.388132
0.409660
0.401634
0.367998
0.317201
0.258364
0.199003
0.144187
0.096639
0.057286
0.025897
0.001639
-0.016539
-0.029675
-0.038691
-0.044320
-0.047259
-0.048044
-0.047180
-0.045019
-0.041925
-0.038218
-0.034175
-0.030023
-0.025947
-0.022084
-0.018149
-0.008613
0.019459
0.077360
0.162505
0.255710
0.333654
0.380805
0.392945
0.374835
0.335609
0.285057
0.231212
0.179591
0.133324
0.093714
0.061261
0.041083
0.045328
0.084506
0.155266
0.237836
0.308334
0.350686
0.360268
0.341410
0.302886
0.254064
0.202654
0.153892
0.110675
0.074124
0.044226
0.020380
0.001770
-0.012415
-0.022891
-0.030256
-0.035010
-0.037585
-0.038366
-0.037712
-0.035958
-0.033412
-0.029975
-0.020302
0.008371
0.067180
0.153411
0.247814
0.326938
0.375157
0.388234
0.370963
0.332507
0.282604
0.229294
0.178108
0.132190
0.092855
0.060238
0.033842
0.012917
-0.003315
-0.015559
-0.024380
-0.030349
-0.033922
-0.035551
-0.035569
-0.034341
-0.032203
-0.029455
-0.026360
-0.023132
-0.019563
-0.010190
0.017863
0.075841
0.161122
0.254492
0.332610
0.379889
0.392155
0.374163
0.335083
0.284650
0.230900
0.179354
0.133146
0.093581
0.060785
0.034250
0.013260
-0.003023
-0.015307
-0.023862
-0.023572
-0.001936
0.051920
0.135004
0.227735
0.306423
0.355152
0.369458
0.353846
0.317664
0.276077
0.249973
0.256093
0.294930
0.348556
0.393745
0.414391
0.405555
0.371199
0.320154
0.267129
0.232594
0.232903
0.268168
0.320089
0.365070
0.386655
0.379623
0.347596
0.299165
0.248806
0.216895
0.219678
0.257200
0.311121
0.357836
0.380892
0.375044
0.343991
0.296350
0.246662
0.215278
0.218468
0.256302
0.310461
0.357353
0.380542
0.374791
0.343851
0.295914
0.239943
0.183291
0.130998
0.085729
0.048384
0.018727
-0.004066
-0.021027
-0.033127
-0.041312
-0.046324
-0.048818
-0.049254
-0.048078
-0.045680
-0.042408
-0.038569
-0.034427
-0.030163
-0.026006
-0.022084
-0.018149
-0.008613
0.019459
0.077360
0.162505
0.255710
0.333654
0.380805
0.392945
0.374835
0.335609
0.285057
0.231212
0.179591
0.133324
0.093714
0.060883
0.034363
0.013342
-0.002965
-0.015307
-0.023862
-0.023572
-0.001936
0.051920
0.135004
0.227735
0.306423
0.355152
0.369458
0.353846
0.317286
0.269358
0.217987
0.168622
0.124357
0.086480
0.055120
0.029784
0.009737
-0.005780
-0.017450
-0.025857
-0.031501
-0.034819
-0.036212
-0.036052
-0.034313
-0.025736
0.002391
0.061052
0.147441
0.242136
0.321716
0.370485
0.384189
0.367528
0.329642
0.280251
0.227390
0.176589
0.130992
0.091921
0.059518
0.033293
0.012502
-0.003625
-0.015789
-0.024591
-0.030544
-0.034061
-0.035609
-0.035569
-0.034341
-0.032203
-0.029455
-0.026360
-0.022754
-0.013221
0.015077
0.073348
0.158943
0.252626
0.331041
0.378592
0.391099
0.373315
0.334789
0.290843
0.262478
0.266513
0.303482
0.355480
0.399278
0.418760
0.408966
0.373875
0.321862
0.262027
0.201818
0.146330
0.098257
0.058496
0.026795
0.002300
-0.016056
-0.028947
-0.031719
-0.012195
0.040270
0.122528
0.214896
0.293606
0.342683
0.357600
0.342804
0.307203
0.260320
0.210026
0.161725
0.118852
0.088257
0.083010
0.113906
0.177606
0.254140
0.319517
0.357494
0.363384
0.341440
0.300844
0.256520
0.229094
0.235037
0.274574
0.329528
0.376490
0.399112
0.392309
0.359891
0.310290
0.252576
0.194234
0.140314
0.093538
0.054832
0.023979
0.000157
-0.017673
-0.030535
-0.039336
-0.044842
-0.047684
-0.048395
-0.047433
-0.045159
-0.041983
-0.038218
-0.034175
-0.030023
-0.025947
-0.022084
-0.018149
-0.008613
0.019459
0.077360
0.162505
0.255710
0.333654
0.380805
0.392945
0.374835
0.335609
0.285057
0.231212
0.179591
0.133324
0.094092
0.067603
0.066349
0.100813
0.167608
0.246770
0.314385
0.354317
0.361897
0.341428
0.302035
0.258646
0.231893
0.238267
0.278020
0.333008
0.379821
0.402201
0.395095
0.362384
0.312469
0.254442
0.196180
0.148331
0.126579
0.143151
0.195224
0.262759
0.321360
0.354385
0.356719
0.332315
0.289675
0.237970
0.184790
0.135175
0.091882
0.055846
0.026961
0.004479
-0.012548
-0.025048
-0.033833
-0.039573
-0.042819
-0.044033
-0.043618
-0.041935
-0.039312
-0.036005
-0.032329
-0.028504
-0.024749
-0.021150
-0.017807
-0.014784
-0.012113
