0.000000 0.000000
0.000000 0.000000
0.000000 0.000000
0.000000 0.000000
0.000000 0.000000
0.000000 0.000000
0.000000 0.000000
0.000000 0.000000
0.000000 0.000000
0.018566 0.000000
0.165070 0.000000
0.439405 0.000000
0.705793 0.000000
0.772904 0.000000
0.626693 0.000000
0.403137 0.000000
0.207232 0.000000
0.070975 0.000000
-0.011858 0.000000
-0.055611 0.000000
-0.072479 0.000000
-0.071953 0.018566
-0.061718 0.165070
-0.047733 0.439405
-0.033989 0.724358
-0.022572 0.937974
-0.014110 1.047532
-0.008362 0.962426
-0.004725 0.705800
-0.002559 0.412714
-0.001333 0.177664
-0.000578 0.023497
-0.000192 -0.062902
0.018566 -0.101522
0.165070 -0.109197
0.439405 -0.098777
0.705793 -0.079900
0.772904 -0.059290
0.626693 -0.040934
0.403137 -0.026543
0.207232 -0.016282
0.070975 -0.009503
-0.011858 -0.005304
-0.055611 -0.002750
-0.072479 -0.001333
-0.071953 0.017987
-0.061718 0.164878
-0.047733 0.439405
-0.033989 0.724358
-0.022572 0.919408
-0.014110 0.901028
-0.008362 0.688090
-0.004725 0.420847
-0.002559 0.199099
-0.001333 0.049540
-0.000578 -0.037901
-0.000192 -0.080612
0.018566 -0.093389
0.165070 -0.087761
0.420840 -0.072734
0.559289 -0.054899
0.498568 -0.038380
0.341739 -0.025126
0.189522 -0.015527
0.079108 -0.009116
0.009577 -0.005112
-0.029568 0.015816
-0.047478 0.163737
-0.051044 0.438827
-0.045910 0.705601
-0.036718 0.772904
-0.026824 0.626693
-0.018181 0.403137
-0.011557 0.207232
-0.006945 0.070975
-0.003971 -0.011858
0.016394 -0.055611
0.163928 -0.072479
0.438827 -0.071953
0.705601 -0.061718
0.772904 -0.047733
0.626693 -0.033989
0.403137 -0.022572
0.207232 -0.014110
0.070975 -0.008362
-0.011858 -0.004725
-0.055611 0.016007
-0.072479 0.163737
-0.071953 0.420261
-0.061718 0.559097
-0.047733 0.498568
-0.033989 0.341739
-0.022572 0.189522
-0.014110 0.079108
-0.008362 0.009577
-0.004725 -0.011003
-0.002559 0.117591
-0.001333 0.388361
-0.000578 0.678448
-0.000192 0.901256
0.000000 1.020708
0.000000 0.944245
0.000000 0.694244
0.000000 0.405770
0.000000 0.173693
0.000000 0.021325
0.000000 -0.064043
0.018566 -0.102100
0.165070 -0.109388
0.420840 -0.098777
0.559289 -0.079900
0.498568 -0.059290
0.341739 -0.040934
0.189522 -0.026543
0.079108 -0.016282
0.009577 -0.009503
-0.011003 -0.005304
0.117591 -0.002750
0.369796 -0.001333
0.513378 -0.000578
0.461851 -0.000192
0.314916 0.000000
0.171341 0.000000
0.067551 0.000000
0.002632 0.000000
-0.033539 0.000000
-0.049650 0.000000
-0.033619 0.000000
0.118581 0.000000
0.402496 0.000000
0.678969 0.000000
0.754723 0.000000
0.615136 0.000000
0.396193 0.000000
0.203261 0.000000
0.068803 0.000000
-0.013000 0.000000
-0.056190 0.000000
-0.072671 0.018566
-0.071953 0.165070
-0.061718 0.439405
-0.047733 0.724358
-0.033989 0.937974
-0.022572 1.047532
-0.014110 0.962426
-0.008362 0.705800
-0.004725 0.412714
-0.002559 0.177664
-0.001333 0.023497
-0.000578 -0.062902
-0.000192 -0.082956
0.000000 0.055873
0.000000 0.340628
0.000000 0.644459
0.000000 0.878684
0.000000 1.006598
0.000000 0.935883
0.000000 0.689519
0.000000 0.403211
0.000000 0.172360
0.000000 0.020746
0.000000 -0.064235
0.018566 -0.102100
0.165070 -0.109388
0.420840 -0.098777
0.559289 -0.079900
0.498568 -0.059290
0.341739 -0.040934
0.189522 -0.026543
0.079108 -0.016282
0.009577 -0.009503
-0.011003 -0.005304
0.117591 -0.002750
0.388361 -0.001333
0.678448 -0.000578
0.882690 -0.000192
0.874204 0.000000
0.669909 0.000000
0.409291 0.000000
0.192154 0.000000
0.045569 0.000000
-0.040073 0.000000
-0.081753 0.018566
-0.093967 0.165070
-0.087953 0.439405
-0.072734 0.724358
-0.054899 0.937974
-0.038380 1.047532
-0.025126 0.962426
-0.015527 0.705800
-0.009116 0.412714
-0.005112 0.177664
-0.002750 0.023497
-0.001333 -0.062902
-0.000578 -0.101522
-0.000192 -0.090631
0.000000 0.066293
0.000000 0.359506
0.000000 0.665068
0.000000 0.897040
0.000000 1.020989
0.000000 0.946144
0.000000 0.696297
0.000000 0.407411
0.000000 0.174913
0.000000 0.022164
0.000000 -0.063481
0.000000 -0.083148
0.000000 0.055873
0.000000 0.340628
0.000000 0.625893
0.000000 0.713614
0.000000 0.585759
0.000000 0.376594
0.000000 0.190950
0.000000 0.061472
0.000000 -0.017162
0.000000 -0.039796
0.000000 0.091258
0.000000 0.348308
0.000000 0.497379
0.000000 0.450835
0.000000 0.307750
0.000000 0.166950
0.000000 0.064998
0.000000 0.001215
0.000000 -0.015728
0.000000 0.115033
0.000000 0.368463
0.000000 0.512800
0.000000 0.461659
0.000000 0.314916
0.000000 0.171341
0.000000 0.067551
0.000000 0.002632
0.000000 -0.033539
0.000000 -0.049650
0.000000 -0.033619
0.000000 0.118581
0.000000 0.383930
0.000000 0.532465
0.000000 0.480387
0.000000 0.330183
0.000000 0.182578
0.000000 0.075137
0.000000 0.007405
0.018566 -0.030710
0.165070 -0.048057
0.439405 -0.051235
0.724358 -0.045910
0.937974 -0.036718
1.047532 -0.026824
0.962426 -0.018181
0.705800 -0.011557
0.412714 -0.006945
0.177664 -0.003971
0.023497 -0.002172
-0.062902 -0.001141
-0.101522 -0.000578
-0.109197 -0.000192
-0.098777 0.018566
-0.079900 0.165070
-0.059290 0.439405
-0.040934 0.724358
-0.026543 0.937974
-0.016282 1.047532
-0.009503 0.962426
-0.005304 0.705800
-0.002750 0.412714
-0.001333 0.177664
-0.000578 0.023497
-0.000192 -0.062902
0.000000 -0.082956
0.000000 0.055873
0.000000 0.322062
0.000000 0.479389
0.000000 0.439279
0.000000 0.300806
0.000000 0.162979
0.000000 0.062826
0.000000 0.000074
0.018566 -0.034872
0.165070 -0.050228
0.439405 -0.052377
0.724358 -0.046489
0.919408 -0.036909
0.901028 -0.026824
0.688090 -0.018181
0.420847 -0.011557
0.199099 -0.006945
0.049540 -0.003971
-0.037901 -0.002172
-0.080612 -0.001141
-0.093389 -0.000578
-0.069196 -0.000192
0.092335 0.000000
0.365941 0.000000
0.520908 0.000000
0.473443 0.000000
0.326212 0.000000
0.180406 0.000000
0.073996 0.000000
0.006827 0.000000
-0.012336 0.000000
0.117013 0.000000
0.388170 0.000000
0.678448 0.000000
0.882690 0.000000
0.874204 0.000000
0.669909 0.000000
0.409291 0.000000
0.192154 0.000000
0.045569 0.000000
-0.040073 0.000000
-0.063188 0.000000
0.071102 0.000000
0.351452 0.000000
0.651624 0.000000
0.883075 0.000000
1.009152 0.000000
0.937300 0.000000
0.690273 0.000000
0.403598 0.000000
0.172552 0.000000
0.020746 0.000000
-0.064235 0.000000
-0.083535 0.000000
0.055681 0.000000
0.340628 0.000000
0.625893 0.000000
0.713614 0.000000
0.585759 0.000000
0.376594 0.000000
0.190950 0.000000
0.061472 0.000000
-0.017162 0.000000
-0.058362 0.000000
-0.073812 0.000000
-0.072532 0.000000
-0.061910 0.000000
-0.047733 0.000000
-0.033989 0.000000
-0.022572 0.000000
-0.014110 0.000000
-0.008362 0.000000
-0.004725 0.000000
-0.002559 0.000000
-0.001333 0.000000
-0.000578 0.000000
-0.000192 0.000000
0.000000 0.000000
0.000000 0.000000
0.000000 0.000000
0.000000 0.000000
0.000000 0.000000
0.000000 0.000000
0.000000 0.000000
0.000000 0.000000
0.000000 0.000000
0.000000 0.000000
0.000000 0.000000
0.000000 0.000000
0.000000 0.000000
0.000000 0.000000
0.000000 0.000000
0.000000 0.000000
0.000000 0.000000
0.000000 0.000000
0.000000 0.000000
0.000000 0.000000
0.000000 0.000000
0.000000 0.000000
0.000000 0.000000
0.000000 0.000000
0.000000 0.000000
0.000000 0.000000
0.000000 0.000000
0.000000 0.000000
0.000000 0.000000
0.000000 0.000000
0.000000 0.000000
0.000000 0.000000
0.000000 0.000000
0.000000 0.000000
0.000000 0.000000
0.000000 0.000000
0.000000 0.000000
0.000000 0.000000
0.000000 0.000000
0.000000 0.000000
0.000000 0.000000
0.000000 0.000000
0.000000 0.000000
0.000000 0.000000
0.000000 0.000000
0.000000 0.000000
0.000000 0.000000
0.000000 0.000000
0.000000 0.000000
0.000000 0.000000
0.000000 0.000000
0.000000 0.000000
0.000000 0.000000
0.000000 0.000000
