0.000000 0.000000
0.000000 0.000000
0.000000 0.000000
0.000000 0.000000
0.000000 0.000000
0.000000 0.000000
0.000000 0.000000
0.000000 0.018566
0.000000 0.165070
0.000000 0.420840
0.000000 0.559289
0.000000 0.498568
0.000000 0.341739
0.000000 0.189522
0.000000 0.079108
0.000000 0.009577
0.018566 -0.029568
0.165070 -0.047478
0.439405 -0.051044
0.724358 -0.045910
0.937974 -0.036718
1.047532 -0.026824
0.962426 -0.018181
0.705800 -0.011557
0.412714 -0.006945
0.177664 -0.003971
0.023497 -0.002172
-0.062902 -0.001141
-0.101522 -0.000578
-0.109197 -0.000192
-0.080211 0.000000
0.085170 0.000000
0.361550 0.000000
0.518355 0.000000
0.472025 0.000000
0.325458 0.000000
0.180019 0.000000
0.073804 0.000000
0.006827 0.000000
-0.012336 0.000000
0.117013 0.000000
0.388170 0.000000
0.678448 0.000000
0.901256 0.000000
1.020708 0.000000
0.944245 0.000000
0.694244 0.000000
0.405770 0.000000
0.173693 0.000000
0.021325 0.000000
-0.064043 0.000000
-0.102100 0.018566
-0.109388 0.165070
-0.098777 0.439405
-0.079900 0.705793
-0.059290 0.772904
-0.040934 0.626693
-0.026543 0.403137
-0.016282 0.207232
-0.009503 0.070975
-0.005304 -0.011858
-0.002750 -0.055611
-0.001333 -0.072479
-0.000578 -0.053388
-0.000192 0.103351
0.000000 0.391672
0.000000 0.690369
0.000000 0.915401
0.000000 1.033422
0.000000 0.954064
0.000000 0.701075
0.000000 0.410156
0.000000 0.176331
0.000000 0.022918
0.000000 -0.063094
0.018566 -0.101522
0.165070 -0.109197
0.420840 -0.098777
0.559289 -0.079900
0.498568 -0.059290
0.341739 -0.040934
0.189522 -0.026543
0.079108 -0.016282
0.009577 -0.009503
-0.029568 -0.005304
-0.047478 -0.002750
-0.032478 -0.001333
0.119159 -0.000578
0.384122 -0.000192
0.532465 0.000000
0.480387 0.000000
0.330183 0.000000
0.182578 0.000000
0.075137 0.000000
0.007405 0.000000
-0.012144 0.000000
0.117013 0.000000
0.388170 0.000000
0.678448 0.000000
0.901256 0.000000
1.020708 0.000000
0.944245 0.000000
0.694244 0.000000
0.405770 0.000000
0.173693 0.000000
0.021325 0.000000
-0.064043 0.000000
-0.102100 0.018566
-0.109388 0.165070
-0.098777 0.439405
-0.079900 0.724358
-0.059290 0.937974
-0.040934 1.047532
-0.026543 0.962426
-0.016282 0.705800
-0.009503 0.412714
-0.005304 0.177664
-0.002750 0.023497
-0.001333 -0.062902
0.017987 -0.101522
0.164878 -0.109197
0.439405 -0.098777
0.724358 -0.079900
0.919408 -0.059290
0.901028 -0.040934
0.688090 -0.026543
0.420847 -0.016282
0.199099 -0.009503
0.049540 -0.005304
-0.037901 -0.002750
-0.062046 -0.001333
0.071681 -0.000578
0.333078 -0.000192
0.486555 0.000000
0.443670 0.000000
0.303359 0.000000
0.164396 0.000000
0.063581 0.000000
0.000461 0.000000
-0.034680 0.018566
-0.050228 0.165070
-0.052377 0.439405
-0.046489 0.705793
-0.036909 0.772904
-0.026824 0.626693
-0.018181 0.403137
-0.011557 0.207232
-0.006945 0.070975
-0.003971 -0.011858
-0.002172 -0.055611
0.017424 -0.072479
0.164491 -0.071953
0.420648 -0.061718
0.559289 -0.047733
0.498568 -0.033989
0.341739 -0.022572
0.189522 -0.014110
0.079108 -0.008362
0.009577 -0.004725
-0.029568 -0.002559
-0.047478 -0.001333
-0.032478 -0.000578
0.119159 -0.000192
0.402688 0.000000
0.678969 0.000000
0.754723 0.000000
0.615136 0.000000
0.396193 0.000000
0.203261 0.000000
0.068803 0.000000
-0.013000 0.000000
-0.037624 0.000000
0.092399 0.000000
0.367452 0.000000
0.644074 0.000000
0.725171 0.000000
0.592703 0.000000
0.380565 0.000000
0.193122 0.000000
0.062613 0.000000
-0.016584 0.000000
-0.058170 0.000000
-0.073812 0.018566
-0.072532 0.165070
-0.061910 0.420840
-0.047733 0.559289
-0.033989 0.498568
-0.022572 0.341739
-0.014110 0.189522
-0.008362 0.079108
-0.004725 0.009577
-0.002559 -0.011003
-0.001333 0.117591
-0.000578 0.388361
-0.000192 0.678448
0.000000 0.882690
0.000000 0.874204
0.000000 0.669909
0.000000 0.409291
0.000000 0.192154
0.000000 0.045569
0.000000 -0.040073
0.018566 -0.081753
0.165070 -0.093967
0.439405 -0.087953
0.705793 -0.072734
0.772904 -0.054899
0.626693 -0.038380
0.403137 -0.025126
0.207232 -0.015527
0.070975 -0.009116
-0.011858 -0.005112
-0.055611 0.015816
-0.072479 0.163737
-0.071953 0.438827
-0.061718 0.724167
-0.047733 0.919408
-0.033989 0.901028
-0.022572 0.688090
-0.014110 0.420847
-0.008362 0.199099
-0.004725 0.049540
-0.002559 -0.037901
-0.001333 -0.062046
-0.000578 0.071681
-0.000192 0.351644
0.000000 0.633058
0.000000 0.718005
0.000000 0.588312
0.000000 0.378012
0.000000 0.191705
0.000000 0.061859
0.000000 -0.016970
0.000000 -0.058362
0.000000 -0.073812
0.000000 -0.053966
0.000000 0.103160
0.000000 0.373106
0.000000 0.525299
0.000000 0.475996
0.000000 0.327629
0.000000 0.181160
0.000000 0.074383
0.000000 0.007018
0.000000 -0.012336
0.000000 0.117013
0.000000 0.388170
0.000000 0.659882
0.000000 0.736186
0.000000 0.599869
0.000000 0.384956
0.000000 0.195676
0.000000 0.064030
0.000000 -0.015829
0.018566 -0.057783
0.165070 -0.073620
0.420840 -0.072532
0.559289 -0.061910
0.498568 -0.047733
0.341739 -0.033989
0.189522 -0.022572
0.079108 -0.014110
0.009577 -0.008362
-0.029568 -0.004725
-0.047478 -0.002559
-0.051044 0.017233
-0.045910 0.164491
-0.036718 0.420648
-0.026824 0.559289
-0.018181 0.498568
-0.011557 0.341739
-0.006945 0.189522
-0.003971 0.079108
-0.002172 0.009577
-0.001141 -0.011003
-0.000578 0.117591
-0.000192 0.388361
0.000000 0.678448
0.000000 0.882690
0.000000 0.874204
0.000000 0.669909
0.000000 0.409291
0.000000 0.192154
0.000000 0.045569
0.000000 -0.040073
0.000000 -0.063188
0.000000 0.071102
0.000000 0.351452
0.000000 0.633058
0.000000 0.718005
0.000000 0.588312
0.000000 0.378012
0.000000 0.191705
0.000000 0.061859
0.000000 -0.016970
0.018566 -0.058362
0.165070 -0.073812
0.420840 -0.072532
0.559289 -0.061910
0.498568 -0.047733
0.341739 -0.033989
0.189522 -0.022572
0.079108 -0.014110
0.009577 -0.008362
-0.011003 -0.004725
0.117591 -0.002559
0.369796 -0.001333
0.513378 -0.000578
0.461851 -0.000192
0.314916 0.000000
0.171341 0.000000
0.067551 0.000000
0.002632 0.000000
-0.033539 0.018566
-0.049650 0.165070
-0.052185 0.439405
-0.046489 0.724358
-0.036909 0.937974
-0.026824 1.047532
-0.018181 0.962426
-0.011557 0.705800
-0.006945 0.412714
-0.003971 0.177664
-0.002172 0.023497
-0.001141 -0.062902
-0.000578 -0.101522
-0.000192 -0.109197
0.000000 -0.098777
0.000000 -0.079900
0.000000 -0.059290
0.000000 -0.040934
0.000000 -0.026543
0.000000 -0.016282
0.000000 -0.009503
0.000000 -0.005304
0.000000 -0.002750
0.000000 -0.001333
0.000000 -0.000578
0.000000 -0.000192
0.000000 0.000000
0.000000 0.000000
0.000000 0.000000
0.000000 0.000000
0.000000 0.000000
0.000000 0.000000
0.000000 0.000000
0.000000 0.000000
0.000000 0.000000
0.000000 0.000000
0.000000 0.000000
0.000000 0.000000
0.000000 0.000000
0.000000 0.000000
0.000000 0.000000
0.000000 0.000000
0.000000 0.000000
0.000000 0.000000
0.000000 0.000000
0.000000 0.000000
0.000000 0.000000
0.000000 0.000000
0.000000 0.000000
0.000000 0.000000
0.000000 0.000000
0.000000 0.000000
0.000000 0.000000
0.000000 0.000000
0.000000 0.000000
0.000000 0.000000
0.000000 0.000000
0.000000 0.000000
0.000000 0.000000
0.000000 0.000000
0.000000 0.000000
0.000000 0.000000
0.000000 0.000000
0.000000 0.000000
0.000000 0.000000
0.000000 0.000000
0.000000 0.000000
0.000000 0.000000
0.000000 0.000000
0.000000 0.000000
0.000000 0.000000
0.000000 0.000000
0.000000 0.000000
0.000000 0.000000
0.000000 0.000000
0.000000 0.000000
0.000000 0.000000
0.000000 0.000000
0.000000 0.000000
0.000000 0.000000
0.000000 0.000000
0.000000 0.000000
0.000000 0.000000
0.000000 0.000000
0.000000 0.000000
0.000000 0.000000
0.000000 0.000000
0.000000 0.000000
0.000000 0.000000
0.000000 0.000000
0.000000 0.000000
