0.000000
0.000000
0.000000
0.000000
0.000000
0.018566
0.146504
0.274336
0.284953
0.213615
0.128124
0.061398
0.017710
-0.008133
-0.021435
-0.026043
-0.006435
0.125594
0.258528
0.273937
0.206450
0.123733
0.058844
0.016293
-0.008888
-0.021822
-0.026235
-0.006435
0.125594
0.258528
0.273937
0.206450
0.123733
0.058844
0.016293
-0.008888
-0.021822
-0.026235
-0.025001
-0.020910
-0.015808
-0.011016
0.011400
0.142113
0.271782
0.283536
0.212861
0.127737
0.079772
0.164214
0.266202
0.263518
0.187572
0.103123
0.040488
0.001902
-0.019149
-0.028601
-0.030434
-0.027554
-0.022327
-0.016562
0.007163
0.139147
0.269944
0.282400
0.212198
0.127370
0.061011
0.017518
-0.008133
-0.021435
-0.026043
-0.025001
-0.020910
-0.015808
-0.011016
0.011400
0.142113
0.271782
0.283536
0.231427
0.274241
0.335542
0.302663
0.205482
0.106689
0.035355
-0.007291
-0.010477
0.109261
0.237277
0.252787
0.188315
0.109763
0.048965
0.009790
-0.012911
-0.024180
-0.027460
-0.025755
-0.002731
0.130504
0.263320
0.277788
0.209224
0.125571
0.059981
0.016956
0.010046
0.124877
0.248293
0.259952
0.211271
0.258820
0.324718
0.295498
0.201091
0.104135
0.052503
0.138459
0.244906
0.247518
0.176557
0.095958
0.036097
-0.000651
-0.020566
-0.029355
-0.030821
-0.027746
-0.022327
0.002003
0.135101
0.266978
0.280562
0.211062
0.126707
0.060643
0.017323
-0.008325
-0.021435
-0.026043
-0.025001
-0.020910
-0.015808
0.007550
0.139338
0.269944
0.282400
0.212198
0.127370
0.061011
0.017518
-0.008133
-0.021435
-0.026043
-0.025001
-0.020910
-0.015808
-0.011016
0.011400
0.142113
0.271782
0.283536
0.212861
0.127737
0.061206
0.017710
-0.008133
-0.021435
-0.026043
-0.025001
-0.020910
-0.015808
0.007550
0.139338
0.269944
0.282400
0.212198
0.127370
0.061011
0.017518
-0.008133
-0.021435
-0.026043
-0.025001
-0.020910
-0.015808
-0.011016
0.011400
0.142113
0.271782
0.283536
0.212861
0.127737
0.061206
0.017710
-0.008133
-0.021435
-0.026043
-0.025001
-0.020910
-0.015808
0.007550
0.139338
0.269944
0.282400
0.212198
0.127370
0.061011
0.017518
-0.008133
-0.002870
0.120461
0.249335
0.264044
0.216373
0.263612
0.328568
0.298272
0.202929
0.105272
0.034600
-0.007678
-0.029234
-0.037243
-0.037059
-0.032166
-0.025301
-0.018361
-0.012433
0.010646
0.141726
0.271590
0.283536
0.212861
0.127737
0.061206
0.017710
-0.008133
-0.021435
-0.026043
-0.006435
0.125594
0.258528
0.273937
0.206450
0.123733
0.058844
0.016293
-0.008888
-0.021822
-0.026235
-0.025001
-0.020910
-0.015808
-0.011016
0.011400
0.142113
0.271782
0.283536
0.212861
0.127737
0.061206
0.017710
-0.008133
-0.021435
-0.026043
-0.025001
-0.020910
-0.015808
-0.011016
0.011400
0.142113
0.271782
0.283536
0.212861
0.127737
0.061206
0.017710
0.010433
0.125069
0.248293
0.259952
0.192706
0.112316
0.050382
0.010545
-0.012524
-0.005423
0.119044
0.248580
0.263657
0.197616
0.117108
0.054232
0.031885
0.135817
0.251483
0.258156
0.188228
0.107023
0.045590
0.006694
-0.015299
-0.025826
-0.028596
-0.026418
-0.021664
0.002371
0.135297
0.267170
0.280562
0.229628
0.273211
0.334979
0.302276
0.205291
0.106689
0.035355
-0.007291
-0.029043
-0.037243
-0.037059
-0.032166
-0.025301
-0.018361
0.006133
0.138584
0.269558
0.282208
0.230764
0.273874
0.335347
0.302471
0.205482
0.106689
0.053921
0.139213
0.245293
0.247710
0.176557
0.095958
0.036097
-0.000651
-0.020566
-0.029355
-0.030821
-0.027746
-0.022327
-0.016562
0.007163
0.139147
0.269944
0.282400
0.212198
0.127370
0.061011
0.017518
-0.008133
-0.021435
-0.026043
-0.006435
0.125594
0.258528
0.273937
0.206450
0.123733
0.058844
0.016293
-0.008888
-0.021822
-0.026235
-0.025001
-0.002344
0.130696
0.263320
0.277788
0.209224
0.125571
0.059981
0.016956
-0.008520
-0.021627
-0.026043
-0.006435
0.125594
0.258528
0.273937
0.206450
0.123733
0.058844
0.016293
-0.008888
-0.021822
-0.026235
-0.006435
0.125594
0.258528
0.273937
0.206450
0.123733
0.058844
