0.000000 0.000000
0.000000 0.000000
0.000000 0.000000
0.000000 0.000000
0.000000 0.000000
0.000000 0.000000
0.000000 0.000000
0.000000 0.000000
0.000000 0.000000
0.000000 0.000000
0.000000 0.000000
0.000000 0.000000
0.000000 0.000000
0.000000 0.000000
0.000000 0.000000
0.000000 0.000000
0.000000 0.000000
0.000000 0.000000
0.000000 0.000378
0.000000 0.006719
0.000000 0.031986
0.000000 0.087849
0.000000 0.177292
0.000000 0.294062
0.000000 0.426474
0.000000 0.561900
0.000000 0.689881
0.000000 0.803453
0.000000 0.898749
0.000000 0.969428
0.000000 1.003576
0.000000 0.991530
0.000000 0.932663
0.000000 0.835564
0.000000 0.714039
0.000000 0.582558
0.000000 0.453146
0.000000 0.334096
0.000000 0.230025
0.000000 0.142639
0.000000 0.071696
0.000000 0.015851
0.000000 -0.026719
0.000000 -0.057560
0.000000 -0.072906
0.000000 -0.061438
0.000000 -0.012945
0.000000 0.074272
0.000000 0.192812
0.000000 0.329981
0.000000 0.472261
0.000000 0.608429
0.000000 0.730880
0.000000 0.835228
0.000000 0.914733
0.000000 0.957191
0.000000 0.952746
0.000000 0.900665
0.000000 0.809496
0.000000 0.693053
0.000000 0.565852
0.000000 0.439990
0.000000 0.323841
0.000000 0.222109
0.000000 0.136585
0.000000 0.067106
0.000000 0.012402
0.000000 -0.029250
0.000378 -0.059770
0.006719 -0.080931
0.031986 -0.094338
0.087849 -0.101416
0.177292 -0.103429
0.294062 -0.101503
0.426474 -0.096633
0.561900 -0.089697
0.689503 -0.081451
0.796733 -0.072572
0.867140 -0.063520
0.888299 -0.054695
0.858270 -0.046386
0.785316 -0.038784
0.683481 -0.031998
0.567727 -0.026069
0.450633 -0.020987
0.341005 -0.016706
0.243900 -0.013156
0.161401 -0.010255
0.093589 -0.007916
0.039408 -0.006054
-0.002697 -0.004589
-0.034397 -0.003072
-0.057278 0.004189
-0.072769 0.030154
-0.082138 0.086542
-0.086516 0.176379
-0.086918 0.293440
-0.084258 0.426066
-0.079357 0.561270
-0.072936 0.683022
-0.065617 0.771409
-0.057911 0.811278
-0.050225 0.798855
-0.042865 0.741500
-0.036040 0.652904
-0.029881 0.548055
-0.024451 0.439746
-0.019762 0.337061
-0.015787 0.245331
-0.012472 0.166879
-0.009750 0.101987
-0.007546 0.049773
-0.005785 0.008832
-0.004395 -0.022369
-0.003310 -0.045284
-0.002095 -0.061222
0.004887 -0.071338
0.030680 -0.076660
0.086935 -0.078118
0.176670 -0.076553
0.293276 -0.072729
0.419502 -0.067328
0.529774 -0.060943
0.601974 -0.054070
0.626161 -0.047111
0.605064 -0.040370
0.549673 -0.034065
0.473662 -0.028335
0.389498 -0.023253
0.306502 -0.018843
0.230500 -0.015088
0.164366 -0.011946
0.108895 -0.009357
0.063648 -0.007255
0.027594 -0.005571
-0.000476 -0.003861
-0.021727 0.003522
-0.037200 0.029595
-0.047797 0.086074
-0.054313 0.175608
-0.057462 0.286429
-0.057898 0.393866
-0.056225 0.473643
-0.052996 0.512336
-0.048707 0.509251
-0.043788 0.472594
-0.038596 0.414248
-0.033414 0.345682
-0.028455 0.275925
-0.023865 0.210829
-0.019732 0.153479
-0.016099 0.104951
-0.012971 0.065079
-0.010328 0.033072
-0.008133 0.007922
-0.006336 -0.011363
-0.004888 -0.025671
-0.003734 -0.035391
-0.002827 -0.035600
-0.002122 -0.013929
-0.001580 0.040751
-0.001167 0.130923
-0.000855 0.249866
-0.000622 0.385472
-0.000409 0.524739
-0.000253 0.656515
-0.000139 0.767993
-0.000058 0.842526
0.000000 0.867549
0.000000 0.841032
0.000000 0.771192
0.000000 0.672055
0.000000 0.558596
0.000000 0.443419
0.000000 0.335367
0.000000 0.239539
0.000000 0.158060
0.000000 0.091053
0.000000 0.037500
0.000000 -0.004121
0.000000 -0.035073
0.000000 -0.051332
0.000000 -0.041347
0.000000 0.005302
0.000000 0.090146
0.000000 0.200286
0.000000 0.310172
0.000000 0.394695
0.000000 0.439652
0.000000 0.443774
0.000000 0.414741
0.000000 0.364022
0.000000 0.302817
0.000000 0.239886
0.000000 0.180948
0.000000 0.129028
0.000000 0.085189
0.000000 0.049293
0.000000 0.020600
0.000000 -0.001828
0.000000 -0.018909
0.000000 -0.031456
0.000000 -0.040164
0.000000 -0.045630
0.000000 -0.048010
0.000000 -0.042210
0.000000 -0.015689
0.000000 0.042739
0.000000 0.135290
0.000000 0.249774
0.000000 0.361248
0.000000 0.445172
0.000000 0.487916
0.000000 0.488640
0.000000 0.455414
0.000000 0.400123
0.000000 0.334256
0.000000 0.266795
0.000000 0.203615
0.000000 0.147841
0.000000 0.100590
0.000000 0.061738
0.000000 0.030536
0.000000 0.006392
0.000000 -0.006067
0.000000 0.005261
0.000000 0.051306
0.000000 0.134408
0.000000 0.247738
0.000000 0.379124
0.000000 0.515391
0.000000 0.645626
0.000000 0.762450
0.000000 0.861588
0.000000 0.936440
0.000000 0.974836
0.000000 0.966915
0.000000 0.911912
0.000000 0.818327
0.000000 0.699915
0.000000 0.571132
0.000000 0.444015
0.000000 0.326883
0.000000 0.224387
0.000000 0.138277
0.000000 0.068354
0.000000 0.013315
0.000000 -0.028627
0.000378 -0.059361
0.006719 -0.080679
0.031986 -0.094198
0.087849 -0.101357
0.177292 -0.103429
0.294062 -0.101503
0.426096 -0.096633
0.555180 -0.089697
0.657895 -0.081451
0.715604 -0.072572
0.721834 -0.063520
0.682085 -0.054695
0.609088 -0.046386
0.517478 -0.038784
0.420074 -0.031998
0.326174 -0.026069
0.241387 -0.020987
0.168310 -0.016706
0.107464 -0.013156
0.058171 -0.010255
0.019196 -0.007916
-0.010840 -0.005677
-0.033256 0.002130
-0.049228 0.028536
-0.059791 0.085318
-0.065860 0.175460
-0.068262 0.292756
-0.067753 0.425561
-0.065024 0.561278
-0.060701 0.689472
-0.055335 0.803200
-0.049396 0.898609
-0.043270 0.969370
-0.037255 1.003576
-0.031570 0.991530
-0.026360 0.932663
-0.021707 0.835564
-0.017645 0.714039
-0.014169 0.582558
-0.011247 0.453146
-0.008831 0.334096
-0.006862 0.230025
-0.005280 0.142639
-0.004025 0.071696
-0.003041 0.015851
-0.002278 -0.026719
-0.001693 -0.057938
-0.001248 -0.079625
-0.000913 -0.093424
-0.000622 -0.100793
-0.000031 -0.103021
0.006467 -0.101250
0.031847 -0.096493
0.087790 -0.089639
0.177292 -0.081451
0.294062 -0.072572
0.426474 -0.063520
0.561522 -0.054695
0.683161 -0.046386
0.771467 -0.038784
0.811278 -0.031998
0.798855 -0.026069
0.741500 -0.020987
0.652904 -0.016706
0.548055 -0.013156
0.439746 -0.010255
0.337061 -0.007916
0.245331 -0.006054
0.166879 -0.004589
0.101987 -0.003450
0.049773 -0.002531
0.008832 -0.001832
-0.022369 -0.000928
-0.045284 0.005806
-0.061222 0.031364
-0.071338 0.087440
-0.076660 0.176662
-0.078118 0.287203
-0.076553 0.394430
-0.072729 0.474051
-0.067328 0.512588
-0.060943 0.509391
-0.054070 0.472652
-0.047111 0.414248
-0.040370 0.345682
-0.034065 0.275925
-0.028335 0.210829
-0.023253 0.153479
-0.018843 0.104951
-0.015088 0.065079
-0.011946 0.033072
-0.009357 0.008300
-0.007255 -0.004643
-0.005571 0.006315
-0.004239 0.052080
-0.003197 0.134973
-0.002391 0.248147
-0.001774 0.379377
-0.001306 0.515531
-0.000913 0.645684
-0.000622 0.762450
-0.000409 0.861588
-0.000253 0.936440
-0.000139 0.974836
-0.000058 0.966915
0.000000 0.911912
0.000000 0.818327
0.000000 0.699915
0.000000 0.571132
0.000000 0.444015
0.000000 0.326883
0.000000 0.224387
0.000000 0.138277
0.000000 0.068354
0.000000 0.013315
0.000000 -0.028627
0.000000 -0.058984
0.000000 -0.073959
0.000000 -0.062212
0.000000 -0.013509
0.000000 0.073485
0.000000 0.185840
0.000000 0.297855
0.000000 0.384354
0.000000 0.431137
0.000000 0.436818
0.000000 0.409132
0.000000 0.359553
0.000000 0.299296
0.000000 0.237142
0.000000 0.178831
0.000000 0.127410
0.000000 0.083965
0.000000 0.048374
0.000000 0.019916
0.000000 -0.001955
0.000000 -0.012559
0.000000 0.000261
0.000000 0.047490
0.000000 0.131145
0.000000 0.238897
0.000000 0.345558
0.000000 0.426376
0.000000 0.467479
0.000000 0.467766
0.000000 0.435083
0.000000 0.381007
0.000000 0.316802
0.000000 0.251253
0.000000 0.190078
0.000000 0.136241
0.000000 0.090827
0.000000 0.053654
0.000000 0.023941
0.000000 0.000709
0.000000 -0.017001
0.000000 -0.030033
0.000000 -0.039110
0.000000 -0.044856
0.000000 -0.047446
0.000000 -0.041802
0.000000 -0.015437
0.000000 0.042878
0.000000 0.135726
0.000000 0.256493
0.000000 0.393234
0.000000 0.533020
0.000000 0.665208
0.000000 0.782325
0.000000 0.875169
0.000000 0.930037
0.000000 0.936288
0.000000 0.892955
0.000000 0.808679
0.000000 0.697514
0.000000 0.574252
0.000000 0.451236
0.000000 0.337038
0.000000 0.236515
0.000000 0.151580
0.000000 0.082170
0.000000 0.027106
0.000000 -0.015290
0.000378 -0.046800
0.006719 -0.069077
0.031986 -0.083708
0.087849 -0.092052
0.177292 -0.095316
0.294062 -0.094623
0.426474 -0.090885
0.561900 -0.084965
0.689503 -0.077610
0.796733 -0.069458
0.867140 -0.061026
0.888299 -0.052720
0.858270 -0.044839
0.785316 -0.037586
0.683481 -0.031079
0.567727 -0.025370
0.450633 -0.020461
0.341005 -0.016313
0.243900 -0.012865
0.161401 -0.010041
0.093589 -0.007760
0.039408 -0.005941
-0.002697 -0.004508
-0.034397 -0.003391
-0.057278 -0.002153
-0.072769 0.004887
-0.082138 0.030680
-0.086516 0.086935
-0.086918 0.176670
-0.084258 0.293654
-0.079357 0.425844
-0.072936 0.555041
-0.065617 0.657836
-0.057911 0.715604
-0.050225 0.721834
-0.042865 0.682085
-0.036040 0.609088
-0.029881 0.517478
-0.024451 0.420074
-0.019762 0.326174
-0.015787 0.241387
-0.012472 0.168310
-0.009750 0.107464
-0.007546 0.058171
-0.005785 0.019196
-0.004017 -0.010840
0.003409 -0.033256
0.029514 -0.049228
0.086016 -0.059791
0.175608 -0.065860
0.286429 -0.068262
0.393866 -0.067753
0.473643 -0.065024
0.512336 -0.060701
0.509251 -0.055335
0.472594 -0.049396
0.414248 -0.043270
0.345682 -0.037255
0.275925 -0.031570
0.210829 -0.026360
0.153479 -0.021707
0.104951 -0.017645
0.065079 -0.014169
0.033072 -0.011247
0.007922 -0.008453
-0.011363 -0.000143
-0.025671 0.026706
-0.035769 0.083823
-0.042320 0.173873
-0.045915 0.285065
-0.047097 0.392795
-0.046369 0.472803
-0.044196 0.511675
-0.041002 0.508768
-0.037160 0.472244
-0.032988 0.413995
-0.028740 0.345542
-0.024614 0.275867
-0.020750 0.210829
-0.017238 0.153479
-0.014124 0.104951
-0.011425 0.065079
-0.009131 0.033072
-0.007214 0.008300
-0.005638 -0.004643
-0.004362 0.006315
-0.003341 0.052080
-0.002536 0.134595
-0.001908 0.241427
-0.001424 0.347391
-0.001054 0.427682
-0.000774 0.468392
-0.000564 0.468388
-0.000409 0.435492
-0.000253 0.381260
-0.000139 0.316941
-0.000058 0.251311
0.000000 0.190078
0.000000 0.136241
0.000000 0.090827
0.000000 0.053654
0.000000 0.023941
0.000378 0.000709
0.006719 -0.017001
0.031986 -0.030033
0.087849 -0.039110
0.177292 -0.044856
0.294062 -0.047824
0.426474 -0.048521
0.561522 -0.047423
0.683161 -0.044970
0.771467 -0.041567
0.811278 -0.037569
0.798855 -0.033240
0.741500 -0.028880
0.652904 -0.024673
0.548055 -0.020750
0.439746 -0.017238
0.337061 -0.014124
0.245331 -0.011425
0.166879 -0.009131
0.101987 -0.007214
0.049773 -0.005638
0.008832 -0.004362
-0.022369 -0.003341
-0.045284 -0.002536
-0.061222 -0.001908
-0.070960 -0.001424
-0.069941 -0.001054
-0.046132 -0.000774
0.011296 -0.000564
0.104563 -0.000409
0.226734 -0.000253
0.365154 -0.000139
0.501111 -0.000058
0.610784 0.000000
0.675234 0.000000
0.687769 0.000000
0.653751 0.000000
0.585835 0.000000
0.498635 0.000000
0.404986 0.000000
0.314228 0.000000
0.232030 0.000000
0.161055 0.000000
0.101893 0.000000
0.053932 0.000000
0.015999 0.000000
-0.012854 0.000000
-0.028310 0.000000
-0.018548 0.000000
0.027144 0.000000
0.110810 0.000000
0.225391 0.000000
0.358468 0.000000
0.496736 0.000000
0.628744 0.000000
0.741399 0.000000
0.817744 0.000000
0.845029 0.000000
0.821015 0.000000
0.753746 0.000000
0.657121 0.000000
0.546019 0.000000
0.432988 0.000000
0.326835 0.000000
0.232653 0.000000
0.152570 0.000000
0.086726 0.000000
0.034128 0.000000
-0.006722 0.000000
-0.037438 0.000378
-0.059556 0.006719
-0.074461 0.031986
-0.083386 0.087849
-0.087429 0.177292
-0.087540 0.293684
-0.084666 0.419755
-0.079609 0.529914
-0.073076 0.602032
-0.065675 0.626161
-0.057911 0.605064
-0.050225 0.549673
-0.042865 0.473662
-0.036040 0.389498
-0.029881 0.306502
-0.024451 0.230500
-0.019762 0.164366
-0.015787 0.108895
-0.012472 0.063648
-0.009750 0.027594
-0.007168 -0.000476
0.000934 -0.021727
0.027591 -0.037200
0.084538 -0.047797
0.174442 -0.054313
0.285511 -0.057462
0.393182 -0.057898
0.473138 -0.056225
0.511966 -0.052996
0.508982 -0.048707
0.472400 -0.043788
0.414108 -0.038596
0.345623 -0.033414
0.275925 -0.028455
0.210829 -0.023865
0.153479 -0.019732
0.104951 -0.016099
0.065079 -0.012971
0.033072 -0.010328
0.008300 -0.008133
-0.004643 -0.006336
0.006315 -0.004888
0.052080 -0.003734
0.134973 -0.002827
0.248147 -0.002122
0.379377 -0.001580
0.515531 -0.001167
0.645307 -0.000855
0.755731 -0.000622
0.829980 -0.000409
0.855311 -0.000253
0.829530 -0.000139
0.760701 -0.000058
0.662730 0.000000
0.550489 0.000000
0.436509 0.000000
0.329580 0.000000
0.234770 0.000000
0.154188 0.000000
0.087951 0.000000
0.035047 0.000000
-0.006038 0.000000
-0.036556 0.000000
-0.052467 0.000000
-0.042206 0.000000
0.004657 0.000000
0.090002 0.000000
0.206580 0.000000
0.341808 0.000000
0.482291 0.000000
0.616805 0.000000
0.737778 0.000000
0.840838 0.000000
0.919203 0.000000
0.960712 0.000000
0.955490 0.000000
0.902782 0.000000
0.811113 0.000000
0.694277 0.000000
0.566771 0.000000
0.440674 0.000000
0.324346 0.000000
0.222479 0.000000
0.136854 0.000000
0.067301 0.000000
0.012541 0.000000
-0.029192 0.000000
-0.059392 0.000000
-0.074212 0.000000
-0.062352 0.000000
-0.013567 0.000000
0.073863 0.000000
0.192560 0.000000
0.329841 0.000000
0.472203 0.000000
0.608052 0.000000
0.724161 0.000000
0.803620 0.000000
0.833604 0.000000
0.811884 0.000000
0.746532 0.000000
0.651483 0.000000
0.541658 0.000000
0.429646 0.000000
0.324299 0.000000
0.230745 0.000000
0.151147 0.000000
0.085673 0.000000
0.033354 0.000000
-0.007286 0.000000
-0.037847 0.000000
-0.059809 0.000000
-0.074601 0.000000
-0.083444 0.000000
-0.087429 0.000000
-0.087162 0.000000
-0.077947 0.000000
-0.047623 0.000000
0.014773 0.000000
0.111617 0.000000
0.235774 0.000000
0.369529 0.000000
0.487049 0.000000
0.565992 0.000000
0.596280 0.000000
0.580613 0.000000
0.529911 0.000000
0.457876 0.000000
0.377026 0.000000
0.296752 0.000000
0.222954 0.000000
0.158581 0.000000
0.104500 0.000000
0.060338 0.000000
0.025122 0.000000
-0.001930 0.000000
-0.016314 0.000000
-0.006127 0.000000
0.039429 0.000000
0.122193 0.000000
0.229628 0.000000
0.336451 0.000000
0.417769 0.000000
0.459592 0.000000
0.460683 0.000000
0.428864 0.000000
0.375652 0.000000
0.312267 0.000000
0.247470 0.000000
0.186963 0.000000
0.133747 0.000000
0.088852 0.000000
0.052108 0.000000
0.022743 0.000000
0.000167 0.000000
-0.010980 0.000000
0.001427 0.000000
0.048346 0.000000
0.131768 0.000000
0.239305 0.000000
0.345811 0.000000
0.426516 0.000000
0.467537 0.000000
0.467766 0.000000
0.435083 0.000000
0.381007 0.000000
0.316802 0.000000
0.251253 0.000000
0.190078 0.000000
0.136241 0.000000
0.090827 0.000000
0.053654 0.000000
0.023941 0.000000
0.001086 0.000000
-0.010281 0.000000
0.001953 0.000000
0.048738 0.000000
0.132436 0.000000
0.246239 0.000000
0.377953 0.000000
0.514477 0.000000
0.644910 0.000000
0.761886 0.000000
0.861180 0.000000
0.936188 0.000000
0.974696 0.000000
0.966857 0.000000
0.911912 0.000000
0.818327 0.000000
0.699915 0.000000
0.571132 0.000000
0.444015 0.000000
0.326883 0.000000
0.224387 0.000000
0.138277 0.000000
0.068354 0.000000
0.013315 0.000000
-0.028627 0.000000
-0.059361 0.000000
-0.080301 0.000000
-0.087479 0.000000
-0.069371 0.000000
-0.015581 0.000000
0.075412 0.000000
0.190710 0.000000
0.304791 0.000000
0.392600 0.000000
0.440016 0.000000
0.445870 0.000000
0.417957 0.000000
0.367862 0.000000
0.306898 0.000000
0.243928 0.000000
0.184760 0.000000
0.132492 0.000000
0.088246 0.000000
0.051924 0.000000
0.022817 0.000000
0.000006 0.000000
-0.017417 0.000000
-0.030261 0.000000
-0.039218 0.000000
-0.044850 0.000000
-0.047748 0.000000
-0.048404 0.000000
-0.047283 0.000000
-0.044819 0.000000
-0.041411 0.000000
-0.037413 0.000000
-0.033127 0.000000
-0.028798 0.000000
-0.024614 0.000000
-0.020750 0.000000
-0.017238 0.000000
-0.014124 0.000000
-0.011425 0.000000
-0.009131 0.000000
-0.007214 0.000000
-0.005638 0.000000
-0.004362 0.000000
-0.003341 0.000000
-0.002536 0.000000
-0.001908 0.000000
-0.001424 0.000000
-0.001054 0.000000
-0.000774 0.000000
-0.000564 0.000000
-0.000409 0.000000
-0.000253 0.000000
-0.000139 0.000000
-0.000058 0.000000
0.000000 0.000000
0.000000 0.000000
0.000000 0.000000
0.000000 0.000000
0.000000 0.000000
0.000000 0.000000
0.000000 0.000000
0.000000 0.000000
0.000000 0.000000
0.000000 0.000000
0.000000 0.000000
0.000000 0.000000
0.000000 0.000000
0.000000 0.000000
0.000000 0.000000
0.000000 0.000000
0.000000 0.000000
0.000000 0.000000
0.000000 0.000000
0.000000 0.000000
0.000000 0.000000
0.000000 0.000000
0.000000 0.000000
0.000000 0.000000
0.000000 0.000000
0.000000 0.000000
0.000000 0.000000
0.000000 0.000000
0.000000 0.000000
0.000000 0.000000
0.000000 0.000000
0.000000 0.000000
0.000000 0.000000
0.000000 0.000000
0.000000 0.000000
0.000000 0.000000
0.000000 0.000000
0.000000 0.000000
0.000000 0.000000
0.000000 0.000000
0.000000 0.000000
0.000000 0.000000
0.000000 0.000000
0.000000 0.000000
0.000000 0.000000
0.000000 0.000000
0.000000 0.000000
