0.000000 0.000000
0.000000 0.000000
0.000000 0.000000
0.000000 0.000000
0.000000 0.000000
0.000000 0.000000
0.000000 0.000000
0.000000 0.000000
0.000000 0.000000
0.000000 0.000000
0.000000 0.000000
0.000000 0.000000
0.000000 0.000000
0.000000 0.000000
0.000000 0.000000
0.000378 0.000000
0.006719 0.000000
0.031986 0.000000
0.087849 0.000000
0.177292 0.000000
0.294062 0.000000
0.426474 0.000000
0.561522 0.000000
0.683161 0.000000
0.771467 0.000000
0.811278 0.000000
0.798855 0.000000
0.741500 0.000000
0.652904 0.000000
0.548055 0.000000
0.439746 0.000000
0.337061 0.000000
0.245331 0.000000
0.166879 0.000000
0.101987 0.000000
0.049773 0.000000
0.008832 0.000000
-0.022369 0.000000
-0.045284 0.000000
-0.061222 0.000378
-0.071338 0.006719
-0.076660 0.031986
-0.078118 0.087849
-0.076553 0.177292
-0.072729 0.294062
-0.067328 0.426474
-0.060943 0.561900
-0.054070 0.689881
-0.047111 0.803453
-0.040370 0.898749
-0.034065 0.969428
-0.028335 1.003576
-0.023253 0.991530
-0.018843 0.932663
-0.015088 0.835564
-0.011946 0.714039
-0.009357 0.582558
-0.007255 0.453146
-0.005571 0.334096
-0.004239 0.230025
-0.003197 0.142639
-0.002391 0.071696
-0.001774 0.015851
-0.001306 -0.026719
-0.000913 -0.057938
-0.000622 -0.079625
-0.000409 -0.093424
-0.000253 -0.100793
-0.000139 -0.103021
-0.000058 -0.100872
0.000000 -0.089774
0.000000 -0.057653
0.000000 0.006397
0.000000 0.104342
0.000000 0.223822
0.000000 0.339793
0.000000 0.427666
0.000000 0.473805
0.000000 0.477393
0.000000 0.446583
0.000000 0.393261
0.000000 0.328976
0.000000 0.262770
0.000000 0.200574
0.000000 0.145563
0.000000 0.098897
0.000000 0.060490
0.000000 0.029622
0.000000 0.005770
0.000000 -0.006475
0.000000 0.005009
0.000000 0.051166
0.000000 0.134350
0.000000 0.247738
0.000000 0.379124
0.000000 0.515014
0.000000 0.638907
0.000000 0.730464
0.000000 0.774117
0.000000 0.765868
0.000000 0.712760
0.000000 0.628290
0.000000 0.527305
0.000000 0.422508
0.000000 0.322937
0.000000 0.233906
0.000000 0.157748
0.000000 0.094773
0.000000 0.044135
0.000000 0.004470
0.000378 -0.025710
0.006719 -0.047820
0.031986 -0.063130
0.087849 -0.072761
0.177292 -0.077714
0.294062 -0.078892
0.426474 -0.077117
0.561900 -0.073138
0.689881 -0.067581
0.803075 -0.061082
0.892407 -0.054128
0.944162 -0.047111
0.947714 -0.040370
0.902086 -0.034065
0.815893 -0.028335
0.703152 -0.023253
0.578614 -0.018843
0.454577 -0.015088
0.339574 -0.011946
0.238423 -0.009357
0.153003 -0.007255
0.083224 -0.005571
0.027880 -0.004239
-0.014725 -0.003197
-0.046391 -0.002013
-0.068825 0.004945
-0.083569 0.030680
-0.091993 0.086935
-0.095316 0.176670
-0.094623 0.293654
-0.090885 0.426222
-0.084965 0.561760
-0.077610 0.689822
-0.069458 0.803453
-0.061026 0.898749
-0.052720 0.969428
-0.044839 1.003576
-0.037586 0.991530
-0.031079 0.932663
-0.025370 0.835564
-0.020461 0.714039
-0.016313 0.582558
-0.012865 0.453146
-0.010041 0.334096
-0.007760 0.230025
-0.005941 0.142639
-0.004508 0.071696
-0.003391 0.015851
-0.002531 -0.026719
-0.001454 -0.057938
0.005413 -0.079625
0.031073 -0.093424
0.087226 -0.100793
0.176506 -0.103021
0.287090 -0.101250
0.394349 -0.096493
0.473993 -0.089639
0.512588 -0.081451
0.509391 -0.072572
0.472652 -0.063520
0.414248 -0.054695
0.345682 -0.046386
0.275925 -0.038784
0.210829 -0.031998
0.153479 -0.026069
0.104951 -0.020987
0.065079 -0.016706
0.033072 -0.013156
0.007922 -0.010255
-0.011363 -0.007538
-0.025671 0.000665
-0.035769 0.027397
-0.042320 0.084399
-0.045915 0.174762
-0.047097 0.292230
-0.046369 0.425168
-0.044196 0.560987
-0.041002 0.688880
-0.037160 0.796325
-0.032988 0.866888
-0.028740 0.888160
-0.024614 0.858212
-0.020750 0.785316
-0.017238 0.683481
-0.014124 0.567727
-0.011425 0.450633
-0.009131 0.341005
-0.007214 0.243900
-0.005638 0.161401
-0.004362 0.093589
-0.003341 0.039408
-0.002536 -0.002697
-0.001908 -0.034397
-0.001424 -0.057278
-0.001054 -0.072769
-0.000774 -0.082138
-0.000564 -0.086516
-0.000409 -0.086540
-0.000253 -0.077538
-0.000139 -0.047371
-0.000058 0.014912
0.000000 0.111675
0.000000 0.236151
0.000000 0.375871
0.000000 0.512316
0.000000 0.621855
0.000000 0.685723
0.000000 0.697383
0.000000 0.662323
0.000000 0.593301
0.000000 0.505006
0.000000 0.410324
0.000000 0.318628
0.000000 0.235602
0.000000 0.163915
0.000000 0.104154
0.000000 0.055698
0.000000 0.017364
0.000000 -0.012146
0.000000 -0.034169
0.000000 -0.049851
0.000000 -0.060199
0.000378 -0.066113
0.006719 -0.068402
0.031986 -0.067811
0.087849 -0.065024
0.177292 -0.060701
0.294062 -0.055335
0.426474 -0.049396
0.561522 -0.043270
0.683161 -0.037255
0.771467 -0.031570
0.811278 -0.026360
0.798855 -0.021707
0.741500 -0.017645
0.652904 -0.014169
0.548055 -0.011247
0.439746 -0.008831
0.337061 -0.006862
0.245331 -0.005280
0.166879 -0.004025
0.101987 -0.003041
0.049773 -0.002278
0.008832 -0.001693
-0.022369 -0.001248
-0.045284 -0.000913
-0.061222 -0.000622
-0.071338 -0.000409
-0.076660 -0.000253
-0.078118 0.000238
-0.076553 0.006661
-0.072729 0.031986
-0.067328 0.087849
-0.060943 0.177292
-0.054070 0.294062
-0.047111 0.426474
-0.040370 0.561522
-0.034065 0.683161
-0.028335 0.771467
-0.023253 0.811278
-0.018843 0.798855
-0.015088 0.741500
-0.011946 0.652904
-0.009357 0.548055
-0.007255 0.439746
-0.005571 0.337061
-0.004239 0.245331
-0.003197 0.166879
-0.002391 0.101987
-0.001774 0.049773
-0.001306 0.008832
-0.000913 -0.021991
-0.000622 -0.038565
-0.000409 -0.029236
-0.000253 0.016511
-0.000139 0.100632
-0.000058 0.215944
0.000000 0.349921
0.000000 0.488793
0.000000 0.615833
0.000000 0.710524
0.000000 0.757208
0.000000 0.751745
0.000000 0.701130
0.000000 0.618839
0.000000 0.519720
0.000000 0.416493
0.000000 0.318218
0.000000 0.230243
0.000000 0.154933
0.000000 0.092630
0.000000 0.042518
0.000000 0.003260
0.000000 -0.026230
0.000000 -0.041762
0.000000 -0.031627
0.000000 0.014737
0.000000 0.099326
0.000000 0.215031
0.000000 0.349299
0.000000 0.488762
0.000000 0.621922
0.000000 0.735651
0.000000 0.813012
0.000000 0.841189
0.000000 0.817900
0.000000 0.751251
0.000000 0.655146
0.000000 0.544473
0.000000 0.431790
0.000000 0.325916
0.000000 0.231954
0.000000 0.152044
0.000000 0.086334
0.000000 0.033837
0.000000 -0.006936
0.000000 -0.037594
0.000000 -0.059669
0.000000 -0.074543
0.000000 -0.083066
0.000000 -0.080710
0.000000 -0.055554
0.000000 0.003182
0.000000 0.097683
0.000000 0.220986
0.000000 0.360799
0.000000 0.503611
0.000000 0.632936
0.000000 0.728602
0.000000 0.775238
0.000000 0.768975
0.000000 0.717049
0.000000 0.633142
0.000000 0.532268
0.000000 0.427274
0.000000 0.327311
0.000000 0.237785
0.000000 0.161094
0.000000 0.097592
0.000000 0.046463
0.000000 0.006359
0.000378 -0.024201
0.006719 -0.046590
0.031986 -0.062135
0.087849 -0.071960
0.177292 -0.077069
0.294062 -0.078370
0.426474 -0.076692
0.561900 -0.072787
0.689881 -0.067328
0.803453 -0.060943
0.898749 -0.054070
0.969428 -0.047111
1.003576 -0.040370
0.991530 -0.034065
0.932663 -0.028335
0.835564 -0.023253
0.714039 -0.018843
0.582558 -0.015088
0.453146 -0.011946
0.334096 -0.009357
0.230025 -0.007255
0.142639 -0.005571
0.071696 -0.004239
0.015851 -0.003197
-0.026719 -0.002391
-0.057560 -0.001774
-0.072906 -0.001306
-0.061438 -0.000913
-0.012945 -0.000622
0.074272 -0.000409
0.192812 -0.000253
0.329981 -0.000139
0.472261 -0.000058
0.608429 0.000000
0.730880 0.000000
0.835228 0.000000
0.914733 0.000000
0.957191 0.000000
0.952746 0.000000
0.900665 0.000000
0.809496 0.000000
0.693053 0.000000
0.565852 0.000000
0.439990 0.000000
0.323841 0.000000
0.222109 0.000000
0.136585 0.000000
0.067106 0.000000
0.012402 0.000000
-0.029250 0.000000
-0.059770 0.000000
-0.080931 0.000000
-0.094338 0.000000
-0.101416 0.000378
-0.103429 0.006719
-0.101503 0.031986
-0.096633 0.087849
-0.089697 0.177292
-0.081451 0.293684
-0.072572 0.419755
-0.063520 0.529914
-0.054695 0.602032
-0.046386 0.626161
-0.038784 0.605064
-0.031998 0.549673
-0.026069 0.473662
-0.020987 0.389498
-0.016706 0.306502
-0.013156 0.230500
-0.010255 0.164366
-0.007916 0.108895
-0.006054 0.063648
-0.004589 0.027594
-0.003450 -0.000098
-0.002531 -0.015008
-0.001832 -0.005214
-0.001306 0.040051
-0.000913 0.122601
-0.000622 0.229881
-0.000409 0.336590
-0.000253 0.417827
-0.000139 0.459592
-0.000058 0.460683
0.000000 0.428864
0.000000 0.375652
0.000000 0.312267
0.000000 0.247470
0.000000 0.186963
0.000000 0.133747
0.000000 0.088852
0.000000 0.052108
0.000000 0.022743
0.000000 -0.000210
0.000000 -0.017699
0.000378 -0.030559
0.006719 -0.039503
0.031986 -0.045147
0.087849 -0.048037
0.177292 -0.048677
0.294062 -0.047536
0.426096 -0.045052
0.555180 -0.041625
0.657895 -0.037569
0.715604 -0.033240
0.721834 -0.028880
0.682085 -0.024673
0.609088 -0.020750
0.517478 -0.017238
0.420074 -0.014124
0.326174 -0.011425
0.241387 -0.009131
0.168310 -0.007214
0.107464 -0.005638
0.058171 -0.004362
0.019196 -0.003341
-0.010463 -0.002536
-0.026536 -0.001908
-0.017242 -0.001424
0.028058 -0.001054
0.111054 -0.000774
0.219080 -0.000564
0.326735 -0.000409
0.409027 -0.000253
0.451887 -0.000139
0.454056 -0.000058
0.423256 0.000000
0.370978 0.000000
0.308427 0.000000
0.244355 0.000000
0.184469 0.000000
0.131772 0.000000
0.087306 0.000000
0.050910 0.000000
0.021824 0.000000
-0.000531 0.000000
-0.011506 0.000000
0.001035 0.000000
0.048055 0.000000
0.131931 0.000000
0.245869 0.000000
0.377684 0.000000
0.514283 0.000000
0.644771 0.000000
0.761450 0.000000
0.854838 0.000000
0.910921 0.000000
0.918834 0.000000
0.877413 0.000000
0.795142 0.000000
0.685915 0.000000
0.564489 0.000000
0.443152 0.000000
0.330443 0.000000
0.231209 0.000000
0.147365 0.000000
0.078863 0.000000
0.024538 0.000000
-0.017262 0.000000
-0.048299 0.000378
-0.070248 0.006719
-0.084623 0.031986
-0.092767 0.087849
-0.095880 0.176914
-0.095031 0.287343
-0.091138 0.394488
-0.085104 0.474051
-0.077669 0.512588
-0.069458 0.509391
-0.061026 0.472652
-0.052720 0.414248
-0.044839 0.345682
-0.037586 0.275925
-0.031079 0.210829
-0.025370 0.153479
-0.020461 0.104951
-0.016313 0.065079
-0.012865 0.033072
-0.010041 0.008300
-0.007760 -0.004643
-0.005941 0.006315
-0.004508 0.052080
-0.003391 0.134973
-0.002531 0.248147
-0.001832 0.379377
-0.001306 0.515153
-0.000913 0.638965
-0.000622 0.730464
-0.000409 0.774117
-0.000253 0.765868
-0.000139 0.712760
-0.000058 0.628290
0.000000 0.527305
0.000000 0.422508
0.000000 0.322937
0.000000 0.233906
0.000000 0.157748
0.000000 0.094773
0.000000 0.044135
0.000000 0.004470
0.000000 -0.025710
0.000000 -0.047820
0.000000 -0.063130
0.000000 -0.072384
0.000000 -0.070995
0.000000 -0.046906
0.000000 0.010731
0.000000 0.104154
0.000000 0.226104
0.000000 0.358672
0.000000 0.475786
0.000000 0.554922
0.000000 0.585791
0.000000 0.570999
0.000000 0.521339
0.000000 0.450409
0.000000 0.370654
0.000000 0.291414
0.000000 0.218554
0.000000 0.155009
0.000000 0.101640
0.000000 0.058077
0.000000 0.023355
0.000000 -0.003295
0.000000 -0.017399
0.000000 -0.006988
0.000000 0.038745
0.000000 0.122065
0.000000 0.235978
0.000000 0.368168
0.000000 0.505423
0.000000 0.636745
0.000000 0.754687
0.000000 0.854961
0.000000 0.930832
0.000000 0.970162
0.000000 0.963074
0.000000 0.908798
0.000000 0.815832
0.000000 0.697940
0.000000 0.569586
0.000000 0.442817
0.000000 0.325964
0.000000 0.223688
0.000000 0.137751
0.000000 0.067961
0.000000 0.013024
0.000000 -0.028841
0.000000 -0.059517
0.000000 -0.080792
0.000000 -0.094280
0.000000 -0.101038
0.000000 -0.096710
0.000000 -0.069516
0.000000 -0.008784
0.000000 0.087595
0.000000 0.212611
0.000000 0.353524
0.000000 0.491660
0.000000 0.603200
0.000000 0.669219
0.000000 0.683050
0.000000 0.650088
0.000000 0.583019
0.000000 0.496491
0.000000 0.403369
0.000000 0.313018
0.000000 0.231133
0.000000 0.160394
0.000000 0.101410
0.000000 0.053582
0.000000 0.015747
0.000378 -0.013371
0.006719 -0.035088
0.031986 -0.050534
0.087849 -0.060704
0.176914 -0.066483
0.287343 -0.068671
0.394488 -0.068006
0.474051 -0.065164
0.512588 -0.060759
0.509391 -0.055335
0.472652 -0.049396
0.414248 -0.043270
0.345682 -0.037255
0.275925 -0.031570
0.210829 -0.026360
0.153479 -0.021707
0.104951 -0.017645
0.065079 -0.014169
0.033072 -0.011247
0.007922 -0.008453
-0.011363 -0.000143
-0.025671 0.026706
-0.035769 0.083823
-0.042320 0.173873
-0.045915 0.285065
-0.047097 0.392795
-0.046369 0.472803
-0.044196 0.511675
-0.041002 0.508768
-0.037160 0.472244
-0.032988 0.413995
-0.028740 0.345542
-0.024614 0.275867
-0.020750 0.210829
-0.017238 0.153479
-0.014124 0.104951
-0.011425 0.065079
-0.009131 0.033072
-0.006836 0.007922
0.001081 -0.011363
0.027625 -0.025671
0.084507 -0.035769
0.174756 -0.042320
0.292154 -0.045915
0.425050 -0.047097
0.560846 -0.046369
0.689107 -0.044196
0.802511 -0.041002
0.891998 -0.037160
0.943909 -0.032988
0.947574 -0.028740
0.902028 -0.024614
0.815893 -0.020750
0.703152 -0.017238
0.578614 -0.014124
0.454577 -0.011425
0.339574 -0.009131
0.238423 -0.007214
0.153003 -0.005638
0.083224 -0.004362
0.027880 -0.003341
-0.014725 -0.002536
-0.046013 -0.001908
-0.062105 -0.001424
-0.051583 -0.001054
-0.004145 -0.000774
0.081599 -0.000564
0.192720 -0.000409
0.303603 -0.000253
0.389087 -0.000139
0.434978 -0.000058
0.439933 0.000000
0.411627 0.000000
0.361528 0.000000
0.300842 0.000000
0.238339 0.000000
0.179750 0.000000
0.128109 0.000000
0.084491 0.000000
0.048767 0.000000
0.020207 0.000000
-0.001741 0.000000
-0.012403 0.000000
0.000374 0.000000
0.047572 0.000000
0.131203 0.000000
0.238897 0.000000
0.345558 0.000000
0.426376 0.000000
0.467479 0.000000
0.467766 0.000000
0.435083 0.000000
0.381007 0.000000
0.316802 0.000000
0.251253 0.000000
0.190078 0.000000
0.136241 0.000000
0.090827 0.000000
0.053654 0.000000
0.023941 0.000000
0.001086 0.000000
-0.010281 0.000000
0.001953 0.000000
0.048738 0.000000
0.132436 0.000000
0.246239 0.000000
0.377953 0.000000
0.514477 0.000000
0.644910 0.000000
0.761886 0.000000
0.861180 0.000000
0.936188 0.000000
0.974696 0.000000
0.966857 0.000000
0.911912 0.000000
0.818327 0.000000
0.699915 0.000000
0.571132 0.000000
0.444015 0.000000
0.326883 0.000000
0.224387 0.000000
0.138277 0.000000
0.068354 0.000000
0.013315 0.000000
-0.028627 0.000000
-0.058984 0.000000
-0.073959 0.000000
-0.062212 0.000000
-0.013509 0.000000
0.073863 0.000000
0.192560 0.000000
0.329464 0.000000
0.465484 0.000000
0.576443 0.000000
0.643032 0.000000
0.658314 0.000000
0.627390 0.000000
0.562702 0.000000
0.478694 0.000000
0.388076 0.000000
0.300105 0.000000
0.220401 0.000000
0.151604 0.000000
0.094309 0.000000
0.047916 0.000000
0.011280 0.000000
-0.016517 0.000000
-0.031126 0.000000
-0.020692 0.000000
0.025527 0.000000
0.109222 0.000000
0.217774 0.000000
0.325821 0.000000
0.408405 0.000000
0.451479 0.000000
0.453803 0.000000
0.423117 0.000000
0.370920 0.000000
0.308427 0.000000
0.244355 0.000000
0.184469 0.000000
0.131772 0.000000
0.087306 0.000000
0.050910 0.000000
0.021824 0.000000
-0.000531 0.000000
-0.011506 0.000000
0.001035 0.000000
0.048055 0.000000
0.131931 0.000000
0.245869 0.000000
0.377684 0.000000
0.514283 0.000000
0.644771 0.000000
0.761828 0.000000
0.861180 0.000000
0.936188 0.000000
0.974696 0.000000
0.966857 0.000000
0.911912 0.000000
0.818327 0.000000
0.699915 0.000000
0.571132 0.000000
0.444015 0.000000
0.326883 0.000000
0.224387 0.000000
0.138277 0.000000
0.068354 0.000000
0.013315 0.000000
-0.028627 0.000000
-0.058984 0.000000
-0.073959 0.000000
-0.062212 0.000000
-0.013509 0.000000
0.073863 0.000000
0.192560 0.000000
0.329841 0.000000
0.472203 0.000000
0.608052 0.000000
0.724161 0.000000
0.803620 0.000000
0.833604 0.000000
0.811884 0.000000
0.746532 0.000000
0.651483 0.000000
0.541658 0.000000
0.429646 0.000000
0.324299 0.000000
0.230745 0.000000
0.151147 0.000000
0.085673 0.000000
0.033354 0.000000
-0.007286 0.000000
-0.037847 0.000000
-0.059809 0.000000
-0.074601 0.000000
-0.083444 0.000000
-0.087429 0.000000
-0.087540 0.000000
-0.084666 0.000000
-0.079609 0.000000
-0.073076 0.000000
-0.065675 0.000000
-0.057911 0.000000
-0.050225 0.000000
-0.042865 0.000000
-0.036040 0.000000
-0.029881 0.000000
-0.024451 0.000000
-0.019762 0.000000
-0.015787 0.000000
-0.012472 0.000000
-0.009750 0.000000
-0.007546 0.000000
-0.005785 0.000000
-0.004395 0.000000
-0.003310 0.000000
-0.002472 0.000000
-0.001832 0.000000
-0.001306 0.000000
-0.000913 0.000000
-0.000622 0.000000
-0.000409 0.000000
-0.000253 0.000000
-0.000139 0.000000
-0.000058 0.000000
0.000000 0.000000
0.000000 0.000000
0.000000 0.000000
0.000000 0.000000
0.000000 0.000000
0.000000 0.000000
0.000000 0.000000
0.000000 0.000000
0.000000 0.000000
0.000000 0.000000
0.000000 0.000000
0.000000 0.000000
0.000000 0.000000
0.000000 0.000000
0.000000 0.000000
0.000000 0.000000
0.000000 0.000000
0.000000 0.000000
0.000000 0.000000
0.000000 0.000000
0.000000 0.000000
0.000000 0.000000
0.000000 0.000000
0.000000 0.000000
0.000000 0.000000
0.000000 0.000000
0.000000 0.000000
0.000000 0.000000
0.000000 0.000000
0.000000 0.000000
0.000000 0.000000
0.000000 0.000000
