0.000000 0.000000
0.000000 0.000000
0.000000 0.000000
0.000000 0.000000
0.000000 0.000000
0.000000 0.000000
0.000000 0.000000
0.000000 0.000000
0.000000 0.000000
0.000000 0.000000
0.000000 0.000000
0.000000 0.000000
0.000000 0.000000
0.000000 0.000000
0.000000 0.000000
0.000000 0.000378
0.000000 0.006719
0.000000 0.031986
0.000000 0.087849
0.000000 0.177292
0.000000 0.294062
0.000000 0.426474
0.000000 0.561900
0.000000 0.689503
0.000000 0.796733
0.000000 0.867140
0.000000 0.888299
0.000000 0.858270
0.000000 0.785316
0.000000 0.683481
0.000000 0.567727
0.000000 0.450633
0.000000 0.341005
0.000000 0.243900
0.000000 0.161401
0.000000 0.093589
0.000000 0.039408
0.000000 -0.002697
0.000378 -0.034397
0.006719 -0.057278
0.031986 -0.072769
0.087849 -0.082138
0.176914 -0.086516
0.287343 -0.086918
0.394488 -0.084258
0.474051 -0.079357
0.512588 -0.072936
0.509391 -0.065617
0.472652 -0.057911
0.414248 -0.050225
0.345682 -0.042865
0.275925 -0.036040
0.210829 -0.029881
0.153479 -0.024451
0.104951 -0.019762
0.065079 -0.015787
0.033072 -0.012472
0.008300 -0.009750
-0.004643 -0.007546
0.006315 -0.005785
0.052080 -0.004395
0.134973 -0.003310
0.248147 -0.002472
0.379377 -0.001832
0.515531 -0.001306
0.645684 -0.000913
0.762073 -0.000622
0.855246 -0.000409
0.911174 -0.000253
0.918974 -0.000139
0.877472 -0.000058
0.795142 0.000000
0.685915 0.000000
0.564489 0.000000
0.443152 0.000000
0.330443 0.000000
0.231209 0.000000
0.147365 0.000000
0.078863 0.000000
0.024538 0.000000
-0.017262 0.000000
-0.047921 0.000000
-0.063529 0.000000
-0.052637 0.000000
-0.004919 0.000000
0.081412 0.000000
0.199031 0.000000
0.335336 0.000000
0.476796 0.000000
0.612212 0.000000
0.733617 0.000000
0.831381 0.000000
0.891442 0.000000
0.902874 0.000000
0.864500 0.000000
0.784814 0.000000
0.677782 0.000000
0.558153 0.000000
0.438264 0.000000
0.326709 0.000000
0.228382 0.000000
0.145243 0.000000
0.077283 0.000000
0.023372 0.000000
-0.018117 0.000000
-0.048922 0.000378
-0.070657 0.006719
-0.084875 0.031986
-0.092907 0.087849
-0.095938 0.176914
-0.095031 0.287343
-0.091138 0.394488
-0.085104 0.474051
-0.077669 0.512588
-0.069458 0.509391
-0.061026 0.472652
-0.052720 0.414248
-0.044839 0.345682
-0.037586 0.275925
-0.031079 0.210829
-0.025370 0.153479
-0.020461 0.104951
-0.016313 0.065079
-0.012865 0.033072
-0.010041 0.008300
-0.007760 -0.004643
-0.005941 0.006315
-0.004508 0.052080
-0.003391 0.134595
-0.002531 0.241427
-0.001832 0.347391
-0.001306 0.427682
-0.000913 0.468392
-0.000622 0.468388
-0.000409 0.435492
-0.000253 0.381260
-0.000139 0.316941
-0.000058 0.251311
0.000000 0.190078
0.000000 0.136241
0.000000 0.090827
0.000000 0.053654
0.000000 0.023941
0.000000 0.001086
0.000000 -0.010281
0.000000 0.001953
0.000000 0.048738
0.000000 0.132436
0.000000 0.246239
0.000000 0.377575
0.000000 0.507758
0.000000 0.612924
0.000000 0.674038
0.000000 0.684265
0.000000 0.648845
0.000000 0.580208
0.000000 0.492806
0.000000 0.399324
0.000000 0.308936
0.000000 0.227263
0.000000 0.156885
0.000000 0.098334
0.000000 0.050957
0.000000 0.013558
0.000000 -0.014824
0.000000 -0.029878
0.000000 -0.019778
0.000000 0.026149
0.000000 0.109631
0.000000 0.218027
0.000000 0.325961
0.000000 0.408463
0.000000 0.451479
0.000000 0.453803
0.000000 0.423117
0.000000 0.370920
0.000000 0.308427
0.000000 0.244355
0.000000 0.184469
0.000000 0.131772
0.000000 0.087306
0.000000 0.050910
0.000000 0.021824
0.000000 -0.000531
0.000000 -0.011506
0.000000 0.001035
0.000000 0.048055
0.000000 0.131554
0.000000 0.239149
0.000000 0.345698
0.000000 0.426434
0.000000 0.467479
0.000000 0.467766
0.000000 0.435083
0.000000 0.381007
0.000000 0.316802
0.000000 0.251253
0.000000 0.190078
0.000000 0.136241
0.000000 0.090827
0.000000 0.053654
0.000000 0.023941
0.000378 0.000709
0.006719 -0.017001
0.031986 -0.030033
0.087849 -0.039110
0.177292 -0.044856
0.294062 -0.047824
0.426474 -0.048521
0.561900 -0.047423
0.689503 -0.044970
0.796733 -0.041567
0.867140 -0.037569
0.888299 -0.033240
0.858270 -0.028880
0.785316 -0.024673
0.683481 -0.020750
0.567727 -0.017238
0.450633 -0.014124
0.341005 -0.011425
0.243900 -0.009131
0.161401 -0.007214
0.093589 -0.005638
0.039408 -0.004362
-0.002697 -0.003341
-0.034397 -0.002158
-0.057278 0.004811
-0.072769 0.030562
-0.082138 0.086795
-0.086516 0.176518
-0.086918 0.293498
-0.084258 0.426066
-0.079357 0.561647
-0.072936 0.689741
-0.065617 0.803017
-0.057911 0.892407
-0.050225 0.944162
-0.042865 0.947714
-0.036040 0.902086
-0.029881 0.815893
-0.024451 0.703152
-0.019762 0.578614
-0.015787 0.454577
-0.012472 0.339574
-0.009750 0.238423
-0.007546 0.153003
-0.005785 0.083224
-0.004395 0.027880
-0.003310 -0.014725
-0.002095 -0.046391
0.004887 -0.068825
0.030680 -0.083569
0.086935 -0.091993
0.176670 -0.095316
0.293654 -0.094623
0.426222 -0.090885
0.561760 -0.084965
0.689822 -0.077610
0.803453 -0.069458
0.898749 -0.061026
0.969428 -0.052720
1.003576 -0.044839
0.991530 -0.037586
0.932663 -0.031079
0.835564 -0.025370
0.714039 -0.020461
0.582558 -0.016313
0.453146 -0.012865
0.334096 -0.010041
0.230025 -0.007760
0.142639 -0.005941
0.071696 -0.004508
0.015851 -0.003391
-0.026719 -0.002531
-0.057938 -0.001454
-0.079625 0.005413
-0.093424 0.031073
-0.100793 0.087226
-0.103021 0.176884
-0.101250 0.293432
-0.096493 0.419615
-0.089639 0.529856
-0.081451 0.602032
-0.072572 0.626161
-0.063520 0.605064
-0.054695 0.549673
-0.046386 0.473662
-0.038784 0.389498
-0.031998 0.306502
-0.026069 0.230500
-0.020987 0.164366
-0.016706 0.108895
-0.013156 0.063648
-0.010255 0.027594
-0.007916 -0.000098
-0.006054 -0.015008
-0.004589 -0.005214
-0.003450 0.040051
-0.002531 0.122979
-0.001832 0.236600
-0.001306 0.368576
-0.000913 0.505298
-0.000622 0.630165
-0.000409 0.722759
-0.000253 0.767490
-0.000139 0.760260
-0.000058 0.708086
0.000000 0.624449
0.000000 0.524190
0.000000 0.420014
0.000000 0.320962
0.000000 0.232360
0.000000 0.156550
0.000000 0.093854
0.000000 0.043436
0.000000 0.003944
0.000378 -0.026103
0.006719 -0.048111
0.031986 -0.063344
0.087849 -0.072917
0.176914 -0.077827
0.287343 -0.078973
0.394488 -0.077175
0.474051 -0.073138
0.512588 -0.067581
0.509391 -0.061082
0.472652 -0.054128
0.414248 -0.047111
0.345682 -0.040370
0.275925 -0.034065
0.210829 -0.028335
0.153479 -0.023253
0.104951 -0.018843
0.065079 -0.015088
0.033072 -0.011946
0.008300 -0.009357
-0.004643 -0.007255
0.006315 -0.005571
0.052080 -0.004239
0.134595 -0.003197
0.241427 -0.002391
0.347391 -0.001774
0.427682 -0.001306
0.468392 -0.000913
0.468388 -0.000622
0.435492 -0.000409
0.381260 -0.000253
0.316941 -0.000139
0.251311 -0.000058
0.190078 0.000000
0.136241 0.000000
0.090827 0.000000
0.053654 0.000000
0.023941 0.000000
0.000709 0.000378
-0.017001 0.006719
-0.030033 0.031986
-0.039110 0.087849
-0.044856 0.177292
-0.047824 0.294062
-0.048521 0.426474
-0.047423 0.561900
-0.044970 0.689881
-0.041567 0.803075
-0.037569 0.892407
-0.033240 0.944162
-0.028880 0.947714
-0.024673 0.902086
-0.020750 0.815893
-0.017238 0.703152
-0.014124 0.578614
-0.011425 0.454577
-0.009131 0.339574
-0.007214 0.238423
-0.005638 0.153003
-0.004362 0.083224
-0.003341 0.027880
-0.002536 -0.014725
-0.001908 -0.046013
-0.001424 -0.062105
-0.001054 -0.051583
-0.000774 -0.004145
-0.000564 0.081976
-0.000409 0.199440
-0.000253 0.335589
-0.000139 0.476557
-0.000058 0.605551
0.000000 0.702009
0.000000 0.750252
0.000000 0.746135
0.000000 0.696661
0.000000 0.615318
0.000000 0.516976
0.000000 0.414376
0.000000 0.316600
0.000000 0.229018
0.000000 0.154014
0.000000 0.091946
0.000000 0.042013
0.000000 0.002890
0.000000 -0.026499
0.000000 -0.041956
0.000000 -0.031766
0.000000 0.014679
0.000000 0.098948
0.000000 0.208311
0.000000 0.317313
0.000000 0.400914
0.000000 0.445007
0.000000 0.448308
0.000000 0.418524
0.000000 0.367137
0.000000 0.305312
0.000000 0.241861
0.000000 0.182494
0.000000 0.130226
0.000000 0.086108
0.000000 0.049991
0.000000 0.021126
0.000378 -0.001435
0.006719 -0.018618
0.031986 -0.031242
0.087849 -0.040008
0.177292 -0.045517
0.294062 -0.048306
0.426474 -0.048872
0.561900 -0.047675
0.689503 -0.045110
0.796733 -0.041625
0.867140 -0.037569
0.888299 -0.033240
0.858270 -0.028880
0.785316 -0.024673
0.683481 -0.020750
0.567727 -0.017238
0.450633 -0.014124
0.341005 -0.011425
0.243900 -0.009131
0.161401 -0.007214
0.093589 -0.005638
0.039408 -0.004362
-0.002697 -0.003341
-0.034019 -0.002536
-0.050558 -0.001908
-0.040783 -0.001424
0.005711 -0.001054
0.090776 -0.000774
0.207145 -0.000564
0.342216 -0.000409
0.482543 -0.000253
0.616566 -0.000139
0.731117 -0.000058
0.809229 0.000000
0.838074 0.000000
0.815406 0.000000
0.749276 0.000000
0.653600 0.000000
0.543275 0.000000
0.430871 0.000000
0.325218 0.000000
0.231428 0.000000
0.151652 0.000000
0.086043 0.000000
0.033623 0.000000
-0.007092 0.000000
-0.037330 0.000000
-0.053031 0.000000
-0.042615 0.000000
0.004404 0.000000
0.089863 0.000000
0.206522 0.000000
0.341808 0.000000
0.482291 0.000000
0.616805 0.000000
0.737400 0.000000
0.834496 0.000000
0.893936 0.000000
0.904849 0.000000
0.866046 0.000000
0.786012 0.000000
0.678701 0.000000
0.558851 0.000000
0.438790 0.000000
0.327102 0.000000
0.228673 0.000000
0.145457 0.000000
0.077439 0.000000
0.023485 0.000000
-0.018036 0.000000
-0.048863 0.000000
-0.070657 0.000000
-0.084875 0.000000
-0.092907 0.000000
-0.095938 0.000378
-0.095031 0.006719
-0.091138 0.031986
-0.085104 0.087849
-0.077669 0.176914
-0.069458 0.287343
-0.061026 0.394488
-0.052720 0.474051
-0.044839 0.512588
-0.037586 0.509391
-0.031079 0.472652
-0.025370 0.414248
-0.020461 0.345682
-0.016313 0.275925
-0.012865 0.210829
-0.010041 0.153479
-0.007760 0.104951
-0.005941 0.065079
-0.004508 0.033072
-0.003391 0.008300
-0.002531 -0.004643
-0.001832 0.006315
-0.001306 0.052080
-0.000913 0.134973
-0.000622 0.247769
-0.000409 0.372657
-0.000253 0.483545
-0.000139 0.557836
-0.000058 0.585158
0.000000 0.567904
0.000000 0.516686
0.000000 0.444922
0.000000 0.364883
0.000000 0.285752
0.000000 0.213263
0.000000 0.150242
0.000000 0.097470
0.000000 0.054518
0.000000 0.020380
0.000000 -0.006114
0.000000 -0.026089
0.000000 -0.040541
0.000000 -0.049956
0.000000 -0.049502
0.000000 -0.026900
0.000000 0.028897
0.000000 0.119916
0.000000 0.233782
0.000000 0.345372
0.000000 0.430011
0.000000 0.473853
0.000000 0.475918
0.000000 0.444197
0.000000 0.390383
0.000000 0.325949
0.000000 0.259826
0.000000 0.197857
0.000000 0.143151
0.000000 0.096819
0.000000 0.058743
0.000000 0.028184
0.000378 0.004188
0.006719 -0.014190
0.031986 -0.027793
0.087849 -0.037348
0.176914 -0.043486
0.287343 -0.046771
0.394488 -0.047720
0.474051 -0.046778
0.512588 -0.044449
0.509391 -0.041142
0.472652 -0.037219
0.414248 -0.032988
0.345682 -0.028740
0.275925 -0.024614
0.210829 -0.020750
0.153479 -0.017238
0.104951 -0.014124
0.065079 -0.011425
0.033072 -0.009131
0.008300 -0.007214
-0.004643 -0.005638
0.006315 -0.004362
0.052080 -0.003341
0.134973 -0.002536
0.248147 -0.001908
0.379377 -0.001424
0.515531 -0.001054
0.645684 -0.000774
0.762450 -0.000564
0.861588 -0.000409
0.936440 -0.000253
0.974836 -0.000139
0.966915 -0.000058
0.911912 0.000000
0.818327 0.000000
0.699915 0.000000
0.571132 0.000000
0.444015 0.000000
0.326883 0.000000
0.224387 0.000000
0.138277 0.000000
0.068354 0.000000
0.013315 0.000000
-0.028627 0.000000
-0.058984 0.000000
-0.073959 0.000000
-0.062212 0.000000
-0.013509 0.000000
0.073485 0.000000
0.185840 0.000000
0.297855 0.000000
0.384354 0.000000
0.431137 0.000000
0.436818 0.000000
0.409132 0.000000
0.359553 0.000000
0.299296 0.000000
0.237142 0.000000
0.178831 0.000000
0.127410 0.000000
0.083965 0.000000
0.048374 0.000000
0.019916 0.000000
-0.001955 0.000000
-0.012559 0.000000
0.000261 0.000000
0.047490 0.000000
0.131145 0.000000
0.238897 0.000000
0.345558 0.000000
0.426376 0.000000
0.467479 0.000000
0.467766 0.000000
0.435083 0.000000
0.381007 0.000000
0.316802 0.000000
0.251253 0.000000
0.190078 0.000000
0.136241 0.000000
0.090827 0.000000
0.053654 0.000000
0.023941 0.000000
0.001086 0.000000
-0.010281 0.000000
0.001953 0.000000
0.048738 0.000000
0.132059 0.000000
0.239519 0.000000
0.345967 0.000000
0.426629 0.000000
0.467618 0.000000
0.467824 0.000000
0.435083 0.000000
0.381007 0.000000
0.316802 0.000000
0.251253 0.000000
0.190078 0.000000
0.136241 0.000000
0.090827 0.000000
0.053654 0.000000
0.023941 0.000000
0.000709 0.000378
-0.017001 0.006719
-0.030033 0.031986
-0.039110 0.087849
-0.044856 0.177292
-0.047824 0.294062
-0.048521 0.426474
-0.047423 0.561900
-0.044970 0.689881
-0.041567 0.803075
-0.037569 0.892407
-0.033240 0.944162
-0.028880 0.947714
-0.024673 0.902086
-0.020750 0.815893
-0.017238 0.703152
-0.014124 0.578614
-0.011425 0.454577
-0.009131 0.339574
-0.007214 0.238423
-0.005638 0.153003
-0.004362 0.083224
-0.003341 0.027880
-0.002536 -0.014725
-0.001908 -0.046013
-0.001424 -0.062105
-0.001054 -0.051583
-0.000774 -0.004145
-0.000564 0.081599
-0.000409 0.192720
-0.000253 0.303603
-0.000139 0.389087
-0.000058 0.434978
0.000000 0.439933
0.000000 0.411627
0.000000 0.361528
0.000000 0.300842
0.000000 0.238339
0.000000 0.179750
0.000000 0.128109
0.000000 0.084491
0.000000 0.048767
0.000000 0.020207
0.000000 -0.001741
0.000000 -0.012403
0.000000 0.000374
0.000000 0.047572
0.000000 0.131581
0.000000 0.245616
0.000000 0.377167
0.000000 0.507505
0.000000 0.612785
0.000000 0.673980
0.000000 0.684265
0.000000 0.648845
0.000000 0.580208
0.000000 0.492806
0.000000 0.399324
0.000000 0.308936
0.000000 0.227263
0.000000 0.156885
0.000000 0.098334
0.000000 0.050957
0.000000 0.013558
0.000378 -0.015202
0.006719 -0.036597
0.031986 -0.051764
0.087849 -0.061699
0.177292 -0.067284
0.293684 -0.069316
0.419755 -0.068527
0.529914 -0.065589
0.602032 -0.061110
0.626161 -0.055587
0.605064 -0.049535
0.549673 -0.043328
0.473662 -0.037255
0.389498 -0.031570
0.306502 -0.026360
0.230500 -0.021707
0.164366 -0.017645
0.108895 -0.014169
0.063648 -0.011247
0.027594 -0.008831
-0.000098 -0.006862
-0.015008 -0.005280
-0.005214 -0.004025
0.040051 -0.003041
0.122979 -0.002278
0.236600 -0.001693
0.368576 -0.001248
0.505675 -0.000913
0.636885 -0.000622
0.754368 -0.000409
0.848619 -0.000253
0.905566 -0.000139
0.914300 -0.000058
0.873631 0.000000
0.792028 0.000000
0.683420 0.000000
0.562514 0.000000
0.441606 0.000000
0.329245 0.000000
0.230290 0.000000
0.146667 0.000000
0.078337 0.000000
0.024145 0.000000
-0.017553 0.000000
-0.048135 0.000000
-0.063685 0.000000
-0.052750 0.000000
-0.005000 0.000000
0.081354 0.000000
0.199031 0.000000
0.335336 0.000000
0.476796 0.000000
0.611834 0.000000
0.727276 0.000000
0.806115 0.000000
0.835579 0.000000
0.813431 0.000000
0.747730 0.000000
0.652402 0.000000
0.542356 0.000000
0.430172 0.000000
0.324692 0.000000
0.231036 0.000000
0.151361 0.000000
0.085829 0.000000
0.033467 0.000000
-0.007205 0.000000
-0.037789 0.000000
-0.059809 0.000000
-0.074601 0.000000
-0.083444 0.000000
-0.087429 0.000000
-0.087540 0.000000
-0.084666 0.000000
-0.079609 0.000000
-0.073076 0.000000
-0.065675 0.000000
-0.057911 0.000000
-0.050225 0.000000
-0.042865 0.000000
-0.036040 0.000000
-0.029881 0.000000
-0.024451 0.000000
-0.019762 0.000000
-0.015787 0.000000
-0.012472 0.000000
-0.009750 0.000000
-0.007546 0.000000
-0.005785 0.000000
-0.004395 0.000000
-0.003310 0.000000
-0.002472 0.000000
-0.001832 0.000000
-0.001306 0.000000
-0.000913 0.000000
-0.000622 0.000000
-0.000409 0.000000
-0.000253 0.000000
-0.000139 0.000000
-0.000058 0.000000
0.000000 0.000000
0.000000 0.000000
0.000000 0.000000
0.000000 0.000000
0.000000 0.000000
0.000000 0.000000
0.000000 0.000000
0.000000 0.000000
0.000000 0.000000
0.000000 0.000000
0.000000 0.000000
0.000000 0.000000
0.000000 0.000000
0.000000 0.000000
0.000000 0.000000
0.000000 0.000000
0.000000 0.000000
0.000000 0.000000
0.000000 0.000000
0.000000 0.000000
0.000000 0.000000
0.000000 0.000000
0.000000 0.000000
0.000000 0.000000
0.000000 0.000000
0.000000 0.000000
0.000000 0.000000
0.000000 0.000000
0.000000 0.000000
0.000000 0.000000
0.000000 0.000000
0.000000 0.000000
0.000000 0.000000
0.000000 0.000000
0.000000 0.000000
0.000000 0.000000
0.000000 0.000000
0.000000 0.000000
0.000000 0.000000
0.000000 0.000000
0.000000 0.000000
0.000000 0.000000
0.000000 0.000000
0.000000 0.000000
0.000000 0.000000
0.000000 0.000000
0.000000 0.000000
0.000000 0.000000
0.000000 0.000000
0.000000 0.000000
0.000000 0.000000
0.000000 0.000000
0.000000 0.000000
0.000000 0.000000
0.000000 0.000000
0.000000 0.000000
0.000000 0.000000
0.000000 0.000000
0.000000 0.000000
0.000000 0.000000
0.000000 0.000000
0.000000 0.000000
0.000000 0.000000
0.000000 0.000000
0.000000 0.000000
0.000000 0.000000
0.000000 0.000000
0.000000 0.000000
0.000000 0.000000
0.000000 0.000000
0.000000 0.000000
0.000000 0.000000
0.000000 0.000000
0.000000 0.000000
0.000000 0.000000
0.000000 0.000000
0.000000 0.000000
0.000000 0.000000
0.000000 0.000000
0.000000 0.000000
0.000000 0.000000
