0.000000 0.000000
0.000000 0.000000
0.000000 0.000000
0.000000 0.000000
0.000000 0.000000
0.000000 0.000000
0.000000 0.000000
0.000000 0.000000
0.000000 0.000000
0.000000 0.000000
0.000000 0.000000
0.000000 0.000000
0.000000 0.000000
0.000000 0.000000
0.000000 0.000000
0.000000 0.000378
0.000000 0.006719
0.000000 0.031986
0.000000 0.087849
0.000000 0.176914
0.000000 0.287343
0.000000 0.394488
0.000000 0.474051
0.000000 0.512588
0.000000 0.509391
0.000000 0.472652
0.000000 0.414248
0.000000 0.345682
0.000000 0.275925
0.000000 0.210829
0.000000 0.153479
0.000000 0.104951
0.000000 0.065079
0.000000 0.033072
0.000378 0.007922
0.006719 -0.011363
0.031986 -0.025671
0.087849 -0.035769
0.177292 -0.042320
0.294062 -0.045915
0.426474 -0.047097
0.561522 -0.046369
0.683161 -0.044196
0.771467 -0.041002
0.811278 -0.037160
0.798855 -0.032988
0.741500 -0.028740
0.652904 -0.024614
0.548055 -0.020750
0.439746 -0.017238
0.337061 -0.014124
0.245331 -0.011425
0.166879 -0.009131
0.101987 -0.007214
0.049773 -0.005638
0.008832 -0.004362
-0.022369 -0.002964
-0.045284 0.004183
-0.061222 0.030078
-0.071338 0.086425
-0.076660 0.176238
-0.078118 0.293288
-0.076553 0.425910
-0.072729 0.561491
-0.067328 0.689250
-0.060943 0.796594
-0.054070 0.867082
-0.047111 0.888299
-0.040370 0.858270
-0.034065 0.785316
-0.028335 0.683481
-0.023253 0.567727
-0.018843 0.450633
-0.015088 0.341005
-0.011946 0.243900
-0.009357 0.161401
-0.007255 0.093589
-0.005571 0.039408
-0.004239 -0.002697
-0.003197 -0.034397
-0.002391 -0.057278
-0.001396 -0.072769
0.005413 -0.082138
0.031073 -0.086516
0.087226 -0.086918
0.176506 -0.084258
0.287090 -0.079357
0.394349 -0.072936
0.473993 -0.065617
0.512588 -0.057911
0.509391 -0.050225
0.472652 -0.042865
0.414248 -0.036040
0.345682 -0.029881
0.275925 -0.024451
0.210829 -0.019762
0.153479 -0.015787
0.104951 -0.012472
0.065079 -0.009750
0.033072 -0.007546
0.007922 -0.005785
-0.011363 -0.004395
-0.025671 -0.003310
-0.035769 -0.002472
-0.042320 -0.001832
-0.045915 -0.000928
-0.047097 0.005806
-0.046369 0.031364
-0.044196 0.087440
-0.041002 0.177040
-0.037160 0.293923
-0.032988 0.426416
-0.028740 0.561900
-0.024614 0.689881
-0.020750 0.803075
-0.017238 0.892407
-0.014124 0.944162
-0.011425 0.947714
-0.009131 0.902086
-0.007214 0.815893
-0.005638 0.703152
-0.004362 0.578614
-0.003341 0.454577
-0.002536 0.339574
-0.001908 0.238423
-0.001424 0.153003
-0.001054 0.083224
-0.000774 0.027880
-0.000564 -0.014725
-0.000409 -0.046391
-0.000253 -0.068825
-0.000139 -0.083569
0.000320 -0.091993
0.006719 -0.095316
0.031986 -0.094623
0.087849 -0.090885
0.177292 -0.084965
0.294062 -0.077610
0.426474 -0.069458
0.561900 -0.061026
0.689881 -0.052720
0.803075 -0.044839
0.892407 -0.037586
0.944162 -0.031079
0.947714 -0.025370
0.902086 -0.020461
0.815893 -0.016313
0.703152 -0.012865
0.578614 -0.010041
0.454577 -0.007760
0.339574 -0.005941
0.238423 -0.004508
0.153003 -0.003391
0.083224 -0.002531
0.027880 -0.001832
-0.014725 -0.001306
-0.046391 -0.000913
-0.068825 -0.000622
-0.083569 -0.000409
-0.091993 -0.000253
-0.095316 -0.000139
-0.094245 -0.000058
-0.084166 0.000000
-0.052979 0.000000
0.010238 0.000000
0.107835 0.000000
0.233037 0.000000
0.373754 0.000000
0.517061 0.000000
0.652295 0.000000
0.772374 0.000000
0.873378 0.000000
0.948967 0.000000
0.987263 0.000000
0.978665 0.000000
0.922622 0.000000
0.827804 0.000000
0.708098 0.000000
0.578049 0.000000
0.449754 0.000000
0.331566 0.000000
0.228193 0.000000
0.141333 0.000000
0.070782 0.000000
0.015229 0.000000
-0.027128 0.000000
-0.057813 0.000000
-0.073045 0.000000
-0.061496 0.000000
-0.012945 0.000000
0.073894 0.000000
0.186093 0.000000
0.297995 0.000000
0.384413 0.000000
0.431137 0.000000
0.436818 0.000000
0.409132 0.000000
0.359553 0.000000
0.299296 0.000000
0.237142 0.000000
0.178831 0.000000
0.127410 0.000000
0.083965 0.000000
0.048374 0.000000
0.019916 0.000000
-0.001955 0.000000
-0.012559 0.000000
0.000261 0.000000
0.047490 0.000000
0.131523 0.000000
0.245616 0.000000
0.377544 0.000000
0.513847 0.000000
0.638051 0.000000
0.729842 0.000000
0.773709 0.000000
0.765615 0.000000
0.712620 0.000000
0.628231 0.000000
0.527305 0.000000
0.422508 0.000000
0.322937 0.000000
0.233906 0.000000
0.157748 0.000000
0.094773 0.000000
0.044135 0.000000
0.004470 0.000000
-0.025710 0.000000
-0.047820 0.000000
-0.063130 0.000000
-0.072761 0.000378
-0.077714 0.006719
-0.078892 0.031986
-0.077117 0.087849
-0.073138 0.177292
-0.067581 0.294062
-0.061082 0.426096
-0.054128 0.555180
-0.047111 0.657895
-0.040370 0.715604
-0.034065 0.721834
-0.028335 0.682085
-0.023253 0.609088
-0.018843 0.517478
-0.015088 0.420074
-0.011946 0.326174
-0.009357 0.241387
-0.007255 0.168310
-0.005571 0.107464
-0.004239 0.058171
-0.003197 0.019196
-0.002391 -0.010840
-0.001774 -0.033256
-0.001306 -0.049228
-0.000913 -0.059791
-0.000622 -0.065860
-0.000409 -0.067885
-0.000253 -0.061034
-0.000139 -0.033038
-0.000058 0.027148
0.000000 0.121580
0.000000 0.237947
0.000000 0.351218
0.000000 0.436796
0.000000 0.481018
0.000000 0.483031
0.000000 0.450945
0.000000 0.396602
0.000000 0.331512
0.000000 0.264678
0.000000 0.201997
0.000000 0.146617
0.000000 0.099671
0.000000 0.061054
0.000000 0.030031
0.000000 0.005644
0.000000 -0.013055
0.000000 -0.026919
0.000000 -0.036682
0.000000 -0.042942
0.000000 -0.045946
0.000000 -0.040630
0.000000 -0.014523
0.000000 0.043594
0.000000 0.135912
0.000000 0.250182
0.000000 0.361500
0.000000 0.445311
0.000000 0.487974
0.000000 0.488640
0.000000 0.455414
0.000000 0.400123
0.000000 0.334256
0.000000 0.266795
0.000000 0.203615
0.000000 0.147841
0.000000 0.100590
0.000000 0.061738
0.000000 0.030536
0.000000 0.006014
0.000000 -0.012786
0.000000 -0.026725
0.000000 -0.036543
0.000000 -0.042884
0.000000 -0.045946
0.000000 -0.040630
0.000000 -0.014523
0.000000 0.043594
0.000000 0.136290
0.000000 0.256902
0.000000 0.393487
0.000000 0.533160
0.000000 0.665266
0.000000 0.782325
0.000000 0.875169
0.000000 0.930037
0.000000 0.936288
0.000000 0.892955
0.000000 0.808679
0.000000 0.697514
0.000000 0.574252
0.000000 0.451236
0.000000 0.337038
0.000000 0.236515
0.000000 0.151580
0.000000 0.082170
0.000000 0.027106
0.000000 -0.015290
0.000000 -0.046800
0.000000 -0.069077
0.000000 -0.083708
0.000000 -0.091674
0.000000 -0.088596
0.000000 -0.062637
0.000000 -0.003037
0.000000 0.092327
0.000000 0.216452
0.000000 0.357017
0.000000 0.500874
0.000000 0.637161
0.000000 0.758613
0.000000 0.861163
0.000000 0.938349
0.000000 0.978206
0.000000 0.971069
0.000000 0.916350
0.000000 0.822700
0.000000 0.703999
0.000000 0.574797
0.000000 0.447205
0.000000 0.329588
0.000000 0.226633
0.000000 0.140108
0.000000 0.069863
0.000000 0.014545
0.000000 -0.027633
0.000000 -0.058560
0.000378 -0.080034
0.006719 -0.093677
0.031986 -0.100933
0.087849 -0.103079
0.176914 -0.101250
0.287343 -0.096493
0.394488 -0.089639
0.474051 -0.081451
0.512588 -0.072572
0.509391 -0.063520
0.472652 -0.054695
0.414248 -0.046386
0.345682 -0.038784
0.275925 -0.031998
0.210829 -0.026069
0.153479 -0.020987
0.104951 -0.016706
0.065079 -0.013156
0.033072 -0.010255
0.008300 -0.007916
-0.004643 -0.006054
0.006315 -0.004589
0.052080 -0.003450
0.134595 -0.002531
0.241427 -0.001832
0.347391 -0.001306
0.427682 -0.000913
0.468392 -0.000622
0.468388 -0.000409
0.435492 -0.000253
0.381260 -0.000139
0.316941 -0.000058
0.251311 0.000000
0.190078 0.000000
0.136241 0.000000
0.090827 0.000000
0.053654 0.000000
0.023941 0.000000
0.000709 0.000000
-0.017001 0.000000
-0.030033 0.000378
-0.039110 0.006719
-0.044856 0.031986
-0.047824 0.087849
-0.048521 0.177292
-0.047423 0.294062
-0.044970 0.426474
-0.041567 0.561900
-0.037569 0.689503
-0.033240 0.796733
-0.028880 0.867140
-0.024673 0.888299
-0.020750 0.858270
-0.017238 0.785316
-0.014124 0.683481
-0.011425 0.567727
-0.009131 0.450633
-0.007214 0.341005
-0.005638 0.243900
-0.004362 0.161401
-0.003341 0.093589
-0.002536 0.039408
-0.001908 -0.002697
-0.001424 -0.034397
-0.001054 -0.057278
-0.000774 -0.072769
-0.000564 -0.082138
-0.000409 -0.086516
-0.000253 -0.086540
-0.000139 -0.077538
-0.000058 -0.047371
0.000000 0.014912
0.000000 0.111675
0.000000 0.236151
0.000000 0.376249
0.000000 0.519035
0.000000 0.653841
0.000000 0.773194
0.000000 0.867955
0.000000 0.924399
0.000000 0.931927
0.000000 0.889614
0.000000 0.806143
0.000000 0.695606
0.000000 0.572828
0.000000 0.450182
0.000000 0.336264
0.000000 0.235950
0.000000 0.151171
0.000000 0.081918
0.000000 0.026966
0.000000 -0.015348
0.000000 -0.046800
0.000000 -0.069077
0.000000 -0.083708
0.000000 -0.091674
0.000000 -0.088596
0.000000 -0.062637
0.000000 -0.003037
0.000000 0.092327
0.000000 0.216452
0.000000 0.357017
0.000000 0.500497
0.000000 0.630441
0.000000 0.726627
0.000000 0.773692
0.000000 0.767777
0.000000 0.716130
0.000000 0.632443
0.000000 0.531742
0.000000 0.426881
0.000000 0.327020
0.000000 0.237571
0.000000 0.160938
0.000000 0.097479
0.000000 0.046381
0.000000 0.006301
0.000000 -0.023823
0.000000 -0.039871
0.000000 -0.030149
0.000000 0.015888
0.000000 0.100223
0.000000 0.215314
0.000000 0.343062
0.000000 0.457126
0.000000 0.534704
0.000000 0.565218
0.000000 0.550994
0.000000 0.502563
0.000000 0.433292
0.000000 0.355433
0.000000 0.278167
0.000000 0.207247
0.000000 0.145523
0.000000 0.093807
0.000000 0.051703
0.000000 0.018237
0.000000 -0.007353
0.000000 -0.020579
0.000000 -0.009453
0.000000 0.036854
0.000000 0.120210
0.000000 0.228107
0.000000 0.335284
0.000000 0.416913
0.000000 0.458970
0.000000 0.460275
0.000000 0.428612
0.000000 0.375512
0.000000 0.312209
0.000000 0.247470
0.000000 0.186963
0.000000 0.133747
0.000000 0.088852
0.000000 0.052108
0.000000 0.022743
0.000378 -0.000210
0.006719 -0.017699
0.031986 -0.030559
0.087849 -0.039503
0.176914 -0.045147
0.287343 -0.048037
0.394488 -0.048677
0.474051 -0.047536
0.512588 -0.045052
0.509391 -0.041625
0.472652 -0.037569
0.414248 -0.033240
0.345682 -0.028880
0.275925 -0.024673
0.210829 -0.020750
0.153479 -0.017238
0.104951 -0.014124
0.065079 -0.011425
0.033072 -0.009131
0.008300 -0.007214
-0.004643 -0.005638
0.006315 -0.004362
0.052080 -0.003341
0.134595 -0.002536
0.241427 -0.001908
0.347391 -0.001424
0.427682 -0.001054
0.468392 -0.000774
0.468388 -0.000564
0.435492 -0.000409
0.381260 -0.000253
0.316941 -0.000139
0.251311 -0.000058
0.190078 0.000000
0.136241 0.000000
0.090827 0.000000
0.053654 0.000000
0.023941 0.000000
0.000709 0.000378
-0.017001 0.006719
-0.030033 0.031986
-0.039110 0.087849
-0.044856 0.177292
-0.047824 0.294062
-0.048521 0.426096
-0.047423 0.555180
-0.044970 0.657895
-0.041567 0.715604
-0.037569 0.721834
-0.033240 0.682085
-0.028880 0.609088
-0.024673 0.517478
-0.020750 0.420074
-0.017238 0.326174
-0.014124 0.241387
-0.011425 0.168310
-0.009131 0.107464
-0.007214 0.058171
-0.005638 0.019196
-0.003984 -0.010840
0.003378 -0.033256
0.029450 -0.049228
0.085940 -0.059791
0.175491 -0.065860
0.286289 -0.068262
0.393714 -0.067753
0.473487 -0.065024
0.512180 -0.060701
0.509138 -0.055335
0.472513 -0.049396
0.414189 -0.043270
0.345682 -0.037255
0.275925 -0.031570
0.210829 -0.026360
0.153479 -0.021707
0.104951 -0.017645
0.065079 -0.014169
0.033072 -0.011247
0.008300 -0.008831
-0.004643 -0.006862
0.006315 -0.005280
0.052080 -0.004025
0.134973 -0.003041
0.247769 -0.002278
0.372657 -0.001693
0.483545 -0.001248
0.557836 -0.000913
0.585158 -0.000622
0.567904 -0.000409
0.516686 -0.000253
0.444922 -0.000139
0.364883 -0.000058
0.285752 0.000000
0.213263 0.000000
0.150242 0.000000
0.097470 0.000000
0.054518 0.000000
0.020380 0.000000
-0.006114 0.000378
-0.026089 0.006719
-0.040541 0.031986
-0.050333 0.087849
-0.056222 0.177292
-0.058886 0.293684
-0.058951 0.419755
-0.056999 0.529914
-0.053560 0.602032
-0.049116 0.626161
-0.044040 0.605064
-0.038735 0.549673
-0.033472 0.473662
-0.028455 0.389498
-0.023865 0.306502
-0.019732 0.230500
-0.016099 0.164366
-0.012971 0.108895
-0.010328 0.063648
-0.008133 0.027594
-0.005959 -0.000476
0.001832 -0.021727
0.028252 -0.037200
0.085021 -0.047797
0.175170 -0.054313
0.292105 -0.057462
0.418588 -0.057898
0.529059 -0.056225
0.601410 -0.052996
0.625752 -0.048707
0.604812 -0.043788
0.549534 -0.038596
0.473604 -0.033414
0.389498 -0.028455
0.306502 -0.023865
0.230500 -0.019732
0.164366 -0.016099
0.108895 -0.012971
0.063648 -0.010328
0.027594 -0.008133
-0.000476 -0.005959
-0.021727 0.001832
-0.037200 0.028252
-0.047797 0.085021
-0.054313 0.175170
-0.057462 0.292105
-0.057898 0.418588
-0.056225 0.529059
-0.052996 0.601410
-0.048707 0.625752
-0.043788 0.604812
-0.038596 0.549534
-0.033414 0.473604
-0.028455 0.389498
-0.023865 0.306502
-0.019732 0.230500
-0.016099 0.164366
-0.012971 0.108895
-0.010328 0.063648
-0.008133 0.027594
-0.005959 -0.000476
0.001832 -0.021727
0.028252 -0.037200
0.085021 -0.047797
0.175170 -0.054313
0.292105 -0.057462
0.418588 -0.057898
0.529059 -0.056225
0.601410 -0.052996
0.625752 -0.048707
0.604812 -0.043788
0.549534 -0.038596
0.473604 -0.033414
0.389498 -0.028455
0.306502 -0.023865
0.230500 -0.019732
0.164366 -0.016099
0.108895 -0.012971
0.063648 -0.010328
0.027594 -0.008133
-0.000098 -0.006336
-0.015008 -0.004888
-0.005214 -0.003734
0.040051 -0.002827
0.122601 -0.002122
0.229881 -0.001580
0.336590 -0.001167
0.417827 -0.000855
0.459592 -0.000622
0.460683 -0.000409
0.428864 -0.000253
0.375652 -0.000139
0.312267 -0.000058
0.247470 0.000000
0.186963 0.000000
0.133747 0.000000
0.088852 0.000000
0.052108 0.000000
0.022743 0.000000
0.000167 0.000000
-0.010980 0.000000
0.001427 0.000000
0.048346 0.000000
0.132145 0.000000
0.245647 0.000000
0.371077 0.000000
0.482378 0.000000
0.556981 0.000000
0.584536 0.000000
0.567495 0.000000
0.516433 0.000000
0.444783 0.000000
0.364825 0.000000
0.285752 0.000000
0.213263 0.000000
0.150242 0.000000
0.097470 0.000000
0.054518 0.000000
0.020380 0.000000
-0.006114 0.000378
-0.026089 0.006719
-0.040541 0.031986
-0.050333 0.087849
-0.056222 0.176914
-0.058886 0.287343
-0.058951 0.394488
-0.056999 0.474051
-0.053560 0.512588
-0.049116 0.509391
-0.044040 0.472652
-0.038735 0.414248
-0.033472 0.345682
-0.028455 0.275925
-0.023865 0.210829
-0.019732 0.153479
-0.016099 0.104951
-0.012971 0.065079
-0.010328 0.033072
-0.008133 0.007922
-0.006336 -0.011363
-0.004888 -0.025293
-0.003734 -0.029049
-0.002827 -0.010334
-0.002122 0.041933
-0.001580 0.129817
-0.001167 0.240974
-0.000855 0.350292
-0.000622 0.433049
-0.000409 0.475428
-0.000253 0.476403
-0.000139 0.443912
-0.000058 0.389633
0.000000 0.324931
0.000000 0.258688
0.000000 0.196704
0.000000 0.142054
0.000000 0.095821
0.000000 0.057866
0.000000 0.027434
0.000378 0.003561
0.006719 -0.014704
0.031986 -0.028207
0.087849 -0.037677
0.177292 -0.043743
0.294062 -0.046969
0.426096 -0.047871
0.555180 -0.046933
0.657895 -0.044605
0.715604 -0.041255
0.721834 -0.037300
0.682085 -0.033046
0.609088 -0.028740
0.517478 -0.024614
0.420074 -0.020750
0.326174 -0.017238
0.241387 -0.014124
0.168310 -0.011425
0.107464 -0.009131
0.058171 -0.007214
0.019196 -0.005638
-0.010463 -0.004362
-0.026536 -0.003341
-0.017242 -0.002536
0.028058 -0.001908
0.111432 -0.001424
0.225800 -0.001054
0.358721 -0.000774
0.496876 -0.000564
0.629180 -0.000409
0.748118 -0.000253
0.849353 -0.000139
0.926158 -0.000058
0.966321 0.000000
0.959960 0.000000
0.906303 0.000000
0.813857 0.000000
0.696394 0.000000
0.568388 0.000000
0.441898 0.000000
0.325265 0.000000
0.223162 0.000000
0.137358 0.000000
0.067670 0.000000
0.012810 0.000000
-0.028997 0.000000
-0.059630 0.000000
-0.080873 0.000000
-0.094338 0.000000
-0.101416 0.000000
-0.103429 0.000000
-0.101503 0.000000
-0.096633 0.000000
-0.089697 0.000000
-0.081451 0.000000
-0.072572 0.000000
-0.063520 0.000000
-0.054695 0.000000
-0.046386 0.000000
-0.038784 0.000000
-0.031998 0.000000
-0.026069 0.000000
-0.020987 0.000000
-0.016706 0.000000
-0.013156 0.000000
-0.010255 0.000000
-0.007916 0.000000
-0.006054 0.000000
-0.004589 0.000000
-0.003450 0.000000
-0.002531 0.000000
-0.001832 0.000000
-0.001306 0.000000
-0.000913 0.000000
-0.000622 0.000000
-0.000409 0.000000
-0.000253 0.000000
-0.000139 0.000000
-0.000058 0.000000
0.000000 0.000000
0.000000 0.000000
0.000000 0.000000
0.000000 0.000000
0.000000 0.000000
0.000000 0.000000
0.000000 0.000000
0.000000 0.000000
0.000000 0.000000
0.000000 0.000000
0.000000 0.000000
0.000000 0.000000
0.000000 0.000000
0.000000 0.000000
0.000000 0.000000
0.000000 0.000000
0.000000 0.000000
0.000000 0.000000
0.000000 0.000000
0.000000 0.000000
0.000000 0.000000
0.000000 0.000000
0.000000 0.000000
0.000000 0.000000
0.000000 0.000000
0.000000 0.000000
0.000000 0.000000
0.000000 0.000000
0.000000 0.000000
0.000000 0.000000
0.000000 0.000000
0.000000 0.000000
0.000000 0.000000
0.000000 0.000000
0.000000 0.000000
0.000000 0.000000
0.000000 0.000000
0.000000 0.000000
0.000000 0.000000
0.000000 0.000000
0.000000 0.000000
0.000000 0.000000
0.000000 0.000000
0.000000 0.000000
0.000000 0.000000
0.000000 0.000000
0.000000 0.000000
0.000000 0.000000
0.000000 0.000000
0.000000 0.000000
0.000000 0.000000
