0.000000 0.000000
0.000000 0.000000
0.000000 0.000000
0.000000 0.000000
0.000000 0.000000
0.000000 0.000000
0.000000 0.000000
0.000000 0.000000
0.000000 0.000000
0.000000 0.000000
0.000000 0.000000
0.000000 0.000000
0.000000 0.000000
0.000000 0.000000
0.000000 0.000000
0.000378 0.000000
0.006719 0.000000
0.031986 0.000000
0.087849 0.000000
0.176914 0.000000
0.287343 0.000000
0.394488 0.000000
0.474051 0.000000
0.512588 0.000000
0.509391 0.000000
0.472652 0.000000
0.414248 0.000000
0.345682 0.000000
0.275925 0.000000
0.210829 0.000000
0.153479 0.000000
0.104951 0.000000
0.065079 0.000000
0.033072 0.000000
0.007922 0.000378
-0.011363 0.006719
-0.025671 0.031986
-0.035769 0.087849
-0.042320 0.177292
-0.045915 0.294062
-0.047097 0.426474
-0.046369 0.561900
-0.044196 0.689503
-0.041002 0.796733
-0.037160 0.867140
-0.032988 0.888299
-0.028740 0.858270
-0.024614 0.785316
-0.020750 0.683481
-0.017238 0.567727
-0.014124 0.450633
-0.011425 0.341005
-0.009131 0.243900
-0.007214 0.161401
-0.005638 0.093589
-0.004362 0.039408
-0.003341 -0.002697
-0.002536 -0.034397
-0.001908 -0.057278
-0.001424 -0.072769
-0.000676 -0.082138
0.005946 -0.086516
0.031422 -0.086918
0.087440 -0.084258
0.177040 -0.079357
0.293923 -0.072936
0.426416 -0.065617
0.561522 -0.057911
0.683161 -0.050225
0.771467 -0.042865
0.811278 -0.036040
0.798855 -0.029881
0.741500 -0.024451
0.652904 -0.019762
0.548055 -0.015787
0.439746 -0.012472
0.337061 -0.009750
0.245331 -0.007546
0.166879 -0.005785
0.101987 -0.004395
0.049773 -0.003310
0.008832 -0.002472
-0.022369 -0.001454
-0.045284 0.005413
-0.061222 0.031073
-0.071338 0.087226
-0.076660 0.176884
-0.078118 0.293810
-0.076553 0.426335
-0.072729 0.561464
-0.067328 0.683161
-0.060943 0.771467
-0.054070 0.811278
-0.047111 0.798855
-0.040370 0.741500
-0.034065 0.652904
-0.028335 0.548055
-0.023253 0.439746
-0.018843 0.337061
-0.015088 0.245331
-0.011946 0.166879
-0.009357 0.101987
-0.007255 0.049773
-0.005571 0.008832
-0.003861 -0.022369
0.003522 -0.045284
0.029595 -0.061222
0.086074 -0.071338
0.175608 -0.076660
0.286429 -0.078118
0.393866 -0.076553
0.473643 -0.072729
0.512336 -0.067328
0.509251 -0.060943
0.472594 -0.054070
0.414248 -0.047111
0.345682 -0.040370
0.275925 -0.034065
0.210829 -0.028335
0.153479 -0.023253
0.104951 -0.018843
0.065079 -0.015088
0.033072 -0.011946
0.007922 -0.009357
-0.011363 -0.006878
-0.025671 0.001148
-0.035769 0.027747
-0.042320 0.084651
-0.045915 0.174523
-0.047097 0.285569
-0.046369 0.393182
-0.044196 0.473138
-0.041002 0.511966
-0.037160 0.508982
-0.032988 0.472400
-0.028740 0.414108
-0.024614 0.345623
-0.020750 0.275925
-0.017238 0.210829
-0.014124 0.153479
-0.011425 0.104951
-0.009131 0.065079
-0.007214 0.033072
-0.005260 0.007922
0.002358 -0.011363
0.028645 -0.025671
0.085312 -0.035769
0.175384 -0.042320
0.292639 -0.045915
0.425043 -0.047097
0.554407 -0.046369
0.657330 -0.044196
0.715196 -0.041002
0.721582 -0.037160
0.681946 -0.032988
0.609030 -0.028740
0.517478 -0.024614
0.420074 -0.020750
0.326174 -0.017238
0.241387 -0.014124
0.168310 -0.011425
0.107464 -0.009131
0.058171 -0.007214
0.019196 -0.005638
-0.010840 -0.003984
-0.033256 0.003378
-0.049228 0.029450
-0.059791 0.085940
-0.065860 0.175491
-0.068262 0.286289
-0.067753 0.393714
-0.065024 0.473487
-0.060701 0.512180
-0.055335 0.509138
-0.049396 0.472513
-0.043270 0.414189
-0.037255 0.345682
-0.031570 0.275925
-0.026360 0.210829
-0.021707 0.153479
-0.017645 0.104951
-0.014169 0.065079
-0.011247 0.033072
-0.008453 0.007922
-0.000143 -0.011363
0.026706 -0.025671
0.083823 -0.035769
0.173873 -0.042320
0.285065 -0.045915
0.392795 -0.047097
0.472803 -0.046369
0.511675 -0.044196
0.508768 -0.041002
0.472244 -0.037160
0.413995 -0.032988
0.345542 -0.028740
0.275867 -0.024614
0.210829 -0.020750
0.153479 -0.017238
0.104951 -0.014124
0.065079 -0.011425
0.033072 -0.009131
0.007922 -0.006836
-0.011363 0.001081
-0.025671 0.027625
-0.035769 0.084507
-0.042320 0.174378
-0.045915 0.285435
-0.047097 0.393064
-0.046369 0.472998
-0.044196 0.511815
-0.041002 0.508826
-0.037160 0.472244
-0.032988 0.413995
-0.028740 0.345542
-0.024614 0.275867
-0.020750 0.210829
-0.017238 0.153479
-0.014124 0.104951
-0.011425 0.065079
-0.009131 0.033072
-0.006836 0.007922
0.001081 -0.011363
0.027625 -0.025671
0.084507 -0.035769
0.174756 -0.042320
0.292154 -0.045915
0.424673 -0.047097
0.554127 -0.046369
0.657121 -0.044196
0.715040 -0.041002
0.721426 -0.037160
0.681833 -0.032988
0.608949 -0.028740
0.517420 -0.024614
0.420074 -0.020750
0.326174 -0.017238
0.241387 -0.014124
0.168310 -0.011425
0.107464 -0.009131
0.058171 -0.007214
0.019196 -0.005638
-0.010840 -0.003984
-0.033256 0.003378
-0.049228 0.029450
-0.059791 0.085940
-0.065860 0.175868
-0.068262 0.293009
-0.067753 0.425323
-0.065024 0.554616
-0.060701 0.657486
-0.055335 0.715352
-0.049396 0.721695
-0.043270 0.682027
-0.037255 0.609088
-0.031570 0.517478
-0.026360 0.420074
-0.021707 0.326174
-0.017645 0.241387
-0.014169 0.168310
-0.011247 0.107464
-0.008831 0.058171
-0.006862 0.019196
-0.005280 -0.010840
-0.004025 -0.033256
-0.003041 -0.049228
-0.002278 -0.059791
-0.001315 -0.065860
0.005471 -0.068262
0.031073 -0.067753
0.087226 -0.065024
0.176506 -0.060701
0.287090 -0.055335
0.394349 -0.049396
0.473993 -0.043270
0.512588 -0.037255
0.509391 -0.031570
0.472652 -0.026360
0.414248 -0.021707
0.345682 -0.017645
0.275925 -0.014169
0.210829 -0.011247
0.153479 -0.008831
0.104951 -0.006862
0.065079 -0.005280
0.033072 -0.004025
0.008300 -0.003041
-0.004643 -0.002278
0.006315 -0.001693
0.052080 -0.001248
0.134973 -0.000913
0.248147 -0.000622
0.378999 -0.000409
0.508811 -0.000253
0.613698 -0.000139
0.674602 -0.000058
0.684674 0.000000
0.649098 0.000000
0.580348 0.000000
0.492864 0.000000
0.399324 0.000000
0.308936 0.000000
0.227263 0.000000
0.156885 0.000000
0.098334 0.000000
0.050957 0.000000
0.013558 0.000000
-0.015202 0.000378
-0.036597 0.006719
-0.051764 0.031986
-0.061699 0.087849
-0.067284 0.177292
-0.069316 0.294062
-0.068527 0.426474
-0.065589 0.561900
-0.061110 0.689881
-0.055587 0.803453
-0.049535 0.898749
-0.043328 0.969428
-0.037255 1.003576
-0.031570 0.991530
-0.026360 0.932663
-0.021707 0.835564
-0.017645 0.714039
-0.014169 0.582558
-0.011247 0.453146
-0.008831 0.334096
-0.006862 0.230025
-0.005280 0.142639
-0.004025 0.071696
-0.003041 0.015851
-0.002278 -0.026719
-0.001315 -0.057938
0.005471 -0.079625
0.031073 -0.093424
0.087226 -0.100793
0.176884 -0.103021
0.293810 -0.101250
0.425957 -0.096493
0.555122 -0.089639
0.657895 -0.081451
0.715604 -0.072572
0.721834 -0.063520
0.682085 -0.054695
0.609088 -0.046386
0.517478 -0.038784
0.420074 -0.031998
0.326174 -0.026069
0.241387 -0.020987
0.168310 -0.016706
0.107464 -0.013156
0.058171 -0.010255
0.019196 -0.007916
-0.010840 -0.005677
-0.033256 0.002130
-0.049228 0.028536
-0.059791 0.085318
-0.065860 0.175460
-0.068262 0.292756
-0.067753 0.425183
-0.065024 0.554558
-0.060701 0.657486
-0.055335 0.715352
-0.049396 0.721695
-0.043270 0.682027
-0.037255 0.609088
-0.031570 0.517478
-0.026360 0.420074
-0.021707 0.326174
-0.017645 0.241387
-0.014169 0.168310
-0.011247 0.107464
-0.008831 0.058171
-0.006862 0.019196
-0.005280 -0.010463
-0.004025 -0.026536
-0.003041 -0.017242
-0.002278 0.028058
-0.001693 0.111054
-0.001248 0.219080
-0.000913 0.326735
-0.000622 0.409027
-0.000409 0.451887
-0.000253 0.454056
-0.000139 0.423256
-0.000058 0.370978
0.000000 0.308427
0.000000 0.244355
0.000000 0.184469
0.000000 0.131772
0.000000 0.087306
0.000000 0.050910
0.000000 0.021824
0.000000 -0.000531
0.000000 -0.011506
0.000000 0.001035
0.000000 0.048055
0.000000 0.131931
0.000000 0.245869
0.000000 0.377684
0.000000 0.514283
0.000000 0.644393
0.000000 0.755109
0.000000 0.829571
0.000000 0.855059
0.000000 0.829390
0.000000 0.760643
0.000000 0.662730
0.000000 0.550489
0.000000 0.436509
0.000000 0.329580
0.000000 0.234770
0.000000 0.154188
0.000000 0.087951
0.000000 0.035047
0.000000 -0.006038
0.000000 -0.036933
0.000000 -0.058808
0.000000 -0.067473
0.000000 -0.051206
0.000000 0.000559
0.000000 0.089433
0.000000 0.202676
0.000000 0.314879
0.000000 0.400975
0.000000 0.446914
0.000000 0.451480
0.000000 0.422427
0.000000 0.371383
0.000000 0.309642
0.000000 0.246044
0.000000 0.186377
0.000000 0.133717
0.000000 0.089165
0.000000 0.052608
0.000000 0.023322
0.000000 0.000754
0.000000 -0.010428
0.000000 0.001920
0.000000 0.048770
0.000000 0.132122
0.000000 0.239595
0.000000 0.346084
0.000000 0.426769
0.000000 0.467770
0.000000 0.467980
0.000000 0.435239
0.000000 0.381121
0.000000 0.316883
0.000000 0.251311
0.000000 0.190078
0.000000 0.136241
0.000000 0.090827
0.000000 0.053654
0.000000 0.023941
0.000000 0.000709
0.000000 -0.017001
0.000000 -0.030033
0.000000 -0.038732
0.000000 -0.038136
0.000000 -0.015837
0.000000 0.039327
0.000000 0.129869
0.000000 0.248714
0.000000 0.378188
0.000000 0.492345
0.000000 0.568792
0.000000 0.597281
0.000000 0.580391
0.000000 0.528923
0.000000 0.456425
0.000000 0.375373
0.000000 0.295077
0.000000 0.221370
0.000000 0.157152
0.000000 0.103257
0.000000 0.059287
0.000000 0.024253
0.000378 -0.003012
0.006719 -0.023635
0.031986 -0.038623
0.087849 -0.048851
0.176914 -0.055087
0.287343 -0.058026
0.394488 -0.058306
0.474051 -0.056477
0.512588 -0.053135
0.509391 -0.048765
0.472652 -0.043788
0.414248 -0.038596
0.345682 -0.033414
0.275925 -0.028455
0.210829 -0.023865
0.153479 -0.019732
0.104951 -0.016099
0.065079 -0.012971
0.033072 -0.010328
0.008300 -0.008133
-0.004643 -0.006336
0.006315 -0.004888
0.052080 -0.003734
0.134595 -0.002827
0.241427 -0.002122
0.347391 -0.001580
0.427682 -0.001167
0.468392 -0.000855
0.468388 -0.000622
0.435492 -0.000409
0.381260 -0.000253
0.316941 -0.000139
0.251311 -0.000058
0.190078 0.000000
0.136241 0.000000
0.090827 0.000000
0.053654 0.000000
0.023941 0.000000
0.001086 0.000000
-0.010281 0.000000
0.001953 0.000000
0.048738 0.000000
0.132436 0.000000
0.246239 0.000000
0.377575 0.000000
0.507758 0.000000
0.612924 0.000000
0.674038 0.000000
0.684265 0.000000
0.648845 0.000000
0.580208 0.000000
0.492806 0.000000
0.399324 0.000000
0.308936 0.000000
0.227263 0.000000
0.156885 0.000000
0.098334 0.000000
0.050957 0.000000
0.013558 0.000000
-0.014824 0.000000
-0.029878 0.000000
-0.019778 0.000000
0.026149 0.000000
0.110008 0.000000
0.224746 0.000000
0.357947 0.000000
0.496311 0.000000
0.628393 0.000000
0.741146 0.000000
0.817605 0.000000
0.844971 0.000000
0.821015 0.000000
0.753746 0.000000
0.657121 0.000000
0.546019 0.000000
0.432988 0.000000
0.326835 0.000000
0.232653 0.000000
0.152570 0.000000
0.086726 0.000000
0.034128 0.000000
-0.006722 0.000000
-0.037438 0.000378
-0.059556 0.006719
-0.074461 0.031986
-0.083386 0.087849
-0.087429 0.177292
-0.087540 0.294062
-0.084666 0.426474
-0.079609 0.561900
-0.073076 0.689881
-0.065675 0.803075
-0.057911 0.892407
-0.050225 0.944162
-0.042865 0.947714
-0.036040 0.902086
-0.029881 0.815893
-0.024451 0.703152
-0.019762 0.578614
-0.015787 0.454577
-0.012472 0.339574
-0.009750 0.238423
-0.007546 0.153003
-0.005785 0.083224
-0.004395 0.027880
-0.003310 -0.014725
-0.002472 -0.046391
-0.001832 -0.068825
-0.001306 -0.083569
-0.000913 -0.091993
-0.000622 -0.095316
-0.000031 -0.094623
0.006467 -0.090885
0.031847 -0.084965
0.087790 -0.077610
0.177292 -0.069458
0.294062 -0.061026
0.426474 -0.052720
0.561900 -0.044839
0.689503 -0.037586
0.796733 -0.031079
0.867140 -0.025370
0.888299 -0.020461
0.858270 -0.016313
0.785316 -0.012865
0.683481 -0.010041
0.567727 -0.007760
0.450633 -0.005941
0.341005 -0.004508
0.243900 -0.003391
0.161401 -0.002531
0.093589 -0.001832
0.039408 -0.001306
-0.002697 -0.000913
-0.034397 -0.000245
-0.057278 0.006311
-0.072769 0.031734
-0.082138 0.087709
-0.086516 0.176856
-0.086918 0.287343
-0.084258 0.394488
-0.079357 0.474051
-0.072936 0.512588
-0.065617 0.509391
-0.057911 0.472652
-0.050225 0.414248
-0.042865 0.345682
-0.036040 0.275925
-0.029881 0.210829
-0.024451 0.153479
-0.019762 0.104951
-0.015787 0.065079
-0.012472 0.033072
-0.009750 0.007922
-0.007546 -0.011363
-0.005785 -0.025671
-0.004395 -0.035391
-0.003310 -0.035600
-0.002472 -0.013929
-0.001832 0.040751
-0.001306 0.130923
-0.000913 0.249866
-0.000622 0.385094
-0.000409 0.518020
-0.000253 0.624907
-0.000139 0.686864
-0.000058 0.697220
0.000000 0.661335
0.000000 0.591850
0.000000 0.503354
0.000000 0.408649
0.000000 0.317043
0.000000 0.234174
0.000000 0.162672
0.000000 0.103103
0.000000 0.054830
0.000000 0.016660
0.000000 -0.012748
0.000378 -0.034680
0.006719 -0.050282
0.031986 -0.060565
0.087849 -0.066424
0.177292 -0.068671
0.294062 -0.068006
0.426096 -0.065164
0.555180 -0.060759
0.657895 -0.055335
0.715604 -0.049396
0.721834 -0.043270
0.682085 -0.037255
0.609088 -0.031570
0.517478 -0.026360
0.420074 -0.021707
0.326174 -0.017645
0.241387 -0.014169
0.168310 -0.011247
0.107464 -0.008831
0.058171 -0.006862
0.019196 -0.005280
-0.010463 -0.004025
-0.026536 -0.003041
-0.017242 -0.002278
0.028058 -0.001693
0.111054 -0.001248
0.219080 -0.000913
0.326735 -0.000622
0.409027 -0.000409
0.451887 -0.000253
0.454056 -0.000139
0.423256 -0.000058
0.370978 0.000000
0.308427 0.000000
0.244355 0.000000
0.184469 0.000000
0.131772 0.000000
0.087306 0.000000
0.050910 0.000000
0.021824 0.000000
-0.000909 0.000378
-0.018225 0.006719
-0.030951 0.031986
-0.039794 0.087849
-0.045361 0.177292
-0.048193 0.294062
-0.048790 0.426096
-0.047617 0.555180
-0.045110 0.657895
-0.041625 0.715604
-0.037569 0.721834
-0.033240 0.682085
-0.028880 0.609088
-0.024673 0.517478
-0.020750 0.420074
-0.017238 0.326174
-0.014124 0.241387
-0.011425 0.168310
-0.009131 0.107464
-0.007214 0.058171
-0.005638 0.019196
-0.004362 -0.010840
-0.003341 -0.033256
-0.002536 -0.049228
-0.001908 -0.059413
-0.001424 -0.059141
-0.001054 -0.036276
-0.000774 0.020095
-0.000564 0.111890
-0.000409 0.226642
-0.000253 0.339153
-0.000139 0.424655
-0.000058 0.469319
0.000000 0.472136
0.000000 0.441082
0.000000 0.387888
0.000000 0.323974
0.000000 0.258280
0.000000 0.196659
0.000000 0.142232
0.000000 0.096120
0.000000 0.058217
0.000000 0.027791
0.000378 0.003897
0.006719 -0.014404
0.031986 -0.027949
0.087849 -0.037462
0.177292 -0.043568
0.294062 -0.046829
0.426474 -0.047720
0.561900 -0.046778
0.689503 -0.044449
0.796733 -0.041142
0.867140 -0.037219
0.888299 -0.032988
0.858270 -0.028740
0.785316 -0.024614
0.683481 -0.020750
0.567727 -0.017238
0.450633 -0.014124
0.341005 -0.011425
0.243900 -0.009131
0.161401 -0.007214
0.093589 -0.005638
0.039408 -0.004362
-0.002697 -0.003341
-0.034019 -0.002536
-0.050558 -0.001908
-0.040783 -0.001424
0.005711 -0.001054
0.090398 -0.000774
0.200425 -0.000564
0.310230 -0.000409
0.394695 -0.000253
0.439652 -0.000139
0.443774 -0.000058
0.414741 0.000000
0.364022 0.000000
0.302817 0.000000
0.239886 0.000000
0.180948 0.000000
0.129028 0.000000
0.085189 0.000000
0.049293 0.000000
0.020600 0.000000
-0.001828 0.000000
-0.018909 0.000000
-0.031456 0.000000
-0.040164 0.000000
-0.045630 0.000000
-0.048388 0.000000
-0.048930 0.000000
-0.047675 0.000000
-0.045110 0.000000
-0.041625 0.000000
-0.037569 0.000000
-0.033240 0.000000
-0.028880 0.000000
-0.024673 0.000000
-0.020750 0.000000
-0.017238 0.000000
-0.014124 0.000000
-0.011425 0.000000
-0.009131 0.000000
-0.007214 0.000000
-0.005638 0.000000
-0.004362 0.000000
-0.003341 0.000000
-0.002536 0.000000
-0.001908 0.000000
-0.001424 0.000000
-0.001054 0.000000
-0.000774 0.000000
-0.000564 0.000000
-0.000409 0.000000
-0.000253 0.000000
-0.000139 0.000000
-0.000058 0.000000
0.000000 0.000000
0.000000 0.000000
0.000000 0.000000
0.000000 0.000000
0.000000 0.000000
0.000000 0.000000
0.000000 0.000000
0.000000 0.000000
0.000000 0.000000
0.000000 0.000000
0.000000 0.000000
0.000000 0.000000
0.000000 0.000000
0.000000 0.000000
0.000000 0.000000
0.000000 0.000000
0.000000 0.000000
0.000000 0.000000
0.000000 0.000000
0.000000 0.000000
0.000000 0.000000
0.000000 0.000000
0.000000 0.000000
0.000000 0.000000
0.000000 0.000000
0.000000 0.000000
0.000000 0.000000
0.000000 0.000000
0.000000 0.000000
0.000000 0.000000
0.000000 0.000000
0.000000 0.000000
0.000000 0.000000
0.000000 0.000000
0.000000 0.000000
0.000000 0.000000
0.000000 0.000000
0.000000 0.000000
0.000000 0.000000
0.000000 0.000000
0.000000 0.000000
0.000000 0.000000
0.000000 0.000000
0.000000 0.000000
0.000000 0.000000
0.000000 0.000000
0.000000 0.000000
0.000000 0.000000
0.000000 0.000000
0.000000 0.000000
0.000000 0.000000
0.000000 0.000000
0.000000 0.000000
0.000000 0.000000
0.000000 0.000000
0.000000 0.000000
0.000000 0.000000
0.000000 0.000000
0.000000 0.000000
0.000000 0.000000
0.000000 0.000000
0.000000 0.000000
0.000000 0.000000
0.000000 0.000000
0.000000 0.000000
0.000000 0.000000
0.000000 0.000000
0.000000 0.000000
0.000000 0.000000
0.000000 0.000000
0.000000 0.000000
0.000000 0.000000
0.000000 0.000000
0.000000 0.000000
0.000000 0.000000
0.000000 0.000000
0.000000 0.000000
0.000000 0.000000
0.000000 0.000000
0.000000 0.000000
0.000000 0.000000
0.000000 0.000000
0.000000 0.000000
0.000000 0.000000
0.000000 0.000000
0.000000 0.000000
