0.000000 0.000000
0.000000 0.000000
0.000000 0.000000
0.000000 0.000000
0.000000 0.000000
0.000000 0.000000
0.000000 0.000000
0.000000 0.000000
0.000000 0.000000
0.000000 0.000000
0.000000 0.000000
0.000000 0.000000
0.000000 0.000000
0.000000 0.000000
0.000000 0.000000
0.000000 0.000000
0.000000 0.000378
0.000000 0.006719
0.000000 0.031986
0.000000 0.087849
0.000000 0.176914
0.000000 0.287343
0.000000 0.394488
0.000000 0.474051
0.000000 0.512588
0.000000 0.509391
0.000000 0.472652
0.000000 0.414248
0.000000 0.345682
0.000000 0.275925
0.000000 0.210829
0.000000 0.153479
0.000000 0.104951
0.000000 0.065079
0.000000 0.033072
0.000378 0.007922
0.006719 -0.011363
0.031986 -0.025671
0.087849 -0.035769
0.177292 -0.042320
0.293684 -0.045915
0.419755 -0.047097
0.529914 -0.046369
0.602032 -0.044196
0.626161 -0.041002
0.605064 -0.037160
0.549673 -0.032988
0.473662 -0.028740
0.389498 -0.024614
0.306502 -0.020750
0.230500 -0.017238
0.164366 -0.014124
0.108895 -0.011425
0.063648 -0.009131
0.027594 -0.007214
-0.000098 -0.005638
-0.015008 -0.004362
-0.005214 -0.003341
0.040051 -0.002536
0.122979 -0.001908
0.236600 -0.001424
0.368199 -0.001054
0.498956 -0.000774
0.604899 -0.000564
0.666897 -0.000409
0.678046 -0.000253
0.643490 -0.000139
0.575674 -0.000058
0.489023 0.000000
0.396209 0.000000
0.306442 0.000000
0.225288 0.000000
0.155339 0.000000
0.097136 0.000000
0.050038 0.000000
0.012860 0.000000
-0.015350 0.000000
-0.030271 0.000000
-0.020069 0.000000
0.025936 0.000000
0.109852 0.000000
0.224255 0.000000
0.351146 0.000000
0.464267 0.000000
0.540923 0.000000
0.570573 0.000000
0.555529 0.000000
0.506346 0.000000
0.436407 0.000000
0.357927 0.000000
0.280142 0.000000
0.208793 0.000000
0.146721 0.000000
0.094726 0.000000
0.052401 0.000000
0.018763 0.000000
-0.007338 0.000000
-0.027008 0.000000
-0.041225 0.000000
-0.050460 0.000000
-0.049872 0.000000
-0.027169 0.000000
0.028703 0.000000
0.119776 0.000000
0.233724 0.000000
0.345372 0.000000
0.430011 0.000000
0.473853 0.000000
0.475918 0.000000
0.444197 0.000000
0.390383 0.000000
0.325949 0.000000
0.259826 0.000000
0.197857 0.000000
0.143151 0.000000
0.096819 0.000000
0.058743 0.000000
0.028184 0.000000
0.004566 0.000000
-0.007470 0.000000
0.004193 0.000000
0.050500 0.000000
0.133806 0.000000
0.247292 0.000000
0.378377 0.000000
0.508403 0.000000
0.613446 0.000000
0.674463 0.000000
0.684615 0.000000
0.649098 0.000000
0.580348 0.000000
0.492864 0.000000
0.399324 0.000000
0.308936 0.000000
0.227263 0.000000
0.156885 0.000000
0.098334 0.000000
0.050957 0.000000
0.013558 0.000000
-0.014824 0.000000
-0.029878 0.000000
-0.019778 0.000000
0.026149 0.000000
0.109631 0.000000
0.218027 0.000000
0.325961 0.000000
0.408463 0.000000
0.451479 0.000000
0.453803 0.000000
0.423117 0.000000
0.370920 0.000000
0.308427 0.000000
0.244355 0.000000
0.184469 0.000000
0.131772 0.000000
0.087306 0.000000
0.050910 0.000000
0.021824 0.000000
-0.000909 0.000000
-0.017847 0.000000
-0.024232 0.000000
-0.007808 0.000000
0.042488 0.000000
0.128721 0.000000
0.238553 0.000000
0.346871 0.000000
0.428942 0.000000
0.470964 0.000000
0.471822 0.000000
0.439412 0.000000
0.385368 0.000000
0.321009 0.000000
0.255175 0.000000
0.193591 0.000000
0.139355 0.000000
0.093526 0.000000
0.055949 0.000000
0.025858 0.000000
0.002662 0.000000
-0.009005 0.000000
0.002974 0.000000
0.049544 0.000000
0.133064 0.000000
0.246345 0.000000
0.371604 0.000000
0.482771 0.000000
0.557272 0.000000
0.584750 0.000000
0.567651 0.000000
0.516546 0.000000
0.444864 0.000000
0.364883 0.000000
0.285752 0.000000
0.213263 0.000000
0.150242 0.000000
0.097470 0.000000
0.054518 0.000000
0.020380 0.000000
-0.005736 0.000000
-0.019369 0.000000
-0.008555 0.000000
0.037515 0.000000
0.120693 0.000000
0.228457 0.000000
0.335537 0.000000
0.417053 0.000000
0.459028 0.000000
0.460275 0.000000
0.428612 0.000000
0.375512 0.000000
0.312209 0.000000
0.247470 0.000000
0.186963 0.000000
0.133747 0.000000
0.088852 0.000000
0.052108 0.000000
0.022743 0.000000
-0.000210 0.000000
-0.017699 0.000000
-0.030559 0.000000
-0.039503 0.000000
-0.045147 0.000378
-0.048037 0.006719
-0.048677 0.031986
-0.047536 0.087849
-0.045052 0.177292
-0.041625 0.294062
-0.037569 0.426474
-0.033240 0.561900
-0.028880 0.689881
-0.024673 0.803453
-0.020750 0.898749
-0.017238 0.969428
-0.014124 1.003576
-0.011425 0.991530
-0.009131 0.932663
-0.007214 0.835564
-0.005638 0.714039
-0.004362 0.582558
-0.003341 0.453146
-0.002536 0.334096
-0.001908 0.230025
-0.001424 0.142639
-0.001054 0.071696
-0.000774 0.015851
-0.000564 -0.026719
-0.000031 -0.057938
0.006467 -0.079625
0.031847 -0.093424
0.087790 -0.100793
0.177292 -0.103021
0.294062 -0.101250
0.426474 -0.096493
0.561900 -0.089639
0.689881 -0.081451
0.803453 -0.072572
0.898749 -0.063520
0.969428 -0.054695
1.003576 -0.046386
0.991530 -0.038784
0.932663 -0.031998
0.835564 -0.026069
0.714039 -0.020987
0.582558 -0.016706
0.453146 -0.013156
0.334096 -0.010255
0.230025 -0.007916
0.142639 -0.006054
0.071696 -0.004589
0.015851 -0.003450
-0.026719 -0.002531
-0.057938 -0.001832
-0.079625 -0.000928
-0.093424 0.005806
-0.100793 0.031364
-0.103021 0.087440
-0.101250 0.177040
-0.096493 0.293923
-0.089639 0.426416
-0.081451 0.561900
-0.072572 0.689881
-0.063520 0.803453
-0.054695 0.898749
-0.046386 0.969428
-0.038784 1.003576
-0.031998 0.991530
-0.026069 0.932663
-0.020987 0.835564
-0.016706 0.714039
-0.013156 0.582558
-0.010255 0.453146
-0.007916 0.334096
-0.006054 0.230025
-0.004589 0.142639
-0.003450 0.071696
-0.002531 0.015851
-0.001832 -0.026719
-0.000928 -0.057938
0.005806 -0.079625
0.031364 -0.093424
0.087440 -0.100793
0.176662 -0.103021
0.287203 -0.101250
0.394430 -0.096493
0.474051 -0.089639
0.512588 -0.081451
0.509391 -0.072572
0.472652 -0.063520
0.414248 -0.054695
0.345682 -0.046386
0.275925 -0.038784
0.210829 -0.031998
0.153479 -0.026069
0.104951 -0.020987
0.065079 -0.016706
0.033072 -0.013156
0.007922 -0.010255
-0.011363 -0.007538
-0.025671 0.000665
-0.035769 0.027397
-0.042320 0.084399
-0.045915 0.174762
-0.047097 0.292230
-0.046369 0.425168
-0.044196 0.560987
-0.041002 0.688880
-0.037160 0.796325
-0.032988 0.866888
-0.028740 0.888160
-0.024614 0.858212
-0.020750 0.785316
-0.017238 0.683481
-0.014124 0.567727
-0.011425 0.450633
-0.009131 0.341005
-0.007214 0.243900
-0.005638 0.161401
-0.004362 0.093589
-0.003341 0.039408
-0.002536 -0.002697
-0.001908 -0.034019
-0.001424 -0.050558
-0.001054 -0.040783
-0.000774 0.005711
-0.000564 0.090776
-0.000409 0.207145
-0.000253 0.341838
-0.000139 0.475824
-0.000058 0.584958
0.000000 0.649988
0.000000 0.663923
0.000000 0.631860
0.000000 0.566224
0.000000 0.481438
0.000000 0.390193
0.000000 0.301722
0.000000 0.221625
0.000000 0.152523
0.000000 0.094992
0.000000 0.048421
0.000000 0.011650
0.000378 -0.016625
0.006719 -0.037651
0.031986 -0.052538
0.087849 -0.062263
0.177292 -0.067692
0.294062 -0.069569
0.426474 -0.068667
0.561900 -0.065647
0.689881 -0.061110
0.803453 -0.055587
0.898749 -0.049535
0.969428 -0.043328
1.003576 -0.037255
0.991530 -0.031570
0.932663 -0.026360
0.835564 -0.021707
0.714039 -0.017645
0.582558 -0.014169
0.453146 -0.011247
0.334096 -0.008831
0.230025 -0.006862
0.142639 -0.005280
0.071696 -0.004025
0.015851 -0.003041
-0.026719 -0.002278
-0.057938 -0.001315
-0.079625 0.005471
-0.093424 0.031073
-0.100793 0.087226
-0.103021 0.176506
-0.101250 0.287090
-0.096493 0.394349
-0.089639 0.473993
-0.081451 0.512588
-0.072572 0.509391
-0.063520 0.472652
-0.054695 0.414248
-0.046386 0.345682
-0.038784 0.275925
-0.031998 0.210829
-0.026069 0.153479
-0.020987 0.104951
-0.016706 0.065079
-0.013156 0.033072
-0.009877 0.007922
-0.001197 -0.011363
0.025932 -0.025671
0.083259 -0.035769
0.173465 -0.042320
0.284812 -0.045915
0.392656 -0.047097
0.472745 -0.046369
0.511675 -0.044196
0.508768 -0.041002
0.472244 -0.037160
0.413995 -0.032988
0.345542 -0.028740
0.275867 -0.024614
0.210829 -0.020750
0.153479 -0.017238
0.104951 -0.014124
0.065079 -0.011425
0.033072 -0.009131
0.007922 -0.007214
-0.011363 -0.005638
-0.025671 -0.003984
-0.035769 0.003378
-0.042320 0.029450
-0.045915 0.085940
-0.047097 0.175868
-0.046369 0.293009
-0.044196 0.425700
-0.041002 0.561336
-0.037160 0.689472
-0.032988 0.802823
-0.028740 0.892267
-0.024614 0.944103
-0.020750 0.947714
-0.017238 0.902086
-0.014124 0.815893
-0.011425 0.703152
-0.009131 0.578614
-0.007214 0.454577
-0.005638 0.339574
-0.004362 0.238423
-0.003341 0.153003
-0.002536 0.083224
-0.001908 0.027880
-0.001424 -0.014725
-0.000676 -0.046391
0.005946 -0.068825
0.031422 -0.083569
0.087440 -0.091993
0.177040 -0.095316
0.293923 -0.094623
0.426038 -0.090885
0.555180 -0.084965
0.657895 -0.077610
0.715604 -0.069458
0.721834 -0.061026
0.682085 -0.052720
0.609088 -0.044839
0.517478 -0.037586
0.420074 -0.031079
0.326174 -0.025370
0.241387 -0.020461
0.168310 -0.016313
0.107464 -0.012865
0.058171 -0.010041
0.019196 -0.007760
-0.010463 -0.005941
-0.026536 -0.004508
-0.017242 -0.003391
0.028058 -0.002531
0.111054 -0.001832
0.219080 -0.001306
0.326735 -0.000913
0.409027 -0.000622
0.451887 -0.000409
0.454056 -0.000253
0.423256 -0.000139
0.370978 -0.000058
0.308427 0.000000
0.244355 0.000000
0.184469 0.000000
0.131772 0.000000
0.087306 0.000000
0.050910 0.000000
0.021824 0.000000
-0.000909 0.000000
-0.018225 0.000000
-0.030951 0.000000
-0.039794 0.000000
-0.044983 0.000000
-0.041474 0.000000
-0.016804 0.000000
0.040231 0.000000
0.131805 0.000000
0.245718 0.000000
0.356919 0.000000
0.440811 0.000000
0.483709 0.000000
0.484718 0.000000
0.451902 0.000000
0.397010 0.000000
0.331557 0.000000
0.264500 0.000000
0.201698 0.000000
0.146265 0.000000
0.099313 0.000000
0.060718 0.000000
0.029730 0.000000
0.005764 0.000000
-0.006551 0.000000
0.004891 0.000000
0.051026 0.000000
0.134199 0.000000
0.247583 0.000000
0.378968 0.000000
0.515278 0.000000
0.645167 0.000000
0.755673 0.000000
0.829980 0.000000
0.855311 0.000000
0.829530 0.000000
0.760701 0.000000
0.662730 0.000000
0.550489 0.000000
0.436509 0.000000
0.329580 0.000000
0.234770 0.000000
0.154188 0.000000
0.087951 0.000000
0.035047 0.000000
-0.006038 0.000000
-0.036556 0.000000
-0.052467 0.000000
-0.042206 0.000000
0.004657 0.000000
0.090002 0.000000
0.206580 0.000000
0.341808 0.000000
0.482291 0.000000
0.616805 0.000000
0.737778 0.000000
0.840838 0.000000
0.919203 0.000000
0.960712 0.000000
0.955490 0.000000
0.902782 0.000000
0.811113 0.000000
0.694277 0.000000
0.566771 0.000000
0.440674 0.000000
0.324346 0.000000
0.222479 0.000000
0.136854 0.000000
0.067301 0.000000
0.012541 0.000000
-0.029192 0.000000
-0.059770 0.000378
-0.080931 0.006719
-0.094338 0.031986
-0.101416 0.087849
-0.103429 0.177292
-0.101503 0.293684
-0.096633 0.419755
-0.089697 0.529914
-0.081451 0.602032
-0.072572 0.626161
-0.063520 0.605064
-0.054695 0.549673
-0.046386 0.473662
-0.038784 0.389498
-0.031998 0.306502
-0.026069 0.230500
-0.020987 0.164366
-0.016706 0.108895
-0.013156 0.063648
-0.010255 0.027594
-0.007916 -0.000098
-0.006054 -0.015008
-0.004589 -0.005214
-0.003450 0.040051
-0.002531 0.122601
-0.001832 0.229881
-0.001306 0.336590
-0.000913 0.417827
-0.000622 0.459592
-0.000409 0.460683
-0.000253 0.428864
-0.000139 0.375652
-0.000058 0.312267
0.000000 0.247470
0.000000 0.186963
0.000000 0.133747
0.000000 0.088852
0.000000 0.052108
0.000000 0.022743
0.000000 0.000167
0.000000 -0.010980
0.000000 0.001427
0.000000 0.048346
0.000000 0.131768
0.000000 0.239305
0.000000 0.345811
0.000000 0.426516
0.000000 0.467537
0.000000 0.467766
0.000000 0.435083
0.000000 0.381007
0.000000 0.316802
0.000000 0.251253
0.000000 0.190078
0.000000 0.136241
0.000000 0.090827
0.000000 0.053654
0.000000 0.023941
0.000000 0.001086
0.000000 -0.010281
0.000000 0.001953
0.000000 0.048738
0.000000 0.132436
0.000000 0.246239
0.000000 0.377575
0.000000 0.507758
0.000000 0.612924
0.000000 0.674038
0.000000 0.684265
0.000000 0.648845
0.000000 0.580208
0.000000 0.492806
0.000000 0.399324
0.000000 0.308936
0.000000 0.227263
0.000000 0.156885
0.000000 0.098334
0.000000 0.050957
0.000000 0.013558
0.000000 -0.014824
0.000000 -0.029878
0.000000 -0.019778
0.000000 0.026149
0.000000 0.110008
0.000000 0.224746
0.000000 0.357947
0.000000 0.496311
0.000000 0.628393
0.000000 0.741146
0.000000 0.817605
0.000000 0.844971
0.000000 0.821015
0.000000 0.753746
0.000000 0.657121
0.000000 0.546019
0.000000 0.432988
0.000000 0.326835
0.000000 0.232653
0.000000 0.152570
0.000000 0.086726
0.000000 0.034128
0.000000 -0.006722
0.000000 -0.037061
0.000000 -0.052837
0.000000 -0.042475
0.000000 0.004463
0.000000 0.089485
0.000000 0.199803
0.000000 0.309822
0.000000 0.394442
0.000000 0.439513
0.000000 0.443716
0.000000 0.414741
0.000000 0.364022
0.000000 0.302817
0.000000 0.239886
0.000000 0.180948
0.000000 0.129028
0.000000 0.085189
0.000000 0.049293
0.000000 0.020600
0.000000 -0.001450
0.000000 -0.012189
0.000000 0.000530
0.000000 0.047685
0.000000 0.131285
0.000000 0.238955
0.000000 0.345558
0.000000 0.426376
0.000000 0.467479
0.000000 0.467766
0.000000 0.435083
0.000000 0.381007
0.000000 0.316802
0.000000 0.251253
0.000000 0.190078
0.000000 0.136241
0.000000 0.090827
0.000000 0.053654
0.000000 0.023941
0.000000 0.000709
0.000000 -0.017001
0.000000 -0.029655
0.000000 -0.032391
0.000000 -0.012870
0.000000 0.040025
0.000000 0.128771
0.000000 0.246639
0.000000 0.381504
0.000000 0.520333
0.000000 0.651934
0.000000 0.763493
0.000000 0.838261
0.000000 0.863626
0.000000 0.837520
0.000000 0.768078
0.000000 0.669356
0.000000 0.556301
0.000000 0.441502
0.000000 0.333791
0.000000 0.238262
0.000000 0.157040
0.000000 0.090247
0.000000 0.036872
0.000000 -0.004605
0.000000 -0.035821
0.000000 -0.058332
0.000000 -0.073543
0.000000 -0.082702
0.000000 -0.086924
0.000000 -0.086792
0.000000 -0.077678
0.000000 -0.047429
0.000000 0.014912
0.000000 0.111675
0.000000 0.236151
0.000000 0.375871
0.000000 0.512316
0.000000 0.621855
0.000000 0.685723
0.000000 0.697383
0.000000 0.662323
0.000000 0.593301
0.000000 0.505006
0.000000 0.410324
0.000000 0.318628
0.000000 0.235602
0.000000 0.163915
0.000000 0.104154
0.000000 0.055698
0.000000 0.017364
0.000000 -0.011769
0.000000 -0.027450
0.000000 -0.017864
0.000000 0.027649
0.000000 0.111179
0.000000 0.225660
0.000000 0.358663
0.000000 0.496876
0.000000 0.629180
0.000000 0.747740
0.000000 0.843011
0.000000 0.900892
0.000000 0.910459
0.000000 0.870516
0.000000 0.789533
0.000000 0.681445
0.000000 0.560968
0.000000 0.440408
0.000000 0.328326
0.000000 0.229592
0.000000 0.146141
0.000000 0.077944
0.000000 0.023855
0.000000 -0.017766
0.000000 -0.048291
0.000000 -0.063798
0.000000 -0.052831
0.000000 -0.005058
0.000000 0.081354
0.000000 0.199031
0.000000 0.335336
0.000000 0.476796
0.000000 0.612212
0.000000 0.733617
0.000000 0.831381
0.000000 0.891442
0.000000 0.902874
0.000000 0.864500
0.000000 0.784814
0.000000 0.677782
0.000000 0.558153
0.000000 0.438264
0.000000 0.326709
0.000000 0.228382
0.000000 0.145243
0.000000 0.077283
0.000000 0.023372
0.000000 -0.018117
0.000000 -0.048922
0.000000 -0.070657
0.000000 -0.084875
0.000000 -0.092907
0.000000 -0.095938
0.000000 -0.095031
0.000000 -0.091138
0.000000 -0.085104
0.000000 -0.077669
0.000000 -0.069458
0.000000 -0.061026
0.000000 -0.052720
0.000000 -0.044839
0.000000 -0.037586
0.000000 -0.031079
0.000000 -0.025370
0.000000 -0.020461
0.000000 -0.016313
0.000000 -0.012865
0.000000 -0.010041
0.000000 -0.007760
0.000000 -0.005941
0.000000 -0.004508
0.000000 -0.003391
0.000000 -0.002531
0.000000 -0.001832
0.000000 -0.001306
0.000000 -0.000913
0.000000 -0.000622
0.000000 -0.000409
0.000000 -0.000253
0.000000 -0.000139
0.000000 -0.000058
0.000000 0.000000
0.000000 0.000000
0.000000 0.000000
0.000000 0.000000
0.000000 0.000000
0.000000 0.000000
0.000000 0.000000
0.000000 0.000000
0.000000 0.000000
0.000000 0.000000
0.000000 0.000000
0.000000 0.000000
0.000000 0.000000
0.000000 0.000000
0.000000 0.000000
0.000000 0.000000
0.000000 0.000000
0.000000 0.000000
0.000000 0.000000
0.000000 0.000000
0.000000 0.000000
0.000000 0.000000
0.000000 0.000000
0.000000 0.000000
0.000000 0.000000
0.000000 0.000000
0.000000 0.000000
0.000000 0.000000
0.000000 0.000000
0.000000 0.000000
0.000000 0.000000
0.000000 0.000000
0.000000 0.000000
0.000000 0.000000
0.000000 0.000000
0.000000 0.000000
0.000000 0.000000
0.000000 0.000000
0.000000 0.000000
0.000000 0.000000
0.000000 0.000000
0.000000 0.000000
0.000000 0.000000
0.000000 0.000000
0.000000 0.000000
0.000000 0.000000
0.000000 0.000000
0.000000 0.000000
0.000000 0.000000
0.000000 0.000000
0.000000 0.000000
0.000000 0.000000
0.000000 0.000000
0.000000 0.000000
0.000000 0.000000
0.000000 0.000000
0.000000 0.000000
0.000000 0.000000
0.000000 0.000000
0.000000 0.000000
0.000000 0.000000
0.000000 0.000000
0.000000 0.000000
0.000000 0.000000
0.000000 0.000000
0.000000 0.000000
0.000000 0.000000
