0.000000 0.000000
0.000000 0.000000
0.000000 0.000000
0.000000 0.000000
0.000000 0.000000
0.000000 0.000000
0.000000 0.000000
0.000000 0.000000
0.000000 0.000000
0.000000 0.000000
0.000000 0.000000
0.000000 0.000000
0.000000 0.000000
0.000000 0.000000
0.000000 0.000000
0.000000 0.000378
0.000000 0.006719
0.000000 0.031986
0.000000 0.087849
0.000000 0.176914
0.000000 0.287343
0.000000 0.394488
0.000000 0.474051
0.000000 0.512588
0.000000 0.509391
0.000000 0.472652
0.000000 0.414248
0.000000 0.345682
0.000000 0.275925
0.000000 0.210829
0.000000 0.153479
0.000000 0.104951
0.000000 0.065079
0.000000 0.033072
0.000000 0.007922
0.000000 -0.010985
0.000000 -0.018952
0.000000 -0.003783
0.000000 0.045529
0.000000 0.130999
0.000000 0.240245
0.000000 0.348119
0.000000 0.429855
0.000000 0.471586
0.000000 0.472230
0.000000 0.439664
0.000000 0.385507
0.000000 0.321067
0.000000 0.255175
0.000000 0.193591
0.000000 0.139355
0.000000 0.093526
0.000000 0.055949
0.000000 0.025858
0.000000 0.002662
0.000000 -0.009005
0.000000 0.002974
0.000000 0.049544
0.000000 0.132687
0.000000 0.240004
0.000000 0.346337
0.000000 0.426908
0.000000 0.467828
0.000000 0.467980
0.000000 0.435239
0.000000 0.381121
0.000000 0.316883
0.000000 0.251311
0.000000 0.190078
0.000000 0.136241
0.000000 0.090827
0.000000 0.053654
0.000000 0.023941
0.000000 0.000709
0.000000 -0.017001
0.000000 -0.030033
0.000000 -0.039110
0.000000 -0.044856
0.000000 -0.047446
0.000000 -0.041802
0.000000 -0.015437
0.000000 0.042878
0.000000 0.135726
0.000000 0.256493
0.000000 0.393234
0.000000 0.533020
0.000000 0.665208
0.000000 0.782325
0.000000 0.875169
0.000000 0.930037
0.000000 0.936288
0.000000 0.892955
0.000000 0.808679
0.000000 0.697514
0.000000 0.574252
0.000000 0.451236
0.000000 0.337038
0.000000 0.236515
0.000000 0.151580
0.000000 0.082170
0.000000 0.027106
0.000000 -0.015290
0.000378 -0.046800
0.006719 -0.069077
0.031986 -0.083708
0.087849 -0.092052
0.176914 -0.095316
0.287343 -0.094623
0.394488 -0.090885
0.474051 -0.084965
0.512588 -0.077610
0.509391 -0.069458
0.472652 -0.061026
0.414248 -0.052720
0.345682 -0.044839
0.275925 -0.037586
0.210829 -0.031079
0.153479 -0.025370
0.104951 -0.020461
0.065079 -0.016313
0.033072 -0.012865
0.008300 -0.010041
-0.004643 -0.007760
0.006315 -0.005941
0.052080 -0.004508
0.134973 -0.003391
0.248147 -0.002531
0.379377 -0.001832
0.515153 -0.001306
0.638965 -0.000913
0.730464 -0.000622
0.774117 -0.000409
0.765868 -0.000253
0.712760 -0.000139
0.628290 -0.000058
0.527305 0.000000
0.422508 0.000000
0.322937 0.000000
0.233906 0.000000
0.157748 0.000000
0.094773 0.000000
0.044135 0.000000
0.004470 0.000000
-0.025332 0.000000
-0.041101 0.000000
-0.031144 0.000000
0.015087 0.000000
0.099200 0.000000
0.208451 0.000000
0.317371 0.000000
0.400914 0.000000
0.445007 0.000000
0.448308 0.000000
0.418524 0.000000
0.367137 0.000000
0.305312 0.000000
0.241861 0.000000
0.182494 0.000000
0.130226 0.000000
0.086108 0.000000
0.049991 0.000000
0.021126 0.000000
-0.001435 0.000000
-0.018618 0.000000
-0.031242 0.000000
-0.040008 0.000000
-0.045517 0.000378
-0.048306 0.006719
-0.048872 0.031986
-0.047675 0.087849
-0.045110 0.176914
-0.041625 0.287343
-0.037569 0.394488
-0.033240 0.474051
-0.028880 0.512588
-0.024673 0.509391
-0.020750 0.472652
-0.017238 0.414248
-0.014124 0.345682
-0.011425 0.275925
-0.009131 0.210829
-0.007214 0.153479
-0.005638 0.104951
-0.004362 0.065079
-0.003341 0.033072
-0.002536 0.007922
-0.001908 -0.011363
-0.001424 -0.025671
-0.001054 -0.035769
-0.000774 -0.042320
-0.000564 -0.045538
-0.000409 -0.040378
-0.000253 -0.014383
-0.000139 0.043652
-0.000058 0.135912
0.000000 0.250182
0.000000 0.361500
0.000000 0.445311
0.000000 0.487974
0.000000 0.488640
0.000000 0.455414
0.000000 0.400123
0.000000 0.334256
0.000000 0.266795
0.000000 0.203615
0.000000 0.147841
0.000000 0.100590
0.000000 0.061738
0.000000 0.030536
0.000378 0.006014
0.006719 -0.012786
0.031986 -0.026725
0.087849 -0.036543
0.177292 -0.042884
0.294062 -0.046324
0.426096 -0.047350
0.555180 -0.046509
0.657895 -0.044254
0.715604 -0.041002
0.721834 -0.037160
0.682085 -0.032988
0.609088 -0.028740
0.517478 -0.024614
0.420074 -0.020750
0.326174 -0.017238
0.241387 -0.014124
0.168310 -0.011425
0.107464 -0.009131
0.058171 -0.007214
0.019196 -0.005638
-0.010463 -0.004362
-0.026536 -0.003341
-0.017242 -0.002536
0.028058 -0.001908
0.111432 -0.001424
0.225800 -0.001054
0.358721 -0.000774
0.496876 -0.000564
0.628802 -0.000409
0.741399 -0.000253
0.817744 -0.000139
0.845029 -0.000058
0.821015 0.000000
0.753746 0.000000
0.657121 0.000000
0.546019 0.000000
0.432988 0.000000
0.326835 0.000000
0.232653 0.000000
0.152570 0.000000
0.086726 0.000000
0.034128 0.000000
-0.006722 0.000000
-0.037438 0.000378
-0.059556 0.006719
-0.074461 0.031986
-0.083386 0.087849
-0.087429 0.177292
-0.087540 0.294062
-0.084666 0.426096
-0.079609 0.555180
-0.073076 0.657895
-0.065675 0.715604
-0.057911 0.721834
-0.050225 0.682085
-0.042865 0.609088
-0.036040 0.517478
-0.029881 0.420074
-0.024451 0.326174
-0.019762 0.241387
-0.015787 0.168310
-0.012472 0.107464
-0.009750 0.058171
-0.007546 0.019196
-0.005785 -0.010840
-0.004395 -0.033256
-0.003310 -0.049228
-0.002472 -0.059791
-0.001454 -0.065860
0.005413 -0.068262
0.031073 -0.067753
0.087226 -0.065024
0.176506 -0.060701
0.287090 -0.055335
0.394349 -0.049396
0.473993 -0.043270
0.512588 -0.037255
0.509391 -0.031570
0.472652 -0.026360
0.414248 -0.021707
0.345682 -0.017645
0.275925 -0.014169
0.210829 -0.011247
0.153479 -0.008831
0.104951 -0.006862
0.065079 -0.005280
0.033072 -0.004025
0.007922 -0.002663
-0.011363 0.004441
-0.025671 0.030293
-0.035769 0.086600
-0.042320 0.176379
-0.045915 0.293440
-0.047097 0.425688
-0.046369 0.554928
-0.044196 0.657755
-0.041002 0.715546
-0.037160 0.721834
-0.032988 0.682085
-0.028740 0.609088
-0.024614 0.517478
-0.020750 0.420074
-0.017238 0.326174
-0.014124 0.241387
-0.011425 0.168310
-0.009131 0.107464
-0.007214 0.058171
-0.005638 0.019196
-0.004362 -0.010840
-0.003341 -0.033256
-0.002536 -0.049228
-0.001908 -0.059791
-0.001424 -0.065860
-0.001054 -0.067885
-0.000774 -0.061034
-0.000564 -0.033038
-0.000409 0.027148
-0.000253 0.121957
-0.000139 0.244666
-0.000058 0.382827
0.000000 0.517925
0.000000 0.626324
0.000000 0.689244
0.000000 0.700127
0.000000 0.664440
0.000000 0.594919
0.000000 0.506231
0.000000 0.411243
0.000000 0.319311
0.000000 0.236107
0.000000 0.164285
0.000000 0.104423
0.000000 0.055893
0.000000 0.017503
0.000000 -0.012088
0.000000 -0.034169
0.000000 -0.049473
0.000000 -0.053480
0.000000 -0.034127
0.000000 0.019447
0.000000 0.109103
0.000000 0.222318
0.000000 0.333787
0.000000 0.418717
0.000000 0.463192
0.000000 0.466121
0.000000 0.435397
0.000000 0.382678
0.000000 0.319322
0.000000 0.254218
0.000000 0.193183
0.000000 0.139310
0.000000 0.093704
0.000000 0.056248
0.000000 0.026209
0.000378 0.002642
0.006719 -0.015388
0.031986 -0.028712
0.087849 -0.038047
0.176914 -0.044012
0.287343 -0.047163
0.394488 -0.048011
0.474051 -0.046992
0.512588 -0.044605
0.509391 -0.041255
0.472652 -0.037300
0.414248 -0.033046
0.345682 -0.028740
0.275925 -0.024614
0.210829 -0.020750
0.153479 -0.017238
0.104951 -0.014124
0.065079 -0.011425
0.033072 -0.009131
0.007922 -0.007214
-0.010985 -0.005638
-0.018952 -0.004362
-0.003783 -0.003341
0.045529 -0.002536
0.131377 -0.001908
0.246965 -0.001424
0.380105 -0.001054
0.517704 -0.000774
0.648878 -0.000564
0.766292 -0.000409
0.865761 -0.000253
0.940688 -0.000139
0.978962 -0.000058
0.970779 0.000000
0.915425 0.000000
0.821440 0.000000
0.702614 0.000000
0.573427 0.000000
0.445932 0.000000
0.328458 0.000000
0.225663 0.000000
0.139297 0.000000
0.069159 0.000000
0.013943 0.000000
-0.028143 0.000000
-0.058614 0.000000
-0.073679 0.000000
-0.062003 0.000000
-0.013353 0.000000
0.073641 0.000000
0.185953 0.000000
0.297937 0.000000
0.384413 0.000000
0.431137 0.000000
0.436818 0.000000
0.409132 0.000000
0.359553 0.000000
0.299296 0.000000
0.237142 0.000000
0.178831 0.000000
0.127410 0.000000
0.083965 0.000000
0.048374 0.000000
0.019916 0.000000
-0.002332 0.000000
-0.019279 0.000000
-0.031725 0.000000
-0.040358 0.000378
-0.045769 0.006719
-0.048446 0.031986
-0.048930 0.087849
-0.047675 0.176914
-0.045110 0.287343
-0.041625 0.394488
-0.037569 0.474051
-0.033240 0.512588
-0.028880 0.509391
-0.024673 0.472652
-0.020750 0.414248
-0.017238 0.345682
-0.014124 0.275925
-0.011425 0.210829
-0.009131 0.153479
-0.007214 0.104951
-0.005638 0.065079
-0.004362 0.033072
-0.003341 0.007922
-0.002536 -0.011363
-0.001530 -0.025671
0.005296 -0.035769
0.030932 -0.042320
0.087075 -0.045915
0.176350 -0.047097
0.286934 -0.046369
0.394236 -0.044196
0.473912 -0.041002
0.512530 -0.037160
0.509391 -0.032988
0.472652 -0.028740
0.414248 -0.024614
0.345682 -0.020750
0.275925 -0.017238
0.210829 -0.014124
0.153479 -0.011425
0.104951 -0.009131
0.065079 -0.007214
0.033072 -0.005638
0.007922 -0.003984
-0.011363 0.003378
-0.025671 0.029450
-0.035769 0.085940
-0.042320 0.175868
-0.045915 0.293009
-0.047097 0.425700
-0.046369 0.560958
-0.044196 0.682753
-0.041002 0.771214
-0.037160 0.811138
-0.032988 0.798797
-0.028740 0.741500
-0.024614 0.652904
-0.020750 0.548055
-0.017238 0.439746
-0.014124 0.337061
-0.011425 0.245331
-0.009131 0.166879
-0.007214 0.101987
-0.005638 0.049773
-0.004362 0.008832
-0.003341 -0.021991
-0.002536 -0.038565
-0.001908 -0.029236
-0.001424 0.016511
-0.001054 0.100632
-0.000774 0.215944
-0.000564 0.349921
-0.000409 0.489171
-0.000253 0.622174
-0.000139 0.735791
-0.000058 0.813070
0.000000 0.841189
0.000000 0.817900
0.000000 0.751251
0.000000 0.655146
0.000000 0.544473
0.000000 0.431790
0.000000 0.325916
0.000000 0.231954
0.000000 0.152044
0.000000 0.086334
0.000000 0.033837
0.000000 -0.006936
0.000000 -0.037217
0.000000 -0.052950
0.000000 -0.042557
0.000000 0.004404
0.000000 0.089863
0.000000 0.206522
0.000000 0.341808
0.000000 0.482291
0.000000 0.616805
0.000000 0.737778
0.000000 0.840838
0.000000 0.919203
0.000000 0.960712
0.000000 0.955490
0.000000 0.902782
0.000000 0.811113
0.000000 0.694277
0.000000 0.566771
0.000000 0.440674
0.000000 0.324346
0.000000 0.222479
0.000000 0.136854
0.000000 0.067301
0.000000 0.012541
0.000000 -0.029192
0.000000 -0.059770
0.000000 -0.080931
0.000000 -0.094338
0.000000 -0.101416
0.000000 -0.103429
0.000000 -0.101125
0.000000 -0.089913
0.000000 -0.057711
0.000000 0.006397
0.000000 0.104342
0.000000 0.223822
0.000000 0.339793
0.000000 0.427666
0.000000 0.473805
0.000000 0.477393
0.000000 0.446583
0.000000 0.393261
0.000000 0.328976
0.000000 0.262770
0.000000 0.200574
0.000000 0.145563
0.000000 0.098897
0.000000 0.060490
0.000000 0.029622
0.000000 0.005392
0.000000 -0.013195
0.000000 -0.026977
0.000000 -0.036682
0.000000 -0.042942
0.000000 -0.045946
0.000000 -0.040630
0.000000 -0.014523
0.000000 0.043594
0.000000 0.136290
0.000000 0.256902
0.000000 0.393487
0.000000 0.533160
0.000000 0.665266
0.000000 0.782702
0.000000 0.881511
0.000000 0.955304
0.000000 0.992151
0.000000 0.982399
0.000000 0.925449
0.000000 0.829926
0.000000 0.709678
0.000000 0.579216
0.000000 0.450610
0.000000 0.332188
0.000000 0.228601
0.000000 0.141585
0.000000 0.070922
0.000000 0.015287
0.000000 -0.027128
0.000000 -0.057813
0.000000 -0.073045
0.000000 -0.061496
0.000000 -0.012945
0.000000 0.073894
0.000000 0.186093
0.000000 0.297995
0.000000 0.384413
0.000000 0.431137
0.000000 0.436818
0.000000 0.409132
0.000000 0.359553
0.000000 0.299296
0.000000 0.237142
0.000000 0.178831
0.000000 0.127410
0.000000 0.083965
0.000000 0.048374
0.000000 0.019916
0.000378 -0.002332
0.006719 -0.019279
0.031986 -0.031725
0.087849 -0.040358
0.177292 -0.045769
0.294062 -0.048446
0.426096 -0.048930
0.555180 -0.047675
0.657895 -0.045110
0.715604 -0.041625
0.721834 -0.037569
0.682085 -0.033240
0.609088 -0.028880
0.517478 -0.024673
0.420074 -0.020750
0.326174 -0.017238
0.241387 -0.014124
0.168310 -0.011425
0.107464 -0.009131
0.058171 -0.007214
0.019196 -0.005638
-0.010840 -0.003984
-0.033256 0.003378
-0.049228 0.029450
-0.059791 0.085940
-0.065860 0.175868
-0.068262 0.293009
-0.067753 0.425700
-0.065024 0.561336
-0.060701 0.689094
-0.055335 0.796481
-0.049396 0.867001
-0.043270 0.888241
-0.037255 0.858270
-0.031570 0.785316
-0.026360 0.683481
-0.021707 0.567727
-0.017645 0.450633
-0.014169 0.341005
-0.011247 0.243900
-0.008831 0.161401
-0.006862 0.093589
-0.005280 0.039408
-0.004025 -0.002697
-0.002663 -0.034397
0.004441 -0.057278
0.030293 -0.072769
0.086600 -0.082138
0.176379 -0.086516
0.293440 -0.086918
0.426066 -0.084258
0.561270 -0.079357
0.683022 -0.072936
0.771409 -0.065617
0.811278 -0.057911
0.798855 -0.050225
0.741500 -0.042865
0.652904 -0.036040
0.548055 -0.029881
0.439746 -0.024451
0.337061 -0.019762
0.245331 -0.015787
0.166879 -0.012472
0.101987 -0.009750
0.049773 -0.007546
0.008832 -0.005785
-0.021991 -0.004395
-0.038565 -0.003310
-0.029236 -0.002472
0.016511 -0.001832
0.100254 -0.001306
0.209225 -0.000913
0.317935 -0.000622
0.401322 -0.000409
0.445260 -0.000253
0.448448 -0.000139
0.418582 -0.000058
0.367137 0.000000
0.305312 0.000000
0.241861 0.000000
0.182494 0.000000
0.130226 0.000000
0.086108 0.000000
0.049991 0.000000
0.021126 0.000000
-0.001057 0.000000
-0.011898 0.000000
0.000744 0.000000
0.047841 0.000000
0.131398 0.000000
0.239036 0.000000
0.345617 0.000000
0.426376 0.000000
0.467479 0.000000
0.467766 0.000000
0.435083 0.000000
0.381007 0.000000
0.316802 0.000000
0.251253 0.000000
0.190078 0.000000
0.136241 0.000000
0.090827 0.000000
0.053654 0.000000
0.023941 0.000000
0.001086 0.000000
-0.010281 0.000000
0.001953 0.000000
0.048738 0.000000
0.132059 0.000000
0.239519 0.000000
0.345967 0.000000
0.426629 0.000000
0.467618 0.000000
0.467824 0.000000
0.435083 0.000000
0.381007 0.000000
0.316802 0.000000
0.251253 0.000000
0.190078 0.000000
0.136241 0.000000
0.090827 0.000000
0.053654 0.000000
0.023941 0.000000
0.000709 0.000000
-0.016623 0.000000
-0.023313 0.000000
-0.007124 0.000000
0.042993 0.000000
0.129469 0.000000
0.245541 0.000000
0.379051 0.000000
0.516930 0.000000
0.648314 0.000000
0.765884 0.000000
0.865508 0.000000
0.940548 0.000000
0.978904 0.000000
0.970779 0.000000
0.915425 0.000000
0.821440 0.000000
0.702614 0.000000
0.573427 0.000000
0.445932 0.000000
0.328458 0.000000
0.225663 0.000000
0.139297 0.000000
0.069159 0.000000
0.013943 0.000000
-0.028143 0.000000
-0.058614 0.000000
-0.073679 0.000000
-0.062003 0.000000
-0.013353 0.000000
0.074019 0.000000
0.192673 0.000000
0.329923 0.000000
0.472261 0.000000
0.608052 0.000000
0.724161 0.000000
0.803620 0.000000
0.833604 0.000000
0.811884 0.000000
0.746532 0.000000
0.651483 0.000000
0.541658 0.000000
0.429646 0.000000
0.324299 0.000000
0.230745 0.000000
0.151147 0.000000
0.085673 0.000000
0.033354 0.000000
-0.007286 0.000000
-0.037847 0.000000
-0.059809 0.000000
-0.074223 0.000000
-0.076725 0.000000
-0.055443 0.000000
0.000309 0.000000
0.092248 0.000000
0.207733 0.000000
0.321412 0.000000
0.408377 0.000000
0.454678 0.000000
0.459165 0.000000
0.429788 0.000000
0.378208 0.000000
0.315801 0.000000
0.251474 0.000000
0.191066 0.000000
0.137692 0.000000
0.092480 0.000000
0.055329 0.000000
0.025526 0.000000
0.002137 0.000000
-0.015758 0.000000
-0.028981 0.000000
-0.038241 0.000000
-0.044152 0.000000
-0.047222 0.000000
-0.048011 0.000000
-0.046992 0.000000
-0.044605 0.000000
-0.041255 0.000000
-0.037300 0.000000
-0.033046 0.000000
-0.028740 0.000000
-0.024614 0.000000
-0.020750 0.000000
-0.017238 0.000000
-0.014124 0.000000
-0.011425 0.000000
-0.009131 0.000000
-0.007214 0.000000
-0.005638 0.000000
-0.004362 0.000000
-0.003341 0.000000
-0.002536 0.000000
-0.001908 0.000000
-0.001424 0.000000
-0.001054 0.000000
-0.000774 0.000000
-0.000564 0.000000
-0.000409 0.000000
-0.000253 0.000000
-0.000139 0.000000
-0.000058 0.000000
0.000000 0.000000
0.000000 0.000000
0.000000 0.000000
0.000000 0.000000
0.000000 0.000000
0.000000 0.000000
0.000000 0.000000
0.000000 0.000000
0.000000 0.000000
0.000000 0.000000
0.000000 0.000000
0.000000 0.000000
0.000000 0.000000
0.000000 0.000000
0.000000 0.000000
0.000000 0.000000
0.000000 0.000000
0.000000 0.000000
0.000000 0.000000
0.000000 0.000000
0.000000 0.000000
0.000000 0.000000
0.000000 0.000000
0.000000 0.000000
0.000000 0.000000
0.000000 0.000000
0.000000 0.000000
0.000000 0.000000
0.000000 0.000000
0.000000 0.000000
0.000000 0.000000
0.000000 0.000000
0.000000 0.000000
0.000000 0.000000
0.000000 0.000000
0.000000 0.000000
0.000000 0.000000
0.000000 0.000000
0.000000 0.000000
0.000000 0.000000
0.000000 0.000000
0.000000 0.000000
0.000000 0.000000
0.000000 0.000000
0.000000 0.000000
0.000000 0.000000
0.000000 0.000000
0.000000 0.000000
0.000000 0.000000
0.000000 0.000000
0.000000 0.000000
0.000000 0.000000
0.000000 0.000000
0.000000 0.000000
0.000000 0.000000
0.000000 0.000000
0.000000 0.000000
0.000000 0.000000
0.000000 0.000000
