0.000000 0.000000
0.000000 0.000000
0.000000 0.000000
0.000000 0.000000
0.000000 0.000000
0.000000 0.000000
0.000000 0.000000
0.000000 0.000000
0.000000 0.000000
0.000000 0.000000
0.000000 0.000000
0.000000 0.000000
0.000000 0.000000
0.000000 0.000000
0.000000 0.000000
0.000000 0.000000
0.000000 0.000378
0.000000 0.006719
0.000000 0.031986
0.000000 0.087849
0.000000 0.177292
0.000000 0.294062
0.000000 0.426096
0.000000 0.555180
0.000000 0.657895
0.000000 0.715604
0.000000 0.721834
0.000000 0.682085
0.000000 0.609088
0.000000 0.517478
0.000000 0.420074
0.000000 0.326174
0.000000 0.241387
0.000000 0.168310
0.000000 0.107464
0.000000 0.058171
0.000000 0.019196
0.000000 -0.010840
0.000000 -0.033256
0.000000 -0.049228
0.000000 -0.059791
0.000000 -0.065860
0.000378 -0.068262
0.006719 -0.067753
0.031986 -0.065024
0.087849 -0.060701
0.177292 -0.055335
0.294062 -0.049396
0.426474 -0.043270
0.561900 -0.037255
0.689881 -0.031570
0.803075 -0.026360
0.892407 -0.021707
0.944162 -0.017645
0.947714 -0.014169
0.902086 -0.011247
0.815893 -0.008831
0.703152 -0.006862
0.578614 -0.005280
0.454577 -0.004025
0.339574 -0.003041
0.238423 -0.002278
0.153003 -0.001693
0.083224 -0.001248
0.027880 -0.000913
-0.014725 -0.000622
-0.046013 -0.000409
-0.062105 -0.000253
-0.051583 -0.000139
-0.004145 -0.000058
0.081599 0.000000
0.192720 0.000000
0.303603 0.000000
0.389087 0.000000
0.434978 0.000000
0.439933 0.000000
0.411627 0.000000
0.361528 0.000000
0.300842 0.000000
0.238339 0.000000
0.179750 0.000000
0.128109 0.000000
0.084491 0.000000
0.048767 0.000000
0.020207 0.000000
-0.002119 0.000000
-0.019123 0.000000
-0.031612 0.000000
-0.040277 0.000378
-0.045711 0.006719
-0.048446 0.031986
-0.048930 0.087849
-0.047675 0.176914
-0.045110 0.287343
-0.041625 0.394488
-0.037569 0.474051
-0.033240 0.512588
-0.028880 0.509391
-0.024673 0.472652
-0.020750 0.414248
-0.017238 0.345682
-0.014124 0.275925
-0.011425 0.210829
-0.009131 0.153479
-0.007214 0.104951
-0.005638 0.065079
-0.004362 0.033072
-0.003341 0.008300
-0.002536 -0.004643
-0.001908 0.006315
-0.001424 0.052080
-0.001054 0.134595
-0.000774 0.241427
-0.000564 0.347391
-0.000409 0.427682
-0.000253 0.468392
-0.000139 0.468388
-0.000058 0.435492
0.000000 0.381260
0.000000 0.316941
0.000000 0.251311
0.000000 0.190078
0.000000 0.136241
0.000000 0.090827
0.000000 0.053654
0.000000 0.023941
0.000000 0.001086
0.000000 -0.010281
0.000000 0.001953
0.000000 0.048738
0.000000 0.132059
0.000000 0.239519
0.000000 0.345967
0.000000 0.426629
0.000000 0.467618
0.000000 0.467824
0.000000 0.435083
0.000000 0.381007
0.000000 0.316802
0.000000 0.251253
0.000000 0.190078
0.000000 0.136241
0.000000 0.090827
0.000000 0.053654
0.000000 0.023941
0.000000 0.001086
0.000000 -0.010281
0.000000 0.001953
0.000000 0.048738
0.000000 0.132059
0.000000 0.239519
0.000000 0.345967
0.000000 0.426629
0.000000 0.467618
0.000000 0.467824
0.000000 0.435083
0.000000 0.381007
0.000000 0.316802
0.000000 0.251253
0.000000 0.190078
0.000000 0.136241
0.000000 0.090827
0.000000 0.053654
0.000000 0.023941
0.000000 0.000709
0.000000 -0.017001
0.000000 -0.030033
0.000000 -0.039110
0.000378 -0.044856
0.006719 -0.047824
0.031986 -0.048521
0.087849 -0.047423
0.176914 -0.044970
0.287343 -0.041567
0.394488 -0.037569
0.474051 -0.033240
0.512588 -0.028880
0.509391 -0.024673
0.472652 -0.020750
0.414248 -0.017238
0.345682 -0.014124
0.275925 -0.011425
0.210829 -0.009131
0.153479 -0.007214
0.104951 -0.005638
0.065079 -0.004362
0.033072 -0.003341
0.007922 -0.002158
-0.011363 0.004811
-0.025671 0.030562
-0.035769 0.086795
-0.042320 0.176141
-0.045915 0.286778
-0.047097 0.394080
-0.046369 0.473799
-0.044196 0.512449
-0.041002 0.509332
-0.037160 0.472652
-0.032988 0.414248
-0.028740 0.345682
-0.024614 0.275925
-0.020750 0.210829
-0.017238 0.153479
-0.014124 0.104951
-0.011425 0.065079
-0.009131 0.033072
-0.006836 0.007922
0.001081 -0.011363
0.027625 -0.025671
0.084507 -0.035769
0.174756 -0.042320
0.292154 -0.045915
0.425050 -0.047097
0.560469 -0.046369
0.682387 -0.044196
0.770902 -0.041002
0.810869 -0.037160
0.798603 -0.032988
0.741361 -0.028740
0.652846 -0.024614
0.548055 -0.020750
0.439746 -0.017238
0.337061 -0.014124
0.245331 -0.011425
0.166879 -0.009131
0.101987 -0.007214
0.049773 -0.005638
0.008832 -0.004362
-0.022369 -0.002964
-0.045284 0.004183
-0.061222 0.030078
-0.071338 0.086425
-0.076660 0.176238
-0.078118 0.292911
-0.076553 0.419190
-0.072729 0.529505
-0.067328 0.601780
-0.060943 0.626021
-0.054070 0.605006
-0.047111 0.549673
-0.040370 0.473662
-0.034065 0.389498
-0.028335 0.306502
-0.023253 0.230500
-0.018843 0.164366
-0.015088 0.108895
-0.011946 0.063648
-0.009357 0.027594
-0.007255 -0.000476
-0.005571 -0.021727
-0.004239 -0.037200
-0.002819 -0.047797
0.004328 -0.054313
0.030212 -0.057462
0.086542 -0.057898
0.176379 -0.056225
0.293440 -0.052996
0.426066 -0.048707
0.561647 -0.043788
0.689741 -0.038596
0.803395 -0.033414
0.898749 -0.028455
0.969428 -0.023865
1.003576 -0.019732
0.991530 -0.016099
0.932663 -0.012971
0.835564 -0.010328
0.714039 -0.008133
0.582558 -0.006336
0.453146 -0.004888
0.334096 -0.003734
0.230025 -0.002827
0.142639 -0.002122
0.071696 -0.001580
0.015851 -0.001167
-0.026719 -0.000855
-0.057560 -0.000622
-0.072906 -0.000409
-0.061438 -0.000253
-0.012945 -0.000139
0.074272 -0.000058
0.192812 0.000000
0.329981 0.000000
0.472261 0.000000
0.608052 0.000000
0.724161 0.000000
0.803620 0.000000
0.833604 0.000000
0.811884 0.000000
0.746532 0.000000
0.651483 0.000000
0.541658 0.000000
0.429646 0.000000
0.324299 0.000000
0.230745 0.000000
0.151147 0.000000
0.085673 0.000000
0.033354 0.000000
-0.007286 0.000000
-0.037847 0.000000
-0.059809 0.000378
-0.074601 0.006719
-0.083444 0.031986
-0.087429 0.087849
-0.087540 0.177292
-0.084666 0.294062
-0.079609 0.426474
-0.073076 0.561900
-0.065675 0.689503
-0.057911 0.796733
-0.050225 0.867140
-0.042865 0.888299
-0.036040 0.858270
-0.029881 0.785316
-0.024451 0.683481
-0.019762 0.567727
-0.015787 0.450633
-0.012472 0.341005
-0.009750 0.243900
-0.007546 0.161401
-0.005785 0.093589
-0.004395 0.039408
-0.003310 -0.002697
-0.002095 -0.034397
0.004887 -0.057278
0.030680 -0.072769
0.086935 -0.082138
0.176292 -0.086516
0.286934 -0.086918
0.394236 -0.084258
0.473912 -0.079357
0.512530 -0.072936
0.509391 -0.065617
0.472652 -0.057911
0.414248 -0.050225
0.345682 -0.042865
0.275925 -0.036040
0.210829 -0.029881
0.153479 -0.024451
0.104951 -0.019762
0.065079 -0.015787
0.033072 -0.012472
0.007922 -0.009750
-0.011363 -0.007546
-0.025671 -0.005407
-0.035769 0.002324
-0.042320 0.028676
-0.045915 0.085376
-0.047097 0.175082
-0.046369 0.286037
-0.044196 0.393575
-0.041002 0.473429
-0.037160 0.512180
-0.032988 0.509138
-0.028740 0.472513
-0.024614 0.414189
-0.020750 0.345682
-0.017238 0.275925
-0.014124 0.210829
-0.011425 0.153479
-0.009131 0.104951
-0.007214 0.065079
-0.005638 0.033072
-0.004362 0.007922
-0.003341 -0.011363
-0.002536 -0.025671
-0.001530 -0.035769
0.005296 -0.042320
0.030932 -0.045915
0.087075 -0.047097
0.176350 -0.046369
0.286934 -0.044196
0.394236 -0.041002
0.473912 -0.037160
0.512530 -0.032988
0.509391 -0.028740
0.472652 -0.024614
0.414248 -0.020750
0.345682 -0.017238
0.275925 -0.014124
0.210829 -0.011425
0.153479 -0.009131
0.104951 -0.007214
0.065079 -0.005638
0.033072 -0.004362
0.007922 -0.002964
-0.011363 0.004183
-0.025671 0.030078
-0.035769 0.086425
-0.042320 0.175861
-0.045915 0.286569
-0.047097 0.393924
-0.046369 0.473643
-0.044196 0.512336
-0.041002 0.509251
-0.037160 0.472594
-0.032988 0.414248
-0.028740 0.345682
-0.024614 0.275925
-0.020750 0.210829
-0.017238 0.153479
-0.014124 0.104951
-0.011425 0.065079
-0.009131 0.033072
-0.006836 0.007922
0.001081 -0.011363
0.027625 -0.025671
0.084507 -0.035769
0.174756 -0.042320
0.292154 -0.045915
0.425050 -0.047097
0.560469 -0.046369
0.682387 -0.044196
0.770902 -0.041002
0.810869 -0.037160
0.798603 -0.032988
0.741361 -0.028740
0.652846 -0.024614
0.548055 -0.020750
0.439746 -0.017238
0.337061 -0.014124
0.245331 -0.011425
0.166879 -0.009131
0.101987 -0.007214
0.049773 -0.005638
0.008832 -0.004362
-0.022369 -0.003341
-0.045284 -0.002536
-0.060844 -0.001908
-0.064618 -0.001424
-0.044674 -0.001054
0.009731 -0.000774
0.100739 -0.000564
0.221333 -0.000409
0.359146 -0.000253
0.500957 -0.000139
0.635433 -0.000058
0.749623 0.000000
0.826770 0.000000
0.854234 0.000000
0.829935 0.000000
0.762062 0.000000
0.664637 0.000000
0.552638 0.000000
0.438687 0.000000
0.331648 0.000000
0.236645 0.000000
0.155830 0.000000
0.089350 0.000000
0.036211 0.000000
-0.005088 0.000000
-0.035794 0.000000
-0.051865 0.000000
-0.041696 0.000000
0.005088 0.000000
0.090368 0.000000
0.206514 0.000000
0.335357 0.000000
0.450499 0.000000
0.529096 0.000000
0.560544 0.000000
0.547153 0.000000
0.499448 0.000000
0.430798 0.000000
0.353458 0.000000
0.276621 0.000000
0.206049 0.000000
0.144604 0.000000
0.093109 0.000000
0.051177 0.000000
0.017844 0.000000
-0.008022 0.000378
-0.027512 0.006719
-0.041595 0.031986
-0.051107 0.087849
-0.056786 0.176914
-0.059294 0.287343
-0.059204 0.394488
-0.057138 0.474051
-0.053618 0.512588
-0.049116 0.509391
-0.044040 0.472652
-0.038735 0.414248
-0.033472 0.345682
-0.028455 0.275925
-0.023865 0.210829
-0.019732 0.153479
-0.016099 0.104951
-0.012971 0.065079
-0.010328 0.033072
-0.008133 0.007922
-0.006336 -0.011363
-0.004888 -0.025671
-0.003734 -0.035769
-0.002827 -0.042320
-0.002122 -0.045538
-0.001580 -0.040378
-0.001167 -0.014383
-0.000855 0.043652
-0.000622 0.135912
-0.000409 0.250182
-0.000253 0.361500
-0.000139 0.445311
-0.000058 0.487974
0.000000 0.488640
0.000000 0.455414
0.000000 0.400123
0.000000 0.334256
0.000000 0.266795
0.000000 0.203615
0.000000 0.147841
0.000000 0.100590
0.000000 0.061738
0.000000 0.030536
0.000378 0.006014
0.006719 -0.012786
0.031986 -0.026725
0.087849 -0.036543
0.177292 -0.042884
0.294062 -0.046324
0.426474 -0.047350
0.561522 -0.046509
0.683161 -0.044254
0.771467 -0.041002
0.811278 -0.037160
0.798855 -0.032988
0.741500 -0.028740
0.652904 -0.024614
0.548055 -0.020750
0.439746 -0.017238
0.337061 -0.014124
0.245331 -0.011425
0.166879 -0.009131
0.101987 -0.007214
0.049773 -0.005638
0.008832 -0.004362
-0.022369 -0.002964
-0.045284 0.004183
-0.061222 0.030078
-0.071338 0.086425
-0.076660 0.176238
-0.078118 0.293288
-0.076553 0.425910
-0.072729 0.561114
-0.067328 0.682909
-0.060943 0.771327
-0.054070 0.811220
-0.047111 0.798855
-0.040370 0.741500
-0.034065 0.652904
-0.028335 0.548055
-0.023253 0.439746
-0.018843 0.337061
-0.015088 0.245331
-0.011946 0.166879
-0.009357 0.101987
-0.007255 0.049773
-0.005571 0.008832
-0.004239 -0.022369
-0.003197 -0.045284
-0.002391 -0.061222
-0.001774 -0.070960
-0.001306 -0.069941
-0.000913 -0.046132
-0.000622 0.011296
-0.000409 0.104185
-0.000253 0.220014
-0.000139 0.333545
-0.000058 0.419981
0.000000 0.465478
0.000000 0.469021
0.000000 0.438587
0.000000 0.385913
0.000000 0.322428
0.000000 0.257082
0.000000 0.195740
0.000000 0.141533
0.000000 0.095594
0.000000 0.057824
0.000000 0.027500
0.000000 0.004061
0.000000 -0.007840
0.000000 0.003924
0.000000 0.050306
0.000000 0.133666
0.000000 0.247234
0.000000 0.378754
0.000000 0.515122
0.000000 0.645432
0.000000 0.761933
0.000000 0.855188
0.000000 0.911174
0.000000 0.918974
0.000000 0.877472
0.000000 0.795142
0.000000 0.685915
0.000000 0.564489
0.000000 0.443152
0.000000 0.330443
0.000000 0.231209
0.000000 0.147365
0.000000 0.078863
0.000000 0.024538
0.000000 -0.017262
0.000000 -0.047921
0.000000 -0.063529
0.000000 -0.052637
0.000000 -0.004919
0.000000 0.081034
0.000000 0.192312
0.000000 0.303350
0.000000 0.388947
0.000000 0.434920
0.000000 0.439933
0.000000 0.411627
0.000000 0.361528
0.000000 0.300842
0.000000 0.238339
0.000000 0.179750
0.000000 0.128109
0.000000 0.084491
0.000000 0.048767
0.000000 0.020207
0.000000 -0.001741
0.000000 -0.012403
0.000000 0.000374
0.000000 0.047572
0.000000 0.131581
0.000000 0.245616
0.000000 0.377544
0.000000 0.514225
0.000000 0.644771
0.000000 0.761450
0.000000 0.854838
0.000000 0.910921
0.000000 0.918834
0.000000 0.877413
0.000000 0.795142
0.000000 0.685915
0.000000 0.564489
0.000000 0.443152
0.000000 0.330443
0.000000 0.231209
0.000000 0.147365
0.000000 0.078863
0.000000 0.024538
0.000000 -0.017262
0.000000 -0.047921
0.000000 -0.063529
0.000000 -0.052637
0.000000 -0.004919
0.000000 0.081412
0.000000 0.199031
0.000000 0.335336
0.000000 0.476796
0.000000 0.612212
0.000000 0.733995
0.000000 0.837723
0.000000 0.916708
0.000000 0.958737
0.000000 0.953944
0.000000 0.901584
0.000000 0.810194
0.000000 0.693579
0.000000 0.566245
0.000000 0.440281
0.000000 0.324055
0.000000 0.222265
0.000000 0.136698
0.000000 0.067187
0.000000 0.012460
0.000000 -0.029250
0.000378 -0.059770
0.006719 -0.080931
0.031986 -0.094338
0.087849 -0.101416
0.176914 -0.103429
0.287343 -0.101503
0.394488 -0.096633
0.474051 -0.089697
0.512588 -0.081451
0.509391 -0.072572
0.472652 -0.063520
0.414248 -0.054695
0.345682 -0.046386
0.275925 -0.038784
0.210829 -0.031998
0.153479 -0.026069
0.104951 -0.020987
0.065079 -0.016706
0.033072 -0.013156
0.008300 -0.010255
-0.004643 -0.007916
0.006315 -0.006054
0.052080 -0.004589
0.134595 -0.003450
0.241427 -0.002531
0.347391 -0.001832
0.427682 -0.001306
0.468392 -0.000913
0.468388 -0.000622
0.435492 -0.000409
0.381260 -0.000253
0.316941 -0.000139
0.251311 -0.000058
0.190078 0.000000
0.136241 0.000000
0.090827 0.000000
0.053654 0.000000
0.023941 0.000000
0.001086 0.000000
-0.010281 0.000000
0.001953 0.000000
0.048738 0.000000
0.132436 0.000000
0.246239 0.000000
0.377953 0.000000
0.514099 0.000000
0.638191 0.000000
0.729900 0.000000
0.773709 0.000000
0.765615 0.000000
0.712620 0.000000
0.628231 0.000000
0.527305 0.000000
0.422508 0.000000
0.322937 0.000000
0.233906 0.000000
0.157748 0.000000
0.094773 0.000000
0.044135 0.000000
0.004470 0.000000
-0.025332 0.000000
-0.041101 0.000000
-0.031144 0.000000
0.015087 0.000000
0.099200 0.000000
0.208451 0.000000
0.317371 0.000000
0.400914 0.000000
0.445007 0.000000
0.448308 0.000000
0.418524 0.000000
0.367137 0.000000
0.305312 0.000000
0.241861 0.000000
0.182494 0.000000
0.130226 0.000000
0.086108 0.000000
0.049991 0.000000
0.021126 0.000000
-0.001057 0.000000
-0.011898 0.000000
0.000744 0.000000
0.047841 0.000000
0.131775 0.000000
0.245756 0.000000
0.377603 0.000000
0.514225 0.000000
0.644771 0.000000
0.761450 0.000000
0.854838 0.000000
0.910921 0.000000
0.918834 0.000000
0.877413 0.000000
0.795142 0.000000
0.685915 0.000000
0.564489 0.000000
0.443152 0.000000
0.330443 0.000000
0.231209 0.000000
0.147365 0.000000
0.078863 0.000000
0.024538 0.000000
-0.017262 0.000000
-0.047921 0.000000
-0.063529 0.000000
-0.052637 0.000000
-0.004919 0.000000
0.081412 0.000000
0.198653 0.000000
0.328617 0.000000
0.444810 0.000000
0.524363 0.000000
0.556703 0.000000
0.544038 0.000000
0.496953 0.000000
0.428823 0.000000
0.351912 0.000000
0.275423 0.000000
0.205130 0.000000
0.143905 0.000000
0.092583 0.000000
0.050784 0.000000
0.017553 0.000000
-0.008236 0.000000
-0.027669 0.000000
-0.041708 0.000000
-0.051189 0.000000
-0.056844 0.000000
-0.059294 0.000000
-0.059204 0.000000
-0.057138 0.000000
-0.053618 0.000000
-0.049116 0.000000
-0.044040 0.000000
-0.038735 0.000000
-0.033472 0.000000
-0.028455 0.000000
-0.023865 0.000000
-0.019732 0.000000
-0.016099 0.000000
-0.012971 0.000000
-0.010328 0.000000
-0.008133 0.000000
-0.006336 0.000000
-0.004888 0.000000
-0.003734 0.000000
-0.002827 0.000000
-0.002122 0.000000
-0.001580 0.000000
-0.001167 0.000000
-0.000855 0.000000
-0.000622 0.000000
-0.000409 0.000000
-0.000253 0.000000
-0.000139 0.000000
-0.000058 0.000000
0.000000 0.000000
0.000000 0.000000
0.000000 0.000000
0.000000 0.000000
0.000000 0.000000
0.000000 0.000000
0.000000 0.000000
0.000000 0.000000
0.000000 0.000000
0.000000 0.000000
0.000000 0.000000
0.000000 0.000000
0.000000 0.000000
0.000000 0.000000
0.000000 0.000000
0.000000 0.000000
0.000000 0.000000
0.000000 0.000000
0.000000 0.000000
0.000000 0.000000
0.000000 0.000000
0.000000 0.000000
0.000000 0.000000
0.000000 0.000000
0.000000 0.000000
0.000000 0.000000
0.000000 0.000000
0.000000 0.000000
0.000000 0.000000
0.000000 0.000000
0.000000 0.000000
0.000000 0.000000
0.000000 0.000000
0.000000 0.000000
0.000000 0.000000
0.000000 0.000000
0.000000 0.000000
0.000000 0.000000
0.000000 0.000000
0.000000 0.000000
0.000000 0.000000
0.000000 0.000000
0.000000 0.000000
0.000000 0.000000
0.000000 0.000000
0.000000 0.000000
0.000000 0.000000
0.000000 0.000000
0.000000 0.000000
0.000000 0.000000
0.000000 0.000000
0.000000 0.000000
0.000000 0.000000
0.000000 0.000000
0.000000 0.000000
0.000000 0.000000
0.000000 0.000000
0.000000 0.000000
0.000000 0.000000
0.000000 0.000000
0.000000 0.000000
0.000000 0.000000
0.000000 0.000000
0.000000 0.000000
0.000000 0.000000
0.000000 0.000000
0.000000 0.000000
0.000000 0.000000
0.000000 0.000000
0.000000 0.000000
0.000000 0.000000
0.000000 0.000000
