0.000000 0.000000
0.000000 0.000000
0.000000 0.000000
0.000000 0.000000
0.000000 0.000000
0.000000 0.000000
0.000000 0.000000
0.000000 0.000000
0.000000 0.000000
0.000000 0.000000
0.000000 0.000000
0.000000 0.000000
0.000000 0.000000
0.000000 0.000000
0.000000 0.000000
0.000000 0.000378
0.000000 0.006719
0.000000 0.031986
0.000000 0.087849
0.000000 0.176914
0.000000 0.287343
0.000000 0.394488
0.000000 0.474051
0.000000 0.512588
0.000000 0.509391
0.000000 0.472652
0.000000 0.414248
0.000000 0.345682
0.000000 0.275925
0.000000 0.210829
0.000000 0.153479
0.000000 0.104951
0.000000 0.065079
0.000000 0.033072
0.000000 0.008300
0.000000 -0.004643
0.000000 0.006315
0.000000 0.052080
0.000000 0.134595
0.000000 0.241427
0.000000 0.347391
0.000000 0.427682
0.000000 0.468392
0.000000 0.468388
0.000000 0.435492
0.000000 0.381260
0.000000 0.316941
0.000000 0.251311
0.000000 0.190078
0.000000 0.136241
0.000000 0.090827
0.000000 0.053654
0.000000 0.023941
0.000000 0.001086
0.000000 -0.010281
0.000000 0.001953
0.000000 0.048738
0.000000 0.132436
0.000000 0.245861
0.000000 0.371234
0.000000 0.482491
0.000000 0.557062
0.000000 0.584594
0.000000 0.567495
0.000000 0.516433
0.000000 0.444783
0.000000 0.364825
0.000000 0.285752
0.000000 0.213263
0.000000 0.150242
0.000000 0.097470
0.000000 0.054518
0.000000 0.020380
0.000000 -0.005736
0.000000 -0.019369
0.000000 -0.008555
0.000000 0.037515
0.000000 0.121071
0.000000 0.235176
0.000000 0.367523
0.000000 0.504901
0.000000 0.636320
0.000000 0.753959
0.000000 0.848366
0.000000 0.905426
0.000000 0.914241
0.000000 0.873631
0.000000 0.792028
0.000000 0.683420
0.000000 0.562514
0.000000 0.441606
0.000000 0.329245
0.000000 0.230290
0.000000 0.146667
0.000000 0.078337
0.000000 0.024145
0.000000 -0.017553
0.000000 -0.048513
0.000000 -0.070404
0.000000 -0.084736
0.000000 -0.092849
0.000378 -0.095938
0.006719 -0.095031
0.031986 -0.091138
0.087849 -0.085104
0.177292 -0.077669
0.294062 -0.069458
0.426474 -0.061026
0.561900 -0.052720
0.689881 -0.044839
0.803075 -0.037586
0.892407 -0.031079
0.944162 -0.025370
0.947714 -0.020461
0.902086 -0.016313
0.815893 -0.012865
0.703152 -0.010041
0.578614 -0.007760
0.454577 -0.005941
0.339574 -0.004508
0.238423 -0.003391
0.153003 -0.002531
0.083224 -0.001832
0.027880 -0.001306
-0.014725 -0.000913
-0.046391 -0.000622
-0.068825 -0.000409
-0.083191 -0.000253
-0.085274 -0.000139
-0.063330 -0.000058
-0.006774 0.000000
0.086029 0.000000
0.202378 0.000000
0.316878 0.000000
0.404594 0.000000
0.451563 0.000000
0.456671 0.000000
0.427813 0.000000
0.376662 0.000000
0.314603 0.000000
0.250555 0.000000
0.190368 0.000000
0.137166 0.000000
0.092087 0.000000
0.055038 0.000000
0.025312 0.000000
0.002359 0.000000
-0.009151 0.000000
0.002923 0.000000
0.049549 0.000000
0.132763 0.000000
0.240121 0.000000
0.346477 0.000000
0.427060 0.000000
0.467984 0.000000
0.468136 0.000000
0.435352 0.000000
0.381202 0.000000
0.316941 0.000000
0.251311 0.000000
0.190078 0.000000
0.136241 0.000000
0.090827 0.000000
0.053654 0.000000
0.023941 0.000000
0.001086 0.000000
-0.010281 0.000000
0.001953 0.000000
0.048738 0.000000
0.132436 0.000000
0.245861 0.000000
0.371234 0.000000
0.482491 0.000000
0.557062 0.000000
0.584594 0.000000
0.567495 0.000000
0.516433 0.000000
0.444783 0.000000
0.364825 0.000000
0.285752 0.000000
0.213263 0.000000
0.150242 0.000000
0.097470 0.000000
0.054518 0.000000
0.020380 0.000000
-0.006114 0.000378
-0.026089 0.006719
-0.040541 0.031986
-0.050333 0.087849
-0.056222 0.176914
-0.058886 0.287343
-0.058951 0.394488
-0.056999 0.474051
-0.053560 0.512588
-0.049116 0.509391
-0.044040 0.472652
-0.038735 0.414248
-0.033472 0.345682
-0.028455 0.275925
-0.023865 0.210829
-0.019732 0.153479
-0.016099 0.104951
-0.012971 0.065079
-0.010328 0.033072
-0.008133 0.007922
-0.006336 -0.011363
-0.004888 -0.025671
-0.003734 -0.035769
-0.002827 -0.042320
-0.002122 -0.045538
-0.001580 -0.040378
-0.001167 -0.014383
-0.000855 0.043652
-0.000622 0.136290
-0.000409 0.256902
-0.000253 0.393487
-0.000139 0.532782
-0.000058 0.658547
0.000000 0.750716
0.000000 0.794040
0.000000 0.784731
0.000000 0.730075
0.000000 0.643773
0.000000 0.540841
0.000000 0.434108
0.000000 0.332699
0.000000 0.241990
0.000000 0.164343
0.000000 0.100079
0.000000 0.048349
0.000000 0.007778
0.000000 -0.022765
0.000000 -0.039129
0.000000 -0.029644
0.000000 0.016258
0.000000 0.100492
0.000000 0.215886
0.000000 0.349921
0.000000 0.489171
0.000000 0.622552
0.000000 0.742510
0.000000 0.844679
0.000000 0.922318
0.000000 0.963206
0.000000 0.957465
0.000000 0.904328
0.000000 0.812311
0.000000 0.695196
0.000000 0.567469
0.000000 0.441200
0.000000 0.324739
0.000000 0.222770
0.000000 0.137067
0.000000 0.067457
0.000000 0.012654
0.000000 -0.029110
0.000000 -0.059712
0.000000 -0.080554
0.000000 -0.087618
0.000000 -0.069429
0.000000 -0.015581
0.000000 0.075790
0.000000 0.197052
0.000000 0.330058
0.000000 0.448463
0.000000 0.529460
0.000000 0.562640
0.000000 0.550369
0.000000 0.503288
0.000000 0.434878
0.000000 0.357500
0.000000 0.280433
0.000000 0.209514
0.000000 0.147660
0.000000 0.095740
0.000000 0.053394
0.000000 0.019678
0.000378 -0.006530
0.006719 -0.026317
0.031986 -0.040649
0.087849 -0.050328
0.177292 -0.056146
0.294062 -0.058768
0.426474 -0.058811
0.561900 -0.056847
0.689881 -0.053405
0.803075 -0.048960
0.892407 -0.043927
0.944162 -0.038654
0.947714 -0.033414
0.902086 -0.028455
0.815893 -0.023865
0.703152 -0.019732
0.578614 -0.016099
0.454577 -0.012971
0.339574 -0.010328
0.238423 -0.008133
0.153003 -0.006336
0.083224 -0.004888
0.027880 -0.003734
-0.014725 -0.002827
-0.046391 -0.002122
-0.068447 -0.001580
-0.076849 -0.001167
-0.060007 -0.000855
-0.007467 -0.000622
0.082670 -0.000409
0.203177 -0.000253
0.341509 -0.000139
0.484289 -0.000058
0.620423 0.000000
0.742427 0.000000
0.846029 0.000000
0.924589 0.000000
0.965990 0.000000
0.960451 0.000000
0.907292 0.000000
0.815104 0.000000
0.697727 0.000000
0.569693 0.000000
0.443105 0.000000
0.326336 0.000000
0.224084 0.000000
0.138131 0.000000
0.068304 0.000000
0.013321 0.000000
-0.028551 0.000000
-0.058866 0.000000
-0.073819 0.000000
-0.062061 0.000000
-0.013353 0.000000
0.074019 0.000000
0.192673 0.000000
0.329923 0.000000
0.472261 0.000000
0.608429 0.000000
0.730880 0.000000
0.835228 0.000000
0.914733 0.000000
0.957191 0.000000
0.952746 0.000000
0.900665 0.000000
0.809496 0.000000
0.693053 0.000000
0.565852 0.000000
0.439990 0.000000
0.323841 0.000000
0.222109 0.000000
0.136585 0.000000
0.067106 0.000000
0.012402 0.000000
-0.029250 0.000000
-0.059770 0.000378
-0.080931 0.006719
-0.094338 0.031986
-0.101416 0.087849
-0.103429 0.177292
-0.101503 0.294062
-0.096633 0.426474
-0.089697 0.561522
-0.081451 0.683161
-0.072572 0.771467
-0.063520 0.811278
-0.054695 0.798855
-0.046386 0.741500
-0.038784 0.652904
-0.031998 0.548055
-0.026069 0.439746
-0.020987 0.337061
-0.016706 0.245331
-0.013156 0.166879
-0.010255 0.101987
-0.007916 0.049773
-0.006054 0.008832
-0.004589 -0.022369
-0.003450 -0.044906
-0.002531 -0.054502
-0.001832 -0.039352
-0.001306 0.011188
-0.000913 0.099174
-0.000622 0.217509
-0.000409 0.353745
-0.000253 0.494572
-0.000139 0.628560
-0.000058 0.742663
0.000000 0.820030
0.000000 0.847929
0.000000 0.824205
0.000000 0.756981
0.000000 0.660227
0.000000 0.548883
0.000000 0.435545
0.000000 0.329059
0.000000 0.234543
0.000000 0.154146
0.000000 0.088017
0.000000 0.035169
0.000000 -0.005894
0.000000 -0.036411
0.000000 -0.052333
0.000000 -0.042089
0.000000 0.004797
0.000000 0.090154
0.000000 0.206358
0.000000 0.335244
0.000000 0.450418
0.000000 0.529037
0.000000 0.560544
0.000000 0.547153
0.000000 0.499448
0.000000 0.430798
0.000000 0.353458
0.000000 0.276621
0.000000 0.206049
0.000000 0.144604
0.000000 0.093109
0.000000 0.051177
0.000000 0.017844
0.000000 -0.007644
0.000000 -0.020793
0.000000 -0.009609
0.000000 0.036741
0.000000 0.120506
0.000000 0.234390
0.000000 0.360551
0.000000 0.472776
0.000000 0.548414
0.000000 0.577045
0.000000 0.561024
0.000000 0.510938
0.000000 0.440190
0.000000 0.361042
0.000000 0.282637
0.000000 0.210768
0.000000 0.148267
0.000000 0.095924
0.000000 0.053320
0.000000 0.019462
0.000000 -0.006434
0.000000 -0.019895
0.000000 -0.008948
0.000000 0.037224
0.000000 0.120857
0.000000 0.234643
0.000000 0.360690
0.000000 0.472834
0.000000 0.548414
0.000000 0.577045
0.000000 0.561024
0.000000 0.510938
0.000000 0.440190
0.000000 0.361042
0.000000 0.282637
0.000000 0.210768
0.000000 0.148267
0.000000 0.095924
0.000000 0.053320
0.000000 0.019462
0.000000 -0.006812
0.000000 -0.026615
0.000000 -0.040934
0.000000 -0.050624
0.000000 -0.056435
0.000000 -0.058664
0.000000 -0.052345
0.000000 -0.025094
0.000000 0.034230
0.000000 0.127799
0.000000 0.243302
0.000000 0.355753
0.000000 0.440579
0.000000 0.484133
0.000000 0.485525
0.000000 0.452920
0.000000 0.398148
0.000000 0.332710
0.000000 0.265597
0.000000 0.202696
0.000000 0.147143
0.000000 0.100064
0.000000 0.061345
0.000000 0.030245
0.000000 0.006178
0.000000 -0.006223
0.000000 0.005148
0.000000 0.051224
0.000000 0.133972
0.000000 0.241019
0.000000 0.347138
0.000000 0.427543
0.000000 0.468334
0.000000 0.468388
0.000000 0.435492
0.000000 0.381260
0.000000 0.316941
0.000000 0.251311
0.000000 0.190078
0.000000 0.136241
0.000000 0.090827
0.000000 0.053654
0.000000 0.023941
0.000000 0.000709
0.000000 -0.017001
0.000000 -0.030033
0.000000 -0.039110
0.000000 -0.044856
0.000378 -0.047824
0.006719 -0.048521
0.031986 -0.047423
0.087849 -0.044970
0.176914 -0.041567
0.287343 -0.037569
0.394488 -0.033240
0.474051 -0.028880
0.512588 -0.024673
0.509391 -0.020750
0.472652 -0.017238
0.414248 -0.014124
0.345682 -0.011425
0.275925 -0.009131
0.210829 -0.007214
0.153479 -0.005638
0.104951 -0.004362
0.065079 -0.003341
0.033072 -0.002536
0.008300 -0.001908
-0.004643 -0.001424
0.006315 -0.001054
0.052080 -0.000774
0.134973 -0.000564
0.248147 -0.000409
0.379377 -0.000253
0.515153 -0.000139
0.638965 -0.000058
0.730464 0.000000
0.774117 0.000000
0.765868 0.000000
0.712760 0.000000
0.628290 0.000000
0.527305 0.000000
0.422508 0.000000
0.322937 0.000000
0.233906 0.000000
0.157748 0.000000
0.094773 0.000000
0.044135 0.000000
0.004470 0.000000
-0.025332 0.000000
-0.041101 0.000000
-0.031144 0.000000
0.015087 0.000000
0.099578 0.000000
0.215170 0.000000
0.348979 0.000000
0.482043 0.000000
0.590314 0.000000
0.654522 0.000000
0.667706 0.000000
0.634975 0.000000
0.568718 0.000000
0.483413 0.000000
0.391740 0.000000
0.302920 0.000000
0.222544 0.000000
0.153222 0.000000
0.095518 0.000000
0.048814 0.000000
0.011941 0.000000
-0.016412 0.000378
-0.037495 0.006719
-0.052425 0.031986
-0.062182 0.087849
-0.067634 0.177292
-0.069569 0.294062
-0.068667 0.426474
-0.065647 0.561900
-0.061110 0.689503
-0.055587 0.796733
-0.049535 0.867140
-0.043328 0.888299
-0.037255 0.858270
-0.031570 0.785316
-0.026360 0.683481
-0.021707 0.567727
-0.017645 0.450633
-0.014169 0.341005
-0.011247 0.243900
-0.008831 0.161401
-0.006862 0.093589
-0.005280 0.039408
-0.004025 -0.002697
-0.002663 -0.034397
0.004441 -0.057278
0.030293 -0.072769
0.086600 -0.082138
0.176379 -0.086516
0.293440 -0.086918
0.426066 -0.084258
0.561647 -0.079357
0.689741 -0.072936
0.803395 -0.065617
0.898749 -0.057911
0.969428 -0.050225
1.003576 -0.042865
0.991530 -0.036040
0.932663 -0.029881
0.835564 -0.024451
0.714039 -0.019762
0.582558 -0.015787
0.453146 -0.012472
0.334096 -0.009750
0.230025 -0.007546
0.142639 -0.005785
0.071696 -0.004395
0.015851 -0.003310
-0.026719 -0.002472
-0.057560 -0.001832
-0.072906 -0.001306
-0.061438 -0.000913
-0.012945 -0.000622
0.073894 -0.000409
0.186093 -0.000253
0.297995 -0.000139
0.384413 -0.000058
0.431137 0.000000
0.436818 0.000000
0.409132 0.000000
0.359553 0.000000
0.299296 0.000000
0.237142 0.000000
0.178831 0.000000
0.127410 0.000000
0.083965 0.000000
0.048374 0.000000
0.019916 0.000000
-0.002332 0.000000
-0.019279 0.000000
-0.031725 0.000000
-0.040358 0.000378
-0.045769 0.006719
-0.048446 0.031986
-0.048930 0.087849
-0.047675 0.177292
-0.045110 0.293684
-0.041625 0.419755
-0.037569 0.529914
-0.033240 0.602032
-0.028880 0.626161
-0.024673 0.605064
-0.020750 0.549673
-0.017238 0.473662
-0.014124 0.389498
-0.011425 0.306502
-0.009131 0.230500
-0.007214 0.164366
-0.005638 0.108895
-0.004362 0.063648
-0.003341 0.027594
-0.002536 -0.000476
-0.001908 -0.021727
-0.001424 -0.037200
-0.001054 -0.047797
-0.000774 -0.053936
-0.000564 -0.050743
-0.000409 -0.025912
-0.000253 0.031624
-0.000139 0.123918
-0.000058 0.238635
0.000000 0.350700
0.000000 0.435456
0.000000 0.479174
0.000000 0.480935
0.000000 0.448787
0.000000 0.394515
0.000000 0.329582
0.000000 0.262954
0.000000 0.200500
0.000000 0.145346
0.000000 0.098615
0.000000 0.060192
0.000000 0.029338
0.000378 0.005095
0.006719 -0.013485
0.031986 -0.027251
0.087849 -0.036936
0.177292 -0.043175
0.294062 -0.046538
0.426474 -0.047506
0.561900 -0.046622
0.689881 -0.044336
0.803075 -0.041060
0.892407 -0.037160
0.944162 -0.032988
0.947714 -0.028740
0.902086 -0.024614
0.815893 -0.020750
0.703152 -0.017238
0.578614 -0.014124
0.454577 -0.011425
0.339574 -0.009131
0.238423 -0.007214
0.153003 -0.005638
0.083224 -0.004362
0.027880 -0.003341
-0.014725 -0.002536
-0.046391 -0.001908
-0.068825 -0.001424
-0.083569 -0.001054
-0.091616 -0.000774
-0.088596 -0.000564
-0.062637 -0.000409
-0.003037 -0.000253
0.092327 -0.000139
0.216452 -0.000058
0.357017 0.000000
0.500874 0.000000
0.636783 0.000000
0.751894 0.000000
0.829554 0.000000
0.857220 0.000000
0.832900 0.000000
0.764855 0.000000
0.667168 0.000000
0.554862 0.000000
0.440592 0.000000
0.333245 0.000000
0.237959 0.000000
0.156893 0.000000
0.090197 0.000000
0.036878 0.000000
-0.004529 0.000000
-0.035326 0.000000
-0.051472 0.000000
-0.041405 0.000000
0.005302 0.000000
0.090524 0.000000
0.207005 0.000000
0.342158 0.000000
0.482165 0.000000
0.610225 0.000000
0.705850 0.000000
0.753367 0.000000
0.748630 0.000000
0.698635 0.000000
0.616864 0.000000
0.518174 0.000000
0.415295 0.000000
0.317299 0.000000
0.229545 0.000000
0.154407 0.000000
0.092237 0.000000
0.042227 0.000000
0.003046 0.000000
-0.026386 0.000000
-0.041875 0.000000
-0.031708 0.000000
0.014679 0.000000
0.098948 0.000000
0.208311 0.000000
0.317313 0.000000
0.400914 0.000000
0.445007 0.000000
0.448308 0.000000
0.418524 0.000000
0.367137 0.000000
0.305312 0.000000
0.241861 0.000000
0.182494 0.000000
0.130226 0.000000
0.086108 0.000000
0.049991 0.000000
0.021126 0.000000
-0.001057 0.000000
-0.011898 0.000000
0.000744 0.000000
0.047841 0.000000
0.131398 0.000000
0.239036 0.000000
0.345617 0.000000
0.426376 0.000000
0.467479 0.000000
0.467766 0.000000
0.435083 0.000000
0.381007 0.000000
0.316802 0.000000
0.251253 0.000000
0.190078 0.000000
0.136241 0.000000
0.090827 0.000000
0.053654 0.000000
0.023941 0.000000
0.001086 0.000000
-0.010281 0.000000
0.001953 0.000000
0.048738 0.000000
0.132436 0.000000
0.246239 0.000000
0.377575 0.000000
0.507758 0.000000
0.612924 0.000000
0.674038 0.000000
0.684265 0.000000
0.648845 0.000000
0.580208 0.000000
0.492806 0.000000
0.399324 0.000000
0.308936 0.000000
0.227263 0.000000
0.156885 0.000000
0.098334 0.000000
0.050957 0.000000
0.013558 0.000000
-0.015202 0.000000
-0.036597 0.000000
-0.051764 0.000000
-0.061699 0.000000
-0.067284 0.000000
-0.069316 0.000000
-0.068527 0.000000
-0.065589 0.000000
-0.061110 0.000000
-0.055587 0.000000
-0.049535 0.000000
-0.043328 0.000000
-0.037255 0.000000
-0.031570 0.000000
-0.026360 0.000000
-0.021707 0.000000
-0.017645 0.000000
-0.014169 0.000000
-0.011247 0.000000
-0.008831 0.000000
-0.006862 0.000000
-0.005280 0.000000
-0.004025 0.000000
-0.003041 0.000000
-0.002278 0.000000
-0.001693 0.000000
-0.001248 0.000000
-0.000913 0.000000
-0.000622 0.000000
-0.000409 0.000000
-0.000253 0.000000
-0.000139 0.000000
-0.000058 0.000000
0.000000 0.000000
0.000000 0.000000
0.000000 0.000000
0.000000 0.000000
0.000000 0.000000
0.000000 0.000000
0.000000 0.000000
0.000000 0.000000
0.000000 0.000000
0.000000 0.000000
0.000000 0.000000
0.000000 0.000000
0.000000 0.000000
0.000000 0.000000
0.000000 0.000000
0.000000 0.000000
0.000000 0.000000
0.000000 0.000000
0.000000 0.000000
0.000000 0.000000
0.000000 0.000000
0.000000 0.000000
0.000000 0.000000
0.000000 0.000000
0.000000 0.000000
0.000000 0.000000
0.000000 0.000000
0.000000 0.000000
0.000000 0.000000
0.000000 0.000000
0.000000 0.000000
0.000000 0.000000
0.000000 0.000000
0.000000 0.000000
0.000000 0.000000
0.000000 0.000000
0.000000 0.000000
0.000000 0.000000
0.000000 0.000000
0.000000 0.000000
0.000000 0.000000
0.000000 0.000000
0.000000 0.000000
0.000000 0.000000
0.000000 0.000000
0.000000 0.000000
0.000000 0.000000
0.000000 0.000000
0.000000 0.000000
0.000000 0.000000
0.000000 0.000000
0.000000 0.000000
0.000000 0.000000
0.000000 0.000000
0.000000 0.000000
