0.000000 0.000000
0.000000 0.000000
0.000000 0.000000
0.000000 0.000000
0.000000 0.000000
0.000000 0.000000
0.000000 0.000000
0.000000 0.000000
0.000000 0.000000
0.000000 0.000000
0.000000 0.000000
0.000000 0.000000
0.000000 0.000000
0.000000 0.000000
0.000000 0.000000
0.000000 0.000378
0.000000 0.006719
0.000000 0.031986
0.000000 0.087849
0.000000 0.177292
0.000000 0.293684
0.000000 0.419755
0.000000 0.529914
0.000000 0.602032
0.000000 0.626161
0.000000 0.605064
0.000000 0.549673
0.000000 0.473662
0.000000 0.389498
0.000000 0.306502
0.000000 0.230500
0.000000 0.164366
0.000000 0.108895
0.000000 0.063648
0.000000 0.027594
0.000378 -0.000476
0.006719 -0.021727
0.031986 -0.037200
0.087849 -0.047797
0.176914 -0.054313
0.287343 -0.057462
0.394488 -0.057898
0.474051 -0.056225
0.512588 -0.052996
0.509391 -0.048707
0.472652 -0.043788
0.414248 -0.038596
0.345682 -0.033414
0.275925 -0.028455
0.210829 -0.023865
0.153479 -0.019732
0.104951 -0.016099
0.065079 -0.012971
0.033072 -0.010328
0.008300 -0.008133
-0.004643 -0.006336
0.006315 -0.004888
0.052080 -0.003734
0.134973 -0.002827
0.247769 -0.002122
0.372657 -0.001580
0.483545 -0.001167
0.557836 -0.000855
0.585158 -0.000622
0.567904 -0.000409
0.516686 -0.000253
0.444922 -0.000139
0.364883 -0.000058
0.285752 0.000000
0.213263 0.000000
0.150242 0.000000
0.097470 0.000000
0.054518 0.000000
0.020380 0.000000
-0.006114 0.000000
-0.026089 0.000000
-0.040541 0.000000
-0.050333 0.000000
-0.055844 0.000000
-0.052166 0.000000
-0.026965 0.000000
0.030850 0.000000
0.123732 0.000000
0.244946 0.000000
0.382434 0.000000
0.523165 0.000000
0.656408 0.000000
0.774997 0.000000
0.874883 0.000000
0.949696 0.000000
0.987477 0.000000
0.978558 0.000000
0.922334 0.000000
0.827432 0.000000
0.707703 0.000000
0.577670 0.000000
0.449412 0.000000
0.331269 0.000000
0.227903 0.000000
0.141059 0.000000
0.070529 0.000000
0.014996 0.000000
-0.027342 0.000000
-0.058346 0.000378
-0.079878 0.006719
-0.093564 0.031986
-0.100851 0.087849
-0.103021 0.177292
-0.101250 0.294062
-0.096493 0.426474
-0.089639 0.561900
-0.081451 0.689503
-0.072572 0.796733
-0.063520 0.867140
-0.054695 0.888299
-0.046386 0.858270
-0.038784 0.785316
-0.031998 0.683481
-0.026069 0.567727
-0.020987 0.450633
-0.016706 0.341005
-0.013156 0.243900
-0.010255 0.161401
-0.007916 0.093589
-0.006054 0.039408
-0.004589 -0.002697
-0.003450 -0.034019
-0.002531 -0.050558
-0.001832 -0.040783
-0.001306 0.005711
-0.000913 0.090776
-0.000622 0.206767
-0.000409 0.335497
-0.000253 0.450557
-0.000139 0.529096
-0.000058 0.560544
0.000000 0.547153
0.000000 0.499448
0.000000 0.430798
0.000000 0.353458
0.000000 0.276621
0.000000 0.206049
0.000000 0.144604
0.000000 0.093109
0.000000 0.051177
0.000000 0.017844
0.000000 -0.008022
0.000000 -0.027135
0.000000 -0.034875
0.000000 -0.019121
0.000000 0.031063
0.000000 0.117998
0.000000 0.234858
0.000000 0.369336
0.000000 0.507904
0.000000 0.634045
0.000000 0.727426
0.000000 0.772543
0.000000 0.765383
0.000000 0.713045
0.000000 0.629039
0.000000 0.528322
0.000000 0.423647
0.000000 0.324089
0.000000 0.235003
0.000000 0.158746
0.000000 0.095650
0.000000 0.044885
0.000000 0.005097
0.000000 -0.025196
0.000000 -0.047406
0.000000 -0.062802
0.000000 -0.072127
0.000000 -0.070796
0.000000 -0.046754
0.000000 0.010887
0.000000 0.103933
0.000000 0.219875
0.000000 0.333487
0.000000 0.419981
0.000000 0.465478
0.000000 0.469021
0.000000 0.438587
0.000000 0.385913
0.000000 0.322428
0.000000 0.257082
0.000000 0.195740
0.000000 0.141533
0.000000 0.095594
0.000000 0.057824
0.000000 0.027500
0.000378 0.003683
0.006719 -0.014560
0.031986 -0.028062
0.087849 -0.037543
0.177292 -0.043626
0.294062 -0.046829
0.426474 -0.047720
0.561522 -0.046778
0.683161 -0.044449
0.771467 -0.041142
0.811278 -0.037219
0.798855 -0.032988
0.741500 -0.028740
0.652904 -0.024614
0.548055 -0.020750
0.439746 -0.017238
0.337061 -0.014124
0.245331 -0.011425
0.166879 -0.009131
0.101987 -0.007214
0.049773 -0.005638
0.008832 -0.004362
-0.021991 -0.003341
-0.038565 -0.002536
-0.029236 -0.001908
0.016511 -0.001424
0.100254 -0.001054
0.209225 -0.000774
0.317935 -0.000564
0.401322 -0.000409
0.445260 -0.000253
0.448448 -0.000139
0.418582 -0.000058
0.367137 0.000000
0.305312 0.000000
0.241861 0.000000
0.182494 0.000000
0.130226 0.000000
0.086108 0.000000
0.049991 0.000000
0.021126 0.000000
-0.001435 0.000000
-0.018618 0.000000
-0.031242 0.000000
-0.040008 0.000000
-0.045517 0.000000
-0.047929 0.000000
-0.042152 0.000000
-0.015689 0.000000
0.042739 0.000000
0.135667 0.000000
0.256493 0.000000
0.393234 0.000000
0.533020 0.000000
0.665208 0.000000
0.782325 0.000000
0.875169 0.000000
0.930037 0.000000
0.936288 0.000000
0.892955 0.000000
0.808679 0.000000
0.697514 0.000000
0.574252 0.000000
0.451236 0.000000
0.337038 0.000000
0.236515 0.000000
0.151580 0.000000
0.082170 0.000000
0.027106 0.000000
-0.015290 0.000000
-0.046800 0.000378
-0.069077 0.006719
-0.083708 0.031986
-0.092052 0.087849
-0.095316 0.176914
-0.094623 0.287343
-0.090885 0.394488
-0.084965 0.474051
-0.077610 0.512588
-0.069458 0.509391
-0.061026 0.472652
-0.052720 0.414248
-0.044839 0.345682
-0.037586 0.275925
-0.031079 0.210829
-0.025370 0.153479
-0.020461 0.104951
-0.016313 0.065079
-0.012865 0.033072
-0.010041 0.007922
-0.007382 -0.011363
0.000778 -0.025671
0.027478 -0.035769
0.084457 -0.042320
0.174762 -0.045915
0.292230 -0.047097
0.424790 -0.046369
0.554267 -0.044196
0.657272 -0.041002
0.715196 -0.037160
0.721582 -0.032988
0.681946 -0.028740
0.609030 -0.024614
0.517478 -0.020750
0.420074 -0.017238
0.326174 -0.014124
0.241387 -0.011425
0.168310 -0.009131
0.107464 -0.007214
0.058171 -0.005638
0.019196 -0.004362
-0.010840 -0.002964
-0.033256 0.004183
-0.049228 0.030078
-0.059791 0.086425
-0.065860 0.175861
-0.068262 0.286569
-0.067753 0.393924
-0.065024 0.473643
-0.060701 0.512336
-0.055335 0.509251
-0.049396 0.472594
-0.043270 0.414248
-0.037255 0.345682
-0.031570 0.275925
-0.026360 0.210829
-0.021707 0.153479
-0.017645 0.104951
-0.014169 0.065079
-0.011247 0.033072
-0.008831 0.008300
-0.006862 -0.004643
-0.005280 0.006315
-0.004025 0.052080
-0.003041 0.134973
-0.002278 0.248147
-0.001693 0.379377
-0.001248 0.515531
-0.000913 0.645684
-0.000622 0.762450
-0.000409 0.861588
-0.000253 0.936440
-0.000139 0.974836
-0.000058 0.966915
0.000000 0.911912
0.000000 0.818327
0.000000 0.699915
0.000000 0.571132
0.000000 0.444015
0.000000 0.326883
0.000000 0.224387
0.000000 0.138277
0.000000 0.068354
0.000000 0.013315
0.000000 -0.028627
0.000378 -0.059361
0.006719 -0.080679
0.031986 -0.094198
0.087849 -0.101357
0.176914 -0.103429
0.287343 -0.101503
0.394488 -0.096633
0.474051 -0.089697
0.512588 -0.081451
0.509391 -0.072572
0.472652 -0.063520
0.414248 -0.054695
0.345682 -0.046386
0.275925 -0.038784
0.210829 -0.031998
0.153479 -0.026069
0.104951 -0.020987
0.065079 -0.016706
0.033072 -0.013156
0.008300 -0.010255
-0.004643 -0.007916
0.006315 -0.006054
0.052080 -0.004589
0.134973 -0.003450
0.248147 -0.002531
0.379377 -0.001832
0.515531 -0.001306
0.645684 -0.000913
0.762073 -0.000622
0.855246 -0.000409
0.911174 -0.000253
0.918974 -0.000139
0.877472 -0.000058
0.795142 0.000000
0.685915 0.000000
0.564489 0.000000
0.443152 0.000000
0.330443 0.000000
0.231209 0.000000
0.147365 0.000000
0.078863 0.000000
0.024538 0.000000
-0.017262 0.000000
-0.047921 0.000000
-0.063529 0.000000
-0.052637 0.000000
-0.004919 0.000000
0.081034 0.000000
0.192312 0.000000
0.303350 0.000000
0.388947 0.000000
0.434920 0.000000
0.439933 0.000000
0.411627 0.000000
0.361528 0.000000
0.300842 0.000000
0.238339 0.000000
0.179750 0.000000
0.128109 0.000000
0.084491 0.000000
0.048767 0.000000
0.020207 0.000000
-0.002119 0.000000
-0.019123 0.000000
-0.031612 0.000000
-0.040277 0.000000
-0.045711 0.000000
-0.048446 0.000378
-0.048930 0.006719
-0.047675 0.031986
-0.045110 0.087849
-0.041625 0.176914
-0.037569 0.287343
-0.033240 0.394488
-0.028880 0.474051
-0.024673 0.512588
-0.020750 0.509391
-0.017238 0.472652
-0.014124 0.414248
-0.011425 0.345682
-0.009131 0.275925
-0.007214 0.210829
-0.005638 0.153479
-0.004362 0.104951
-0.003341 0.065079
-0.002536 0.033072
-0.001530 0.007922
0.005296 -0.011363
0.030932 -0.025671
0.087075 -0.035769
0.176350 -0.042320
0.286934 -0.045915
0.394236 -0.047097
0.473912 -0.046369
0.512530 -0.044196
0.509391 -0.041002
0.472652 -0.037160
0.414248 -0.032988
0.345682 -0.028740
0.275925 -0.024614
0.210829 -0.020750
0.153479 -0.017238
0.104951 -0.014124
0.065079 -0.011425
0.033072 -0.009131
0.008300 -0.007214
-0.004643 -0.005638
0.006315 -0.004362
0.052080 -0.003341
0.134595 -0.002536
0.241427 -0.001908
0.347391 -0.001424
0.427682 -0.001054
0.468392 -0.000774
0.468388 -0.000564
0.435492 -0.000409
0.381260 -0.000253
0.316941 -0.000139
0.251311 -0.000058
0.190078 0.000000
0.136241 0.000000
0.090827 0.000000
0.053654 0.000000
0.023941 0.000000
0.001086 0.000000
-0.010281 0.000000
0.001953 0.000000
0.048738 0.000000
0.132436 0.000000
0.246239 0.000000
0.377953 0.000000
0.514477 0.000000
0.644533 0.000000
0.755167 0.000000
0.829571 0.000000
0.855059 0.000000
0.829390 0.000000
0.760643 0.000000
0.662730 0.000000
0.550489 0.000000
0.436509 0.000000
0.329580 0.000000
0.234770 0.000000
0.154188 0.000000
0.087951 0.000000
0.035047 0.000000
-0.006038 0.000000
-0.036556 0.000000
-0.052467 0.000000
-0.042206 0.000000
0.004657 0.000000
0.090002 0.000000
0.206580 0.000000
0.341808 0.000000
0.482291 0.000000
0.616805 0.000000
0.737778 0.000000
0.840838 0.000000
0.919203 0.000000
0.960712 0.000000
0.955490 0.000000
0.902782 0.000000
0.811113 0.000000
0.694277 0.000000
0.566771 0.000000
0.440674 0.000000
0.324346 0.000000
0.222479 0.000000
0.136854 0.000000
0.067301 0.000000
0.012541 0.000000
-0.029192 0.000000
-0.059770 0.000000
-0.080931 0.000000
-0.094338 0.000000
-0.101416 0.000000
-0.103429 0.000000
-0.101503 0.000378
-0.096633 0.006719
-0.089697 0.031986
-0.081451 0.087849
-0.072572 0.176914
-0.063520 0.287343
-0.054695 0.394488
-0.046386 0.474051
-0.038784 0.512588
-0.031998 0.509391
-0.026069 0.472652
-0.020987 0.414248
-0.016706 0.345682
-0.013156 0.275925
-0.010255 0.210829
-0.007916 0.153479
-0.006054 0.104951
-0.004589 0.065079
-0.003450 0.033072
-0.002531 0.008300
-0.001832 -0.004643
-0.001306 0.006315
-0.000913 0.052080
-0.000622 0.134973
-0.000409 0.247769
-0.000253 0.372657
-0.000139 0.483545
-0.000058 0.557836
0.000000 0.585158
0.000000 0.567904
0.000000 0.516686
0.000000 0.444922
0.000000 0.364883
0.000000 0.285752
0.000000 0.213263
0.000000 0.150242
0.000000 0.097470
0.000000 0.054518
0.000000 0.020380
0.000000 -0.006114
0.000000 -0.025711
0.000000 -0.033822
0.000000 -0.018347
0.000000 0.031627
0.000000 0.118406
0.000000 0.235111
0.000000 0.369476
0.000000 0.508340
0.000000 0.640765
0.000000 0.759412
0.000000 0.860013
0.000000 0.935956
0.000000 0.975121
0.000000 0.967665
0.000000 0.912930
0.000000 0.819465
0.000000 0.701068
0.000000 0.572229
0.000000 0.445013
0.000000 0.327760
0.000000 0.225137
0.000000 0.138905
0.000000 0.068868
0.000000 0.013729
0.000000 -0.028299
0.000378 -0.059104
0.006719 -0.080480
0.031986 -0.094047
0.087849 -0.101202
0.177292 -0.103273
0.294062 -0.101390
0.426096 -0.096552
0.555180 -0.089639
0.657895 -0.081451
0.715604 -0.072572
0.721834 -0.063520
0.682085 -0.054695
0.609088 -0.046386
0.517478 -0.038784
0.420074 -0.031998
0.326174 -0.026069
0.241387 -0.020987
0.168310 -0.016706
0.107464 -0.013156
0.058171 -0.010255
0.019196 -0.007916
-0.010840 -0.005677
-0.033256 0.002130
-0.049228 0.028536
-0.059791 0.085318
-0.065860 0.175460
-0.068262 0.292756
-0.067753 0.425561
-0.065024 0.561278
-0.060701 0.689094
-0.055335 0.796481
-0.049396 0.867001
-0.043270 0.888241
-0.037255 0.858270
-0.031570 0.785316
-0.026360 0.683481
-0.021707 0.567727
-0.017645 0.450633
-0.014169 0.341005
-0.011247 0.243900
-0.008831 0.161401
-0.006862 0.093589
-0.005280 0.039408
-0.004025 -0.002697
-0.002663 -0.034397
0.004441 -0.057278
0.030293 -0.072769
0.086600 -0.082138
0.176379 -0.086516
0.293440 -0.086918
0.425688 -0.084258
0.554928 -0.079357
0.657755 -0.072936
0.715546 -0.065617
0.721834 -0.057911
0.682085 -0.050225
0.609088 -0.042865
0.517478 -0.036040
0.420074 -0.029881
0.326174 -0.024451
0.241387 -0.019762
0.168310 -0.015787
0.107464 -0.012472
0.058171 -0.009750
0.019196 -0.007546
-0.010463 -0.005785
-0.026536 -0.004395
-0.017242 -0.003310
0.028058 -0.002472
0.111432 -0.001832
0.225800 -0.001306
0.358721 -0.000913
0.496876 -0.000622
0.629180 -0.000409
0.748118 -0.000253
0.849353 -0.000139
0.926158 -0.000058
0.966321 0.000000
0.959960 0.000000
0.906303 0.000000
0.813857 0.000000
0.696394 0.000000
0.568388 0.000000
0.441898 0.000000
0.325265 0.000000
0.223162 0.000000
0.137358 0.000000
0.067670 0.000000
0.012810 0.000000
-0.028997 0.000000
-0.059253 0.000000
-0.074154 0.000000
-0.062352 0.000000
-0.013567 0.000000
0.073863 0.000000
0.192560 0.000000
0.329841 0.000000
0.471825 0.000000
0.601710 0.000000
0.698894 0.000000
0.747757 0.000000
0.744161 0.000000
0.695114 0.000000
0.614120 0.000000
0.516057 0.000000
0.413677 0.000000
0.316074 0.000000
0.228626 0.000000
0.153723 0.000000
0.091732 0.000000
0.041857 0.000000
0.002777 0.000000
-0.026958 0.000378
-0.048734 0.006719
-0.063752 0.031986
-0.073170 0.087849
-0.077967 0.177292
-0.079031 0.294062
-0.077175 0.426474
-0.073138 0.561900
-0.067581 0.689881
-0.061082 0.803453
-0.054128 0.898749
-0.047111 0.969428
-0.040370 1.003576
-0.034065 0.991530
-0.028335 0.932663
-0.023253 0.835564
-0.018843 0.714039
-0.015088 0.582558
-0.011946 0.453146
-0.009357 0.334096
-0.007255 0.230025
-0.005571 0.142639
-0.004239 0.071696
-0.003197 0.015851
-0.002391 -0.026719
-0.001774 -0.057560
-0.001306 -0.072906
-0.000913 -0.061438
-0.000622 -0.012945
-0.000409 0.073894
-0.000253 0.186093
-0.000139 0.297995
-0.000058 0.384413
0.000000 0.431137
0.000000 0.436818
0.000000 0.409132
0.000000 0.359553
0.000000 0.299296
0.000000 0.237142
0.000000 0.178831
0.000000 0.127410
0.000000 0.083965
0.000000 0.048374
0.000000 0.019916
0.000000 -0.001955
0.000000 -0.012559
0.000000 0.000261
0.000000 0.047490
0.000000 0.131523
0.000000 0.245616
0.000000 0.377544
0.000000 0.514225
0.000000 0.644393
0.000000 0.755109
0.000000 0.829571
0.000000 0.855059
0.000000 0.829390
0.000000 0.760643
0.000000 0.662730
0.000000 0.550489
0.000000 0.436509
0.000000 0.329580
0.000000 0.234770
0.000000 0.154188
0.000000 0.087951
0.000000 0.035047
0.000000 -0.006038
0.000000 -0.036556
0.000000 -0.052467
0.000000 -0.042206
0.000000 0.004657
0.000000 0.090002
0.000000 0.206580
0.000000 0.341430
0.000000 0.475571
0.000000 0.584819
0.000000 0.649929
0.000000 0.663923
0.000000 0.631860
0.000000 0.566224
0.000000 0.481438
0.000000 0.390193
0.000000 0.301722
0.000000 0.221625
0.000000 0.152523
0.000000 0.094992
0.000000 0.048421
0.000000 0.011650
0.000000 -0.016625
0.000000 -0.037273
0.000000 -0.045819
0.000000 -0.030277
0.000000 0.020156
0.000000 0.107724
0.000000 0.225396
0.000000 0.360827
0.000000 0.500790
0.000000 0.634293
0.000000 0.753917
0.000000 0.855421
0.000000 0.932173
0.000000 0.972006
0.000000 0.965170
0.000000 0.910955
0.000000 0.817919
0.000000 0.699870
0.000000 0.571310
0.000000 0.444315
0.000000 0.327234
0.000000 0.224744
0.000000 0.138614
0.000000 0.068654
0.000000 0.013573
0.000000 -0.028412
0.000000 -0.059186
0.000000 -0.080538
0.000000 -0.094047
0.000000 -0.101202
0.000000 -0.103273
0.000000 -0.101390
0.000000 -0.096552
0.000000 -0.089639
0.000000 -0.081451
0.000000 -0.072572
0.000000 -0.063520
0.000000 -0.054695
0.000000 -0.046386
0.000000 -0.038784
0.000000 -0.031998
0.000000 -0.026069
0.000000 -0.020987
0.000000 -0.016706
0.000000 -0.013156
0.000000 -0.010255
0.000000 -0.007916
0.000000 -0.006054
0.000000 -0.004589
0.000000 -0.003450
0.000000 -0.002531
0.000000 -0.001832
0.000000 -0.001306
0.000000 -0.000913
0.000000 -0.000622
0.000000 -0.000409
0.000000 -0.000253
0.000000 -0.000139
0.000000 -0.000058
0.000000 0.000000
0.000000 0.000000
0.000000 0.000000
0.000000 0.000000
0.000000 0.000000
0.000000 0.000000
0.000000 0.000000
0.000000 0.000000
0.000000 0.000000
0.000000 0.000000
0.000000 0.000000
0.000000 0.000000
0.000000 0.000000
0.000000 0.000000
0.000000 0.000000
0.000000 0.000000
0.000000 0.000000
0.000000 0.000000
0.000000 0.000000
0.000000 0.000000
0.000000 0.000000
0.000000 0.000000
0.000000 0.000000
0.000000 0.000000
0.000000 0.000000
0.000000 0.000000
0.000000 0.000000
0.000000 0.000000
0.000000 0.000000
0.000000 0.000000
0.000000 0.000000
0.000000 0.000000
0.000000 0.000000
0.000000 0.000000
0.000000 0.000000
0.000000 0.000000
0.000000 0.000000
0.000000 0.000000
0.000000 0.000000
0.000000 0.000000
0.000000 0.000000
0.000000 0.000000
0.000000 0.000000
0.000000 0.000000
0.000000 0.000000
0.000000 0.000000
0.000000 0.000000
0.000000 0.000000
0.000000 0.000000
0.000000 0.000000
0.000000 0.000000
0.000000 0.000000
0.000000 0.000000
