0.000000 0.000000
0.000000 0.000000
0.000000 0.000000
0.000000 0.000000
0.000000 0.000000
0.000000 0.000000
0.000000 0.000000
0.000000 0.000000
0.000000 0.000000
0.000000 0.000000
0.000000 0.000000
0.000000 0.000000
0.000000 0.000000
0.000000 0.000000
0.000000 0.000000
0.000000 0.000378
0.000000 0.006719
0.000000 0.031986
0.000000 0.087849
0.000000 0.177292
0.000000 0.293684
0.000000 0.419755
0.000000 0.529914
0.000000 0.602032
0.000000 0.626161
0.000000 0.605064
0.000000 0.549673
0.000000 0.473662
0.000000 0.389498
0.000000 0.306502
0.000000 0.230500
0.000000 0.164366
0.000000 0.108895
0.000000 0.063648
0.000000 0.027594
0.000000 -0.000476
0.000000 -0.021727
0.000000 -0.037200
0.000000 -0.047797
0.000000 -0.054313
0.000000 -0.057084
0.000000 -0.051178
0.000000 -0.024239
0.000000 0.034853
0.000000 0.128207
0.000000 0.243555
0.000000 0.355892
0.000000 0.440637
0.000000 0.484133
0.000000 0.485525
0.000000 0.452920
0.000000 0.398148
0.000000 0.332710
0.000000 0.265597
0.000000 0.202696
0.000000 0.147143
0.000000 0.100064
0.000000 0.061345
0.000000 0.030245
0.000378 0.005800
0.006719 -0.012942
0.031986 -0.026838
0.087849 -0.036624
0.177292 -0.042942
0.293684 -0.046324
0.419755 -0.047350
0.529914 -0.046509
0.602032 -0.044254
0.626161 -0.041002
0.605064 -0.037160
0.549673 -0.032988
0.473662 -0.028740
0.389498 -0.024614
0.306502 -0.020750
0.230500 -0.017238
0.164366 -0.014124
0.108895 -0.011425
0.063648 -0.009131
0.027594 -0.007214
-0.000476 -0.005638
-0.021727 -0.004362
-0.037200 -0.003341
-0.047797 -0.002536
-0.054313 -0.001530
-0.057462 0.005296
-0.057898 0.030932
-0.056225 0.087075
-0.052996 0.176728
-0.048707 0.293654
-0.043788 0.426222
-0.038596 0.561760
-0.033414 0.689822
-0.028455 0.803075
-0.023865 0.892407
-0.019732 0.944162
-0.016099 0.947714
-0.012971 0.902086
-0.010328 0.815893
-0.008133 0.703152
-0.006336 0.578614
-0.004888 0.454577
-0.003734 0.339574
-0.002827 0.238423
-0.002122 0.153003
-0.001580 0.083224
-0.001167 0.027880
-0.000855 -0.014725
-0.000245 -0.046391
0.006311 -0.068825
0.031734 -0.083569
0.087709 -0.091993
0.177234 -0.095316
0.294062 -0.094623
0.426474 -0.090885
0.561900 -0.084965
0.689881 -0.077610
0.803453 -0.069458
0.898749 -0.061026
0.969428 -0.052720
1.003576 -0.044839
0.991530 -0.037586
0.932663 -0.031079
0.835564 -0.025370
0.714039 -0.020461
0.582558 -0.016313
0.453146 -0.012865
0.334096 -0.010041
0.230025 -0.007760
0.142639 -0.005941
0.071696 -0.004508
0.015851 -0.003391
-0.026719 -0.002531
-0.057560 -0.001832
-0.072906 -0.001306
-0.061438 -0.000913
-0.012945 -0.000622
0.073894 -0.000409
0.186093 -0.000253
0.297995 -0.000139
0.384413 -0.000058
0.431137 0.000000
0.436818 0.000000
0.409132 0.000000
0.359553 0.000000
0.299296 0.000000
0.237142 0.000000
0.178831 0.000000
0.127410 0.000000
0.083965 0.000000
0.048374 0.000000
0.019916 0.000000
-0.001955 0.000000
-0.012559 0.000000
0.000261 0.000000
0.047490 0.000000
0.131145 0.000000
0.238897 0.000000
0.345558 0.000000
0.426376 0.000000
0.467479 0.000000
0.467766 0.000000
0.435083 0.000000
0.381007 0.000000
0.316802 0.000000
0.251253 0.000000
0.190078 0.000000
0.136241 0.000000
0.090827 0.000000
0.053654 0.000000
0.023941 0.000000
0.001086 0.000000
-0.010281 0.000000
0.001953 0.000000
0.048738 0.000000
0.132436 0.000000
0.246239 0.000000
0.377953 0.000000
0.514099 0.000000
0.638191 0.000000
0.729900 0.000000
0.773709 0.000000
0.765615 0.000000
0.712620 0.000000
0.628231 0.000000
0.527305 0.000000
0.422508 0.000000
0.322937 0.000000
0.233906 0.000000
0.157748 0.000000
0.094773 0.000000
0.044135 0.000000
0.004470 0.000000
-0.025710 0.000000
-0.047820 0.000378
-0.063130 0.006719
-0.072761 0.031986
-0.077714 0.087849
-0.078892 0.176914
-0.077117 0.287343
-0.073138 0.394488
-0.067581 0.474051
-0.061082 0.512588
-0.054128 0.509391
-0.047111 0.472652
-0.040370 0.414248
-0.034065 0.345682
-0.028335 0.275925
-0.023253 0.210829
-0.018843 0.153479
-0.015088 0.104951
-0.011946 0.065079
-0.009357 0.033072
-0.007255 0.008300
-0.005571 -0.004643
-0.004239 0.006315
-0.003197 0.052080
-0.002391 0.134973
-0.001774 0.247769
-0.001306 0.372657
-0.000913 0.483545
-0.000622 0.557836
-0.000409 0.585158
-0.000253 0.567904
-0.000139 0.516686
-0.000058 0.444922
0.000000 0.364883
0.000000 0.285752
0.000000 0.213263
0.000000 0.150242
0.000000 0.097470
0.000000 0.054518
0.000000 0.020380
0.000378 -0.006114
0.006719 -0.026089
0.031986 -0.040541
0.087849 -0.050333
0.176914 -0.056222
0.287343 -0.058886
0.394488 -0.058951
0.474051 -0.056999
0.512588 -0.053560
0.509391 -0.049116
0.472652 -0.044040
0.414248 -0.038735
0.345682 -0.033472
0.275925 -0.028455
0.210829 -0.023865
0.153479 -0.019732
0.104951 -0.016099
0.065079 -0.012971
0.033072 -0.010328
0.007922 -0.007755
-0.011363 0.000383
-0.025671 0.027099
-0.035769 0.084114
-0.042320 0.174087
-0.045915 0.285221
-0.047097 0.392908
-0.046369 0.472885
-0.044196 0.511733
-0.041002 0.508768
-0.037160 0.472244
-0.032988 0.413995
-0.028740 0.345542
-0.024614 0.275867
-0.020750 0.210829
-0.017238 0.153479
-0.014124 0.104951
-0.011425 0.065079
-0.009131 0.033072
-0.007214 0.007922
-0.005638 -0.011363
-0.004362 -0.025671
-0.003341 -0.035769
-0.002536 -0.042320
-0.001530 -0.045915
0.005296 -0.047097
0.030932 -0.046369
0.087075 -0.044196
0.176728 -0.041002
0.293654 -0.037160
0.426222 -0.032988
0.561760 -0.028740
0.689822 -0.024614
0.803453 -0.020750
0.898749 -0.017238
0.969428 -0.014124
1.003576 -0.011425
0.991530 -0.009131
0.932663 -0.007214
0.835564 -0.005638
0.714039 -0.004362
0.582558 -0.003341
0.453146 -0.002536
0.334096 -0.001908
0.230025 -0.001424
0.142639 -0.001054
0.071696 -0.000774
0.015851 -0.000564
-0.026719 -0.000409
-0.057938 0.000125
-0.079625 0.006580
-0.093424 0.031928
-0.100793 0.087849
-0.103021 0.176914
-0.101250 0.287343
-0.096493 0.394488
-0.089639 0.474051
-0.081451 0.512588
-0.072572 0.509391
-0.063520 0.472652
-0.054695 0.414248
-0.046386 0.345682
-0.038784 0.275925
-0.031998 0.210829
-0.026069 0.153479
-0.020987 0.104951
-0.016706 0.065079
-0.013156 0.033072
-0.010255 0.007922
-0.007916 -0.011363
-0.006054 -0.025293
-0.004589 -0.029049
-0.003450 -0.010334
-0.002531 0.041933
-0.001832 0.129817
-0.001306 0.240974
-0.000913 0.350292
-0.000622 0.433049
-0.000409 0.475428
-0.000253 0.476403
-0.000139 0.443912
-0.000058 0.389633
0.000000 0.324931
0.000000 0.258688
0.000000 0.196704
0.000000 0.142054
0.000000 0.095821
0.000000 0.057866
0.000000 0.027434
0.000000 0.003561
0.000000 -0.014704
0.000000 -0.028207
0.000378 -0.037677
0.006719 -0.043743
0.031986 -0.046969
0.087849 -0.047871
0.177292 -0.046933
0.294062 -0.044605
0.426474 -0.041255
0.561522 -0.037300
0.683161 -0.033046
0.771467 -0.028740
0.811278 -0.024614
0.798855 -0.020750
0.741500 -0.017238
0.652904 -0.014124
0.548055 -0.011425
0.439746 -0.009131
0.337061 -0.007214
0.245331 -0.005638
0.166879 -0.004362
0.101987 -0.003341
0.049773 -0.002536
0.008832 -0.001908
-0.021991 -0.001424
-0.038565 -0.001054
-0.029236 -0.000774
0.016511 -0.000564
0.100254 -0.000409
0.209225 -0.000253
0.317935 -0.000139
0.401322 -0.000058
0.445260 0.000000
0.448448 0.000000
0.418582 0.000000
0.367137 0.000000
0.305312 0.000000
0.241861 0.000000
0.182494 0.000000
0.130226 0.000000
0.086108 0.000000
0.049991 0.000000
0.021126 0.000000
-0.001435 0.000000
-0.018618 0.000000
-0.031242 0.000000
-0.039630 0.000000
-0.038797 0.000000
-0.016320 0.000000
0.038977 0.000000
0.129617 0.000000
0.248953 0.000000
0.384472 0.000000
0.517611 0.000000
0.624654 0.000000
0.686725 0.000000
0.697162 0.000000
0.661335 0.000000
0.591850 0.000000
0.503354 0.000000
0.408649 0.000000
0.317043 0.000000
0.234174 0.000000
0.162672 0.000000
0.103103 0.000000
0.054830 0.000000
0.016660 0.000000
-0.012371 0.000000
-0.027960 0.000000
-0.018296 0.000000
0.027284 0.000000
0.110490 0.000000
0.218672 0.000000
0.326482 0.000000
0.408888 0.000000
0.451829 0.000000
0.454056 0.000000
0.423256 0.000000
0.370978 0.000000
0.308427 0.000000
0.244355 0.000000
0.184469 0.000000
0.131772 0.000000
0.087306 0.000000
0.050910 0.000000
0.021824 0.000000
-0.000531 0.000000
-0.011506 0.000000
0.001035 0.000000
0.048055 0.000000
0.131554 0.000000
0.239149 0.000000
0.345698 0.000000
0.426434 0.000000
0.467479 0.000000
0.467766 0.000000
0.435083 0.000000
0.381007 0.000000
0.316802 0.000000
0.251253 0.000000
0.190078 0.000000
0.136241 0.000000
0.090827 0.000000
0.053654 0.000000
0.023941 0.000000
0.000709 0.000378
-0.017001 0.006719
-0.030033 0.031986
-0.039110 0.087849
-0.044856 0.177292
-0.047824 0.294062
-0.048521 0.426096
-0.047423 0.555180
-0.044970 0.657895
-0.041567 0.715604
-0.037569 0.721834
-0.033240 0.682085
-0.028880 0.609088
-0.024673 0.517478
-0.020750 0.420074
-0.017238 0.326174
-0.014124 0.241387
-0.011425 0.168310
-0.009131 0.107464
-0.007214 0.058171
-0.005638 0.019196
-0.004362 -0.010463
-0.003341 -0.026536
-0.002536 -0.017242
-0.001908 0.028058
-0.001424 0.111054
-0.001054 0.219080
-0.000774 0.326735
-0.000564 0.409027
-0.000409 0.451887
-0.000253 0.454056
-0.000139 0.423256
-0.000058 0.370978
0.000000 0.308427
0.000000 0.244355
0.000000 0.184469
0.000000 0.131772
0.000000 0.087306
0.000000 0.050910
0.000000 0.021824
0.000000 -0.000909
0.000378 -0.018225
0.006719 -0.030951
0.031986 -0.039794
0.087849 -0.045361
0.177292 -0.048193
0.294062 -0.048790
0.426474 -0.047617
0.561900 -0.045110
0.689881 -0.041625
0.803453 -0.037569
0.898749 -0.033240
0.969428 -0.028880
1.003576 -0.024673
0.991530 -0.020750
0.932663 -0.017238
0.835564 -0.014124
0.714039 -0.011425
0.582558 -0.009131
0.453146 -0.007214
0.334096 -0.005638
0.230025 -0.004362
0.142639 -0.003341
0.071696 -0.002536
0.015851 -0.001908
-0.026719 -0.001424
-0.057938 -0.000676
-0.079625 0.005946
-0.093424 0.031422
-0.100793 0.087440
-0.103021 0.176662
-0.101250 0.287203
-0.096493 0.394430
-0.089639 0.474051
-0.081451 0.512588
-0.072572 0.509391
-0.063520 0.472652
-0.054695 0.414248
-0.046386 0.345682
-0.038784 0.275925
-0.031998 0.210829
-0.026069 0.153479
-0.020987 0.104951
-0.016706 0.065079
-0.013156 0.033072
-0.010255 0.008300
-0.007916 -0.004643
-0.006054 0.006315
-0.004589 0.052080
-0.003450 0.134595
-0.002531 0.241427
-0.001832 0.347391
-0.001306 0.427682
-0.000913 0.468392
-0.000622 0.468388
-0.000409 0.435492
-0.000253 0.381260
-0.000139 0.316941
-0.000058 0.251311
0.000000 0.190078
0.000000 0.136241
0.000000 0.090827
0.000000 0.053654
0.000000 0.023941
0.000000 0.000709
0.000000 -0.017001
0.000000 -0.030033
0.000000 -0.038732
0.000000 -0.038136
0.000000 -0.015837
0.000000 0.039327
0.000000 0.129492
0.000000 0.242373
0.000000 0.352922
0.000000 0.436482
0.000000 0.479348
0.000000 0.480511
0.000000 0.447980
0.000000 0.393497
0.000000 0.328444
0.000000 0.261801
0.000000 0.199403
0.000000 0.144349
0.000000 0.097738
0.000000 0.059441
0.000000 0.028710
0.000000 0.004581
0.000000 -0.013521
0.000000 -0.020860
0.000000 -0.005206
0.000000 0.044475
0.000000 0.130603
0.000000 0.246400
0.000000 0.379696
0.000000 0.517073
0.000000 0.642019
0.000000 0.734248
0.000000 0.778290
0.000000 0.770115
0.000000 0.716886
0.000000 0.632154
0.000000 0.530817
0.000000 0.425622
0.000000 0.325636
0.000000 0.236201
0.000000 0.159665
0.000000 0.096349
0.000000 0.045411
0.000000 0.005490
0.000000 -0.024905
0.000000 -0.046815
0.000000 -0.055926
0.000000 -0.040405
0.000000 0.010414
0.000000 0.098610
0.000000 0.216723
0.000000 0.346773
0.000000 0.462446
0.000000 0.541031
0.000000 0.572091
0.000000 0.557954
0.000000 0.509304
0.000000 0.439597
0.000000 0.361163
0.000000 0.283249
0.000000 0.211657
0.000000 0.149278
0.000000 0.096949
0.000000 0.054291
0.000000 0.020339
0.000378 -0.006047
0.006719 -0.025966
0.031986 -0.040397
0.087849 -0.050188
0.176914 -0.056087
0.287343 -0.058768
0.394488 -0.058811
0.474051 -0.056847
0.512588 -0.053405
0.509391 -0.048960
0.472652 -0.043927
0.414248 -0.038654
0.345682 -0.033414
0.275925 -0.028455
0.210829 -0.023865
0.153479 -0.019732
0.104951 -0.016099
0.065079 -0.012971
0.033072 -0.010328
0.008300 -0.008133
-0.004643 -0.006336
0.006315 -0.004888
0.052080 -0.003734
0.134595 -0.002827
0.241427 -0.002122
0.347391 -0.001580
0.427682 -0.001167
0.468392 -0.000855
0.468388 -0.000622
0.435492 -0.000409
0.381260 -0.000253
0.316941 -0.000139
0.251311 -0.000058
0.190078 0.000000
0.136241 0.000000
0.090827 0.000000
0.053654 0.000000
0.023941 0.000000
0.000709 0.000378
-0.017001 0.006719
-0.030033 0.031986
-0.039110 0.087849
-0.044856 0.176914
-0.047824 0.287343
-0.048521 0.394488
-0.047423 0.474051
-0.044970 0.512588
-0.041567 0.509391
-0.037569 0.472652
-0.033240 0.414248
-0.028880 0.345682
-0.024673 0.275925
-0.020750 0.210829
-0.017238 0.153479
-0.014124 0.104951
-0.011425 0.065079
-0.009131 0.033072
-0.006836 0.007922
0.001081 -0.011363
0.027625 -0.025671
0.084507 -0.035769
0.174756 -0.042320
0.291776 -0.045915
0.418331 -0.047097
0.528860 -0.046369
0.601258 -0.044196
0.625596 -0.041002
0.604656 -0.037160
0.549421 -0.032988
0.473523 -0.028740
0.389439 -0.024614
0.306502 -0.020750
0.230500 -0.017238
0.164366 -0.014124
0.108895 -0.011425
0.063648 -0.009131
0.027594 -0.007214
-0.000476 -0.005638
-0.021727 -0.003984
-0.037200 0.003378
-0.047797 0.029450
-0.054313 0.085940
-0.057462 0.175491
-0.057898 0.286289
-0.056225 0.393714
-0.052996 0.473487
-0.048707 0.512180
-0.043788 0.509138
-0.038596 0.472513
-0.033414 0.414189
-0.028455 0.345682
-0.023865 0.275925
-0.019732 0.210829
-0.016099 0.153479
-0.012971 0.104951
-0.010328 0.065079
-0.008133 0.033072
-0.005959 0.007922
0.001832 -0.011363
0.028252 -0.025671
0.085021 -0.035769
0.174792 -0.042320
0.285763 -0.045915
0.393321 -0.047097
0.473196 -0.046369
0.511966 -0.044196
0.508982 -0.041002
0.472400 -0.037160
0.414108 -0.032988
0.345623 -0.028740
0.275925 -0.024614
0.210829 -0.020750
0.153479 -0.017238
0.104951 -0.014124
0.065079 -0.011425
0.033072 -0.009131
0.007922 -0.006836
-0.011363 0.001081
-0.025671 0.027625
-0.035769 0.084507
-0.042320 0.174756
-0.045915 0.292154
-0.047097 0.425050
-0.046369 0.560846
-0.044196 0.688729
-0.041002 0.796169
-0.037160 0.866732
-0.032988 0.888047
-0.028740 0.858131
-0.024614 0.785258
-0.020750 0.683481
-0.017238 0.567727
-0.014124 0.450633
-0.011425 0.341005
-0.009131 0.243900
-0.007214 0.161401
-0.005638 0.093589
-0.004362 0.039408
-0.003341 -0.002697
-0.002536 -0.034397
-0.001530 -0.057278
0.005296 -0.072769
0.030932 -0.082138
0.087075 -0.086516
0.176350 -0.086918
0.286934 -0.084258
0.394236 -0.079357
0.473912 -0.072936
0.512530 -0.065617
0.509391 -0.057911
0.472652 -0.050225
0.414248 -0.042865
0.345682 -0.036040
0.275925 -0.029881
0.210829 -0.024451
0.153479 -0.019762
0.104951 -0.015787
0.065079 -0.012472
0.033072 -0.009750
0.007922 -0.007546
-0.011363 -0.005785
-0.025671 -0.004395
-0.035769 -0.003310
-0.042320 -0.002472
-0.045915 -0.001832
-0.047097 -0.001306
-0.046369 -0.000913
-0.044196 -0.000622
-0.041002 -0.000409
-0.037160 -0.000253
-0.032988 -0.000139
-0.028740 -0.000058
-0.024614 0.000000
-0.020750 0.000000
-0.017238 0.000000
-0.014124 0.000000
-0.011425 0.000000
-0.009131 0.000000
-0.007214 0.000000
-0.005638 0.000000
-0.004362 0.000000
-0.003341 0.000000
-0.002536 0.000000
-0.001908 0.000000
-0.001424 0.000000
-0.001054 0.000000
-0.000774 0.000000
-0.000564 0.000000
-0.000409 0.000000
-0.000253 0.000000
-0.000139 0.000000
-0.000058 0.000000
0.000000 0.000000
0.000000 0.000000
0.000000 0.000000
0.000000 0.000000
0.000000 0.000000
0.000000 0.000000
0.000000 0.000000
0.000000 0.000000
0.000000 0.000000
0.000000 0.000000
0.000000 0.000000
0.000000 0.000000
0.000000 0.000000
0.000000 0.000000
0.000000 0.000000
0.000000 0.000000
0.000000 0.000000
0.000000 0.000000
0.000000 0.000000
0.000000 0.000000
0.000000 0.000000
0.000000 0.000000
0.000000 0.000000
0.000000 0.000000
0.000000 0.000000
0.000000 0.000000
0.000000 0.000000
0.000000 0.000000
0.000000 0.000000
0.000000 0.000000
0.000000 0.000000
0.000000 0.000000
0.000000 0.000000
0.000000 0.000000
0.000000 0.000000
0.000000 0.000000
0.000000 0.000000
0.000000 0.000000
0.000000 0.000000
0.000000 0.000000
0.000000 0.000000
0.000000 0.000000
0.000000 0.000000
0.000000 0.000000
0.000000 0.000000
0.000000 0.000000
0.000000 0.000000
0.000000 0.000000
0.000000 0.000000
0.000000 0.000000
0.000000 0.000000
0.000000 0.000000
0.000000 0.000000
0.000000 0.000000
0.000000 0.000000
0.000000 0.000000
0.000000 0.000000
0.000000 0.000000
0.000000 0.000000
0.000000 0.000000
0.000000 0.000000
0.000000 0.000000
0.000000 0.000000
0.000000 0.000000
0.000000 0.000000
0.000000 0.000000
0.000000 0.000000
0.000000 0.000000
0.000000 0.000000
0.000000 0.000000
0.000000 0.000000
0.000000 0.000000
0.000000 0.000000
0.000000 0.000000
0.000000 0.000000
0.000000 0.000000
0.000000 0.000000
0.000000 0.000000
0.000000 0.000000
0.000000 0.000000
0.000000 0.000000
0.000000 0.000000
0.000000 0.000000
0.000000 0.000000
0.000000 0.000000
0.000000 0.000000
0.000000 0.000000
0.000000 0.000000
0.000000 0.000000
0.000000 0.000000
0.000000 0.000000
0.000000 0.000000
