0.000000 0.000000
0.000000 0.000000
0.000000 0.000000
0.000000 0.000000
0.000000 0.000000
0.000000 0.000000
0.000000 0.000000
0.000000 0.018566
0.000000 0.165070
0.000000 0.439405
0.000000 0.705793
0.000000 0.772904
0.000000 0.626693
0.000000 0.403137
0.000000 0.207232
0.000000 0.070975
0.000000 -0.011858
0.018566 -0.055611
0.165070 -0.072479
0.439405 -0.071953
0.724358 -0.061718
0.937974 -0.047733
1.047532 -0.033989
0.962426 -0.022572
0.705800 -0.014110
0.412714 -0.008362
0.177664 -0.004725
0.023497 -0.002559
-0.062902 -0.001333
-0.082956 -0.000578
0.055873 -0.000192
0.322062 0.000000
0.479389 0.000000
0.439279 0.000000
0.300806 0.000000
0.162979 0.000000
0.062826 0.000000
0.000074 0.000000
-0.034872 0.018566
-0.050228 0.165070
-0.052377 0.420840
-0.046489 0.559289
-0.036909 0.498568
-0.026824 0.341739
-0.018181 0.189522
-0.011557 0.079108
-0.006945 0.009577
-0.003971 -0.011003
-0.002172 0.117591
-0.001141 0.369796
-0.000578 0.513378
-0.000192 0.461851
0.000000 0.314916
0.000000 0.171341
0.000000 0.067551
0.000000 0.002632
0.018566 -0.033539
0.165070 -0.049650
0.439405 -0.052185
0.724358 -0.046489
0.919408 -0.036909
0.901028 -0.026824
0.688090 -0.018181
0.420847 -0.011557
0.199099 -0.006945
0.049540 -0.003971
-0.037901 -0.002172
-0.062046 -0.001141
0.071681 -0.000578
0.351644 -0.000192
0.651624 0.000000
0.864509 0.000000
0.862648 0.000000
0.662965 0.000000
0.405320 0.000000
0.189983 0.000000
0.044428 0.000000
-0.040651 0.000000
-0.081945 0.018566
-0.093967 0.165070
-0.087953 0.439405
-0.072734 0.705793
-0.054899 0.772904
-0.038380 0.626693
-0.025126 0.403137
-0.015527 0.207232
-0.009116 0.070975
-0.005112 -0.011858
-0.002750 -0.037046
-0.001333 0.092591
-0.000578 0.367452
-0.000192 0.644074
0.000000 0.725171
0.000000 0.592703
0.000000 0.380565
0.000000 0.193122
0.000000 0.062613
0.000000 -0.016584
0.018566 -0.058170
0.165070 -0.073812
0.439405 -0.072532
0.724358 -0.061910
0.937974 -0.047733
1.047532 -0.033989
0.962426 -0.022572
0.705800 -0.014110
0.412714 -0.008362
0.177664 -0.004725
0.023497 -0.002559
-0.062902 -0.001333
-0.101522 0.017987
-0.109197 0.164878
-0.098777 0.439405
-0.079900 0.724358
-0.059290 0.919408
-0.040934 0.901028
-0.026543 0.688090
-0.016282 0.420847
-0.009503 0.199099
-0.005304 0.049540
-0.002750 -0.037901
0.017233 -0.080612
0.164491 -0.093389
0.439214 -0.087761
0.724358 -0.072734
0.919408 -0.054899
0.901028 -0.038380
0.688090 -0.025126
0.420847 -0.015527
0.199099 -0.009116
0.049540 -0.005112
-0.037901 -0.002750
-0.080612 -0.001333
-0.093389 0.017987
-0.087761 0.164878
-0.072734 0.420840
-0.054899 0.559289
-0.038380 0.498568
-0.025126 0.341739
-0.015527 0.189522
-0.009116 0.079108
-0.005112 0.009577
-0.002750 -0.029568
-0.001333 -0.028913
-0.000578 0.114026
-0.000192 0.393495
0.000000 0.669075
0.000000 0.746080
0.000000 0.608511
0.000000 0.391581
0.000000 0.200288
0.000000 0.067004
0.000000 -0.014030
0.000000 -0.038187
0.000000 0.092012
0.000000 0.367260
0.000000 0.644074
0.000000 0.725171
0.000000 0.592703
0.000000 0.380565
0.000000 0.193122
0.000000 0.062613
0.000000 -0.016584
0.000000 -0.039604
0.000000 0.091258
0.000000 0.348308
0.000000 0.497379
0.000000 0.450835
0.000000 0.307750
0.000000 0.166950
0.000000 0.064998
0.000000 0.001215
0.018566 -0.034294
0.165070 -0.050037
0.420840 -0.052377
0.559289 -0.046489
0.498568 -0.036909
0.341739 -0.026824
0.189522 -0.018181
0.079108 -0.011557
0.009577 -0.006945
-0.011003 -0.003971
0.117591 -0.002172
0.388361 -0.001141
0.659882 -0.000578
0.736186 -0.000192
0.599869 0.000000
0.384956 0.000000
0.195676 0.000000
0.064030 0.000000
-0.015829 0.000000
-0.057783 0.000000
-0.073620 0.000000
-0.072532 0.018566
-0.061910 0.165070
-0.047733 0.420840
-0.033989 0.559289
-0.022572 0.498568
-0.014110 0.341739
-0.008362 0.189522
-0.004725 0.079108
-0.002559 0.009577
0.017233 -0.029568
0.164491 -0.047478
0.439214 -0.051044
0.724358 -0.045910
0.919408 -0.036718
0.901028 -0.026824
0.688090 -0.018181
0.420847 -0.011557
0.199099 -0.006945
0.049540 -0.003971
-0.037901 -0.002172
-0.080612 0.017424
-0.093389 0.164491
-0.087761 0.420648
-0.072734 0.559289
-0.054899 0.498568
-0.038380 0.341739
-0.025126 0.189522
-0.015527 0.079108
-0.009116 0.009577
-0.005112 -0.011003
-0.002750 0.117591
-0.001333 0.388361
-0.000578 0.678448
-0.000192 0.882690
0.000000 0.874204
0.000000 0.669909
0.000000 0.409291
0.000000 0.192154
0.000000 0.045569
0.000000 -0.040073
0.000000 -0.063188
0.000000 0.071102
0.000000 0.332886
0.000000 0.486555
0.000000 0.443670
0.000000 0.303359
0.000000 0.164396
0.000000 0.063581
0.000000 0.000461
0.000000 -0.016115
0.000000 0.114841
0.000000 0.368463
0.000000 0.512800
0.000000 0.461659
0.000000 0.314916
0.000000 0.171341
0.000000 0.067551
0.000000 0.002632
0.000000 -0.033539
0.000000 -0.049650
0.018566 -0.052185
0.165070 -0.046489
0.439405 -0.036909
0.705793 -0.026824
0.772904 -0.018181
0.626693 -0.011557
0.403137 -0.006945
0.207232 -0.003971
0.070975 -0.002172
-0.011858 -0.001141
-0.037046 -0.000578
0.092591 -0.000192
0.348886 0.000000
0.497570 0.000000
0.450835 0.000000
0.307750 0.000000
0.166950 0.000000
0.064998 0.000000
0.001215 0.000000
-0.034294 0.000000
-0.050037 0.000000
-0.033811 0.000000
0.118581 0.000000
0.402496 0.000000
0.697535 0.000000
0.919792 0.000000
1.035975 0.000000
0.955481 0.000000
0.701830 0.000000
0.410543 0.000000
0.176522 0.000000
0.022918 0.000000
-0.063094 0.000000
-0.101522 0.000000
-0.090631 0.000000
0.066293 0.000000
0.359506 0.000000
0.665068 0.000000
0.878474 0.000000
0.874485 0.000000
0.671809 0.000000
0.411344 0.000000
0.193795 0.000000
0.046789 0.000000
-0.039234 0.000000
-0.081191 0.000000
-0.075015 0.000000
0.077308 0.000000
0.366671 0.000000
0.669460 0.000000
0.881028 0.000000
0.875902 0.000000
0.672563 0.000000
0.411731 0.000000
0.193987 0.000000
0.046789 0.000000
-0.039234 0.000000
-0.062625 0.000000
0.071489 0.000000
0.333078 0.000000
0.486555 0.000000
0.443670 0.000000
0.303359 0.000000
0.164396 0.000000
0.063581 0.000000
0.000461 0.000000
-0.034680 0.000000
-0.050228 0.000000
-0.052377 0.000000
-0.046489 0.000000
-0.036909 0.000000
-0.026824 0.000000
-0.018181 0.000000
-0.011557 0.000000
-0.006945 0.000000
-0.003971 0.000000
-0.002172 0.000000
-0.001141 0.000000
-0.000578 0.000000
-0.000192 0.000000
0.000000 0.000000
0.000000 0.000000
0.000000 0.000000
0.000000 0.000000
0.000000 0.000000
0.000000 0.000000
0.000000 0.000000
0.000000 0.000000
0.000000 0.000000
0.000000 0.000000
0.000000 0.000000
0.000000 0.000000
0.000000 0.000000
0.000000 0.000000
0.000000 0.000000
0.000000 0.000000
0.000000 0.000000
0.000000 0.000000
0.000000 0.000000
0.000000 0.000000
0.000000 0.000000
0.000000 0.000000
0.000000 0.000000
0.000000 0.000000
0.000000 0.000000
0.000000 0.000000
0.000000 0.000000
0.000000 0.000000
0.000000 0.000000
0.000000 0.000000
0.000000 0.000000
0.000000 0.000000
0.000000 0.000000
0.000000 0.000000
0.000000 0.000000
0.000000 0.000000
0.000000 0.000000
0.000000 0.000000
0.000000 0.000000
0.000000 0.000000
0.000000 0.000000
0.000000 0.000000
0.000000 0.000000
0.000000 0.000000
0.000000 0.000000
0.000000 0.000000
0.000000 0.000000
0.000000 0.000000
0.000000 0.000000
0.000000 0.000000
0.000000 0.000000
0.000000 0.000000
0.000000 0.000000
0.000000 0.000000
0.000000 0.000000
0.000000 0.000000
0.000000 0.000000
0.000000 0.000000
0.000000 0.000000
0.000000 0.000000
0.000000 0.000000
0.000000 0.000000
0.000000 0.000000
0.000000 0.000000
0.000000 0.000000
0.000000 0.000000
0.000000 0.000000
0.000000 0.000000
0.000000 0.000000
0.000000 0.000000
0.000000 0.000000
