0.000000 0.000000
0.000000 0.000000
0.000000 0.000000
0.000000 0.000000
0.000000 0.000000
0.000000 0.000000
0.000000 0.000000
0.000000 0.018566
0.000000 0.165070
0.000000 0.439405
0.000000 0.724358
0.000000 0.937974
0.000000 1.047532
0.000000 0.962426
0.000000 0.705800
0.000000 0.412714
0.000000 0.177664
0.000000 0.023497
0.000000 -0.062902
0.018566 -0.101522
0.165070 -0.109197
0.439405 -0.098777
0.724358 -0.079900
0.919408 -0.059290
0.901028 -0.040934
0.688090 -0.026543
0.420847 -0.016282
0.199099 -0.009503
0.049540 -0.005304
-0.037901 -0.002750
-0.062046 -0.001333
0.071681 -0.000578
0.333078 -0.000192
0.486555 0.000000
0.443670 0.000000
0.303359 0.000000
0.164396 0.000000
0.063581 0.000000
0.000461 0.000000
-0.034680 0.018566
-0.050228 0.165070
-0.052377 0.420840
-0.046489 0.559289
-0.036909 0.498568
-0.026824 0.341739
-0.018181 0.189522
-0.011557 0.079108
-0.006945 0.009577
-0.003971 -0.029568
-0.002172 -0.028913
-0.001141 0.114026
-0.000578 0.374929
-0.000192 0.522571
0.000000 0.471745
0.000000 0.323558
0.000000 0.177965
0.000000 0.072163
0.000000 0.005606
0.000000 -0.013174
0.000000 0.116450
0.000000 0.387783
0.000000 0.659690
0.000000 0.736186
0.000000 0.599869
0.000000 0.384956
0.000000 0.195676
0.000000 0.064030
0.000000 -0.015829
0.018566 -0.057783
0.165070 -0.073620
0.420840 -0.072532
0.559289 -0.061910
0.498568 -0.047733
0.341739 -0.033989
0.189522 -0.022572
0.079108 -0.014110
0.009577 -0.008362
-0.029568 -0.004725
-0.047478 -0.002559
-0.051044 0.017233
-0.045910 0.164491
-0.036718 0.420648
-0.026824 0.559289
-0.018181 0.498568
-0.011557 0.341739
-0.006945 0.189522
-0.003971 0.079108
-0.002172 0.009577
0.017424 -0.029568
0.164491 -0.047478
0.439214 -0.051044
0.724358 -0.045910
0.919408 -0.036718
0.901028 -0.026824
0.688090 -0.018181
0.420847 -0.011557
0.199099 -0.006945
0.049540 -0.003971
-0.037901 -0.002172
-0.080612 0.017424
-0.093389 0.164491
-0.087761 0.420648
-0.072734 0.559289
-0.054899 0.498568
-0.038380 0.341739
-0.025126 0.189522
-0.015527 0.079108
-0.009116 0.009577
-0.005112 -0.011003
-0.002750 0.117591
-0.001333 0.369796
-0.000578 0.513378
-0.000192 0.461851
0.000000 0.314916
0.000000 0.171341
0.000000 0.067551
0.000000 0.002632
0.000000 -0.033539
0.000000 -0.049650
0.018566 -0.052185
0.165070 -0.046489
0.420840 -0.036909
0.559289 -0.026824
0.498568 -0.018181
0.341739 -0.011557
0.189522 -0.006945
0.079108 -0.003971
0.009577 -0.002172
-0.011003 -0.001141
0.117591 -0.000578
0.388361 -0.000192
0.678448 0.000000
0.901256 0.000000
1.020708 0.000000
0.944245 0.000000
0.694244 0.000000
0.405770 0.000000
0.173693 0.000000
0.021325 0.000000
-0.064043 0.000000
-0.083535 0.000000
0.055681 0.000000
0.322062 0.000000
0.479389 0.000000
0.439279 0.000000
0.300806 0.000000
0.162979 0.000000
0.062826 0.000000
0.000074 0.000000
-0.016306 0.000000
0.114841 0.000000
0.387028 0.000000
0.677869 0.000000
0.901064 0.000000
1.020708 0.000000
0.944245 0.000000
0.694244 0.000000
0.405770 0.000000
0.173693 0.000000
0.021325 0.000000
-0.064043 0.000000
-0.102100 0.018566
-0.109388 0.165070
-0.098777 0.439405
-0.079900 0.724358
-0.059290 0.937974
-0.040934 1.047532
-0.026543 0.962426
-0.016282 0.705800
-0.009503 0.412714
-0.005304 0.177664
-0.002750 0.023497
-0.001333 -0.062902
-0.000578 -0.082956
-0.000192 0.055873
0.000000 0.322062
0.000000 0.479389
0.000000 0.439279
0.000000 0.300806
0.000000 0.162979
0.000000 0.062826
0.000000 0.000074
0.000000 -0.016306
0.000000 0.114841
0.000000 0.387028
0.000000 0.677869
0.000000 0.901064
0.000000 1.020708
0.000000 0.944245
0.000000 0.694244
0.000000 0.405770
0.000000 0.173693
0.000000 0.021325
0.000000 -0.064043
0.018566 -0.102100
0.165070 -0.109388
0.439405 -0.098777
0.705793 -0.079900
0.772904 -0.059290
0.626693 -0.040934
0.403137 -0.026543
0.207232 -0.016282
0.070975 -0.009503
-0.011858 -0.005304
-0.055611 0.015816
-0.072479 0.163737
-0.071953 0.438827
-0.061718 0.724167
-0.047733 0.937974
-0.033989 1.047532
-0.022572 0.962426
-0.014110 0.705800
-0.008362 0.412714
-0.004725 0.177664
-0.002559 0.023497
-0.001333 -0.062902
-0.000578 -0.082956
-0.000192 0.055873
0.000000 0.340628
0.000000 0.644459
0.000000 0.860118
0.000000 0.860094
0.000000 0.661547
0.000000 0.404566
0.000000 0.189596
0.000000 0.044236
0.000000 -0.040651
0.000000 -0.063379
0.000000 0.071102
0.000000 0.332886
0.000000 0.486555
0.000000 0.443670
0.000000 0.303359
0.000000 0.164396
0.000000 0.063581
0.000000 0.000461
0.018566 -0.034680
0.165070 -0.050228
0.439405 -0.052377
0.724358 -0.046489
0.937974 -0.036909
1.047532 -0.026824
0.962426 -0.018181
0.705800 -0.011557
0.412714 -0.006945
0.177664 -0.003971
0.023497 -0.002172
-0.062902 -0.001141
-0.101522 -0.000578
-0.109197 -0.000192
-0.098777 0.018566
-0.079900 0.165070
-0.059290 0.420840
-0.040934 0.559289
-0.026543 0.498568
-0.016282 0.341739
-0.009503 0.189522
-0.005304 0.079108
-0.002750 0.009577
0.017233 -0.029568
0.164491 -0.047478
0.439214 -0.051044
0.724358 -0.045910
0.919408 -0.036718
0.901028 -0.026824
0.688090 -0.018181
0.420847 -0.011557
0.199099 -0.006945
0.049540 -0.003971
-0.037901 -0.002172
-0.080612 0.017424
-0.093389 0.164491
-0.087761 0.439214
-0.072734 0.724358
-0.054899 0.937974
-0.038380 1.047532
-0.025126 0.962426
-0.015527 0.705800
-0.009116 0.412714
-0.005112 0.177664
-0.002750 0.023497
-0.001333 -0.062902
0.017987 -0.101522
0.164878 -0.109197
0.439405 -0.098777
0.705793 -0.079900
0.772904 -0.059290
0.626693 -0.040934
0.403137 -0.026543
0.207232 -0.016282
0.070975 -0.009503
-0.011858 -0.005304
-0.055611 -0.002750
-0.053913 -0.001333
0.093116 -0.000578
0.377687 -0.000192
0.676625 0.000000
0.885419 0.000000
0.878456 0.000000
0.673980 0.000000
0.412486 0.000000
0.194374 0.000000
0.046981 0.000000
-0.039234 0.000000
-0.081191 0.000000
-0.075015 0.000000
0.077308 0.000000
0.366671 0.000000
0.650894 0.000000
0.734524 0.000000
0.601567 0.000000
0.387610 0.000000
0.198116 0.000000
0.065863 0.000000
-0.014609 0.000000
-0.038379 0.000000
0.092012 0.000000
0.367260 0.000000
0.662640 0.000000
0.890240 0.000000
1.013543 0.000000
0.939854 0.000000
0.691690 0.000000
0.404352 0.000000
0.172939 0.000000
0.020938 0.000000
-0.064235 0.000000
-0.102100 0.000000
-0.109388 0.000000
-0.098777 0.000000
-0.079900 0.000000
-0.059290 0.000000
-0.040934 0.000000
-0.026543 0.000000
-0.016282 0.000000
-0.009503 0.000000
-0.005304 0.000000
-0.002750 0.000000
-0.001333 0.000000
-0.000578 0.000000
-0.000192 0.000000
0.000000 0.000000
0.000000 0.000000
0.000000 0.000000
0.000000 0.000000
0.000000 0.000000
0.000000 0.000000
0.000000 0.000000
0.000000 0.000000
0.000000 0.000000
0.000000 0.000000
0.000000 0.000000
0.000000 0.000000
0.000000 0.000000
0.000000 0.000000
0.000000 0.000000
0.000000 0.000000
0.000000 0.000000
0.000000 0.000000
0.000000 0.000000
0.000000 0.000000
0.000000 0.000000
0.000000 0.000000
0.000000 0.000000
0.000000 0.000000
0.000000 0.000000
0.000000 0.000000
0.000000 0.000000
0.000000 0.000000
0.000000 0.000000
0.000000 0.000000
0.000000 0.000000
0.000000 0.000000
0.000000 0.000000
0.000000 0.000000
0.000000 0.000000
0.000000 0.000000
0.000000 0.000000
0.000000 0.000000
0.000000 0.000000
0.000000 0.000000
0.000000 0.000000
0.000000 0.000000
0.000000 0.000000
0.000000 0.000000
0.000000 0.000000
0.000000 0.000000
0.000000 0.000000
0.000000 0.000000
0.000000 0.000000
0.000000 0.000000
0.000000 0.000000
0.000000 0.000000
0.000000 0.000000
0.000000 0.000000
0.000000 0.000000
0.000000 0.000000
0.000000 0.000000
0.000000 0.000000
0.000000 0.000000
0.000000 0.000000
0.000000 0.000000
0.000000 0.000000
0.000000 0.000000
