0.000000 0.000000
0.000000 0.000000
0.000000 0.000000
0.000000 0.000000
0.000000 0.000000
0.000000 0.000000
0.000000 0.000000
0.018566 0.000000
0.165070 0.000000
0.420840 0.000000
0.559289 0.000000
0.498568 0.000000
0.341739 0.000000
0.189522 0.000000
0.079108 0.000000
0.009577 0.000000
-0.011003 0.000000
0.117591 0.000000
0.388361 0.000000
0.678448 0.000000
0.901256 0.000000
1.020708 0.000000
0.944245 0.000000
0.694244 0.000000
0.405770 0.000000
0.173693 0.000000
0.021325 0.000000
-0.064043 0.000000
-0.083535 0.000000
0.055681 0.000000
0.340628 0.000000
0.644459 0.000000
0.860118 0.000000
0.860094 0.000000
0.661547 0.000000
0.404566 0.000000
0.189596 0.000000
0.044236 0.000000
-0.040651 0.000000
-0.081945 0.018566
-0.093967 0.165070
-0.087953 0.439405
-0.072734 0.724358
-0.054899 0.919408
-0.038380 0.901028
-0.025126 0.688090
-0.015527 0.420847
-0.009116 0.199099
-0.005112 0.049540
-0.002750 -0.037901
-0.001333 -0.062046
-0.000578 0.071681
-0.000192 0.333078
0.000000 0.486555
0.000000 0.443670
0.000000 0.303359
0.000000 0.164396
0.000000 0.063581
0.000000 0.000461
0.000000 -0.034680
0.000000 -0.031663
0.000000 0.112693
0.000000 0.374351
0.000000 0.522379
0.000000 0.471745
0.000000 0.323558
0.000000 0.177965
0.000000 0.072163
0.000000 0.005606
0.000000 -0.031740
0.000000 -0.048620
0.000000 -0.033057
0.000000 0.118968
0.000000 0.402688
0.000000 0.697535
0.000000 0.919792
0.000000 1.035975
0.000000 0.955481
0.000000 0.701830
0.000000 0.410543
0.000000 0.176522
0.000000 0.022918
0.000000 -0.063094
0.018566 -0.101522
0.165070 -0.109197
0.420840 -0.098777
0.559289 -0.079900
0.498568 -0.059290
0.341739 -0.040934
0.189522 -0.026543
0.079108 -0.016282
0.009577 -0.009503
-0.011003 -0.005304
0.117591 -0.002750
0.388361 -0.001333
0.678448 -0.000578
0.901256 -0.000192
1.020708 0.000000
0.944245 0.000000
0.694244 0.000000
0.405770 0.000000
0.173693 0.000000
0.021325 0.000000
-0.064043 0.000000
-0.102100 0.018566
-0.109388 0.165070
-0.098777 0.439405
-0.079900 0.705793
-0.059290 0.772904
-0.040934 0.626693
-0.026543 0.403137
-0.016282 0.207232
-0.009503 0.070975
-0.005304 -0.011858
0.015816 -0.055611
0.163737 -0.072479
0.420261 -0.071953
0.559097 -0.061718
0.498568 -0.047733
0.341739 -0.033989
0.189522 -0.022572
0.079108 -0.014110
0.009577 -0.008362
-0.029568 0.013841
-0.047478 0.162511
-0.051044 0.419507
-0.045910 0.558710
-0.036718 0.498377
-0.026824 0.341739
-0.018181 0.189522
-0.011557 0.079108
-0.006945 0.009577
-0.003971 -0.011003
-0.002172 0.117591
-0.001141 0.388361
-0.000578 0.659882
-0.000192 0.736186
0.000000 0.599869
0.000000 0.384956
0.000000 0.195676
0.000000 0.064030
0.000000 -0.015829
0.018566 -0.057783
0.165070 -0.073620
0.439405 -0.072532
0.705793 -0.061910
0.772904 -0.047733
0.626693 -0.033989
0.403137 -0.022572
0.207232 -0.014110
0.070975 -0.008362
-0.011858 -0.004725
-0.055611 0.016007
-0.072479 0.163737
-0.071953 0.420261
-0.061718 0.559097
-0.047733 0.498568
-0.033989 0.341739
-0.022572 0.189522
-0.014110 0.079108
-0.008362 0.009577
-0.004725 -0.011003
-0.002559 0.117591
-0.001333 0.369796
-0.000578 0.513378
-0.000192 0.461851
0.000000 0.314916
0.000000 0.171341
0.000000 0.067551
0.000000 0.002632
0.018566 -0.033539
0.165070 -0.049650
0.420840 -0.052185
0.559289 -0.046489
0.498568 -0.036909
0.341739 -0.026824
0.189522 -0.018181
0.079108 -0.011557
0.009577 -0.006945
-0.011003 -0.003971
0.117591 -0.002172
0.388361 -0.001141
0.659882 -0.000578
0.736186 -0.000192
0.599869 0.000000
0.384956 0.000000
0.195676 0.000000
0.064030 0.000000
-0.015829 0.000000
-0.057783 0.000000
-0.055055 0.000000
0.092538 0.000000
0.358929 0.000000
0.511555 0.000000
0.464579 0.000000
0.319167 0.000000
0.175412 0.000000
0.070746 0.000000
0.004852 0.000000
-0.032127 0.000000
-0.048811 0.000000
-0.051622 0.018566
-0.046102 0.165070
-0.036718 0.439405
-0.026824 0.724358
-0.018181 0.937974
-0.011557 1.047532
-0.006945 0.962426
-0.003971 0.705800
-0.002172 0.412714
-0.001141 0.177664
-0.000578 0.023497
-0.000192 -0.062902
0.000000 -0.082956
0.000000 0.055873
0.000000 0.322062
0.000000 0.479389
0.000000 0.439279
0.000000 0.300806
0.000000 0.162979
0.000000 0.062826
0.000000 0.000074
0.000000 -0.034872
0.000000 -0.050228
0.000000 -0.033811
0.000000 0.118581
0.000000 0.402496
0.000000 0.678969
0.000000 0.754723
0.000000 0.615136
0.000000 0.396193
0.000000 0.203261
0.000000 0.068803
0.000000 -0.013000
0.000000 -0.037624
0.000000 0.092399
0.000000 0.348886
0.000000 0.497570
0.000000 0.450835
0.000000 0.307750
0.000000 0.166950
0.000000 0.064998
0.000000 0.001215
0.018566 -0.034294
0.165070 -0.050037
0.439405 -0.052377
0.724358 -0.046489
0.919408 -0.036909
0.901028 -0.026824
0.688090 -0.018181
0.420847 -0.011557
0.199099 -0.006945
0.049540 -0.003971
-0.037901 -0.002172
-0.080612 -0.001141
-0.074823 -0.000578
0.077308 -0.000192
0.348105 0.000000
0.504390 0.000000
0.460188 0.000000
0.316614 0.000000
0.173995 0.000000
0.069992 0.000000
0.004465 0.000000
-0.032319 0.018566
-0.048811 0.165070
-0.051622 0.439405
-0.046102 0.724358
-0.036718 0.919408
-0.026824 0.901028
-0.018181 0.688090
-0.011557 0.420847
-0.006945 0.199099
-0.003971 0.049540
-0.002172 -0.037901
-0.001141 -0.062046
-0.000578 0.071681
-0.000192 0.333078
0.000000 0.486555
0.000000 0.443670
0.000000 0.303359
0.000000 0.164396
0.000000 0.063581
0.000000 0.000461
0.000000 -0.034680
0.000000 -0.050228
0.018566 -0.052377
0.165070 -0.046489
0.420840 -0.036909
0.559289 -0.026824
0.498568 -0.018181
0.341739 -0.011557
0.189522 -0.006945
0.079108 -0.003971
0.009577 -0.002172
-0.011003 -0.001141
0.117591 -0.000578
0.388361 -0.000192
0.678448 0.000000
0.882690 0.000000
0.874204 0.000000
0.669909 0.000000
0.409291 0.000000
0.192154 0.000000
0.045569 0.000000
-0.040073 0.000000
-0.063188 0.000000
0.071102 0.000000
0.351452 0.000000
0.633058 0.000000
0.718005 0.000000
0.588312 0.000000
0.378012 0.000000
0.191705 0.000000
0.061859 0.000000
-0.016970 0.000000
-0.058362 0.000000
-0.073812 0.000000
-0.072532 0.000000
-0.061910 0.000000
-0.047733 0.000000
-0.033989 0.000000
-0.022572 0.000000
-0.014110 0.000000
-0.008362 0.000000
-0.004725 0.000000
-0.002559 0.000000
-0.001333 0.000000
-0.000578 0.000000
-0.000192 0.000000
0.000000 0.000000
0.000000 0.000000
0.000000 0.000000
0.000000 0.000000
0.000000 0.000000
0.000000 0.000000
0.000000 0.000000
0.000000 0.000000
0.000000 0.000000
0.000000 0.000000
0.000000 0.000000
0.000000 0.000000
0.000000 0.000000
0.000000 0.000000
0.000000 0.000000
0.000000 0.000000
0.000000 0.000000
0.000000 0.000000
0.000000 0.000000
0.000000 0.000000
0.000000 0.000000
0.000000 0.000000
0.000000 0.000000
0.000000 0.000000
0.000000 0.000000
0.000000 0.000000
0.000000 0.000000
0.000000 0.000000
0.000000 0.000000
0.000000 0.000000
0.000000 0.000000
0.000000 0.000000
0.000000 0.000000
0.000000 0.000000
0.000000 0.000000
0.000000 0.000000
0.000000 0.000000
0.000000 0.000000
0.000000 0.000000
0.000000 0.000000
0.000000 0.000000
0.000000 0.000000
0.000000 0.000000
0.000000 0.000000
0.000000 0.000000
0.000000 0.000000
0.000000 0.000000
0.000000 0.000000
0.000000 0.000000
0.000000 0.000000
0.000000 0.000000
0.000000 0.000000
0.000000 0.000000
0.000000 0.000000
0.000000 0.000000
0.000000 0.000000
0.000000 0.000000
0.000000 0.000000
0.000000 0.000000
0.000000 0.000000
0.000000 0.000000
0.000000 0.000000
0.000000 0.000000
0.000000 0.000000
0.000000 0.000000
0.000000 0.000000
0.000000 0.000000
0.000000 0.000000
0.000000 0.000000
0.000000 0.000000
0.000000 0.000000
0.000000 0.000000
0.000000 0.000000
0.000000 0.000000
