0.000000 0.000000
0.000000 0.000000
0.000000 0.000000
0.000000 0.000000
0.000000 0.000000
0.000000 0.000000
0.000000 0.000000
0.000000 0.000000
0.000000 0.000000
0.000000 0.000000
0.000000 0.000000
0.000000 0.000000
0.000000 0.000000
0.000000 0.000000
0.000000 0.000000
0.000378 0.000000
0.006719 0.000000
0.031986 0.000000
0.087849 0.000000
0.177292 0.000000
0.294062 0.000000
0.426474 0.000000
0.561522 0.000000
0.683161 0.000000
0.771467 0.000000
0.811278 0.000000
0.798855 0.000000
0.741500 0.000000
0.652904 0.000000
0.548055 0.000000
0.439746 0.000000
0.337061 0.000000
0.245331 0.000000
0.166879 0.000000
0.101987 0.000000
0.049773 0.000000
0.008832 0.000000
-0.022369 0.000000
-0.045284 0.000000
-0.061222 0.000000
-0.071338 0.000000
-0.076660 0.000000
-0.077740 0.000000
-0.069833 0.000000
-0.040743 0.000000
0.020520 0.000000
0.115972 0.000000
0.233273 0.000000
0.347378 0.000000
0.433682 0.000000
0.478524 0.000000
0.481056 0.000000
0.449399 0.000000
0.395404 0.000000
0.330593 0.000000
0.263979 0.000000
0.201471 0.000000
0.146224 0.000000
0.099380 0.000000
0.060840 0.000000
0.029875 0.000000
0.005531 0.000000
-0.013137 0.000000
-0.026977 0.000000
-0.036682 0.000378
-0.042942 0.006719
-0.046324 0.031986
-0.047350 0.087849
-0.046509 0.177292
-0.044254 0.294062
-0.041002 0.426474
-0.037160 0.561900
-0.032988 0.689881
-0.028740 0.803075
-0.024614 0.892407
-0.020750 0.944162
-0.017238 0.947714
-0.014124 0.902086
-0.011425 0.815893
-0.009131 0.703152
-0.007214 0.578614
-0.005638 0.454577
-0.004362 0.339574
-0.003341 0.238423
-0.002536 0.153003
-0.001908 0.083224
-0.001424 0.027880
-0.001054 -0.014725
-0.000774 -0.046391
-0.000564 -0.068825
-0.000409 -0.083569
-0.000253 -0.091993
-0.000139 -0.094938
-0.000058 -0.087903
0.000000 -0.058899
0.000000 0.002884
0.000000 0.099682
0.000000 0.224605
0.000000 0.365071
0.000000 0.502460
0.000000 0.613055
0.000000 0.678018
0.000000 0.690755
0.000000 0.656715
0.000000 0.588627
0.000000 0.501165
0.000000 0.407210
0.000000 0.316133
0.000000 0.233627
0.000000 0.162369
0.000000 0.102956
0.000000 0.054779
0.000000 0.016666
0.000000 -0.012673
0.000000 -0.034562
0.000000 -0.050141
0.000000 -0.060413
0.000000 -0.065891
0.000000 -0.061795
0.000000 -0.035907
0.000000 0.022766
0.000000 0.116591
0.000000 0.238728
0.000000 0.377078
0.000000 0.518630
0.000000 0.652626
0.000000 0.771505
0.000000 0.866047
0.000000 0.922454
0.000000 0.930068
0.000000 0.887917
0.000000 0.804645
0.000000 0.694321
0.000000 0.571751
0.000000 0.449297
0.000000 0.335549
0.000000 0.235382
0.000000 0.150725
0.000000 0.081531
0.000000 0.026632
0.000000 -0.015639
0.000000 -0.046636
0.000000 -0.062514
0.000000 -0.051835
0.000000 -0.004284
0.000000 0.081541
0.000000 0.192720
0.000000 0.303603
0.000000 0.389087
0.000000 0.434978
0.000000 0.439933
0.000000 0.411627
0.000000 0.361528
0.000000 0.300842
0.000000 0.238339
0.000000 0.179750
0.000000 0.128109
0.000000 0.084491
0.000000 0.048767
0.000000 0.020207
0.000000 -0.002119
0.000000 -0.019123
0.000000 -0.031612
0.000000 -0.040277
0.000378 -0.045711
0.006719 -0.048446
0.031986 -0.048930
0.087849 -0.047675
0.176914 -0.045110
0.287343 -0.041625
0.394488 -0.037569
0.474051 -0.033240
0.512588 -0.028880
0.509391 -0.024673
0.472652 -0.020750
0.414248 -0.017238
0.345682 -0.014124
0.275925 -0.011425
0.210829 -0.009131
0.153479 -0.007214
0.104951 -0.005638
0.065079 -0.004362
0.033072 -0.003341
0.008300 -0.002536
-0.004643 -0.001908
0.006315 -0.001424
0.052080 -0.001054
0.134595 -0.000774
0.241427 -0.000564
0.347391 -0.000409
0.427682 -0.000253
0.468392 -0.000139
0.468388 -0.000058
0.435492 0.000000
0.381260 0.000000
0.316941 0.000000
0.251311 0.000000
0.190078 0.000000
0.136241 0.000000
0.090827 0.000000
0.053654 0.000000
0.023941 0.000000
0.001086 0.000000
-0.010281 0.000000
0.001953 0.000000
0.048738 0.000000
0.132436 0.000000
0.246239 0.000000
0.377953 0.000000
0.514477 0.000000
0.644533 0.000000
0.755167 0.000000
0.829571 0.000000
0.855059 0.000000
0.829390 0.000000
0.760643 0.000000
0.662730 0.000000
0.550489 0.000000
0.436509 0.000000
0.329580 0.000000
0.234770 0.000000
0.154188 0.000000
0.087951 0.000000
0.035047 0.000000
-0.006038 0.000000
-0.036556 0.000000
-0.052467 0.000000
-0.042206 0.000000
0.004657 0.000000
0.089625 0.000000
0.199861 0.000000
0.309822 0.000000
0.394442 0.000000
0.439513 0.000000
0.443716 0.000000
0.414741 0.000000
0.364022 0.000000
0.302817 0.000000
0.239886 0.000000
0.180948 0.000000
0.129028 0.000000
0.085189 0.000000
0.049293 0.000000
0.020600 0.000000
-0.001828 0.000000
-0.018909 0.000000
-0.031456 0.000000
-0.040164 0.000000
-0.045630 0.000000
-0.048010 0.000000
-0.042210 0.000000
-0.015689 0.000000
0.042739 0.000000
0.135667 0.000000
0.256493 0.000000
0.393234 0.000000
0.533020 0.000000
0.664830 0.000000
0.775983 0.000000
0.849903 0.000000
0.874175 0.000000
0.846845 0.000000
0.776185 0.000000
0.676267 0.000000
0.562089 0.000000
0.446272 0.000000
0.337663 0.000000
0.241364 0.000000
0.159493 0.000000
0.092165 0.000000
0.038355 0.000000
-0.003471 0.000000
-0.034584 0.000000
-0.050967 0.000000
-0.041035 0.000000
0.005571 0.000000
0.090718 0.000000
0.207145 0.000000
0.342216 0.000000
0.482543 0.000000
0.616566 0.000000
0.731117 0.000000
0.809229 0.000000
0.838074 0.000000
0.815406 0.000000
0.749276 0.000000
0.653600 0.000000
0.543275 0.000000
0.430871 0.000000
0.325218 0.000000
0.231428 0.000000
0.151652 0.000000
0.086043 0.000000
0.033623 0.000000
-0.007092 0.000000
-0.037707 0.000000
-0.059750 0.000000
-0.074601 0.000378
-0.083444 0.006719
-0.087429 0.031986
-0.087540 0.087849
-0.084666 0.176914
-0.079609 0.287343
-0.073076 0.394488
-0.065675 0.474051
-0.057911 0.512588
-0.050225 0.509391
-0.042865 0.472652
-0.036040 0.414248
-0.029881 0.345682
-0.024451 0.275925
-0.019762 0.210829
-0.015787 0.153479
-0.012472 0.104951
-0.009750 0.065079
-0.007546 0.033072
-0.005785 0.007922
-0.004017 -0.011363
0.003409 -0.025671
0.029514 -0.035769
0.086016 -0.042320
0.175986 -0.045915
0.293149 -0.047097
0.425852 -0.046369
0.561491 -0.044196
0.689250 -0.041002
0.796594 -0.037160
0.867082 -0.032988
0.888299 -0.028740
0.858270 -0.024614
0.785316 -0.020750
0.683481 -0.017238
0.567727 -0.014124
0.450633 -0.011425
0.341005 -0.009131
0.243900 -0.007214
0.161401 -0.005638
0.093589 -0.004362
0.039408 -0.003341
-0.002697 -0.002536
-0.034397 -0.001530
-0.057278 0.005296
-0.072769 0.030932
-0.082138 0.087075
-0.086516 0.176728
-0.086918 0.293654
-0.084258 0.425844
-0.079357 0.555041
-0.072936 0.657836
-0.065617 0.715604
-0.057911 0.721834
-0.050225 0.682085
-0.042865 0.609088
-0.036040 0.517478
-0.029881 0.420074
-0.024451 0.326174
-0.019762 0.241387
-0.015787 0.168310
-0.012472 0.107464
-0.009750 0.058171
-0.007546 0.019196
-0.005785 -0.010840
-0.004395 -0.033256
-0.003310 -0.049228
-0.002472 -0.059413
-0.001832 -0.059141
-0.001306 -0.036276
-0.000913 0.020095
-0.000622 0.112268
-0.000409 0.233361
-0.000253 0.371139
-0.000139 0.512504
-0.000058 0.646233
0.000000 0.759478
0.000000 0.835570
0.000000 0.861939
0.000000 0.836563
0.000000 0.767671
0.000000 0.669311
0.000000 0.556479
0.000000 0.441802
0.000000 0.334142
0.000000 0.238620
0.000000 0.157376
0.000000 0.090548
0.000000 0.037130
0.000000 -0.004390
0.000000 -0.035268
0.000000 -0.051472
0.000000 -0.041405
0.000000 0.005302
0.000000 0.090524
0.000000 0.207005
0.000000 0.342158
0.000000 0.482543
0.000000 0.616566
0.000000 0.731117
0.000000 0.809229
0.000000 0.838074
0.000000 0.815406
0.000000 0.749276
0.000000 0.653600
0.000000 0.543275
0.000000 0.430871
0.000000 0.325218
0.000000 0.231428
0.000000 0.151652
0.000000 0.086043
0.000000 0.033623
0.000000 -0.007092
0.000378 -0.037707
0.006719 -0.059750
0.031986 -0.074601
0.087849 -0.083444
0.177292 -0.087429
0.294062 -0.087540
0.426474 -0.084666
0.561900 -0.079609
0.689881 -0.073076
0.803075 -0.065675
0.892407 -0.057911
0.944162 -0.050225
0.947714 -0.042865
0.902086 -0.036040
0.815893 -0.029881
0.703152 -0.024451
0.578614 -0.019762
0.454577 -0.015787
0.339574 -0.012472
0.238423 -0.009750
0.153003 -0.007546
0.083224 -0.005785
0.027880 -0.004395
-0.014725 -0.003310
-0.046013 -0.002472
-0.062105 -0.001832
-0.051583 -0.001306
-0.004145 -0.000913
0.081976 -0.000622
0.199440 -0.000409
0.335589 -0.000253
0.476935 -0.000139
0.612270 -0.000058
0.733995 0.000000
0.837723 0.000000
0.916708 0.000000
0.958737 0.000000
0.953944 0.000000
0.901584 0.000000
0.810194 0.000000
0.693579 0.000000
0.566245 0.000000
0.440281 0.000000
0.324055 0.000000
0.222265 0.000000
0.136698 0.000000
0.067187 0.000000
0.012460 0.000000
-0.029250 0.000000
-0.059770 0.000378
-0.080931 0.006719
-0.094338 0.031986
-0.101416 0.087849
-0.103429 0.177292
-0.101503 0.294062
-0.096633 0.426474
-0.089697 0.561900
-0.081451 0.689503
-0.072572 0.796733
-0.063520 0.867140
-0.054695 0.888299
-0.046386 0.858270
-0.038784 0.785316
-0.031998 0.683481
-0.026069 0.567727
-0.020987 0.450633
-0.016706 0.341005
-0.013156 0.243900
-0.010255 0.161401
-0.007916 0.093589
-0.006054 0.039408
-0.004589 -0.002697
-0.003450 -0.034397
-0.002531 -0.057278
-0.001832 -0.072391
-0.001306 -0.075418
-0.000913 -0.054530
-0.000622 0.000931
-0.000409 0.092656
-0.000253 0.207986
-0.000139 0.321552
-0.000058 0.408435
0.000000 0.454678
0.000000 0.459165
0.000000 0.429788
0.000000 0.378208
0.000000 0.315801
0.000000 0.251474
0.000000 0.191066
0.000000 0.137692
0.000000 0.092480
0.000000 0.055329
0.000000 0.025526
0.000378 0.002137
0.006719 -0.015758
0.031986 -0.028981
0.087849 -0.038241
0.177292 -0.044152
0.294062 -0.047222
0.426474 -0.048011
0.561900 -0.046992
0.689503 -0.044605
0.796733 -0.041255
0.867140 -0.037300
0.888299 -0.033046
0.858270 -0.028740
0.785316 -0.024614
0.683481 -0.020750
0.567727 -0.017238
0.450633 -0.014124
0.341005 -0.011425
0.243900 -0.009131
0.161401 -0.007214
0.093589 -0.005638
0.039408 -0.004362
-0.002697 -0.003341
-0.034019 -0.002536
-0.050558 -0.001908
-0.040783 -0.001424
0.005711 -0.001054
0.090776 -0.000774
0.207145 -0.000564
0.342216 -0.000409
0.482543 -0.000253
0.616566 -0.000139
0.731117 -0.000058
0.809229 0.000000
0.838074 0.000000
0.815406 0.000000
0.749276 0.000000
0.653600 0.000000
0.543275 0.000000
0.430871 0.000000
0.325218 0.000000
0.231428 0.000000
0.151652 0.000000
0.086043 0.000000
0.033623 0.000000
-0.007092 0.000000
-0.037707 0.000378
-0.059750 0.006719
-0.074601 0.031986
-0.083444 0.087849
-0.087429 0.177292
-0.087540 0.293684
-0.084666 0.419755
-0.079609 0.529914
-0.073076 0.602032
-0.065675 0.626161
-0.057911 0.605064
-0.050225 0.549673
-0.042865 0.473662
-0.036040 0.389498
-0.029881 0.306502
-0.024451 0.230500
-0.019762 0.164366
-0.015787 0.108895
-0.012472 0.063648
-0.009750 0.027594
-0.007168 -0.000476
0.000934 -0.021727
0.027591 -0.037200
0.084538 -0.047797
0.174442 -0.054313
0.285511 -0.057462
0.393182 -0.057898
0.473138 -0.056225
0.511966 -0.052996
0.508982 -0.048707
0.472400 -0.043788
0.414108 -0.038596
0.345623 -0.033414
0.275925 -0.028455
0.210829 -0.023865
0.153479 -0.019732
0.104951 -0.016099
0.065079 -0.012971
0.033072 -0.010328
0.008300 -0.008133
-0.004643 -0.006336
0.006315 -0.004888
0.052080 -0.003734
0.134973 -0.002827
0.248147 -0.002122
0.378999 -0.001580
0.508811 -0.001167
0.613698 -0.000855
0.674602 -0.000622
0.684674 -0.000409
0.649098 -0.000253
0.580348 -0.000139
0.492864 -0.000058
0.399324 0.000000
0.308936 0.000000
0.227263 0.000000
0.156885 0.000000
0.098334 0.000000
0.050957 0.000000
0.013558 0.000000
-0.014824 0.000000
-0.029878 0.000000
-0.019778 0.000000
0.026149 0.000000
0.110008 0.000000
0.224746 0.000000
0.357569 0.000000
0.489592 0.000000
0.596785 0.000000
0.660017 0.000000
0.672299 0.000000
0.638758 0.000000
0.571833 0.000000
0.485908 0.000000
0.393714 0.000000
0.304467 0.000000
0.223742 0.000000
0.154141 0.000000
0.096217 0.000000
0.049340 0.000000
0.012334 0.000000
-0.015743 0.000000
-0.030562 0.000000
-0.020283 0.000000
0.025780 0.000000
0.109739 0.000000
0.224552 0.000000
0.357430 0.000000
0.489534 0.000000
0.596785 0.000000
0.660017 0.000000
0.672299 0.000000
0.638758 0.000000
0.571833 0.000000
0.485908 0.000000
0.393714 0.000000
0.304467 0.000000
0.223742 0.000000
0.154141 0.000000
0.096217 0.000000
0.049340 0.000000
0.012334 0.000000
-0.016121 0.000000
-0.037281 0.000378
-0.052269 0.006719
-0.062069 0.031986
-0.067553 0.087849
-0.069510 0.177292
-0.068667 0.294062
-0.065647 0.426474
-0.061110 0.561900
-0.055587 0.689503
-0.049535 0.796733
-0.043328 0.867140
-0.037255 0.888299
-0.031570 0.858270
-0.026360 0.785316
-0.021707 0.683481
-0.017645 0.567727
-0.014169 0.450633
-0.011247 0.341005
-0.008831 0.243900
-0.006862 0.161401
-0.005280 0.093589
-0.004025 0.039408
-0.003041 -0.002697
-0.002278 -0.034397
-0.001693 -0.057278
-0.001248 -0.072769
-0.000913 -0.081760
-0.000622 -0.079796
-0.000409 -0.054932
-0.000253 0.003591
-0.000139 0.097935
-0.000058 0.221126
0.000000 0.360857
0.000000 0.503989
0.000000 0.639655
0.000000 0.760211
0.000000 0.856367
0.000000 0.914281
0.000000 0.923262
0.000000 0.882324
0.000000 0.800106
0.000000 0.690681
0.000000 0.568864
0.000000 0.447031
0.000000 0.333789
0.000000 0.234028
0.000000 0.149693
0.000000 0.080752
0.000000 0.026047
0.000000 -0.016032
0.000000 -0.047304
0.000000 -0.069447
0.000000 -0.083977
0.000000 -0.092246
0.000378 -0.095455
0.006719 -0.094681
0.031986 -0.090885
0.087849 -0.084965
0.177292 -0.077610
0.294062 -0.069458
0.426474 -0.061026
0.561900 -0.052720
0.689881 -0.044839
0.803453 -0.037586
0.898749 -0.031079
0.969428 -0.025370
1.003576 -0.020461
0.991530 -0.016313
0.932663 -0.012865
0.835564 -0.010041
0.714039 -0.007760
0.582558 -0.005941
0.453146 -0.004508
0.334096 -0.003391
0.230025 -0.002531
0.142639 -0.001832
0.071696 -0.001306
0.015851 -0.000913
-0.026719 -0.000622
-0.057938 -0.000031
-0.079625 0.006467
-0.093424 0.031847
-0.100793 0.087790
-0.103021 0.176914
-0.101250 0.287343
-0.096493 0.394488
-0.089639 0.474051
-0.081451 0.512588
-0.072572 0.509391
-0.063520 0.472652
-0.054695 0.414248
-0.046386 0.345682
-0.038784 0.275925
-0.031998 0.210829
-0.026069 0.153479
-0.020987 0.104951
-0.016706 0.065079
-0.013156 0.033072
-0.010255 0.008300
-0.007916 -0.004643
-0.006054 0.006315
-0.004589 0.052080
-0.003450 0.134595
-0.002531 0.241427
-0.001832 0.347391
-0.001306 0.427682
-0.000913 0.468392
-0.000622 0.468388
-0.000409 0.435492
-0.000253 0.381260
-0.000139 0.316941
-0.000058 0.251311
0.000000 0.190078
0.000000 0.136241
0.000000 0.090827
0.000000 0.053654
0.000000 0.023941
0.000000 0.000709
0.000000 -0.017001
0.000000 -0.030033
0.000000 -0.039110
0.000000 -0.044478
0.000000 -0.041104
0.000000 -0.016535
0.000000 0.040426
0.000000 0.131944
0.000000 0.245776
0.000000 0.356919
0.000000 0.440811
0.000000 0.483709
0.000000 0.484718
0.000000 0.451902
0.000000 0.397010
0.000000 0.331557
0.000000 0.264500
0.000000 0.201698
0.000000 0.146265
0.000000 0.099313
0.000000 0.060718
0.000000 0.029730
0.000000 0.005386
0.000000 -0.013271
0.000000 -0.027095
0.000000 -0.036822
0.000000 -0.042716
0.000000 -0.039760
0.000000 -0.015520
0.000000 0.041227
0.000000 0.132956
0.000000 0.253002
0.000000 0.388936
0.000000 0.522193
0.000000 0.629154
0.000000 0.690990
0.000000 0.701084
0.000000 0.664848
0.000000 0.594964
0.000000 0.506053
0.000000 0.410944
0.000000 0.318960
0.000000 0.235749
0.000000 0.163948
0.000000 0.104123
0.000000 0.055635
0.000000 0.017288
0.000000 -0.012264
0.000000 -0.034310
0.000000 -0.050002
0.000000 -0.060355
0.000000 -0.066269
0.000000 -0.068137
0.000000 -0.061173
0.000000 -0.033096
0.000000 0.027148
0.000000 0.121957
0.000000 0.244666
0.000000 0.383204
0.000000 0.524645
0.000000 0.658311
0.000000 0.777093
0.000000 0.877041
0.000000 0.951783
0.000000 0.989407
0.000000 0.980282
0.000000 0.923832
0.000000 0.828702
0.000000 0.708759
0.000000 0.578532
0.000000 0.450105
0.000000 0.331818
0.000000 0.228332
0.000000 0.141391
0.000000 0.070782
0.000000 0.015229
0.000000 -0.027128
0.000000 -0.058190
0.000000 -0.079764
0.000000 -0.093483
0.000000 -0.100793
0.000000 -0.103021
0.000000 -0.101250
0.000000 -0.096493
0.000000 -0.089639
0.000000 -0.081451
0.000000 -0.072572
0.000000 -0.063520
0.000000 -0.054695
0.000000 -0.046386
0.000000 -0.038784
0.000000 -0.031998
0.000000 -0.026069
0.000000 -0.020987
0.000000 -0.016706
0.000000 -0.013156
0.000000 -0.010255
0.000000 -0.007916
0.000000 -0.006054
0.000000 -0.004589
0.000000 -0.003450
0.000000 -0.002531
0.000000 -0.001832
0.000000 -0.001306
0.000000 -0.000913
0.000000 -0.000622
0.000000 -0.000409
0.000000 -0.000253
0.000000 -0.000139
0.000000 -0.000058
0.000000 0.000000
0.000000 0.000000
0.000000 0.000000
0.000000 0.000000
0.000000 0.000000
0.000000 0.000000
0.000000 0.000000
0.000000 0.000000
0.000000 0.000000
0.000000 0.000000
0.000000 0.000000
0.000000 0.000000
0.000000 0.000000
0.000000 0.000000
0.000000 0.000000
0.000000 0.000000
0.000000 0.000000
0.000000 0.000000
0.000000 0.000000
0.000000 0.000000
