0.000000 0.000000
0.000000 0.000000
0.000000 0.000000
0.000000 0.000000
0.000000 0.000000
0.000000 0.000000
0.000000 0.000000
0.000000 0.000000
0.000000 0.000000
0.000000 0.000000
0.000000 0.000000
0.000000 0.000000
0.000000 0.000000
0.000000 0.000000
0.000000 0.000000
0.000000 0.000000
0.000000 0.000000
0.000378 0.000000
0.006719 0.000000
0.031986 0.000000
0.087849 0.000000
0.176914 0.000000
0.287343 0.000000
0.394488 0.000000
0.474051 0.000000
0.512588 0.000000
0.509391 0.000000
0.472652 0.000000
0.414248 0.000000
0.345682 0.000000
0.275925 0.000000
0.210829 0.000000
0.153479 0.000000
0.104951 0.000000
0.065079 0.000000
0.033072 0.000000
0.007922 0.000000
-0.011363 0.000378
-0.025671 0.006719
-0.035769 0.031986
-0.042320 0.087849
-0.045915 0.177292
-0.047097 0.294062
-0.046369 0.426096
-0.044196 0.555180
-0.041002 0.657895
-0.037160 0.715604
-0.032988 0.721834
-0.028740 0.682085
-0.024614 0.609088
-0.020750 0.517478
-0.017238 0.420074
-0.014124 0.326174
-0.011425 0.241387
-0.009131 0.168310
-0.007214 0.107464
-0.005638 0.058171
-0.004362 0.019196
-0.003341 -0.010463
-0.002536 -0.026536
-0.001908 -0.017242
-0.001424 0.028058
-0.001054 0.111432
-0.000774 0.225800
-0.000564 0.358721
-0.000409 0.496876
-0.000253 0.628802
-0.000139 0.741399
-0.000058 0.817744
0.000000 0.845029
0.000000 0.821015
0.000000 0.753746
0.000000 0.657121
0.000000 0.546019
0.000000 0.432988
0.000000 0.326835
0.000000 0.232653
0.000000 0.152570
0.000000 0.086726
0.000000 0.034128
0.000000 -0.006722
0.000000 -0.037061
0.000000 -0.052837
0.000000 -0.042475
0.000000 0.004463
0.000000 0.089485
0.000000 0.199803
0.000000 0.309822
0.000000 0.394442
0.000000 0.439513
0.000000 0.443716
0.000000 0.414741
0.000000 0.364022
0.000000 0.302817
0.000000 0.239886
0.000000 0.180948
0.000000 0.129028
0.000000 0.085189
0.000000 0.049293
0.000000 0.020600
0.000000 -0.001450
0.000000 -0.012189
0.000000 0.000530
0.000000 0.047685
0.000000 0.131285
0.000000 0.238955
0.000000 0.345558
0.000000 0.426376
0.000000 0.467479
0.000000 0.467766
0.000000 0.435083
0.000000 0.381007
0.000000 0.316802
0.000000 0.251253
0.000000 0.190078
0.000000 0.136241
0.000000 0.090827
0.000000 0.053654
0.000000 0.023941
0.000378 0.000709
0.006719 -0.017001
0.031986 -0.030033
0.087849 -0.039110
0.177292 -0.044856
0.294062 -0.047824
0.426474 -0.048521
0.561522 -0.047423
0.683161 -0.044970
0.771467 -0.041567
0.811278 -0.037569
0.798855 -0.033240
0.741500 -0.028880
0.652904 -0.024673
0.548055 -0.020750
0.439746 -0.017238
0.337061 -0.014124
0.245331 -0.011425
0.166879 -0.009131
0.101987 -0.007214
0.049773 -0.005638
0.008832 -0.004362
-0.022369 -0.002964
-0.045284 0.004183
-0.061222 0.030078
-0.071338 0.086425
-0.076660 0.176238
-0.078118 0.292911
-0.076553 0.419190
-0.072729 0.529505
-0.067328 0.601780
-0.060943 0.626021
-0.054070 0.605006
-0.047111 0.549673
-0.040370 0.473662
-0.034065 0.389498
-0.028335 0.306502
-0.023253 0.230500
-0.018843 0.164366
-0.015088 0.108895
-0.011946 0.063648
-0.009357 0.027594
-0.007255 -0.000476
-0.005571 -0.021727
-0.004239 -0.037200
-0.003197 -0.047419
-0.002391 -0.047594
-0.001774 -0.025476
-0.001306 0.029951
-0.000913 0.121068
-0.000622 0.241066
-0.000409 0.377389
-0.000253 0.511393
-0.000139 0.619299
-0.000058 0.682190
0.000000 0.693379
0.000000 0.658220
0.000000 0.589356
0.000000 0.501379
0.000000 0.407103
0.000000 0.315845
0.000000 0.233255
0.000000 0.161974
0.000000 0.102577
0.000000 0.054437
0.000000 0.016369
0.000378 -0.012962
0.006719 -0.034836
0.031986 -0.050395
0.087849 -0.060646
0.177292 -0.066483
0.294062 -0.068671
0.426474 -0.068006
0.561900 -0.065164
0.689881 -0.060759
0.803075 -0.055335
0.892407 -0.049396
0.944162 -0.043270
0.947714 -0.037255
0.902086 -0.031570
0.815893 -0.026360
0.703152 -0.021707
0.578614 -0.017645
0.454577 -0.014169
0.339574 -0.011247
0.238423 -0.008831
0.153003 -0.006862
0.083224 -0.005280
0.027880 -0.004025
-0.014725 -0.003041
-0.046013 -0.002278
-0.062105 -0.001693
-0.051583 -0.001248
-0.004145 -0.000913
0.081599 -0.000622
0.192720 -0.000409
0.303603 -0.000253
0.389087 -0.000139
0.434978 -0.000058
0.439933 0.000000
0.411627 0.000000
0.361528 0.000000
0.300842 0.000000
0.238339 0.000000
0.179750 0.000000
0.128109 0.000000
0.084491 0.000000
0.048767 0.000000
0.020207 0.000000
-0.002119 0.000378
-0.019123 0.006719
-0.031612 0.031986
-0.040277 0.087849
-0.045711 0.177292
-0.048446 0.294062
-0.048930 0.426096
-0.047675 0.555180
-0.045110 0.657895
-0.041625 0.715604
-0.037569 0.721834
-0.033240 0.682085
-0.028880 0.609088
-0.024673 0.517478
-0.020750 0.420074
-0.017238 0.326174
-0.014124 0.241387
-0.011425 0.168310
-0.009131 0.107464
-0.007214 0.058171
-0.005638 0.019196
-0.003984 -0.010840
0.003378 -0.033256
0.029450 -0.049228
0.085940 -0.059791
0.175868 -0.065860
0.293009 -0.068262
0.425323 -0.067753
0.554616 -0.065024
0.657486 -0.060701
0.715352 -0.055335
0.721695 -0.049396
0.682027 -0.043270
0.609088 -0.037255
0.517478 -0.031570
0.420074 -0.026360
0.326174 -0.021707
0.241387 -0.017645
0.168310 -0.014169
0.107464 -0.011247
0.058171 -0.008831
0.019196 -0.006862
-0.010840 -0.004903
-0.033256 0.002694
-0.049228 0.028945
-0.059791 0.085570
-0.065860 0.175222
-0.068262 0.286095
-0.067753 0.393575
-0.065024 0.473429
-0.060701 0.512180
-0.055335 0.509138
-0.049396 0.472513
-0.043270 0.414189
-0.037255 0.345682
-0.031570 0.275925
-0.026360 0.210829
-0.021707 0.153479
-0.017645 0.104951
-0.014169 0.065079
-0.011247 0.033072
-0.008831 0.007922
-0.006862 -0.011363
-0.005280 -0.025671
-0.004025 -0.035769
-0.002663 -0.042320
0.004441 -0.045915
0.030293 -0.047097
0.086600 -0.046369
0.176379 -0.044196
0.293440 -0.041002
0.426066 -0.037160
0.561647 -0.032988
0.689363 -0.028740
0.796675 -0.024614
0.867140 -0.020750
0.888299 -0.017238
0.858270 -0.014124
0.785316 -0.011425
0.683481 -0.009131
0.567727 -0.007214
0.450633 -0.005638
0.341005 -0.004362
0.243900 -0.003341
0.161401 -0.002536
0.093589 -0.001908
0.039408 -0.001424
-0.002697 -0.001054
-0.034397 -0.000396
-0.057278 0.006155
-0.072769 0.031578
-0.082138 0.087596
-0.086516 0.176775
-0.086918 0.287285
-0.084258 0.394488
-0.079357 0.474051
-0.072936 0.512588
-0.065617 0.509391
-0.057911 0.472652
-0.050225 0.414248
-0.042865 0.345682
-0.036040 0.275925
-0.029881 0.210829
-0.024451 0.153479
-0.019762 0.104951
-0.015787 0.065079
-0.012472 0.033072
-0.009372 0.007922
-0.000827 -0.011363
0.026201 -0.025671
0.083453 -0.035769
0.173604 -0.042320
0.284870 -0.045915
0.392656 -0.047097
0.472745 -0.046369
0.511675 -0.044196
0.508768 -0.041002
0.472244 -0.037160
0.413995 -0.032988
0.345542 -0.028740
0.275867 -0.024614
0.210829 -0.020750
0.153479 -0.017238
0.104951 -0.014124
0.065079 -0.011425
0.033072 -0.009131
0.007922 -0.007214
-0.011363 -0.005638
-0.025671 -0.004362
-0.035769 -0.003341
-0.042320 -0.002536
-0.045538 -0.001908
-0.040378 -0.001424
-0.014383 -0.001054
0.043652 -0.000774
0.136290 -0.000564
0.256902 -0.000409
0.393487 -0.000253
0.533160 -0.000139
0.665266 -0.000058
0.782702 0.000000
0.881511 0.000000
0.955304 0.000000
0.992151 0.000000
0.982399 0.000000
0.925449 0.000000
0.829926 0.000000
0.709678 0.000000
0.579216 0.000000
0.450610 0.000000
0.332188 0.000000
0.228601 0.000000
0.141585 0.000000
0.070922 0.000000
0.015287 0.000000
-0.027128 0.000000
-0.058190 0.000000
-0.079764 0.000000
-0.093483 0.000000
-0.100793 0.000000
-0.103021 0.000000
-0.100872 0.000000
-0.089774 0.000000
-0.057653 0.000000
0.006397 0.000000
0.104342 0.000000
0.223822 0.000000
0.339793 0.000000
0.427666 0.000000
0.473805 0.000000
0.477393 0.000000
0.446583 0.000000
0.393261 0.000000
0.328976 0.000000
0.262770 0.000000
0.200574 0.000000
0.145563 0.000000
0.098897 0.000000
0.060490 0.000000
0.029622 0.000000
0.005770 0.000000
-0.006475 0.000000
0.005009 0.000000
0.051166 0.000000
0.133972 0.000000
0.241019 0.000000
0.347138 0.000000
0.427543 0.000000
0.468334 0.000000
0.468388 0.000000
0.435492 0.000000
0.381260 0.000000
0.316941 0.000000
0.251311 0.000000
0.190078 0.000000
0.136241 0.000000
0.090827 0.000000
0.053654 0.000000
0.023941 0.000000
0.000709 0.000378
-0.017001 0.006719
-0.030033 0.031986
-0.039110 0.087849
-0.044856 0.176914
-0.047824 0.287343
-0.048521 0.394488
-0.047423 0.474051
-0.044970 0.512588
-0.041567 0.509391
-0.037569 0.472652
-0.033240 0.414248
-0.028880 0.345682
-0.024673 0.275925
-0.020750 0.210829
-0.017238 0.153479
-0.014124 0.104951
-0.011425 0.065079
-0.009131 0.033072
-0.007214 0.007922
-0.005638 -0.010985
-0.004362 -0.018952
-0.003341 -0.003783
-0.002536 0.045529
-0.001908 0.131377
-0.001424 0.246587
-0.001054 0.373386
-0.000774 0.485718
-0.000564 0.561030
-0.000409 0.589000
-0.000253 0.572076
-0.000139 0.520933
-0.000058 0.449048
0.000000 0.368747
0.000000 0.289264
0.000000 0.216376
0.000000 0.152941
0.000000 0.099765
0.000000 0.056435
0.000000 0.021956
0.000378 -0.004837
0.006719 -0.025069
0.031986 -0.039736
0.087849 -0.049705
0.177292 -0.055737
0.293684 -0.058516
0.419755 -0.058672
0.529914 -0.056789
0.602032 -0.053405
0.626161 -0.048960
0.605064 -0.043927
0.549673 -0.038654
0.473662 -0.033414
0.389498 -0.028455
0.306502 -0.023865
0.230500 -0.019732
0.164366 -0.016099
0.108895 -0.012971
0.063648 -0.010328
0.027594 -0.008133
-0.000476 -0.006336
-0.021727 -0.004888
-0.036822 -0.003734
-0.041078 -0.002827
-0.022327 -0.002122
0.030386 -0.001580
0.119394 -0.001167
0.237838 -0.000855
0.373478 -0.000622
0.513193 -0.000409
0.646093 -0.000253
0.764479 -0.000139
0.858993 -0.000058
0.915706 0.000000
0.923849 0.000000
0.882354 0.000000
0.799793 0.000000
0.690181 0.000000
0.568285 0.000000
0.446444 0.000000
0.333237 0.000000
0.233535 0.000000
0.149269 0.000000
0.080397 0.000000
0.025758 0.000000
-0.016305 0.000000
-0.047558 0.000378
-0.069680 0.006719
-0.084191 0.031986
-0.092402 0.087849
-0.095568 0.177292
-0.094762 0.294062
-0.090944 0.426474
-0.084965 0.561900
-0.077610 0.689881
-0.069458 0.803453
-0.061026 0.898749
-0.052720 0.969428
-0.044839 1.003576
-0.037586 0.991530
-0.031079 0.932663
-0.025370 0.835564
-0.020461 0.714039
-0.016313 0.582558
-0.012865 0.453146
-0.010041 0.334096
-0.007760 0.230025
-0.005941 0.142639
-0.004508 0.071696
-0.003391 0.015851
-0.002531 -0.026719
-0.001832 -0.057938
-0.001306 -0.079247
-0.000913 -0.086705
-0.000622 -0.068807
-0.000409 -0.015172
-0.000253 0.076042
-0.000139 0.197191
-0.000058 0.330116
0.000000 0.448463
0.000000 0.529460
0.000000 0.562640
0.000000 0.550369
0.000000 0.503288
0.000000 0.434878
0.000000 0.357500
0.000000 0.280433
0.000000 0.209514
0.000000 0.147660
0.000000 0.095740
0.000000 0.053394
0.000000 0.019678
0.000378 -0.006530
0.006719 -0.026317
0.031986 -0.040649
0.087849 -0.050328
0.177292 -0.056146
0.294062 -0.058768
0.426096 -0.058811
0.555180 -0.056847
0.657895 -0.053405
0.715604 -0.048960
0.721834 -0.043927
0.682085 -0.038654
0.609088 -0.033414
0.517478 -0.028455
0.420074 -0.023865
0.326174 -0.019732
0.241387 -0.016099
0.168310 -0.012971
0.107464 -0.010328
0.058171 -0.008133
0.019196 -0.006336
-0.010840 -0.004510
-0.033256 0.002985
-0.049228 0.029159
-0.059791 0.085726
-0.065860 0.175712
-0.068262 0.292895
-0.067753 0.425619
-0.065024 0.561278
-0.060701 0.689472
-0.055335 0.803200
-0.049396 0.898609
-0.043270 0.969370
-0.037255 1.003576
-0.031570 0.991530
-0.026360 0.932663
-0.021707 0.835564
-0.017645 0.714039
-0.014169 0.582558
-0.011247 0.453146
-0.008831 0.334096
-0.006862 0.230025
-0.005280 0.142639
-0.004025 0.071696
-0.003041 0.015851
-0.002278 -0.026719
-0.001315 -0.057938
0.005471 -0.079625
0.031073 -0.093424
0.087226 -0.100793
0.176884 -0.103021
0.293810 -0.101250
0.425957 -0.096493
0.555122 -0.089639
0.657895 -0.081451
0.715604 -0.072572
0.721834 -0.063520
0.682085 -0.054695
0.609088 -0.046386
0.517478 -0.038784
0.420074 -0.031998
0.326174 -0.026069
0.241387 -0.020987
0.168310 -0.016706
0.107464 -0.013156
0.058171 -0.010255
0.019196 -0.007916
-0.010463 -0.006054
-0.026536 -0.004589
-0.017242 -0.003450
0.028058 -0.002531
0.111054 -0.001832
0.219080 -0.001306
0.326735 -0.000913
0.409027 -0.000622
0.451887 -0.000409
0.454056 -0.000253
0.423256 -0.000139
0.370978 -0.000058
0.308427 0.000000
0.244355 0.000000
0.184469 0.000000
0.131772 0.000000
0.087306 0.000000
0.050910 0.000000
0.021824 0.000000
-0.000909 0.000378
-0.018225 0.006719
-0.030951 0.031986
-0.039794 0.087849
-0.045361 0.176914
-0.048193 0.287343
-0.048790 0.394488
-0.047617 0.474051
-0.045110 0.512588
-0.041625 0.509391
-0.037569 0.472652
-0.033240 0.414248
-0.028880 0.345682
-0.024673 0.275925
-0.020750 0.210829
-0.017238 0.153479
-0.014124 0.104951
-0.011425 0.065079
-0.009131 0.033072
-0.006836 0.007922
0.001081 -0.011363
0.027625 -0.025671
0.084507 -0.035769
0.174378 -0.042320
0.285435 -0.045915
0.393064 -0.047097
0.472998 -0.046369
0.511815 -0.044196
0.508826 -0.041002
0.472244 -0.037160
0.413995 -0.032988
0.345542 -0.028740
0.275867 -0.024614
0.210829 -0.020750
0.153479 -0.017238
0.104951 -0.014124
0.065079 -0.011425
0.033072 -0.009131
0.008300 -0.007214
-0.004643 -0.005638
0.006315 -0.004362
0.052080 -0.003341
0.134595 -0.002536
0.241427 -0.001908
0.347391 -0.001424
0.427682 -0.001054
0.468392 -0.000774
0.468388 -0.000564
0.435492 -0.000409
0.381260 -0.000253
0.316941 -0.000139
0.251311 -0.000058
0.190078 0.000000
0.136241 0.000000
0.090827 0.000000
0.053654 0.000000
0.023941 0.000000
0.000709 0.000378
-0.017001 0.006719
-0.030033 0.031986
-0.039110 0.087849
-0.044856 0.177292
-0.047824 0.294062
-0.048521 0.426096
-0.047423 0.555180
-0.044970 0.657895
-0.041567 0.715604
-0.037569 0.721834
-0.033240 0.682085
-0.028880 0.609088
-0.024673 0.517478
-0.020750 0.420074
-0.017238 0.326174
-0.014124 0.241387
-0.011425 0.168310
-0.009131 0.107464
-0.007214 0.058171
-0.005638 0.019196
-0.004362 -0.010463
-0.003341 -0.026536
-0.002536 -0.017242
-0.001908 0.028058
-0.001424 0.111432
-0.001054 0.225422
-0.000774 0.352001
-0.000564 0.464890
-0.000409 0.541331
-0.000253 0.570826
-0.000139 0.555668
-0.000058 0.506404
0.000000 0.436407
0.000000 0.357927
0.000000 0.280142
0.000000 0.208793
0.000000 0.146721
0.000000 0.094726
0.000000 0.052401
0.000000 0.018763
0.000378 -0.007338
0.006719 -0.027008
0.031986 -0.041225
0.087849 -0.050838
0.177292 -0.056591
0.294062 -0.059155
0.426474 -0.059146
0.561900 -0.057138
0.689881 -0.053618
0.803453 -0.049116
0.898749 -0.044040
0.969428 -0.038735
1.003576 -0.033472
0.991530 -0.028455
0.932663 -0.023865
0.835564 -0.019732
0.714039 -0.016099
0.582558 -0.012971
0.453146 -0.010328
0.334096 -0.008133
0.230025 -0.006336
0.142639 -0.004888
0.071696 -0.003734
0.015851 -0.002827
-0.026719 -0.002122
-0.057938 -0.001580
-0.079625 -0.001167
-0.093424 -0.000478
-0.100793 0.006097
-0.103021 0.031578
-0.101250 0.087596
-0.096493 0.176775
-0.089639 0.287285
-0.081451 0.394488
-0.072572 0.474051
-0.063520 0.512588
-0.054695 0.509391
-0.046386 0.472652
-0.038784 0.414248
-0.031998 0.345682
-0.026069 0.275925
-0.020987 0.210829
-0.016706 0.153479
-0.013156 0.104951
-0.010255 0.065079
-0.007916 0.033072
-0.006054 0.007922
-0.004589 -0.011363
-0.003450 -0.025671
-0.002531 -0.035769
-0.001832 -0.042320
-0.001306 -0.045915
-0.000913 -0.047097
-0.000622 -0.046369
-0.000409 -0.044196
-0.000253 -0.041002
-0.000139 -0.037160
-0.000058 -0.032988
0.000000 -0.028740
0.000000 -0.024614
0.000000 -0.020750
0.000000 -0.017238
0.000000 -0.014124
0.000000 -0.011425
0.000000 -0.009131
0.000000 -0.007214
0.000000 -0.005638
0.000000 -0.004362
0.000000 -0.003341
0.000000 -0.002536
0.000000 -0.001908
0.000000 -0.001424
0.000000 -0.001054
0.000000 -0.000774
0.000000 -0.000564
0.000000 -0.000409
0.000000 -0.000253
0.000000 -0.000139
0.000000 -0.000058
0.000000 0.000000
0.000000 0.000000
0.000000 0.000000
0.000000 0.000000
0.000000 0.000000
0.000000 0.000000
0.000000 0.000000
0.000000 0.000000
0.000000 0.000000
0.000000 0.000000
0.000000 0.000000
0.000000 0.000000
0.000000 0.000000
0.000000 0.000000
0.000000 0.000000
0.000000 0.000000
0.000000 0.000000
0.000000 0.000000
0.000000 0.000000
0.000000 0.000000
0.000000 0.000000
0.000000 0.000000
0.000000 0.000000
0.000000 0.000000
0.000000 0.000000
0.000000 0.000000
0.000000 0.000000
0.000000 0.000000
0.000000 0.000000
0.000000 0.000000
0.000000 0.000000
0.000000 0.000000
0.000000 0.000000
0.000000 0.000000
0.000000 0.000000
0.000000 0.000000
0.000000 0.000000
0.000000 0.000000
0.000000 0.000000
0.000000 0.000000
0.000000 0.000000
0.000000 0.000000
0.000000 0.000000
0.000000 0.000000
0.000000 0.000000
0.000000 0.000000
0.000000 0.000000
0.000000 0.000000
0.000000 0.000000
0.000000 0.000000
0.000000 0.000000
0.000000 0.000000
0.000000 0.000000
0.000000 0.000000
0.000000 0.000000
0.000000 0.000000
0.000000 0.000000
0.000000 0.000000
0.000000 0.000000
0.000000 0.000000
0.000000 0.000000
0.000000 0.000000
0.000000 0.000000
0.000000 0.000000
0.000000 0.000000
0.000000 0.000000
0.000000 0.000000
0.000000 0.000000
0.000000 0.000000
0.000000 0.000000
0.000000 0.000000
0.000000 0.000000
0.000000 0.000000
0.000000 0.000000
0.000000 0.000000
0.000000 0.000000
0.000000 0.000000
0.000000 0.000000
