0.000000 0.000000
0.000000 0.000000
0.000000 0.000000
0.000000 0.000000
0.000000 0.000000
0.000000 0.000000
0.000000 0.000000
0.000000 0.000000
0.000000 0.000000
0.000000 0.000000
0.000000 0.000000
0.000000 0.000000
0.000000 0.000000
0.000000 0.000000
0.000000 0.000000
0.000378 0.000000
0.006719 0.000000
0.031986 0.000000
0.087849 0.000000
0.176914 0.000000
0.287343 0.000000
0.394488 0.000000
0.474051 0.000000
0.512588 0.000000
0.509391 0.000000
0.472652 0.000000
0.414248 0.000000
0.345682 0.000000
0.275925 0.000000
0.210829 0.000000
0.153479 0.000000
0.104951 0.000000
0.065079 0.000000
0.033072 0.000000
0.007922 0.000378
-0.011363 0.006719
-0.025671 0.031986
-0.035769 0.087849
-0.042320 0.177292
-0.045915 0.294062
-0.047097 0.426474
-0.046369 0.561900
-0.044196 0.689881
-0.041002 0.803453
-0.037160 0.898749
-0.032988 0.969428
-0.028740 1.003576
-0.024614 0.991530
-0.020750 0.932663
-0.017238 0.835564
-0.014124 0.714039
-0.011425 0.582558
-0.009131 0.453146
-0.007214 0.334096
-0.005638 0.230025
-0.004362 0.142639
-0.003341 0.071696
-0.002536 0.015851
-0.001908 -0.026719
-0.001046 -0.057938
0.005666 -0.079625
0.031212 -0.093424
0.087284 -0.100793
0.176884 -0.103021
0.293810 -0.101250
0.426335 -0.096493
0.561842 -0.089639
0.689503 -0.081451
0.796733 -0.072572
0.867140 -0.063520
0.888299 -0.054695
0.858270 -0.046386
0.785316 -0.038784
0.683481 -0.031998
0.567727 -0.026069
0.450633 -0.020987
0.341005 -0.016706
0.243900 -0.013156
0.161401 -0.010255
0.093589 -0.007916
0.039408 -0.006054
-0.002697 -0.004589
-0.034397 -0.003450
-0.056900 -0.002531
-0.066049 -0.001832
-0.050152 -0.001306
0.001333 -0.000913
0.089997 -0.000622
0.203085 -0.000409
0.315131 -0.000253
0.401115 -0.000139
0.446972 -0.000058
0.451480 0.000000
0.422427 0.000000
0.371383 0.000000
0.309642 0.000000
0.246044 0.000000
0.186377 0.000000
0.133717 0.000000
0.089165 0.000000
0.052608 0.000000
0.023322 0.000000
0.000754 0.000000
-0.010428 0.000000
0.001920 0.000000
0.048770 0.000000
0.132500 0.000000
0.245937 0.000000
0.371351 0.000000
0.482631 0.000000
0.557213 0.000000
0.584750 0.000000
0.567651 0.000000
0.516546 0.000000
0.444864 0.000000
0.364883 0.000000
0.285752 0.000000
0.213263 0.000000
0.150242 0.000000
0.097470 0.000000
0.054518 0.000000
0.020380 0.000000
-0.006114 0.000000
-0.026089 0.000000
-0.040541 0.000000
-0.050333 0.000000
-0.056222 0.000000
-0.058508 0.000000
-0.052232 0.000000
-0.025012 0.000000
0.034288 0.000000
0.128176 0.000000
0.250022 0.000000
0.387739 0.000000
0.528428 0.000000
0.661425 0.000000
0.779588 0.000000
0.879016 0.000000
0.953329 0.000000
0.990605 0.000000
0.981201 0.000000
0.924530 0.000000
0.829228 0.000000
0.709152 0.000000
0.578823 0.000000
0.450319 0.000000
0.331974 0.000000
0.228445 0.000000
0.141472 0.000000
0.070840 0.000000
0.015229 0.000000
-0.027128 0.000000
-0.058190 0.000000
-0.079764 0.000000
-0.093483 0.000000
-0.100793 0.000378
-0.103021 0.006719
-0.101250 0.031986
-0.096493 0.087849
-0.089639 0.176914
-0.081451 0.287343
-0.072572 0.394488
-0.063520 0.474051
-0.054695 0.512588
-0.046386 0.509391
-0.038784 0.472652
-0.031998 0.414248
-0.026069 0.345682
-0.020987 0.275925
-0.016706 0.210829
-0.013156 0.153479
-0.010255 0.104951
-0.007916 0.065079
-0.006054 0.033072
-0.004589 0.008300
-0.003450 -0.004643
-0.002531 0.006315
-0.001832 0.052080
-0.001306 0.134973
-0.000913 0.248147
-0.000622 0.379377
-0.000409 0.515531
-0.000253 0.645307
-0.000139 0.755731
-0.000058 0.829980
0.000000 0.855311
0.000000 0.829530
0.000000 0.760701
0.000000 0.662730
0.000000 0.550489
0.000000 0.436509
0.000000 0.329580
0.000000 0.234770
0.000000 0.154188
0.000000 0.087951
0.000000 0.035047
0.000000 -0.006038
0.000000 -0.036556
0.000000 -0.052467
0.000000 -0.042206
0.000000 0.004657
0.000000 0.089625
0.000000 0.199861
0.000000 0.309822
0.000000 0.394442
0.000000 0.439513
0.000000 0.443716
0.000000 0.414741
0.000000 0.364022
0.000000 0.302817
0.000000 0.239886
0.000000 0.180948
0.000000 0.129028
0.000000 0.085189
0.000000 0.049293
0.000000 0.020600
0.000378 -0.001828
0.006719 -0.018909
0.031986 -0.031456
0.087849 -0.040164
0.177292 -0.045630
0.294062 -0.048388
0.426474 -0.048930
0.561900 -0.047675
0.689881 -0.045110
0.803453 -0.041625
0.898749 -0.037569
0.969428 -0.033240
1.003576 -0.028880
0.991530 -0.024673
0.932663 -0.020750
0.835564 -0.017238
0.714039 -0.014124
0.582558 -0.011425
0.453146 -0.009131
0.334096 -0.007214
0.230025 -0.005638
0.142639 -0.004362
0.071696 -0.003341
0.015851 -0.002536
-0.026719 -0.001908
-0.057560 -0.001424
-0.072906 -0.001054
-0.061438 -0.000774
-0.012945 -0.000564
0.073894 -0.000409
0.186093 -0.000253
0.297995 -0.000139
0.384413 -0.000058
0.431137 0.000000
0.436818 0.000000
0.409132 0.000000
0.359553 0.000000
0.299296 0.000000
0.237142 0.000000
0.178831 0.000000
0.127410 0.000000
0.083965 0.000000
0.048374 0.000000
0.019916 0.000000
-0.002332 0.000378
-0.019279 0.006719
-0.031725 0.031986
-0.040358 0.087849
-0.045769 0.177292
-0.048446 0.294062
-0.048930 0.426096
-0.047675 0.555180
-0.045110 0.657895
-0.041625 0.715604
-0.037569 0.721834
-0.033240 0.682085
-0.028880 0.609088
-0.024673 0.517478
-0.020750 0.420074
-0.017238 0.326174
-0.014124 0.241387
-0.011425 0.168310
-0.009131 0.107464
-0.007214 0.058171
-0.005638 0.019196
-0.004362 -0.010840
-0.003341 -0.032878
-0.002536 -0.042509
-0.001908 -0.027805
-0.001424 0.021988
-0.001054 0.109030
-0.000774 0.226309
-0.000564 0.361450
-0.000409 0.501199
-0.000253 0.634546
-0.000139 0.754057
-0.000058 0.855479
0.000000 0.932173
0.000000 0.972006
0.000000 0.965170
0.000000 0.910955
0.000000 0.817919
0.000000 0.699870
0.000000 0.571310
0.000000 0.444315
0.000000 0.327234
0.000000 0.224744
0.000000 0.138614
0.000000 0.068654
0.000000 0.013573
0.000000 -0.028412
0.000000 -0.059186
0.000000 -0.080538
0.000000 -0.094047
0.000378 -0.101202
0.006719 -0.103273
0.031986 -0.101390
0.087849 -0.096552
0.176914 -0.089639
0.287343 -0.081451
0.394488 -0.072572
0.474051 -0.063520
0.512588 -0.054695
0.509391 -0.046386
0.472652 -0.038784
0.414248 -0.031998
0.345682 -0.026069
0.275925 -0.020987
0.210829 -0.016706
0.153479 -0.013156
0.104951 -0.010255
0.065079 -0.007916
0.033072 -0.006054
0.008300 -0.004589
-0.004643 -0.003450
0.006315 -0.002531
0.052080 -0.001832
0.134595 -0.001306
0.241427 -0.000913
0.347391 -0.000622
0.427682 -0.000409
0.468392 -0.000253
0.468388 -0.000139
0.435492 -0.000058
0.381260 0.000000
0.316941 0.000000
0.251311 0.000000
0.190078 0.000000
0.136241 0.000000
0.090827 0.000000
0.053654 0.000000
0.023941 0.000000
0.000709 0.000000
-0.017001 0.000000
-0.030033 0.000000
-0.039110 0.000000
-0.044856 0.000000
-0.047824 0.000378
-0.048521 0.006719
-0.047423 0.031986
-0.044970 0.087849
-0.041567 0.177292
-0.037569 0.294062
-0.033240 0.426474
-0.028880 0.561900
-0.024673 0.689503
-0.020750 0.796733
-0.017238 0.867140
-0.014124 0.888299
-0.011425 0.858270
-0.009131 0.785316
-0.007214 0.683481
-0.005638 0.567727
-0.004362 0.450633
-0.003341 0.341005
-0.002536 0.243900
-0.001908 0.161401
-0.001424 0.093589
-0.001054 0.039408
-0.000774 -0.002697
-0.000187 -0.034397
0.006311 -0.057278
0.031734 -0.072769
0.087709 -0.082138
0.176856 -0.086516
0.287343 -0.086918
0.394488 -0.084258
0.474051 -0.079357
0.512588 -0.072936
0.509391 -0.065617
0.472652 -0.057911
0.414248 -0.050225
0.345682 -0.042865
0.275925 -0.036040
0.210829 -0.029881
0.153479 -0.024451
0.104951 -0.019762
0.065079 -0.015787
0.033072 -0.012472
0.008300 -0.009750
-0.004643 -0.007546
0.006315 -0.005785
0.052080 -0.004395
0.134973 -0.003310
0.248147 -0.002472
0.379377 -0.001832
0.515531 -0.001306
0.645684 -0.000913
0.762073 -0.000622
0.855246 -0.000409
0.911174 -0.000253
0.918974 -0.000139
0.877472 -0.000058
0.795142 0.000000
0.685915 0.000000
0.564489 0.000000
0.443152 0.000000
0.330443 0.000000
0.231209 0.000000
0.147365 0.000000
0.078863 0.000000
0.024538 0.000000
-0.017262 0.000000
-0.047921 0.000000
-0.063529 0.000000
-0.052637 0.000000
-0.004919 0.000000
0.081412 0.000000
0.199031 0.000000
0.335336 0.000000
0.476796 0.000000
0.612212 0.000000
0.733617 0.000000
0.831381 0.000000
0.891442 0.000000
0.902874 0.000000
0.864500 0.000000
0.784814 0.000000
0.677782 0.000000
0.558153 0.000000
0.438264 0.000000
0.326709 0.000000
0.228382 0.000000
0.145243 0.000000
0.077283 0.000000
0.023372 0.000000
-0.018117 0.000000
-0.048544 0.000000
-0.063937 0.000000
-0.052889 0.000000
-0.005058 0.000000
0.081354 0.000000
0.199031 0.000000
0.334959 0.000000
0.470076 0.000000
0.580226 0.000000
0.646147 0.000000
0.660809 0.000000
0.629365 0.000000
0.564249 0.000000
0.479892 0.000000
0.388995 0.000000
0.300803 0.000000
0.220927 0.000000
0.151997 0.000000
0.094600 0.000000
0.048130 0.000000
0.011436 0.000000
-0.016404 0.000000
-0.031044 0.000000
-0.020633 0.000000
0.025527 0.000000
0.109222 0.000000
0.217774 0.000000
0.325821 0.000000
0.408405 0.000000
0.451479 0.000000
0.453803 0.000000
0.423117 0.000000
0.370920 0.000000
0.308427 0.000000
0.244355 0.000000
0.184469 0.000000
0.131772 0.000000
0.087306 0.000000
0.050910 0.000000
0.021824 0.000000
-0.000531 0.000000
-0.011506 0.000000
0.001035 0.000000
0.048055 0.000000
0.131931 0.000000
0.245491 0.000000
0.370964 0.000000
0.482297 0.000000
0.556922 0.000000
0.584536 0.000000
0.567495 0.000000
0.516433 0.000000
0.444783 0.000000
0.364825 0.000000
0.285752 0.000000
0.213263 0.000000
0.150242 0.000000
0.097470 0.000000
0.054518 0.000000
0.020380 0.000000
-0.006114 0.000378
-0.026089 0.006719
-0.040541 0.031986
-0.050333 0.087849
-0.056222 0.177292
-0.058886 0.294062
-0.058951 0.426474
-0.056999 0.561900
-0.053560 0.689881
-0.049116 0.803453
-0.044040 0.898749
-0.038735 0.969428
-0.033472 1.003576
-0.028455 0.991530
-0.023865 0.932663
-0.019732 0.835564
-0.016099 0.714039
-0.012971 0.582558
-0.010328 0.453146
-0.008133 0.334096
-0.006336 0.230025
-0.004888 0.142639
-0.003734 0.071696
-0.002827 0.015851
-0.002122 -0.026719
-0.001202 -0.057938
0.005553 -0.079625
0.031131 -0.093424
0.087226 -0.100793
0.176884 -0.103021
0.293810 -0.101250
0.425957 -0.096493
0.555122 -0.089639
0.657895 -0.081451
0.715604 -0.072572
0.721834 -0.063520
0.682085 -0.054695
0.609088 -0.046386
0.517478 -0.038784
0.420074 -0.031998
0.326174 -0.026069
0.241387 -0.020987
0.168310 -0.016706
0.107464 -0.013156
0.058171 -0.010255
0.019196 -0.007916
-0.010840 -0.005677
-0.033256 0.002130
-0.049228 0.028536
-0.059791 0.085318
-0.065860 0.175460
-0.068262 0.292378
-0.067753 0.418841
-0.065024 0.529291
-0.060701 0.601624
-0.055335 0.625908
-0.049396 0.604925
-0.043270 0.549615
-0.037255 0.473662
-0.031570 0.389498
-0.026360 0.306502
-0.021707 0.230500
-0.017645 0.164366
-0.014169 0.108895
-0.011247 0.063648
-0.008831 0.027594
-0.006862 -0.000476
-0.005280 -0.021727
-0.004025 -0.037200
-0.002663 -0.047797
0.004441 -0.054313
0.030293 -0.057462
0.086600 -0.057898
0.176379 -0.056225
0.293440 -0.052996
0.425688 -0.048707
0.554928 -0.043788
0.657755 -0.038596
0.715546 -0.033414
0.721834 -0.028455
0.682085 -0.023865
0.609088 -0.019732
0.517478 -0.016099
0.420074 -0.012971
0.326174 -0.010328
0.241387 -0.008133
0.168310 -0.006336
0.107464 -0.004888
0.058171 -0.003734
0.019196 -0.002827
-0.010840 -0.002122
-0.033256 -0.001580
-0.049228 -0.001167
-0.059791 -0.000855
-0.065860 -0.000622
-0.067885 -0.000409
-0.061034 -0.000253
-0.033038 -0.000139
0.027148 -0.000058
0.121580 0.000000
0.237947 0.000000
0.351218 0.000000
0.436796 0.000000
0.481018 0.000000
0.483031 0.000000
0.450945 0.000000
0.396602 0.000000
0.331512 0.000000
0.264678 0.000000
0.201997 0.000000
0.146617 0.000000
0.099671 0.000000
0.061054 0.000000
0.030031 0.000000
0.005644 0.000378
-0.013055 0.006719
-0.026919 0.031986
-0.036682 0.087849
-0.042942 0.177292
-0.046324 0.294062
-0.047350 0.426474
-0.046509 0.561900
-0.044254 0.689503
-0.041002 0.796733
-0.037160 0.867140
-0.032988 0.888299
-0.028740 0.858270
-0.024614 0.785316
-0.020750 0.683481
-0.017238 0.567727
-0.014124 0.450633
-0.011425 0.341005
-0.009131 0.243900
-0.007214 0.161401
-0.005638 0.093589
-0.004362 0.039408
-0.003341 -0.002697
-0.002536 -0.034019
-0.001908 -0.050558
-0.001424 -0.040783
-0.001054 0.005711
-0.000774 0.090776
-0.000564 0.207145
-0.000409 0.342216
-0.000253 0.482165
-0.000139 0.610225
-0.000058 0.705850
0.000000 0.753367
0.000000 0.748630
0.000000 0.698635
0.000000 0.616864
0.000000 0.518174
0.000000 0.415295
0.000000 0.317299
0.000000 0.229545
0.000000 0.154407
0.000000 0.092237
0.000000 0.042227
0.000000 0.003046
0.000000 -0.026386
0.000000 -0.041875
0.000000 -0.031708
0.000000 0.014679
0.000000 0.099326
0.000000 0.214653
0.000000 0.342579
0.000000 0.456776
0.000000 0.534451
0.000000 0.565078
0.000000 0.550936
0.000000 0.502563
0.000000 0.433292
0.000000 0.355433
0.000000 0.278167
0.000000 0.207247
0.000000 0.145523
0.000000 0.093807
0.000000 0.051703
0.000000 0.018237
0.000000 -0.007353
0.000000 -0.020579
0.000000 -0.009453
0.000000 0.036854
0.000000 0.120588
0.000000 0.234826
0.000000 0.367270
0.000000 0.504762
0.000000 0.636262
0.000000 0.754337
0.000000 0.854708
0.000000 0.930693
0.000000 0.970104
0.000000 0.963074
0.000000 0.908798
0.000000 0.815832
0.000000 0.697940
0.000000 0.569586
0.000000 0.442817
0.000000 0.325964
0.000000 0.223688
0.000000 0.137751
0.000000 0.067961
0.000000 0.013024
0.000000 -0.028841
0.000000 -0.059140
0.000000 -0.074072
0.000000 -0.062294
0.000000 -0.013567
0.000000 0.073485
0.000000 0.185840
0.000000 0.297855
0.000000 0.384354
0.000000 0.431137
0.000000 0.436818
0.000000 0.409132
0.000000 0.359553
0.000000 0.299296
0.000000 0.237142
0.000000 0.178831
0.000000 0.127410
0.000000 0.083965
0.000000 0.048374
0.000000 0.019916
0.000000 -0.001955
0.000000 -0.012559
0.000000 0.000261
0.000000 0.047490
0.000000 0.131523
0.000000 0.245616
0.000000 0.377544
0.000000 0.513847
0.000000 0.638051
0.000000 0.729842
0.000000 0.773709
0.000000 0.765615
0.000000 0.712620
0.000000 0.628231
0.000000 0.527305
0.000000 0.422508
0.000000 0.322937
0.000000 0.233906
0.000000 0.157748
0.000000 0.094773
0.000000 0.044135
0.000000 0.004470
0.000000 -0.025710
0.000000 -0.047820
0.000000 -0.063130
0.000000 -0.072384
0.000000 -0.070995
0.000000 -0.046906
0.000000 0.010731
0.000000 0.103777
0.000000 0.219762
0.000000 0.333406
0.000000 0.419923
0.000000 0.465478
0.000000 0.469021
0.000000 0.438587
0.000000 0.385913
0.000000 0.322428
0.000000 0.257082
0.000000 0.195740
0.000000 0.141533
0.000000 0.095594
0.000000 0.057824
0.000000 0.027500
0.000000 0.004061
0.000000 -0.007840
0.000000 0.003924
0.000000 0.050306
0.000000 0.133666
0.000000 0.247234
0.000000 0.378754
0.000000 0.515122
0.000000 0.645432
0.000000 0.762311
0.000000 0.861530
0.000000 0.936440
0.000000 0.974836
0.000000 0.966915
0.000000 0.911912
0.000000 0.818327
0.000000 0.699915
0.000000 0.571132
0.000000 0.444015
0.000000 0.326883
0.000000 0.224387
0.000000 0.138277
0.000000 0.068354
0.000000 0.013315
0.000000 -0.028627
0.000000 -0.058984
0.000000 -0.073959
0.000000 -0.062212
0.000000 -0.013509
0.000000 0.073863
0.000000 0.192182
0.000000 0.323122
0.000000 0.440217
0.000000 0.520581
0.000000 0.553588
0.000000 0.541544
0.000000 0.494979
0.000000 0.427277
0.000000 0.350714
0.000000 0.274504
0.000000 0.204432
0.000000 0.143379
0.000000 0.092190
0.000000 0.050493
0.000000 0.017339
0.000000 -0.008392
0.000000 -0.027782
0.000000 -0.041789
0.000000 -0.051247
0.000000 -0.056844
0.000000 -0.059294
0.000000 -0.059204
0.000000 -0.057138
0.000000 -0.053618
0.000000 -0.049116
0.000000 -0.044040
0.000000 -0.038735
0.000000 -0.033472
0.000000 -0.028455
0.000000 -0.023865
0.000000 -0.019732
0.000000 -0.016099
0.000000 -0.012971
0.000000 -0.010328
0.000000 -0.008133
0.000000 -0.006336
0.000000 -0.004888
0.000000 -0.003734
0.000000 -0.002827
0.000000 -0.002122
0.000000 -0.001580
0.000000 -0.001167
0.000000 -0.000855
0.000000 -0.000622
0.000000 -0.000409
0.000000 -0.000253
0.000000 -0.000139
0.000000 -0.000058
0.000000 0.000000
0.000000 0.000000
0.000000 0.000000
0.000000 0.000000
0.000000 0.000000
0.000000 0.000000
0.000000 0.000000
0.000000 0.000000
0.000000 0.000000
0.000000 0.000000
0.000000 0.000000
0.000000 0.000000
0.000000 0.000000
0.000000 0.000000
0.000000 0.000000
0.000000 0.000000
0.000000 0.000000
0.000000 0.000000
0.000000 0.000000
0.000000 0.000000
0.000000 0.000000
0.000000 0.000000
0.000000 0.000000
0.000000 0.000000
0.000000 0.000000
0.000000 0.000000
0.000000 0.000000
0.000000 0.000000
0.000000 0.000000
0.000000 0.000000
0.000000 0.000000
0.000000 0.000000
0.000000 0.000000
0.000000 0.000000
0.000000 0.000000
0.000000 0.000000
0.000000 0.000000
0.000000 0.000000
0.000000 0.000000
0.000000 0.000000
0.000000 0.000000
0.000000 0.000000
0.000000 0.000000
0.000000 0.000000
0.000000 0.000000
0.000000 0.000000
0.000000 0.000000
0.000000 0.000000
0.000000 0.000000
0.000000 0.000000
0.000000 0.000000
0.000000 0.000000
