0.000000 0.000000
0.000000 0.000000
0.000000 0.000000
0.000000 0.000000
0.000000 0.000000
0.000000 0.000000
0.000000 0.000000
0.000000 0.000000
0.000000 0.000000
0.000000 0.000000
0.000000 0.000000
0.000000 0.000000
0.000000 0.000000
0.000000 0.000000
0.000000 0.000000
0.000378 0.000000
0.006719 0.000000
0.031986 0.000000
0.087849 0.000000
0.177292 0.000000
0.293684 0.000000
0.419755 0.000000
0.529914 0.000000
0.602032 0.000000
0.626161 0.000000
0.605064 0.000000
0.549673 0.000000
0.473662 0.000000
0.389498 0.000000
0.306502 0.000000
0.230500 0.000000
0.164366 0.000000
0.108895 0.000000
0.063648 0.000000
0.027594 0.000000
-0.000476 0.000378
-0.021727 0.006719
-0.037200 0.031986
-0.047797 0.087849
-0.054313 0.177292
-0.057462 0.294062
-0.057898 0.426474
-0.056225 0.561522
-0.052996 0.683161
-0.048707 0.771467
-0.043788 0.811278
-0.038596 0.798855
-0.033414 0.741500
-0.028455 0.652904
-0.023865 0.548055
-0.019732 0.439746
-0.016099 0.337061
-0.012971 0.245331
-0.010328 0.166879
-0.008133 0.101987
-0.006336 0.049773
-0.004888 0.008832
-0.003734 -0.021991
-0.002827 -0.038565
-0.002122 -0.029236
-0.001580 0.016511
-0.001167 0.100254
-0.000855 0.209225
-0.000622 0.317935
-0.000409 0.401322
-0.000253 0.445260
-0.000139 0.448448
-0.000058 0.418582
0.000000 0.367137
0.000000 0.305312
0.000000 0.241861
0.000000 0.182494
0.000000 0.130226
0.000000 0.086108
0.000000 0.049991
0.000000 0.021126
0.000000 -0.001057
0.000000 -0.011898
0.000000 0.000744
0.000000 0.047841
0.000000 0.131775
0.000000 0.245756
0.000000 0.377603
0.000000 0.514225
0.000000 0.644393
0.000000 0.755109
0.000000 0.829571
0.000000 0.855059
0.000000 0.829390
0.000000 0.760643
0.000000 0.662730
0.000000 0.550489
0.000000 0.436509
0.000000 0.329580
0.000000 0.234770
0.000000 0.154188
0.000000 0.087951
0.000000 0.035047
0.000000 -0.006038
0.000000 -0.036556
0.000000 -0.052467
0.000000 -0.042206
0.000000 0.004657
0.000000 0.089625
0.000000 0.199861
0.000000 0.309822
0.000000 0.394442
0.000000 0.439513
0.000000 0.443716
0.000000 0.414741
0.000000 0.364022
0.000000 0.302817
0.000000 0.239886
0.000000 0.180948
0.000000 0.129028
0.000000 0.085189
0.000000 0.049293
0.000000 0.020600
0.000000 -0.001828
0.000000 -0.018909
0.000000 -0.031079
0.000000 -0.033444
0.000000 -0.013644
0.000000 0.039461
0.000000 0.128362
0.000000 0.246009
0.000000 0.374645
0.000000 0.488289
0.000000 0.564463
0.000000 0.592920
0.000000 0.576184
0.000000 0.525001
0.000000 0.452912
0.000000 0.372260
0.000000 0.292378
0.000000 0.219075
0.000000 0.155236
0.000000 0.101682
0.000000 0.058010
0.000000 0.023233
0.000000 -0.003439
0.000000 -0.017544
0.000000 -0.007122
0.000000 0.038628
0.000000 0.121547
0.000000 0.229107
0.000000 0.336026
0.000000 0.417418
0.000000 0.459340
0.000000 0.460544
0.000000 0.428806
0.000000 0.375652
0.000000 0.312267
0.000000 0.247470
0.000000 0.186963
0.000000 0.133747
0.000000 0.088852
0.000000 0.052108
0.000000 0.022743
0.000378 -0.000210
0.006719 -0.017699
0.031986 -0.030559
0.087849 -0.039503
0.177292 -0.045147
0.294062 -0.048037
0.426096 -0.048677
0.555180 -0.047536
0.657895 -0.045052
0.715604 -0.041625
0.721834 -0.037569
0.682085 -0.033240
0.609088 -0.028880
0.517478 -0.024673
0.420074 -0.020750
0.326174 -0.017238
0.241387 -0.014124
0.168310 -0.011425
0.107464 -0.009131
0.058171 -0.007214
0.019196 -0.005638
-0.010840 -0.004362
-0.033256 -0.003341
-0.048850 -0.002536
-0.053071 -0.001908
-0.033874 -0.001424
0.019586 -0.001054
0.109539 -0.000774
0.229038 -0.000564
0.365773 -0.000409
0.506565 -0.000253
0.640485 -0.000139
0.759805 -0.000058
0.855152 0.000000
0.912591 0.000000
0.921354 0.000000
0.880379 0.000000
0.798247 0.000000
0.688983 0.000000
0.567366 0.000000
0.445746 0.000000
0.332711 0.000000
0.233142 0.000000
0.148978 0.000000
0.080183 0.000000
0.025602 0.000000
-0.016418 0.000000
-0.047639 0.000378
-0.069738 0.006719
-0.084191 0.031986
-0.092402 0.087849
-0.095568 0.177292
-0.094762 0.294062
-0.090944 0.426474
-0.084965 0.561900
-0.077610 0.689881
-0.069458 0.803075
-0.061026 0.892407
-0.052720 0.944162
-0.044839 0.947714
-0.037586 0.902086
-0.031079 0.815893
-0.025370 0.703152
-0.020461 0.578614
-0.016313 0.454577
-0.012865 0.339574
-0.010041 0.238423
-0.007760 0.153003
-0.005941 0.083224
-0.004508 0.027880
-0.003391 -0.014725
-0.002531 -0.046013
-0.001832 -0.062105
-0.001306 -0.051583
-0.000913 -0.004145
-0.000622 0.081599
-0.000409 0.192720
-0.000253 0.303603
-0.000139 0.389087
-0.000058 0.434978
0.000000 0.439933
0.000000 0.411627
0.000000 0.361528
0.000000 0.300842
0.000000 0.238339
0.000000 0.179750
0.000000 0.128109
0.000000 0.084491
0.000000 0.048767
0.000000 0.020207
0.000000 -0.001741
0.000000 -0.012403
0.000000 0.000374
0.000000 0.047572
0.000000 0.131203
0.000000 0.238897
0.000000 0.345558
0.000000 0.426376
0.000000 0.467479
0.000000 0.467766
0.000000 0.435083
0.000000 0.381007
0.000000 0.316802
0.000000 0.251253
0.000000 0.190078
0.000000 0.136241
0.000000 0.090827
0.000000 0.053654
0.000000 0.023941
0.000000 0.001086
0.000000 -0.010281
0.000000 0.001953
0.000000 0.048738
0.000000 0.132059
0.000000 0.239519
0.000000 0.345967
0.000000 0.426629
0.000000 0.467618
0.000000 0.467824
0.000000 0.435083
0.000000 0.381007
0.000000 0.316802
0.000000 0.251253
0.000000 0.190078
0.000000 0.136241
0.000000 0.090827
0.000000 0.053654
0.000000 0.023941
0.000000 0.001086
0.000000 -0.010281
0.000000 0.001953
0.000000 0.048738
0.000000 0.132059
0.000000 0.239519
0.000000 0.345967
0.000000 0.426629
0.000000 0.467618
0.000000 0.467824
0.000000 0.435083
0.000000 0.381007
0.000000 0.316802
0.000000 0.251253
0.000000 0.190078
0.000000 0.136241
0.000000 0.090827
0.000000 0.053654
0.000000 0.023941
0.000000 0.000709
0.000000 -0.017001
0.000378 -0.030033
0.006719 -0.039110
0.031986 -0.044856
0.087849 -0.047824
0.176914 -0.048521
0.287343 -0.047423
0.394488 -0.044970
0.474051 -0.041567
0.512588 -0.037569
0.509391 -0.033240
0.472652 -0.028880
0.414248 -0.024673
0.345682 -0.020750
0.275925 -0.017238
0.210829 -0.014124
0.153479 -0.011425
0.104951 -0.009131
0.065079 -0.007214
0.033072 -0.005638
0.007922 -0.003984
-0.011363 0.003378
-0.025671 0.029450
-0.035769 0.085940
-0.042320 0.175491
-0.045915 0.286289
-0.047097 0.393714
-0.046369 0.473487
-0.044196 0.512180
-0.041002 0.509138
-0.037160 0.472513
-0.032988 0.414189
-0.028740 0.345682
-0.024614 0.275925
-0.020750 0.210829
-0.017238 0.153479
-0.014124 0.104951
-0.011425 0.065079
-0.009131 0.033072
-0.007214 0.007922
-0.005638 -0.011363
-0.004362 -0.025671
-0.003341 -0.035769
-0.002536 -0.042320
-0.001530 -0.045915
0.005296 -0.047097
0.030932 -0.046369
0.087075 -0.044196
0.176728 -0.041002
0.293654 -0.037160
0.426222 -0.032988
0.561760 -0.028740
0.689822 -0.024614
0.803075 -0.020750
0.892407 -0.017238
0.944162 -0.014124
0.947714 -0.011425
0.902086 -0.009131
0.815893 -0.007214
0.703152 -0.005638
0.578614 -0.004362
0.454577 -0.003341
0.339574 -0.002536
0.238423 -0.001908
0.153003 -0.001424
0.083224 -0.001054
0.027880 -0.000774
-0.014725 -0.000564
-0.046013 -0.000409
-0.062105 -0.000253
-0.051583 -0.000139
-0.004145 -0.000058
0.081976 0.000000
0.199440 0.000000
0.335589 0.000000
0.476935 0.000000
0.612270 0.000000
0.733995 0.000000
0.837723 0.000000
0.916708 0.000000
0.958737 0.000000
0.953944 0.000000
0.901584 0.000000
0.810194 0.000000
0.693579 0.000000
0.566245 0.000000
0.440281 0.000000
0.324055 0.000000
0.222265 0.000000
0.136698 0.000000
0.067187 0.000000
0.012460 0.000000
-0.029250 0.000000
-0.059392 0.000000
-0.074212 0.000000
-0.062352 0.000000
-0.013567 0.000000
0.073863 0.000000
0.192560 0.000000
0.329464 0.000000
0.465484 0.000000
0.576443 0.000000
0.643032 0.000000
0.658314 0.000000
0.627390 0.000000
0.562702 0.000000
0.478694 0.000000
0.388076 0.000000
0.300105 0.000000
0.220401 0.000000
0.151604 0.000000
0.094309 0.000000
0.047916 0.000000
0.011280 0.000000
-0.016517 0.000000
-0.031126 0.000000
-0.020692 0.000000
0.025527 0.000000
0.109600 0.000000
0.224494 0.000000
0.357430 0.000000
0.489534 0.000000
0.596785 0.000000
0.660017 0.000000
0.672299 0.000000
0.638758 0.000000
0.571833 0.000000
0.485908 0.000000
0.393714 0.000000
0.304467 0.000000
0.223742 0.000000
0.154141 0.000000
0.096217 0.000000
0.049340 0.000000
0.012334 0.000000
-0.016121 0.000000
-0.037281 0.000000
-0.052269 0.000000
-0.062069 0.000000
-0.067553 0.000000
-0.069133 0.000000
-0.061947 0.000000
-0.033661 0.000000
0.026739 0.000000
0.121327 0.000000
0.237807 0.000000
0.351160 0.000000
0.436796 0.000000
0.481018 0.000000
0.483031 0.000000
0.450945 0.000000
0.396602 0.000000
0.331512 0.000000
0.264678 0.000000
0.201997 0.000000
0.146617 0.000000
0.099671 0.000000
0.061054 0.000000
0.030031 0.000000
0.005644 0.000000
-0.013055 0.000000
-0.026919 0.000000
-0.036682 0.000378
-0.042942 0.006719
-0.046324 0.031986
-0.047350 0.087849
-0.046509 0.177292
-0.044254 0.294062
-0.041002 0.426474
-0.037160 0.561900
-0.032988 0.689881
-0.028740 0.803453
-0.024614 0.898749
-0.020750 0.969428
-0.017238 1.003576
-0.014124 0.991530
-0.011425 0.932663
-0.009131 0.835564
-0.007214 0.714039
-0.005638 0.582558
-0.004362 0.453146
-0.003341 0.334096
-0.002536 0.230025
-0.001908 0.142639
-0.001424 0.071696
-0.001054 0.015851
-0.000774 -0.026719
-0.000564 -0.057938
-0.000409 -0.079625
-0.000253 -0.093424
-0.000139 -0.100793
-0.000058 -0.103021
0.000000 -0.100872
0.000000 -0.089774
0.000000 -0.057653
0.000000 0.006397
0.000000 0.104720
0.000000 0.230542
0.000000 0.371779
0.000000 0.515137
0.000000 0.644377
0.000000 0.739469
0.000000 0.785209
0.000000 0.777869
0.000000 0.724794
0.000000 0.639748
0.000000 0.537800
0.000000 0.431830
0.000000 0.331007
0.000000 0.240742
0.000000 0.163429
0.000000 0.099456
0.000000 0.047941
0.000000 0.007525
0.000000 -0.022905
0.000000 -0.039187
0.000000 -0.029644
0.000000 0.016258
0.000000 0.100115
0.000000 0.209167
0.000000 0.317935
0.000000 0.401322
0.000000 0.445260
0.000000 0.448448
0.000000 0.418582
0.000000 0.367137
0.000000 0.305312
0.000000 0.241861
0.000000 0.182494
0.000000 0.130226
0.000000 0.086108
0.000000 0.049991
0.000000 0.021126
0.000000 -0.001057
0.000000 -0.011898
0.000000 0.000744
0.000000 0.047841
0.000000 0.131775
0.000000 0.245378
0.000000 0.370883
0.000000 0.482239
0.000000 0.556922
0.000000 0.584536
0.000000 0.567495
0.000000 0.516433
0.000000 0.444783
0.000000 0.364825
0.000000 0.285752
0.000000 0.213263
0.000000 0.150242
0.000000 0.097470
0.000000 0.054518
0.000000 0.020380
0.000000 -0.005736
0.000000 -0.019369
0.000000 -0.008555
0.000000 0.037515
0.000000 0.121071
0.000000 0.234799
0.000000 0.360803
0.000000 0.472915
0.000000 0.548472
0.000000 0.577045
0.000000 0.561024
0.000000 0.510938
0.000000 0.440190
0.000000 0.361042
0.000000 0.282637
0.000000 0.210768
0.000000 0.148267
0.000000 0.095924
0.000000 0.053320
0.000000 0.019462
0.000378 -0.006812
0.006719 -0.026615
0.031986 -0.040934
0.087849 -0.050624
0.176914 -0.056435
0.287343 -0.059042
0.394488 -0.059064
0.474051 -0.057080
0.512588 -0.053618
0.509391 -0.049116
0.472652 -0.044040
0.414248 -0.038735
0.345682 -0.033472
0.275925 -0.028455
0.210829 -0.023865
0.153479 -0.019732
0.104951 -0.016099
0.065079 -0.012971
0.033072 -0.010328
0.007922 -0.007755
-0.011363 0.000383
-0.025671 0.027099
-0.035769 0.084114
-0.042320 0.174087
-0.045915 0.285221
-0.047097 0.392908
-0.046369 0.472885
-0.044196 0.511733
-0.041002 0.508768
-0.037160 0.472244
-0.032988 0.413995
-0.028740 0.345542
-0.024614 0.275867
-0.020750 0.210829
-0.017238 0.153479
-0.014124 0.104951
-0.011425 0.065079
-0.009131 0.033072
-0.006836 0.007922
0.001081 -0.011363
0.027625 -0.025671
0.084507 -0.035769
0.174756 -0.042320
0.292154 -0.045915
0.425050 -0.047097
0.560469 -0.046369
0.682387 -0.044196
0.770902 -0.041002
0.810869 -0.037160
0.798603 -0.032988
0.741361 -0.028740
0.652846 -0.024614
0.548055 -0.020750
0.439746 -0.017238
0.337061 -0.014124
0.245331 -0.011425
0.166879 -0.009131
0.101987 -0.007214
0.049773 -0.005638
0.008832 -0.004362
-0.021991 -0.003341
-0.038565 -0.002536
-0.029236 -0.001908
0.016511 -0.001424
0.100254 -0.001054
0.209225 -0.000774
0.317935 -0.000564
0.401322 -0.000409
0.445260 -0.000253
0.448448 -0.000139
0.418582 -0.000058
0.367137 0.000000
0.305312 0.000000
0.241861 0.000000
0.182494 0.000000
0.130226 0.000000
0.086108 0.000000
0.049991 0.000000
0.021126 0.000000
-0.001057 0.000000
-0.011898 0.000000
0.000744 0.000000
0.047841 0.000000
0.131775 0.000000
0.245756 0.000000
0.377603 0.000000
0.514225 0.000000
0.644393 0.000000
0.755109 0.000000
0.829571 0.000000
0.855059 0.000000
0.829390 0.000000
0.760643 0.000000
0.662730 0.000000
0.550489 0.000000
0.436509 0.000000
0.329580 0.000000
0.234770 0.000000
0.154188 0.000000
0.087951 0.000000
0.035047 0.000000
-0.006038 0.000000
-0.036556 0.000000
-0.052467 0.000000
-0.042206 0.000000
0.004657 0.000000
0.090002 0.000000
0.206203 0.000000
0.335088 0.000000
0.450305 0.000000
0.528956 0.000000
0.560486 0.000000
0.547153 0.000000
0.499448 0.000000
0.430798 0.000000
0.353458 0.000000
0.276621 0.000000
0.206049 0.000000
0.144604 0.000000
0.093109 0.000000
0.051177 0.000000
0.017844 0.000000
-0.008022 0.000000
-0.027512 0.000000
-0.041595 0.000000
-0.051107 0.000000
-0.056786 0.000000
-0.058917 0.000000
-0.052484 0.000000
-0.025152 0.000000
0.034230 0.000000
0.128176 0.000000
0.249644 0.000000
0.381020 0.000000
0.496442 0.000000
0.573577 0.000000
0.602296 0.000000
0.585332 0.000000
0.533574 0.000000
0.460691 0.000000
0.379169 0.000000
0.298369 0.000000
0.224164 0.000000
0.159479 0.000000
0.105161 0.000000
0.060821 0.000000
0.025472 0.000000
-0.002055 0.000000
-0.022894 0.000000
-0.037677 0.000000
-0.041700 0.000000
-0.022736 0.000000
0.030134 0.000000
0.119255 0.000000
0.237779 0.000000
0.373478 0.000000
0.513193 0.000000
0.646093 0.000000
0.764479 0.000000
0.858993 0.000000
0.915706 0.000000
0.923849 0.000000
0.882354 0.000000
0.799793 0.000000
0.690181 0.000000
0.568285 0.000000
0.446444 0.000000
0.333237 0.000000
0.233535 0.000000
0.149269 0.000000
0.080397 0.000000
0.025758 0.000000
-0.016305 0.000000
-0.047180 0.000000
-0.062960 0.000000
-0.052205 0.000000
-0.004553 0.000000
0.081346 0.000000
0.192581 0.000000
0.303545 0.000000
0.389087 0.000000
0.434978 0.000000
0.439933 0.000000
0.411627 0.000000
0.361528 0.000000
0.300842 0.000000
0.238339 0.000000
0.179750 0.000000
0.128109 0.000000
0.084491 0.000000
0.048767 0.000000
0.020207 0.000000
-0.001741 0.000000
-0.012403 0.000000
0.000374 0.000000
0.047572 0.000000
0.131203 0.000000
0.238897 0.000000
0.345558 0.000000
0.426376 0.000000
0.467479 0.000000
0.467766 0.000000
0.435083 0.000000
0.381007 0.000000
0.316802 0.000000
0.251253 0.000000
0.190078 0.000000
0.136241 0.000000
0.090827 0.000000
0.053654 0.000000
0.023941 0.000000
0.000709 0.000000
-0.017001 0.000000
-0.030033 0.000000
-0.039110 0.000000
-0.044856 0.000000
-0.047824 0.000000
-0.048521 0.000000
-0.047423 0.000000
-0.044970 0.000000
-0.041567 0.000000
-0.037569 0.000000
-0.033240 0.000000
-0.028880 0.000000
-0.024673 0.000000
-0.020750 0.000000
-0.017238 0.000000
-0.014124 0.000000
-0.011425 0.000000
-0.009131 0.000000
-0.007214 0.000000
-0.005638 0.000000
-0.004362 0.000000
-0.003341 0.000000
-0.002536 0.000000
-0.001908 0.000000
-0.001424 0.000000
-0.001054 0.000000
-0.000774 0.000000
-0.000564 0.000000
-0.000409 0.000000
-0.000253 0.000000
-0.000139 0.000000
-0.000058 0.000000
0.000000 0.000000
0.000000 0.000000
0.000000 0.000000
0.000000 0.000000
0.000000 0.000000
0.000000 0.000000
0.000000 0.000000
0.000000 0.000000
0.000000 0.000000
0.000000 0.000000
0.000000 0.000000
0.000000 0.000000
0.000000 0.000000
0.000000 0.000000
0.000000 0.000000
0.000000 0.000000
0.000000 0.000000
0.000000 0.000000
0.000000 0.000000
0.000000 0.000000
0.000000 0.000000
0.000000 0.000000
0.000000 0.000000
0.000000 0.000000
0.000000 0.000000
0.000000 0.000000
0.000000 0.000000
0.000000 0.000000
0.000000 0.000000
0.000000 0.000000
0.000000 0.000000
0.000000 0.000000
0.000000 0.000000
0.000000 0.000000
0.000000 0.000000
0.000000 0.000000
0.000000 0.000000
0.000000 0.000000
0.000000 0.000000
0.000000 0.000000
0.000000 0.000000
0.000000 0.000000
0.000000 0.000000
0.000000 0.000000
0.000000 0.000000
0.000000 0.000000
0.000000 0.000000
0.000000 0.000000
0.000000 0.000000
0.000000 0.000000
0.000000 0.000000
0.000000 0.000000
0.000000 0.000000
0.000000 0.000000
0.000000 0.000000
0.000000 0.000000
0.000000 0.000000
0.000000 0.000000
0.000000 0.000000
0.000000 0.000000
0.000000 0.000000
0.000000 0.000000
0.000000 0.000000
0.000000 0.000000
0.000000 0.000000
0.000000 0.000000
0.000000 0.000000
0.000000 0.000000
0.000000 0.000000
0.000000 0.000000
0.000000 0.000000
0.000000 0.000000
0.000000 0.000000
0.000000 0.000000
0.000000 0.000000
0.000000 0.000000
