0.000000 0.000000
0.000000 0.000000
0.000000 0.000000
0.000000 0.000000
0.000000 0.000000
0.000000 0.000000
0.000000 0.000000
0.000000 0.000000
0.000000 0.000000
0.000000 0.000000
0.000000 0.000000
0.000000 0.000000
0.000000 0.000000
0.000000 0.000000
0.000000 0.000000
0.000000 0.000378
0.000000 0.006719
0.000000 0.031986
0.000000 0.087849
0.000000 0.177292
0.000000 0.294062
0.000000 0.426096
0.000000 0.555180
0.000000 0.657895
0.000000 0.715604
0.000000 0.721834
0.000000 0.682085
0.000000 0.609088
0.000000 0.517478
0.000000 0.420074
0.000000 0.326174
0.000000 0.241387
0.000000 0.168310
0.000000 0.107464
0.000000 0.058171
0.000000 0.019196
0.000000 -0.010463
0.000000 -0.026536
0.000000 -0.017242
0.000000 0.028058
0.000000 0.111432
0.000000 0.225800
0.000000 0.358343
0.000000 0.490156
0.000000 0.597194
0.000000 0.660270
0.000000 0.672438
0.000000 0.638816
0.000000 0.571833
0.000000 0.485908
0.000000 0.393714
0.000000 0.304467
0.000000 0.223742
0.000000 0.154141
0.000000 0.096217
0.000000 0.049340
0.000000 0.012334
0.000000 -0.015743
0.000000 -0.030562
0.000000 -0.020283
0.000000 0.025780
0.000000 0.109362
0.000000 0.217832
0.000000 0.325821
0.000000 0.408405
0.000000 0.451479
0.000000 0.453803
0.000000 0.423117
0.000000 0.370920
0.000000 0.308427
0.000000 0.244355
0.000000 0.184469
0.000000 0.131772
0.000000 0.087306
0.000000 0.050910
0.000000 0.021824
0.000378 -0.000909
0.006719 -0.018225
0.031986 -0.030951
0.087849 -0.039794
0.177292 -0.045361
0.294062 -0.048193
0.426474 -0.048790
0.561900 -0.047617
0.689503 -0.045110
0.796733 -0.041625
0.867140 -0.037569
0.888299 -0.033240
0.858270 -0.028880
0.785316 -0.024673
0.683481 -0.020750
0.567727 -0.017238
0.450633 -0.014124
0.341005 -0.011425
0.243900 -0.009131
0.161401 -0.007214
0.093589 -0.005638
0.039408 -0.004362
-0.002697 -0.003341
-0.034397 -0.002158
-0.057278 0.004811
-0.072769 0.030562
-0.082138 0.086795
-0.086516 0.176518
-0.086918 0.293498
-0.084258 0.426066
-0.079357 0.561647
-0.072936 0.689363
-0.065617 0.796675
-0.057911 0.867140
-0.050225 0.888299
-0.042865 0.858270
-0.036040 0.785316
-0.029881 0.683481
-0.024451 0.567727
-0.019762 0.450633
-0.015787 0.341005
-0.012472 0.243900
-0.009750 0.161401
-0.007546 0.093589
-0.005785 0.039408
-0.004395 -0.002697
-0.003310 -0.034019
-0.002472 -0.050558
-0.001832 -0.040783
-0.001306 0.005711
-0.000913 0.090776
-0.000622 0.207145
-0.000409 0.341838
-0.000253 0.475824
-0.000139 0.584958
-0.000058 0.649988
0.000000 0.663923
0.000000 0.631860
0.000000 0.566224
0.000000 0.481438
0.000000 0.390193
0.000000 0.301722
0.000000 0.221625
0.000000 0.152523
0.000000 0.094992
0.000000 0.048421
0.000000 0.011650
0.000000 -0.016248
0.000000 -0.030931
0.000000 -0.020552
0.000000 0.025585
0.000000 0.109600
0.000000 0.224494
0.000000 0.357808
0.000000 0.496253
0.000000 0.628771
0.000000 0.747488
0.000000 0.842871
0.000000 0.900834
0.000000 0.910459
0.000000 0.870516
0.000000 0.789533
0.000000 0.681445
0.000000 0.560968
0.000000 0.440408
0.000000 0.328326
0.000000 0.229592
0.000000 0.146141
0.000000 0.077944
0.000000 0.023855
0.000000 -0.017766
0.000378 -0.048669
0.006719 -0.070517
0.031986 -0.084817
0.087849 -0.092907
0.177292 -0.095938
0.294062 -0.095031
0.426474 -0.091138
0.561522 -0.085104
0.683161 -0.077669
0.771467 -0.069458
0.811278 -0.061026
0.798855 -0.052720
0.741500 -0.044839
0.652904 -0.037586
0.548055 -0.031079
0.439746 -0.025370
0.337061 -0.020461
0.245331 -0.016313
0.166879 -0.012865
0.101987 -0.010041
0.049773 -0.007760
0.008832 -0.005941
-0.021991 -0.004508
-0.038565 -0.003391
-0.029236 -0.002531
0.016511 -0.001832
0.100254 -0.001306
0.209225 -0.000913
0.317935 -0.000622
0.401322 -0.000409
0.445260 -0.000253
0.448448 -0.000139
0.418582 -0.000058
0.367137 0.000000
0.305312 0.000000
0.241861 0.000000
0.182494 0.000000
0.130226 0.000000
0.086108 0.000000
0.049991 0.000000
0.021126 0.000000
-0.001435 0.000000
-0.018618 0.000000
-0.031242 0.000000
-0.040008 0.000000
-0.045139 0.000000
-0.041587 0.000000
-0.016885 0.000000
0.040173 0.000000
0.131805 0.000000
0.245718 0.000000
0.356919 0.000000
0.440811 0.000000
0.483709 0.000000
0.484718 0.000000
0.451902 0.000000
0.397010 0.000000
0.331557 0.000000
0.264500 0.000000
0.201698 0.000000
0.146265 0.000000
0.099313 0.000000
0.060718 0.000000
0.029730 0.000000
0.005386 0.000378
-0.013271 0.006719
-0.027095 0.031986
-0.036822 0.087849
-0.043094 0.176914
-0.046480 0.287343
-0.047506 0.394488
-0.046622 0.474051
-0.044336 0.512588
-0.041060 0.509391
-0.037160 0.472652
-0.032988 0.414248
-0.028740 0.345682
-0.024614 0.275925
-0.020750 0.210829
-0.017238 0.153479
-0.014124 0.104951
-0.011425 0.065079
-0.009131 0.033072
-0.007214 0.008300
-0.005638 -0.004643
-0.004362 0.006315
-0.003341 0.052080
-0.002536 0.134973
-0.001908 0.247769
-0.001424 0.372657
-0.001054 0.483545
-0.000774 0.557836
-0.000564 0.585158
-0.000409 0.567904
-0.000253 0.516686
-0.000139 0.444922
-0.000058 0.364883
0.000000 0.285752
0.000000 0.213263
0.000000 0.150242
0.000000 0.097470
0.000000 0.054518
0.000000 0.020380
0.000378 -0.006114
0.006719 -0.026089
0.031986 -0.040541
0.087849 -0.050333
0.177292 -0.056222
0.294062 -0.058886
0.426474 -0.058951
0.561900 -0.056999
0.689881 -0.053560
0.803075 -0.049116
0.892407 -0.044040
0.944162 -0.038735
0.947714 -0.033472
0.902086 -0.028455
0.815893 -0.023865
0.703152 -0.019732
0.578614 -0.016099
0.454577 -0.012971
0.339574 -0.010328
0.238423 -0.008133
0.153003 -0.006336
0.083224 -0.004888
0.027880 -0.003734
-0.014725 -0.002827
-0.046391 -0.002122
-0.068825 -0.001580
-0.083569 -0.001167
-0.091993 -0.000855
-0.095316 -0.000622
-0.094623 -0.000031
-0.090885 0.006467
-0.084965 0.031847
-0.077610 0.087790
-0.069458 0.176914
-0.061026 0.287343
-0.052720 0.394488
-0.044839 0.474051
-0.037586 0.512588
-0.031079 0.509391
-0.025370 0.472652
-0.020461 0.414248
-0.016313 0.345682
-0.012865 0.275925
-0.010041 0.210829
-0.007760 0.153479
-0.005941 0.104951
-0.004508 0.065079
-0.003391 0.033072
-0.002531 0.007922
-0.001832 -0.011363
-0.001306 -0.025671
-0.000913 -0.035769
-0.000245 -0.042320
0.006311 -0.045915
0.031734 -0.047097
0.087709 -0.046369
0.177234 -0.044196
0.294062 -0.041002
0.426474 -0.037160
0.561900 -0.032988
0.689503 -0.028740
0.796733 -0.024614
0.867140 -0.020750
0.888299 -0.017238
0.858270 -0.014124
0.785316 -0.011425
0.683481 -0.009131
0.567727 -0.007214
0.450633 -0.005638
0.341005 -0.004362
0.243900 -0.003341
0.161401 -0.002536
0.093589 -0.001908
0.039408 -0.001424
-0.002697 -0.001054
-0.034397 -0.000396
-0.057278 0.006155
-0.072769 0.031578
-0.082138 0.087596
-0.086516 0.177153
-0.086918 0.294004
-0.084258 0.426474
-0.079357 0.561900
-0.072936 0.689503
-0.065617 0.796733
-0.057911 0.867140
-0.050225 0.888299
-0.042865 0.858270
-0.036040 0.785316
-0.029881 0.683481
-0.024451 0.567727
-0.019762 0.450633
-0.015787 0.341005
-0.012472 0.243900
-0.009750 0.161401
-0.007546 0.093589
-0.005785 0.039408
-0.004395 -0.002697
-0.002932 -0.034397
0.004247 -0.057278
0.030154 -0.072769
0.086542 -0.082138
0.176001 -0.086516
0.286720 -0.086918
0.394080 -0.084258
0.473799 -0.079357
0.512449 -0.072936
0.509332 -0.065617
0.472652 -0.057911
0.414248 -0.050225
0.345682 -0.042865
0.275925 -0.036040
0.210829 -0.029881
0.153479 -0.024451
0.104951 -0.019762
0.065079 -0.015787
0.033072 -0.012472
0.007922 -0.009372
-0.011363 -0.000827
-0.025671 0.026201
-0.035769 0.083453
-0.042320 0.173982
-0.045915 0.291590
-0.047097 0.424642
-0.046369 0.560594
-0.044196 0.688967
-0.041002 0.802830
-0.037160 0.898340
-0.032988 0.969176
-0.028740 1.003437
-0.024614 0.991471
-0.020750 0.932663
-0.017238 0.835564
-0.014124 0.714039
-0.011425 0.582558
-0.009131 0.453146
-0.007214 0.334096
-0.005638 0.230025
-0.004362 0.142639
-0.003341 0.071696
-0.002536 0.015851
-0.001908 -0.026719
-0.001046 -0.057938
0.005666 -0.079625
0.031212 -0.093424
0.087284 -0.100793
0.176884 -0.103021
0.293810 -0.101250
0.426335 -0.096493
0.561842 -0.089639
0.689503 -0.081451
0.796733 -0.072572
0.867140 -0.063520
0.888299 -0.054695
0.858270 -0.046386
0.785316 -0.038784
0.683481 -0.031998
0.567727 -0.026069
0.450633 -0.020987
0.341005 -0.016706
0.243900 -0.013156
0.161401 -0.010255
0.093589 -0.007916
0.039408 -0.006054
-0.002697 -0.004589
-0.034397 -0.003450
-0.057278 -0.002531
-0.072769 -0.001832
-0.082138 -0.001306
-0.086516 -0.000536
-0.086918 0.006097
-0.084258 0.031578
-0.079357 0.087596
-0.072936 0.176775
-0.065617 0.287285
-0.057911 0.394488
-0.050225 0.474051
-0.042865 0.512588
-0.036040 0.509391
-0.029881 0.472652
-0.024451 0.414248
-0.019762 0.345682
-0.015787 0.275925
-0.012472 0.210829
-0.009750 0.153479
-0.007546 0.104951
-0.005785 0.065079
-0.004395 0.033072
-0.002932 0.007922
0.004247 -0.011363
0.030154 -0.025671
0.086542 -0.035769
0.176379 -0.042320
0.293062 -0.045915
0.419346 -0.047097
0.529661 -0.046369
0.601893 -0.044196
0.626102 -0.041002
0.605064 -0.037160
0.549673 -0.032988
0.473662 -0.028740
0.389498 -0.024614
0.306502 -0.020750
0.230500 -0.017238
0.164366 -0.014124
0.108895 -0.011425
0.063648 -0.009131
0.027594 -0.007214
-0.000476 -0.005260
-0.021727 0.002358
-0.037200 0.028645
-0.047797 0.085312
-0.054313 0.175006
-0.057462 0.285919
-0.057898 0.393434
-0.056225 0.473278
-0.052996 0.512024
-0.048707 0.508982
-0.043788 0.472400
-0.038596 0.414108
-0.033414 0.345623
-0.028455 0.275925
-0.023865 0.210829
-0.019732 0.153479
-0.016099 0.104951
-0.012971 0.065079
-0.010328 0.033072
-0.008133 0.008300
-0.006336 -0.004643
-0.004888 0.006315
-0.003734 0.052080
-0.002827 0.134595
-0.002122 0.241427
-0.001580 0.347391
-0.001167 0.427682
-0.000855 0.468392
-0.000622 0.468388
-0.000409 0.435492
-0.000253 0.381260
-0.000139 0.316941
-0.000058 0.251311
0.000000 0.190078
0.000000 0.136241
0.000000 0.090827
0.000000 0.053654
0.000000 0.023941
0.000378 0.000709
0.006719 -0.017001
0.031986 -0.030033
0.087849 -0.039110
0.176914 -0.044856
0.287343 -0.047824
0.394488 -0.048521
0.474051 -0.047423
0.512588 -0.044970
0.509391 -0.041567
0.472652 -0.037569
0.414248 -0.033240
0.345682 -0.028880
0.275925 -0.024673
0.210829 -0.020750
0.153479 -0.017238
0.104951 -0.014124
0.065079 -0.011425
0.033072 -0.009131
0.008300 -0.007214
-0.004643 -0.005638
0.006315 -0.004362
0.052080 -0.003341
0.134973 -0.002536
0.248147 -0.001908
0.379377 -0.001424
0.515531 -0.001054
0.645684 -0.000774
0.762450 -0.000564
0.861588 -0.000409
0.936440 -0.000253
0.974836 -0.000139
0.966915 -0.000058
0.911912 0.000000
0.818327 0.000000
0.699915 0.000000
0.571132 0.000000
0.444015 0.000000
0.326883 0.000000
0.224387 0.000000
0.138277 0.000000
0.068354 0.000000
0.013315 0.000000
-0.028627 0.000000
-0.059361 0.000000
-0.080679 0.000000
-0.094198 0.000000
-0.101357 0.000000
-0.103051 0.000000
-0.094783 0.000000
-0.064647 0.000000
-0.001848 0.000000
0.095841 0.000000
0.221490 0.000000
0.362954 0.000000
0.506827 0.000000
0.636776 0.000000
0.732683 0.000000
0.779280 0.000000
0.772787 0.000000
0.720513 0.000000
0.636198 0.000000
0.534899 0.000000
0.429491 0.000000
0.329145 0.000000
0.239277 0.000000
0.162290 0.000000
0.098537 0.000000
0.047242 0.000000
0.006999 0.000000
-0.023675 0.000378
-0.046198 0.006719
-0.061844 0.031986
-0.071746 0.087849
-0.076913 0.177292
-0.078257 0.294062
-0.076611 0.426474
-0.072729 0.561900
-0.067328 0.689881
-0.060943 0.803075
-0.054070 0.892407
-0.047111 0.944162
-0.040370 0.947714
-0.034065 0.902086
-0.028335 0.815893
-0.023253 0.703152
-0.018843 0.578614
-0.015088 0.454577
-0.011946 0.339574
-0.009357 0.238423
-0.007255 0.153003
-0.005571 0.083224
-0.004239 0.027880
-0.003197 -0.014725
-0.002391 -0.046391
-0.001774 -0.068825
-0.001306 -0.083569
-0.000913 -0.091993
-0.000245 -0.095316
0.006311 -0.094623
0.031734 -0.090885
0.087709 -0.084965
0.177234 -0.077610
0.294062 -0.069458
0.426474 -0.061026
0.561522 -0.052720
0.683161 -0.044839
0.771467 -0.037586
0.811278 -0.031079
0.798855 -0.025370
0.741500 -0.020461
0.652904 -0.016313
0.548055 -0.012865
0.439746 -0.010041
0.337061 -0.007760
0.245331 -0.005941
0.166879 -0.004508
0.101987 -0.003391
0.049773 -0.002531
0.008832 -0.001832
-0.022369 -0.001306
-0.045284 -0.000913
-0.061222 -0.000622
-0.071338 -0.000409
-0.076660 0.000125
-0.078118 0.006580
-0.076553 0.031928
-0.072729 0.087849
-0.067328 0.177292
-0.060943 0.294062
-0.054070 0.426474
-0.047111 0.561900
-0.040370 0.689881
-0.034065 0.803075
-0.028335 0.892407
-0.023253 0.944162
-0.018843 0.947714
-0.015088 0.902086
-0.011946 0.815893
-0.009357 0.703152
-0.007255 0.578614
-0.005571 0.454577
-0.004239 0.339574
-0.003197 0.238423
-0.002391 0.153003
-0.001774 0.083224
-0.001306 0.027880
-0.000913 -0.014725
-0.000622 -0.046391
-0.000409 -0.068825
-0.000253 -0.083569
-0.000139 -0.091993
-0.000058 -0.094938
0.000000 -0.087903
0.000000 -0.058899
0.000000 0.002884
0.000000 0.099682
0.000000 0.224605
0.000000 0.365449
0.000000 0.509180
0.000000 0.645041
0.000000 0.765489
0.000000 0.861328
0.000000 0.918791
0.000000 0.927253
0.000000 0.885773
0.000000 0.803028
0.000000 0.693112
0.000000 0.570854
0.000000 0.448636
0.000000 0.335066
0.000000 0.235031
0.000000 0.150473
0.000000 0.081392
0.000000 0.026573
0.000000 -0.015639
0.000378 -0.047013
0.006719 -0.069233
0.031986 -0.083821
0.087849 -0.092133
0.177292 -0.095374
0.294062 -0.094623
0.426096 -0.090885
0.555180 -0.084965
0.657895 -0.077610
0.715604 -0.069458
0.721834 -0.061026
0.682085 -0.052720
0.609088 -0.044839
0.517478 -0.037586
0.420074 -0.031079
0.326174 -0.025370
0.241387 -0.020461
0.168310 -0.016313
0.107464 -0.012865
0.058171 -0.010041
0.019196 -0.007760
-0.010463 -0.005941
-0.026536 -0.004508
-0.017242 -0.003391
0.028058 -0.002531
0.111432 -0.001832
0.225800 -0.001306
0.358721 -0.000913
0.496876 -0.000622
0.628802 -0.000409
0.741399 -0.000253
0.817744 -0.000139
0.845029 -0.000058
0.821015 0.000000
0.753746 0.000000
0.657121 0.000000
0.546019 0.000000
0.432988 0.000000
0.326835 0.000000
0.232653 0.000000
0.152570 0.000000
0.086726 0.000000
0.034128 0.000000
-0.006722 0.000000
-0.037061 0.000000
-0.052837 0.000000
-0.042475 0.000000
0.004463 0.000000
0.089485 0.000000
0.199803 0.000000
0.309822 0.000000
0.394442 0.000000
0.439513 0.000000
0.443716 0.000000
0.414741 0.000000
0.364022 0.000000
0.302817 0.000000
0.239886 0.000000
0.180948 0.000000
0.129028 0.000000
0.085189 0.000000
0.049293 0.000000
0.020600 0.000000
-0.001828 0.000378
-0.018909 0.006719
-0.031456 0.031986
-0.040164 0.087849
-0.045630 0.176914
-0.048388 0.287343
-0.048930 0.394488
-0.047675 0.474051
-0.045110 0.512588
-0.041625 0.509391
-0.037569 0.472652
-0.033240 0.414248
-0.028880 0.345682
-0.024673 0.275925
-0.020750 0.210829
-0.017238 0.153479
-0.014124 0.104951
-0.011425 0.065079
-0.009131 0.033072
-0.007214 0.007922
-0.005638 -0.011363
-0.004362 -0.025671
-0.003341 -0.035769
-0.002158 -0.042320
0.004811 -0.045915
0.030562 -0.047097
0.086795 -0.046369
0.176141 -0.044196
0.286778 -0.041002
0.394080 -0.037160
0.473799 -0.032988
0.512449 -0.028740
0.509332 -0.024614
0.472652 -0.020750
0.414248 -0.017238
0.345682 -0.014124
0.275925 -0.011425
0.210829 -0.009131
0.153479 -0.007214
0.104951 -0.005638
0.065079 -0.004362
0.033072 -0.003341
0.008300 -0.002536
-0.004643 -0.001908
0.006315 -0.001424
0.052080 -0.001054
0.134595 -0.000774
0.241427 -0.000564
0.347391 -0.000409
0.427682 -0.000253
0.468392 -0.000139
0.468388 -0.000058
0.435492 0.000000
0.381260 0.000000
0.316941 0.000000
0.251311 0.000000
0.190078 0.000000
0.136241 0.000000
0.090827 0.000000
0.053654 0.000000
0.023941 0.000000
0.000709 0.000000
-0.017001 0.000000
-0.030033 0.000000
-0.039110 0.000000
-0.044856 0.000000
-0.047824 0.000000
-0.048521 0.000000
-0.047423 0.000000
-0.044970 0.000000
-0.041567 0.000000
-0.037569 0.000000
-0.033240 0.000000
-0.028880 0.000000
-0.024673 0.000000
-0.020750 0.000000
-0.017238 0.000000
-0.014124 0.000000
-0.011425 0.000000
-0.009131 0.000000
-0.007214 0.000000
-0.005638 0.000000
-0.004362 0.000000
-0.003341 0.000000
-0.002536 0.000000
-0.001908 0.000000
-0.001424 0.000000
-0.001054 0.000000
-0.000774 0.000000
-0.000564 0.000000
-0.000409 0.000000
-0.000253 0.000000
-0.000139 0.000000
-0.000058 0.000000
0.000000 0.000000
0.000000 0.000000
0.000000 0.000000
0.000000 0.000000
0.000000 0.000000
0.000000 0.000000
0.000000 0.000000
0.000000 0.000000
0.000000 0.000000
0.000000 0.000000
0.000000 0.000000
0.000000 0.000000
0.000000 0.000000
0.000000 0.000000
0.000000 0.000000
0.000000 0.000000
0.000000 0.000000
0.000000 0.000000
0.000000 0.000000
0.000000 0.000000
0.000000 0.000000
0.000000 0.000000
0.000000 0.000000
0.000000 0.000000
0.000000 0.000000
0.000000 0.000000
0.000000 0.000000
0.000000 0.000000
0.000000 0.000000
0.000000 0.000000
0.000000 0.000000
0.000000 0.000000
0.000000 0.000000
0.000000 0.000000
0.000000 0.000000
0.000000 0.000000
0.000000 0.000000
0.000000 0.000000
0.000000 0.000000
0.000000 0.000000
0.000000 0.000000
0.000000 0.000000
0.000000 0.000000
0.000000 0.000000
0.000000 0.000000
0.000000 0.000000
0.000000 0.000000
0.000000 0.000000
0.000000 0.000000
0.000000 0.000000
0.000000 0.000000
