0.000000 0.000000
0.000000 0.000000
0.000000 0.000000
0.000000 0.000000
0.000000 0.000000
0.000000 0.000000
0.000000 0.000000
0.000000 0.000000
0.000000 0.000000
0.000000 0.000000
0.000000 0.000000
0.000000 0.000000
0.000000 0.000000
0.000000 0.000000
0.000000 0.000000
0.000000 0.000000
0.000000 0.000000
0.000378 0.000000
0.006719 0.000000
0.031986 0.000000
0.087849 0.000000
0.176914 0.000000
0.287343 0.000000
0.394488 0.000000
0.474051 0.000000
0.512588 0.000000
0.509391 0.000000
0.472652 0.000000
0.414248 0.000000
0.345682 0.000000
0.275925 0.000000
0.210829 0.000000
0.153479 0.000000
0.104951 0.000000
0.065079 0.000000
0.033072 0.000000
0.008300 0.000000
-0.004643 0.000000
0.006315 0.000000
0.052080 0.000000
0.134595 0.000000
0.241427 0.000000
0.347391 0.000000
0.427682 0.000000
0.468392 0.000000
0.468388 0.000000
0.435492 0.000000
0.381260 0.000000
0.316941 0.000000
0.251311 0.000000
0.190078 0.000000
0.136241 0.000000
0.090827 0.000000
0.053654 0.000000
0.023941 0.000000
0.000709 0.000000
-0.017001 0.000000
-0.030033 0.000000
-0.039110 0.000000
-0.044856 0.000000
-0.047446 0.000000
-0.041802 0.000000
-0.015437 0.000000
0.042878 0.000000
0.135348 0.000000
0.249774 0.000000
0.361248 0.000000
0.445172 0.000000
0.487916 0.000000
0.488640 0.000000
0.455414 0.000000
0.400123 0.000000
0.334256 0.000000
0.266795 0.000000
0.203615 0.000000
0.147841 0.000000
0.100590 0.000000
0.061738 0.000000
0.030536 0.000000
0.006014 0.000378
-0.012786 0.006719
-0.026725 0.031986
-0.036543 0.087849
-0.042884 0.177292
-0.046324 0.294062
-0.047350 0.426474
-0.046509 0.561900
-0.044254 0.689503
-0.041002 0.796733
-0.037160 0.867140
-0.032988 0.888299
-0.028740 0.858270
-0.024614 0.785316
-0.020750 0.683481
-0.017238 0.567727
-0.014124 0.450633
-0.011425 0.341005
-0.009131 0.243900
-0.007214 0.161401
-0.005638 0.093589
-0.004362 0.039408
-0.003341 -0.002697
-0.002158 -0.034397
0.004811 -0.057278
0.030562 -0.072769
0.086795 -0.082138
0.176518 -0.086516
0.293498 -0.086918
0.426066 -0.084258
0.561647 -0.079357
0.689741 -0.072936
0.803017 -0.065617
0.892407 -0.057911
0.944162 -0.050225
0.947714 -0.042865
0.902086 -0.036040
0.815893 -0.029881
0.703152 -0.024451
0.578614 -0.019762
0.454577 -0.015787
0.339574 -0.012472
0.238423 -0.009750
0.153003 -0.007546
0.083224 -0.005785
0.027880 -0.004395
-0.014725 -0.003310
-0.046013 -0.002472
-0.062105 -0.001832
-0.051583 -0.001306
-0.004145 -0.000913
0.081976 -0.000622
0.199062 -0.000409
0.328869 -0.000253
0.444949 -0.000139
0.524422 -0.000058
0.556703 0.000000
0.544038 0.000000
0.496953 0.000000
0.428823 0.000000
0.351912 0.000000
0.275423 0.000000
0.205130 0.000000
0.143905 0.000000
0.092583 0.000000
0.050784 0.000000
0.017553 0.000000
-0.008236 0.000378
-0.027669 0.006719
-0.041708 0.031986
-0.051189 0.087849
-0.056844 0.177292
-0.059294 0.294062
-0.059204 0.426474
-0.057138 0.561900
-0.053618 0.689881
-0.049116 0.803075
-0.044040 0.892407
-0.038735 0.944162
-0.033472 0.947714
-0.028455 0.902086
-0.023865 0.815893
-0.019732 0.703152
-0.016099 0.578614
-0.012971 0.454577
-0.010328 0.339574
-0.008133 0.238423
-0.006336 0.153003
-0.004888 0.083224
-0.003734 0.027880
-0.002827 -0.014725
-0.001744 -0.046391
0.005140 -0.068825
0.030819 -0.083569
0.086993 -0.091993
0.176670 -0.095316
0.293654 -0.094623
0.425844 -0.090885
0.555041 -0.084965
0.657836 -0.077610
0.715604 -0.069458
0.721834 -0.061026
0.682085 -0.052720
0.609088 -0.044839
0.517478 -0.037586
0.420074 -0.031079
0.326174 -0.025370
0.241387 -0.020461
0.168310 -0.016313
0.107464 -0.012865
0.058171 -0.010041
0.019196 -0.007760
-0.010840 -0.005941
-0.033256 -0.004508
-0.049228 -0.003391
-0.059791 -0.002531
-0.065860 -0.001832
-0.067885 -0.001306
-0.061034 -0.000913
-0.033038 -0.000622
0.027148 -0.000409
0.121957 -0.000253
0.244666 -0.000139
0.383204 -0.000058
0.524645 0.000000
0.658311 0.000000
0.776715 0.000000
0.870700 0.000000
0.926516 0.000000
0.933544 0.000000
0.890838 0.000000
0.807061 0.000000
0.696290 0.000000
0.573333 0.000000
0.450552 0.000000
0.336533 0.000000
0.236145 0.000000
0.151311 0.000000
0.081976 0.000000
0.026966 0.000000
-0.015348 0.000000
-0.046422 0.000000
-0.062358 0.000000
-0.051722 0.000000
-0.004203 0.000000
0.081976 0.000000
0.199440 0.000000
0.335589 0.000000
0.476557 0.000000
0.605551 0.000000
0.702009 0.000000
0.750252 0.000000
0.746135 0.000000
0.696661 0.000000
0.615318 0.000000
0.516976 0.000000
0.414376 0.000000
0.316600 0.000000
0.229018 0.000000
0.154014 0.000000
0.091946 0.000000
0.042013 0.000000
0.002890 0.000000
-0.026499 0.000000
-0.041956 0.000000
-0.031766 0.000000
0.014679 0.000000
0.099326 0.000000
0.215031 0.000000
0.349299 0.000000
0.488762 0.000000
0.622300 0.000000
0.741993 0.000000
0.838279 0.000000
0.897051 0.000000
0.907344 0.000000
0.868021 0.000000
0.787558 0.000000
0.679899 0.000000
0.559770 0.000000
0.439489 0.000000
0.327628 0.000000
0.229066 0.000000
0.145748 0.000000
0.077653 0.000000
0.023641 0.000000
-0.017922 0.000000
-0.048782 0.000378
-0.070599 0.006719
-0.084875 0.031986
-0.092907 0.087849
-0.095938 0.177292
-0.095031 0.294062
-0.091138 0.426096
-0.085104 0.555180
-0.077669 0.657895
-0.069458 0.715604
-0.061026 0.721834
-0.052720 0.682085
-0.044839 0.609088
-0.037586 0.517478
-0.031079 0.420074
-0.025370 0.326174
-0.020461 0.241387
-0.016313 0.168310
-0.012865 0.107464
-0.010041 0.058171
-0.007760 0.019196
-0.005563 -0.010840
0.002211 -0.033256
0.028595 -0.049228
0.085318 -0.059791
0.175460 -0.065860
0.292756 -0.068262
0.425183 -0.067753
0.554558 -0.065024
0.657486 -0.060701
0.715352 -0.055335
0.721695 -0.049396
0.682027 -0.043270
0.609088 -0.037255
0.517478 -0.031570
0.420074 -0.026360
0.326174 -0.021707
0.241387 -0.017645
0.168310 -0.014169
0.107464 -0.011247
0.058171 -0.008831
0.019196 -0.006862
-0.010840 -0.004903
-0.033256 0.002694
-0.049228 0.028945
-0.059791 0.085570
-0.065860 0.175222
-0.068262 0.286095
-0.067753 0.393575
-0.065024 0.473429
-0.060701 0.512180
-0.055335 0.509138
-0.049396 0.472513
-0.043270 0.414189
-0.037255 0.345682
-0.031570 0.275925
-0.026360 0.210829
-0.021707 0.153479
-0.017645 0.104951
-0.014169 0.065079
-0.011247 0.033072
-0.008831 0.007922
-0.006862 -0.011363
-0.005280 -0.025671
-0.004025 -0.035769
-0.002663 -0.042320
0.004441 -0.045915
0.030293 -0.047097
0.086600 -0.046369
0.176379 -0.044196
0.293440 -0.041002
0.426066 -0.037160
0.561647 -0.032988
0.689363 -0.028740
0.796675 -0.024614
0.867140 -0.020750
0.888299 -0.017238
0.858270 -0.014124
0.785316 -0.011425
0.683481 -0.009131
0.567727 -0.007214
0.450633 -0.005638
0.341005 -0.004362
0.243900 -0.003341
0.161401 -0.002536
0.093589 -0.001908
0.039408 -0.001424
-0.002697 -0.001054
-0.034397 -0.000396
-0.057278 0.006155
-0.072769 0.031578
-0.082138 0.087596
-0.086516 0.176775
-0.086918 0.287285
-0.084258 0.394488
-0.079357 0.474051
-0.072936 0.512588
-0.065617 0.509391
-0.057911 0.472652
-0.050225 0.414248
-0.042865 0.345682
-0.036040 0.275925
-0.029881 0.210829
-0.024451 0.153479
-0.019762 0.104951
-0.015787 0.065079
-0.012472 0.033072
-0.009750 0.007922
-0.007546 -0.011363
-0.005785 -0.025671
-0.004395 -0.035769
-0.003310 -0.041942
-0.002472 -0.039196
-0.001832 -0.015111
-0.001306 0.041479
-0.000913 0.133096
-0.000622 0.253060
-0.000409 0.389314
-0.000253 0.528912
-0.000139 0.661140
-0.000058 0.778461
0.000000 0.871656
0.000000 0.926924
0.000000 0.933589
0.000000 0.890661
0.000000 0.806762
0.000000 0.695939
0.000000 0.572976
0.000000 0.450215
0.000000 0.336232
0.000000 0.235887
0.000000 0.151095
0.000000 0.081800
0.000000 0.026826
0.000000 -0.015499
0.000000 -0.046578
0.000000 -0.062514
0.000000 -0.051835
0.000000 -0.004284
0.000000 0.081918
0.000000 0.199440
0.000000 0.335589
0.000000 0.476935
0.000000 0.611892
0.000000 0.727276
0.000000 0.806115
0.000000 0.835579
0.000000 0.813431
0.000000 0.747730
0.000000 0.652402
0.000000 0.542356
0.000000 0.430172
0.000000 0.324692
0.000000 0.231036
0.000000 0.151361
0.000000 0.085829
0.000000 0.033467
0.000000 -0.007205
0.000378 -0.037789
0.006719 -0.059809
0.031986 -0.074601
0.087849 -0.083444
0.176914 -0.087429
0.287343 -0.087540
0.394488 -0.084666
0.474051 -0.079609
0.512588 -0.073076
0.509391 -0.065675
0.472652 -0.057911
0.414248 -0.050225
0.345682 -0.042865
0.275925 -0.036040
0.210829 -0.029881
0.153479 -0.024451
0.104951 -0.019762
0.065079 -0.015787
0.033072 -0.012472
0.007922 -0.009372
-0.011363 -0.000827
-0.025671 0.026201
-0.035769 0.083453
-0.042320 0.173604
-0.045915 0.284870
-0.047097 0.392656
-0.046369 0.472745
-0.044196 0.511675
-0.041002 0.508768
-0.037160 0.472244
-0.032988 0.413995
-0.028740 0.345542
-0.024614 0.275867
-0.020750 0.210829
-0.017238 0.153479
-0.014124 0.104951
-0.011425 0.065079
-0.009131 0.033072
-0.007214 0.007922
-0.005260 -0.011363
0.002358 -0.025671
0.028645 -0.035769
0.085312 -0.042320
0.175006 -0.045915
0.285919 -0.047097
0.393434 -0.046369
0.473278 -0.044196
0.512024 -0.041002
0.508982 -0.037160
0.472400 -0.032988
0.414108 -0.028740
0.345623 -0.024614
0.275925 -0.020750
0.210829 -0.017238
0.153479 -0.014124
0.104951 -0.011425
0.065079 -0.009131
0.033072 -0.007214
0.008300 -0.005638
-0.004643 -0.004362
0.006315 -0.003341
0.052080 -0.002536
0.134973 -0.001908
0.248147 -0.001424
0.379377 -0.001054
0.515531 -0.000774
0.645684 -0.000564
0.762073 -0.000409
0.855246 -0.000253
0.911174 -0.000139
0.918974 -0.000058
0.877472 0.000000
0.795142 0.000000
0.685915 0.000000
0.564489 0.000000
0.443152 0.000000
0.330443 0.000000
0.231209 0.000000
0.147365 0.000000
0.078863 0.000000
0.024538 0.000000
-0.017262 0.000000
-0.048299 0.000000
-0.070248 0.000378
-0.084623 0.006719
-0.092767 0.031986
-0.095880 0.087849
-0.095031 0.177292
-0.091138 0.294062
-0.085104 0.426474
-0.077669 0.561900
-0.069458 0.689881
-0.061026 0.803075
-0.052720 0.892407
-0.044839 0.944162
-0.037586 0.947714
-0.031079 0.902086
-0.025370 0.815893
-0.020461 0.703152
-0.016313 0.578614
-0.012865 0.454577
-0.010041 0.339574
-0.007760 0.238423
-0.005941 0.153003
-0.004508 0.083224
-0.003391 0.027880
-0.002531 -0.014725
-0.001832 -0.046391
-0.001306 -0.068825
-0.000913 -0.083569
-0.000622 -0.091993
-0.000409 -0.094938
-0.000253 -0.087903
-0.000139 -0.058899
-0.000058 0.002884
0.000000 0.099304
0.000000 0.217885
0.000000 0.333463
0.000000 0.421331
0.000000 0.467749
0.000000 0.471805
0.000000 0.441573
0.000000 0.388877
0.000000 0.325221
0.000000 0.259613
0.000000 0.197964
0.000000 0.143438
0.000000 0.097191
0.000000 0.059138
0.000000 0.028564
0.000378 0.004531
0.006719 -0.013893
0.031986 -0.027503
0.087849 -0.037075
0.176914 -0.043233
0.287343 -0.046538
0.394488 -0.047506
0.474051 -0.046622
0.512588 -0.044336
0.509391 -0.041060
0.472652 -0.037160
0.414248 -0.032988
0.345682 -0.028740
0.275925 -0.024614
0.210829 -0.020750
0.153479 -0.017238
0.104951 -0.014124
0.065079 -0.011425
0.033072 -0.009131
0.008300 -0.007214
-0.004643 -0.005638
0.006315 -0.004362
0.052080 -0.003341
0.134973 -0.002536
0.248147 -0.001908
0.379377 -0.001424
0.515531 -0.001054
0.645307 -0.000774
0.755731 -0.000564
0.829980 -0.000409
0.855311 -0.000253
0.829530 -0.000139
0.760701 -0.000058
0.662730 0.000000
0.550489 0.000000
0.436509 0.000000
0.329580 0.000000
0.234770 0.000000
0.154188 0.000000
0.087951 0.000000
0.035047 0.000000
-0.006038 0.000000
-0.036556 0.000000
-0.052467 0.000000
-0.042206 0.000000
0.004657 0.000000
0.089625 0.000000
0.199861 0.000000
0.309822 0.000000
0.394442 0.000000
0.439513 0.000000
0.443716 0.000000
0.414741 0.000000
0.364022 0.000000
0.302817 0.000000
0.239886 0.000000
0.180948 0.000000
0.129028 0.000000
0.085189 0.000000
0.049293 0.000000
0.020600 0.000000
-0.001828 0.000378
-0.018909 0.006719
-0.031456 0.031986
-0.040164 0.087849
-0.045630 0.177292
-0.048388 0.293684
-0.048930 0.419755
-0.047675 0.529914
-0.045110 0.602032
-0.041625 0.626161
-0.037569 0.605064
-0.033240 0.549673
-0.028880 0.473662
-0.024673 0.389498
-0.020750 0.306502
-0.017238 0.230500
-0.014124 0.164366
-0.011425 0.108895
-0.009131 0.063648
-0.007214 0.027594
-0.005260 -0.000476
0.002358 -0.021727
0.028645 -0.037200
0.085312 -0.047797
0.175384 -0.054313
0.292639 -0.057462
0.425420 -0.057898
0.561126 -0.056225
0.688939 -0.052996
0.796325 -0.048707
0.866888 -0.043788
0.888160 -0.038596
0.858212 -0.033414
0.785316 -0.028455
0.683481 -0.023865
0.567727 -0.019732
0.450633 -0.016099
0.341005 -0.012971
0.243900 -0.010328
0.161401 -0.008133
0.093589 -0.006336
0.039408 -0.004888
-0.002697 -0.003734
-0.034397 -0.002449
-0.057278 0.004597
-0.072769 0.030406
-0.082138 0.086682
-0.086516 0.176059
-0.086918 0.286720
-0.084258 0.394080
-0.079357 0.473799
-0.072936 0.512449
-0.065617 0.509332
-0.057911 0.472652
-0.050225 0.414248
-0.042865 0.345682
-0.036040 0.275925
-0.029881 0.210829
-0.024451 0.153479
-0.019762 0.104951
-0.015787 0.065079
-0.012472 0.033072
-0.009750 0.008300
-0.007546 -0.004643
-0.005785 0.006315
-0.004395 0.052080
-0.003310 0.134595
-0.002472 0.241427
-0.001832 0.347391
-0.001306 0.427682
-0.000913 0.468392
-0.000622 0.468388
-0.000409 0.435492
-0.000253 0.381260
-0.000139 0.316941
-0.000058 0.251311
0.000000 0.190078
0.000000 0.136241
0.000000 0.090827
0.000000 0.053654
0.000000 0.023941
0.000000 0.001086
0.000000 -0.010281
0.000000 0.001953
0.000000 0.048738
0.000000 0.132059
0.000000 0.239519
0.000000 0.345967
0.000000 0.426629
0.000000 0.467618
0.000000 0.467824
0.000000 0.435083
0.000000 0.381007
0.000000 0.316802
0.000000 0.251253
0.000000 0.190078
0.000000 0.136241
0.000000 0.090827
0.000000 0.053654
0.000000 0.023941
0.000000 0.001086
0.000000 -0.010281
0.000000 0.001953
0.000000 0.048738
0.000000 0.132436
0.000000 0.246239
0.000000 0.377575
0.000000 0.507758
0.000000 0.612924
0.000000 0.674038
0.000000 0.684265
0.000000 0.648845
0.000000 0.580208
0.000000 0.492806
0.000000 0.399324
0.000000 0.308936
0.000000 0.227263
0.000000 0.156885
0.000000 0.098334
0.000000 0.050957
0.000000 0.013558
0.000000 -0.015202
0.000000 -0.036219
0.000000 -0.045045
0.000000 -0.029713
0.000000 0.020565
0.000000 0.107976
0.000000 0.225535
0.000000 0.360886
0.000000 0.500790
0.000000 0.634293
0.000000 0.753917
0.000000 0.855421
0.000000 0.932173
0.000000 0.972006
0.000000 0.965170
0.000000 0.910955
0.000000 0.817919
0.000000 0.699870
0.000000 0.571310
0.000000 0.444315
0.000000 0.327234
0.000000 0.224744
0.000000 0.138614
0.000000 0.068654
0.000000 0.013573
0.000000 -0.028412
0.000000 -0.058808
0.000000 -0.073819
0.000000 -0.062061
0.000000 -0.013353
0.000000 0.074019
0.000000 0.192673
0.000000 0.329923
0.000000 0.471883
0.000000 0.601710
0.000000 0.698894
0.000000 0.747757
0.000000 0.744161
0.000000 0.695114
0.000000 0.614120
0.000000 0.516057
0.000000 0.413677
0.000000 0.316074
0.000000 0.228626
0.000000 0.153723
0.000000 0.091732
0.000000 0.041857
0.000000 0.002777
0.000000 -0.026581
0.000000 -0.042014
0.000000 -0.031766
0.000000 0.014679
0.000000 0.099326
0.000000 0.215031
0.000000 0.349299
0.000000 0.488762
0.000000 0.622300
0.000000 0.742371
0.000000 0.844620
0.000000 0.922318
0.000000 0.963206
0.000000 0.957465
0.000000 0.904328
0.000000 0.812311
0.000000 0.695196
0.000000 0.567469
0.000000 0.441200
0.000000 0.324739
0.000000 0.222770
0.000000 0.137067
0.000000 0.067457
0.000000 0.012654
0.000000 -0.029110
0.000000 -0.059712
0.000000 -0.080931
0.000000 -0.094338
0.000000 -0.101416
0.000000 -0.103429
0.000000 -0.101503
0.000000 -0.096633
0.000000 -0.089697
0.000000 -0.081451
0.000000 -0.072572
0.000000 -0.063520
0.000000 -0.054695
0.000000 -0.046386
0.000000 -0.038784
0.000000 -0.031998
0.000000 -0.026069
0.000000 -0.020987
0.000000 -0.016706
0.000000 -0.013156
0.000000 -0.010255
0.000000 -0.007916
0.000000 -0.006054
0.000000 -0.004589
0.000000 -0.003450
0.000000 -0.002531
0.000000 -0.001832
0.000000 -0.001306
0.000000 -0.000913
0.000000 -0.000622
0.000000 -0.000409
0.000000 -0.000253
0.000000 -0.000139
0.000000 -0.000058
0.000000 0.000000
0.000000 0.000000
0.000000 0.000000
0.000000 0.000000
0.000000 0.000000
0.000000 0.000000
0.000000 0.000000
0.000000 0.000000
0.000000 0.000000
0.000000 0.000000
0.000000 0.000000
0.000000 0.000000
0.000000 0.000000
0.000000 0.000000
0.000000 0.000000
0.000000 0.000000
0.000000 0.000000
0.000000 0.000000
0.000000 0.000000
0.000000 0.000000
0.000000 0.000000
0.000000 0.000000
0.000000 0.000000
0.000000 0.000000
0.000000 0.000000
0.000000 0.000000
0.000000 0.000000
0.000000 0.000000
0.000000 0.000000
0.000000 0.000000
0.000000 0.000000
0.000000 0.000000
0.000000 0.000000
0.000000 0.000000
0.000000 0.000000
0.000000 0.000000
0.000000 0.000000
0.000000 0.000000
0.000000 0.000000
0.000000 0.000000
0.000000 0.000000
0.000000 0.000000
0.000000 0.000000
0.000000 0.000000
0.000000 0.000000
0.000000 0.000000
0.000000 0.000000
0.000000 0.000000
0.000000 0.000000
0.000000 0.000000
0.000000 0.000000
0.000000 0.000000
0.000000 0.000000
0.000000 0.000000
0.000000 0.000000
0.000000 0.000000
0.000000 0.000000
0.000000 0.000000
