0.000000 0.000000
0.000000 0.000000
0.000000 0.000000
0.000000 0.000000
0.000000 0.000000
0.000000 0.000000
0.000000 0.000000
0.000000 0.000000
0.000000 0.000000
0.000000 0.000000
0.000000 0.000000
0.000000 0.000000
0.000000 0.000000
0.000000 0.000000
0.000000 0.000000
0.000378 0.000000
0.006719 0.000000
0.031986 0.000000
0.087849 0.000000
0.177292 0.000000
0.294062 0.000000
0.426096 0.000000
0.555180 0.000000
0.657895 0.000000
0.715604 0.000000
0.721834 0.000000
0.682085 0.000000
0.609088 0.000000
0.517478 0.000000
0.420074 0.000000
0.326174 0.000000
0.241387 0.000000
0.168310 0.000000
0.107464 0.000000
0.058171 0.000000
0.019196 0.000000
-0.010840 0.000378
-0.033256 0.006719
-0.049228 0.031986
-0.059791 0.087849
-0.065860 0.177292
-0.068262 0.294062
-0.067753 0.426096
-0.065024 0.555180
-0.060701 0.657895
-0.055335 0.715604
-0.049396 0.721834
-0.043270 0.682085
-0.037255 0.609088
-0.031570 0.517478
-0.026360 0.420074
-0.021707 0.326174
-0.017645 0.241387
-0.014169 0.168310
-0.011247 0.107464
-0.008831 0.058171
-0.006862 0.019196
-0.004903 -0.010840
0.002694 -0.033256
0.028945 -0.049228
0.085570 -0.059791
0.175222 -0.065860
0.286095 -0.068262
0.393575 -0.067753
0.473429 -0.065024
0.512180 -0.060701
0.509138 -0.055335
0.472513 -0.049396
0.414189 -0.043270
0.345682 -0.037255
0.275925 -0.031570
0.210829 -0.026360
0.153479 -0.021707
0.104951 -0.017645
0.065079 -0.014169
0.033072 -0.011247
0.007922 -0.008453
-0.011363 -0.000143
-0.025671 0.026706
-0.035769 0.083823
-0.042320 0.174251
-0.045915 0.291784
-0.047097 0.424404
-0.046369 0.553932
-0.044196 0.656981
-0.041002 0.714982
-0.037160 0.721426
-0.032988 0.681833
-0.028740 0.608949
-0.024614 0.517420
-0.020750 0.420074
-0.017238 0.326174
-0.014124 0.241387
-0.011425 0.168310
-0.009131 0.107464
-0.007214 0.058171
-0.005638 0.019196
-0.004362 -0.010840
-0.003341 -0.033256
-0.002536 -0.049228
-0.001908 -0.059791
-0.001046 -0.065860
0.005666 -0.068262
0.031212 -0.067753
0.087284 -0.065024
0.176506 -0.060701
0.287090 -0.055335
0.394349 -0.049396
0.473993 -0.043270
0.512588 -0.037255
0.509391 -0.031570
0.472652 -0.026360
0.414248 -0.021707
0.345682 -0.017645
0.275925 -0.014169
0.210829 -0.011247
0.153479 -0.008831
0.104951 -0.006862
0.065079 -0.005280
0.033072 -0.004025
0.007922 -0.002663
-0.011363 0.004441
-0.025671 0.030293
-0.035769 0.086600
-0.042320 0.176379
-0.045915 0.293440
-0.047097 0.426066
-0.046369 0.561647
-0.044196 0.689741
-0.041002 0.803395
-0.037160 0.898749
-0.032988 0.969428
-0.028740 1.003576
-0.024614 0.991530
-0.020750 0.932663
-0.017238 0.835564
-0.014124 0.714039
-0.011425 0.582558
-0.009131 0.453146
-0.007214 0.334096
-0.005638 0.230025
-0.004362 0.142639
-0.003341 0.071696
-0.002536 0.015851
-0.001908 -0.026719
-0.001046 -0.057938
0.005666 -0.079625
0.031212 -0.093424
0.087284 -0.100793
0.176884 -0.103021
0.293810 -0.101250
0.426335 -0.096493
0.561464 -0.089639
0.683161 -0.081451
0.771467 -0.072572
0.811278 -0.063520
0.798855 -0.054695
0.741500 -0.046386
0.652904 -0.038784
0.548055 -0.031998
0.439746 -0.026069
0.337061 -0.020987
0.245331 -0.016706
0.166879 -0.013156
0.101987 -0.010255
0.049773 -0.007916
0.008832 -0.006054
-0.022369 -0.004589
-0.045284 -0.003450
-0.061222 -0.002531
-0.071338 -0.001832
-0.076283 -0.001306
-0.071398 -0.000913
-0.044567 -0.000622
0.015119 -0.000409
0.109586 -0.000253
0.226400 -0.000139
0.340418 -0.000058
0.426941 0.000000
0.472219 0.000000
0.475326 0.000000
0.444317 0.000000
0.390994 0.000000
0.326838 0.000000
0.260837 0.000000
0.198883 0.000000
0.144122 0.000000
0.097696 0.000000
0.059508 0.000000
0.028833 0.000000
0.004725 0.000378
-0.013754 0.006719
-0.027445 0.031986
-0.037075 0.087849
-0.043233 0.177292
-0.046538 0.294062
-0.047506 0.426474
-0.046622 0.561900
-0.044336 0.689881
-0.041060 0.803453
-0.037160 0.898749
-0.032988 0.969428
-0.028740 1.003576
-0.024614 0.991530
-0.020750 0.932663
-0.017238 0.835564
-0.014124 0.714039
-0.011425 0.582558
-0.009131 0.453146
-0.007214 0.334096
-0.005638 0.230025
-0.004362 0.142639
-0.003341 0.071696
-0.002536 0.015851
-0.001908 -0.026719
-0.001424 -0.057560
-0.001054 -0.072906
-0.000774 -0.061438
-0.000564 -0.012945
-0.000409 0.074272
-0.000253 0.192812
-0.000139 0.329981
-0.000058 0.471883
0.000000 0.601710
0.000000 0.698894
0.000000 0.747757
0.000000 0.744161
0.000000 0.695114
0.000000 0.614120
0.000000 0.516057
0.000000 0.413677
0.000000 0.316074
0.000000 0.228626
0.000000 0.153723
0.000000 0.091732
0.000000 0.041857
0.000000 0.002777
0.000000 -0.026958
0.000000 -0.048734
0.000000 -0.063752
0.000000 -0.073170
0.000000 -0.077589
0.000000 -0.072312
0.000000 -0.045189
0.000000 0.014711
0.000000 0.109711
0.000000 0.232602
0.000000 0.365627
0.000000 0.482803
0.000000 0.561662
0.000000 0.592096
0.000000 0.576729
0.000000 0.526420
0.000000 0.454819
0.000000 0.374409
0.000000 0.294556
0.000000 0.221143
0.000000 0.157111
0.000000 0.103324
0.000000 0.059409
0.000000 0.024397
0.000000 -0.002489
0.000000 -0.016782
0.000000 -0.006520
0.000000 0.039138
0.000000 0.122356
0.000000 0.236192
0.000000 0.368324
0.000000 0.505536
0.000000 0.636449
0.000000 0.748026
0.000000 0.823352
0.000000 0.849703
0.000000 0.824856
0.000000 0.756861
0.000000 0.659616
0.000000 0.547994
0.000000 0.434534
0.000000 0.328033
0.000000 0.233572
0.000000 0.153269
0.000000 0.087252
0.000000 0.034521
0.000000 -0.006431
0.000378 -0.037224
0.006719 -0.059400
0.031986 -0.074348
0.087849 -0.083305
0.177292 -0.087371
0.294062 -0.087540
0.426474 -0.084666
0.561900 -0.079609
0.689503 -0.073076
0.796733 -0.065675
0.867140 -0.057911
0.888299 -0.050225
0.858270 -0.042865
0.785316 -0.036040
0.683481 -0.029881
0.567727 -0.024451
0.450633 -0.019762
0.341005 -0.015787
0.243900 -0.012472
0.161401 -0.009750
0.093589 -0.007546
0.039408 -0.005785
-0.002697 -0.004395
-0.034397 -0.003310
-0.057278 -0.002472
-0.072769 -0.001832
-0.082138 -0.000928
-0.086516 0.005806
-0.086918 0.031364
-0.084258 0.087440
-0.079357 0.176662
-0.072936 0.287203
-0.065617 0.394430
-0.057911 0.474051
-0.050225 0.512588
-0.042865 0.509391
-0.036040 0.472652
-0.029881 0.414248
-0.024451 0.345682
-0.019762 0.275925
-0.015787 0.210829
-0.012472 0.153479
-0.009750 0.104951
-0.007546 0.065079
-0.005785 0.033072
-0.004017 0.007922
0.003409 -0.011363
0.029514 -0.025671
0.086016 -0.035769
0.175986 -0.042320
0.292771 -0.045915
0.419132 -0.047097
0.529505 -0.046369
0.601780 -0.044196
0.626021 -0.041002
0.605006 -0.037160
0.549673 -0.032988
0.473662 -0.028740
0.389498 -0.024614
0.306502 -0.020750
0.230500 -0.017238
0.164366 -0.014124
0.108895 -0.011425
0.063648 -0.009131
0.027594 -0.007214
-0.000476 -0.005260
-0.021727 0.002358
-0.037200 0.028645
-0.047797 0.085312
-0.054313 0.175006
-0.057462 0.285919
-0.057898 0.393434
-0.056225 0.473278
-0.052996 0.512024
-0.048707 0.508982
-0.043788 0.472400
-0.038596 0.414108
-0.033414 0.345623
-0.028455 0.275925
-0.023865 0.210829
-0.019732 0.153479
-0.016099 0.104951
-0.012971 0.065079
-0.010328 0.033072
-0.008133 0.007922
-0.005959 -0.011363
0.001832 -0.025671
0.028252 -0.035769
0.085021 -0.042320
0.175170 -0.045915
0.292483 -0.047097
0.425307 -0.046369
0.561045 -0.044196
0.689258 -0.041002
0.802667 -0.037160
0.892154 -0.032988
0.944022 -0.028740
0.947656 -0.024614
0.902086 -0.020750
0.815893 -0.017238
0.703152 -0.014124
0.578614 -0.011425
0.454577 -0.009131
0.339574 -0.007214
0.238423 -0.005638
0.153003 -0.004362
0.083224 -0.003341
0.027880 -0.002536
-0.014725 -0.001908
-0.046013 -0.001424
-0.062105 -0.001054
-0.051583 -0.000774
-0.004145 -0.000564
0.081976 -0.000409
0.199440 -0.000253
0.335589 -0.000139
0.476935 -0.000058
0.611892 0.000000
0.727276 0.000000
0.806115 0.000000
0.835579 0.000000
0.813431 0.000000
0.747730 0.000000
0.652402 0.000000
0.542356 0.000000
0.430172 0.000000
0.324692 0.000000
0.231036 0.000000
0.151361 0.000000
0.085829 0.000000
0.033467 0.000000
-0.007205 0.000000
-0.037789 0.000378
-0.059809 0.006719
-0.074601 0.031986
-0.083444 0.087849
-0.087429 0.176914
-0.087540 0.287343
-0.084666 0.394488
-0.079609 0.474051
-0.073076 0.512588
-0.065675 0.509391
-0.057911 0.472652
-0.050225 0.414248
-0.042865 0.345682
-0.036040 0.275925
-0.029881 0.210829
-0.024451 0.153479
-0.019762 0.104951
-0.015787 0.065079
-0.012472 0.033072
-0.009750 0.008300
-0.007546 -0.004643
-0.005785 0.006315
-0.004395 0.052080
-0.003310 0.134973
-0.002472 0.248147
-0.001832 0.379377
-0.001306 0.515153
-0.000913 0.638965
-0.000622 0.730464
-0.000409 0.774117
-0.000253 0.765868
-0.000139 0.712760
-0.000058 0.628290
0.000000 0.527305
0.000000 0.422508
0.000000 0.322937
0.000000 0.233906
0.000000 0.157748
0.000000 0.094773
0.000000 0.044135
0.000000 0.004470
0.000000 -0.025332
0.000000 -0.041101
0.000000 -0.031144
0.000000 0.015087
0.000000 0.099200
0.000000 0.208451
0.000000 0.317371
0.000000 0.400914
0.000000 0.445007
0.000000 0.448308
0.000000 0.418524
0.000000 0.367137
0.000000 0.305312
0.000000 0.241861
0.000000 0.182494
0.000000 0.130226
0.000000 0.086108
0.000000 0.049991
0.000000 0.021126
0.000000 -0.001435
0.000000 -0.018618
0.000000 -0.031242
0.000378 -0.040008
0.006719 -0.045517
0.031986 -0.048306
0.087849 -0.048872
0.177292 -0.047675
0.293684 -0.045110
0.419755 -0.041625
0.529914 -0.037569
0.602032 -0.033240
0.626161 -0.028880
0.605064 -0.024673
0.549673 -0.020750
0.473662 -0.017238
0.389498 -0.014124
0.306502 -0.011425
0.230500 -0.009131
0.164366 -0.007214
0.108895 -0.005638
0.063648 -0.004362
0.027594 -0.003341
-0.000476 -0.002536
-0.021727 -0.001908
-0.037200 -0.001424
-0.047797 -0.001054
-0.054313 -0.000774
-0.057462 -0.000187
-0.057898 0.006311
-0.056225 0.031734
-0.052996 0.087709
-0.048707 0.176856
-0.043788 0.287343
-0.038596 0.394488
-0.033414 0.474051
-0.028455 0.512588
-0.023865 0.509391
-0.019732 0.472652
-0.016099 0.414248
-0.012971 0.345682
-0.010328 0.275925
-0.008133 0.210829
-0.006336 0.153479
-0.004888 0.104951
-0.003734 0.065079
-0.002827 0.033072
-0.002122 0.007922
-0.001580 -0.011363
-0.001167 -0.025293
-0.000855 -0.029049
-0.000622 -0.010334
-0.000409 0.041933
-0.000253 0.129817
-0.000139 0.240974
-0.000058 0.350292
0.000000 0.433049
0.000000 0.475428
0.000000 0.476403
0.000000 0.443912
0.000000 0.389633
0.000000 0.324931
0.000000 0.258688
0.000000 0.196704
0.000000 0.142054
0.000000 0.095821
0.000000 0.057866
0.000000 0.027434
0.000000 0.003939
0.000000 -0.007984
0.000000 0.003779
0.000000 0.050172
0.000000 0.133549
0.000000 0.247093
0.000000 0.378603
0.000000 0.514967
0.000000 0.644898
0.000000 0.755479
0.000000 0.829840
0.000000 0.855253
0.000000 0.829530
0.000000 0.760701
0.000000 0.662730
0.000000 0.550489
0.000000 0.436509
0.000000 0.329580
0.000000 0.234770
0.000000 0.154188
0.000000 0.087951
0.000000 0.035047
0.000000 -0.006038
0.000378 -0.036933
0.006719 -0.059186
0.031986 -0.074192
0.087849 -0.083192
0.176914 -0.087290
0.287343 -0.087482
0.394488 -0.084666
0.474051 -0.079609
0.512588 -0.073076
0.509391 -0.065675
0.472652 -0.057911
0.414248 -0.050225
0.345682 -0.042865
0.275925 -0.036040
0.210829 -0.029881
0.153479 -0.024451
0.104951 -0.019762
0.065079 -0.015787
0.033072 -0.012472
0.008300 -0.009750
-0.004643 -0.007546
0.006315 -0.005785
0.052080 -0.004395
0.134595 -0.003310
0.241427 -0.002472
0.347391 -0.001832
0.427682 -0.001306
0.468392 -0.000913
0.468388 -0.000622
0.435492 -0.000409
0.381260 -0.000253
0.316941 -0.000139
0.251311 -0.000058
0.190078 0.000000
0.136241 0.000000
0.090827 0.000000
0.053654 0.000000
0.023941 0.000000
0.000709 0.000378
-0.017001 0.006719
-0.030033 0.031986
-0.039110 0.087849
-0.044856 0.177292
-0.047824 0.294062
-0.048521 0.426474
-0.047423 0.561900
-0.044970 0.689881
-0.041567 0.803075
-0.037569 0.892407
-0.033240 0.944162
-0.028880 0.947714
-0.024673 0.902086
-0.020750 0.815893
-0.017238 0.703152
-0.014124 0.578614
-0.011425 0.454577
-0.009131 0.339574
-0.007214 0.238423
-0.005638 0.153003
-0.004362 0.083224
-0.003341 0.027880
-0.002536 -0.014725
-0.001908 -0.046013
-0.001424 -0.062105
-0.001054 -0.051583
-0.000774 -0.004145
-0.000564 0.081976
-0.000409 0.199440
-0.000253 0.335589
-0.000139 0.476935
-0.000058 0.612270
0.000000 0.733617
0.000000 0.831381
0.000000 0.891442
0.000000 0.902874
0.000000 0.864500
0.000000 0.784814
0.000000 0.677782
0.000000 0.558153
0.000000 0.438264
0.000000 0.326709
0.000000 0.228382
0.000000 0.145243
0.000000 0.077283
0.000000 0.023372
0.000000 -0.018117
0.000000 -0.048544
0.000000 -0.063937
0.000000 -0.052889
0.000000 -0.005058
0.000000 0.080976
0.000000 0.192312
0.000000 0.303350
0.000000 0.388947
0.000000 0.434920
0.000000 0.439933
0.000000 0.411627
0.000000 0.361528
0.000000 0.300842
0.000000 0.238339
0.000000 0.179750
0.000000 0.128109
0.000000 0.084491
0.000000 0.048767
0.000000 0.020207
0.000378 -0.002119
0.006719 -0.019123
0.031986 -0.031612
0.087849 -0.040277
0.177292 -0.045711
0.294062 -0.048446
0.426474 -0.048930
0.561900 -0.047675
0.689881 -0.045110
0.803075 -0.041625
0.892407 -0.037569
0.944162 -0.033240
0.947714 -0.028880
0.902086 -0.024673
0.815893 -0.020750
0.703152 -0.017238
0.578614 -0.014124
0.454577 -0.011425
0.339574 -0.009131
0.238423 -0.007214
0.153003 -0.005638
0.083224 -0.004362
0.027880 -0.003341
-0.014725 -0.002536
-0.046013 -0.001908
-0.062105 -0.001424
-0.051583 -0.001054
-0.004145 -0.000774
0.081599 -0.000564
0.192720 -0.000409
0.303603 -0.000253
0.389087 -0.000139
0.434978 -0.000058
0.439933 0.000000
0.411627 0.000000
0.361528 0.000000
0.300842 0.000000
0.238339 0.000000
0.179750 0.000000
0.128109 0.000000
0.084491 0.000000
0.048767 0.000000
0.020207 0.000000
-0.002119 0.000000
-0.019123 0.000000
-0.031612 0.000000
-0.039899 0.000000
-0.038992 0.000000
-0.016460 0.000000
0.038919 0.000000
0.129617 0.000000
0.248953 0.000000
0.384849 0.000000
0.524331 0.000000
0.656640 0.000000
0.774573 0.000000
0.874076 0.000000
0.948678 0.000000
0.986339 0.000000
0.977405 0.000000
0.921237 0.000000
0.826434 0.000000
0.706826 0.000000
0.576920 0.000000
0.448784 0.000000
0.330755 0.000000
0.227489 0.000000
0.140731 0.000000
0.070272 0.000000
0.014798 0.000000
-0.027493 0.000000
-0.058124 0.000000
-0.073314 0.000000
-0.061691 0.000000
-0.013084 0.000000
0.074213 0.000000
0.192812 0.000000
0.329981 0.000000
0.472261 0.000000
0.608429 0.000000
0.730880 0.000000
0.835228 0.000000
0.914733 0.000000
0.957191 0.000000
0.952746 0.000000
0.900665 0.000000
0.809496 0.000000
0.693053 0.000000
0.565852 0.000000
0.439990 0.000000
0.323841 0.000000
0.222109 0.000000
0.136585 0.000000
0.067106 0.000000
0.012402 0.000000
-0.029250 0.000000
-0.059392 0.000000
-0.074212 0.000000
-0.062352 0.000000
-0.013567 0.000000
0.073863 0.000000
0.192560 0.000000
0.329464 0.000000
0.465484 0.000000
0.576443 0.000000
0.643032 0.000000
0.658314 0.000000
0.627390 0.000000
0.562702 0.000000
0.478694 0.000000
0.388076 0.000000
0.300105 0.000000
0.220401 0.000000
0.151604 0.000000
0.094309 0.000000
0.047916 0.000000
0.011280 0.000000
-0.016517 0.000000
-0.031126 0.000000
-0.020692 0.000000
0.025527 0.000000
0.109600 0.000000
0.224494 0.000000
0.357430 0.000000
0.489534 0.000000
0.596785 0.000000
0.660017 0.000000
0.672299 0.000000
0.638758 0.000000
0.571833 0.000000
0.485908 0.000000
0.393714 0.000000
0.304467 0.000000
0.223742 0.000000
0.154141 0.000000
0.096217 0.000000
0.049340 0.000000
0.012334 0.000000
-0.016121 0.000000
-0.037281 0.000000
-0.052269 0.000000
-0.062069 0.000000
-0.067553 0.000000
-0.069510 0.000000
-0.068667 0.000000
-0.065647 0.000000
-0.061110 0.000000
-0.055587 0.000000
-0.049535 0.000000
-0.043328 0.000000
-0.037255 0.000000
-0.031570 0.000000
-0.026360 0.000000
-0.021707 0.000000
-0.017645 0.000000
-0.014169 0.000000
-0.011247 0.000000
-0.008831 0.000000
-0.006862 0.000000
-0.005280 0.000000
-0.004025 0.000000
-0.003041 0.000000
-0.002278 0.000000
-0.001693 0.000000
-0.001248 0.000000
-0.000913 0.000000
-0.000622 0.000000
-0.000409 0.000000
-0.000253 0.000000
-0.000139 0.000000
-0.000058 0.000000
0.000000 0.000000
0.000000 0.000000
0.000000 0.000000
0.000000 0.000000
0.000000 0.000000
0.000000 0.000000
0.000000 0.000000
0.000000 0.000000
0.000000 0.000000
0.000000 0.000000
0.000000 0.000000
0.000000 0.000000
0.000000 0.000000
0.000000 0.000000
0.000000 0.000000
0.000000 0.000000
0.000000 0.000000
0.000000 0.000000
0.000000 0.000000
0.000000 0.000000
0.000000 0.000000
0.000000 0.000000
0.000000 0.000000
0.000000 0.000000
0.000000 0.000000
0.000000 0.000000
0.000000 0.000000
0.000000 0.000000
0.000000 0.000000
0.000000 0.000000
0.000000 0.000000
0.000000 0.000000
0.000000 0.000000
0.000000 0.000000
0.000000 0.000000
0.000000 0.000000
0.000000 0.000000
0.000000 0.000000
0.000000 0.000000
0.000000 0.000000
0.000000 0.000000
0.000000 0.000000
0.000000 0.000000
0.000000 0.000000
0.000000 0.000000
0.000000 0.000000
0.000000 0.000000
0.000000 0.000000
0.000000 0.000000
0.000000 0.000000
0.000000 0.000000
0.000000 0.000000
0.000000 0.000000
0.000000 0.000000
0.000000 0.000000
0.000000 0.000000
0.000000 0.000000
