0.000000 0.000000
0.000000 0.000000
0.000000 0.000000
0.000000 0.000000
0.000000 0.000000
0.000000 0.000000
0.000000 0.000000
0.018566 0.000000
0.165070 0.000000
0.439405 0.000000
0.705793 0.000000
0.772904 0.000000
0.626693 0.000000
0.403137 0.000000
0.207232 0.000000
0.070975 0.000000
-0.011858 0.000000
-0.037046 0.000000
0.092591 0.000000
0.348886 0.000000
0.497570 0.000000
0.450835 0.000000
0.307750 0.000000
0.166950 0.000000
0.064998 0.000000
0.001215 0.000000
-0.034294 0.000000
-0.031471 0.000000
0.112693 0.000000
0.374351 0.000000
0.522379 0.000000
0.471745 0.000000
0.323558 0.000000
0.177965 0.000000
0.072163 0.000000
0.005606 0.000000
-0.031740 0.018566
-0.048620 0.165070
-0.051622 0.420840
-0.046102 0.559289
-0.036718 0.498568
-0.026824 0.341739
-0.018181 0.189522
-0.011557 0.079108
-0.006945 0.009577
-0.003971 -0.011003
-0.002172 0.117591
-0.001141 0.388361
-0.000578 0.678448
-0.000192 0.882690
0.000000 0.874204
0.000000 0.669909
0.000000 0.409291
0.000000 0.192154
0.000000 0.045569
0.000000 -0.040073
0.018566 -0.081753
0.165070 -0.093967
0.439405 -0.087953
0.724358 -0.072734
0.919408 -0.054899
0.901028 -0.038380
0.688090 -0.025126
0.420847 -0.015527
0.199099 -0.009116
0.049540 -0.005112
-0.037901 -0.002750
-0.062046 -0.001333
0.071681 -0.000578
0.351644 -0.000192
0.633058 0.000000
0.718005 0.000000
0.588312 0.000000
0.378012 0.000000
0.191705 0.000000
0.061859 0.000000
-0.016970 0.000000
-0.039796 0.000000
0.091258 0.000000
0.366873 0.000000
0.662448 0.000000
0.871675 0.000000
0.867039 0.000000
0.665518 0.000000
0.406737 0.000000
0.190737 0.000000
0.044814 0.000000
-0.040460 0.000000
-0.081945 0.018566
-0.093967 0.165070
-0.087953 0.439405
-0.072734 0.724358
-0.054899 0.937974
-0.038380 1.047532
-0.025126 0.962426
-0.015527 0.705800
-0.009116 0.412714
-0.005112 0.177664
-0.002750 0.023497
-0.001333 -0.062902
-0.000578 -0.101522
-0.000192 -0.090631
0.000000 0.066293
0.000000 0.340940
0.000000 0.499999
0.000000 0.457635
0.000000 0.315196
0.000000 0.173240
0.000000 0.069605
0.000000 0.004273
0.000000 -0.013753
0.000000 0.116258
0.000000 0.387783
0.000000 0.659690
0.000000 0.736186
0.000000 0.599869
0.000000 0.384956
0.000000 0.195676
0.000000 0.064030
0.000000 -0.015829
0.000000 -0.057783
0.000000 -0.055055
0.000000 0.092538
0.000000 0.358929
0.000000 0.511555
0.000000 0.464579
0.000000 0.319167
0.000000 0.175412
0.000000 0.070746
0.000000 0.004852
0.000000 -0.013561
0.000000 0.116258
0.000000 0.369217
0.000000 0.513187
0.000000 0.461851
0.000000 0.314916
0.000000 0.171341
0.000000 0.067551
0.000000 0.002632
0.000000 -0.033539
0.000000 -0.049650
0.000000 -0.033619
0.000000 0.118581
0.000000 0.402496
0.000000 0.678969
0.000000 0.754723
0.000000 0.615136
0.000000 0.396193
0.000000 0.203261
0.000000 0.068803
0.000000 -0.013000
0.000000 -0.037624
0.000000 0.092399
0.000000 0.348886
0.000000 0.497570
0.000000 0.450835
0.000000 0.307750
0.000000 0.166950
0.000000 0.064998
0.000000 0.001215
0.018566 -0.034294
0.165070 -0.050037
0.439405 -0.052377
0.724358 -0.046489
0.919408 -0.036909
0.901028 -0.026824
0.688090 -0.018181
0.420847 -0.011557
0.199099 -0.006945
0.049540 -0.003971
-0.037901 -0.002172
-0.062046 -0.001141
0.071681 -0.000578
0.351644 -0.000192
0.633058 0.000000
0.718005 0.000000
0.588312 0.000000
0.378012 0.000000
0.191705 0.000000
0.061859 0.000000
-0.016970 0.000000
-0.039796 0.000000
0.091258 0.000000
0.348308 0.000000
0.497379 0.000000
0.450835 0.000000
0.307750 0.000000
0.166950 0.000000
0.064998 0.000000
0.001215 0.000000
-0.034294 0.018566
-0.050037 0.165070
-0.052377 0.439405
-0.046489 0.724358
-0.036909 0.937974
-0.026824 1.047532
-0.018181 0.962426
-0.011557 0.705800
-0.006945 0.412714
-0.003971 0.177664
-0.002172 0.023497
-0.001141 -0.062902
-0.000578 -0.101522
-0.000192 -0.090631
0.000000 0.066293
0.000000 0.359506
0.000000 0.665068
0.000000 0.897040
0.000000 1.020989
0.000000 0.946144
0.000000 0.696297
0.000000 0.407411
0.000000 0.174913
0.000000 0.022164
0.000000 -0.063481
0.000000 -0.083148
0.000000 0.055873
0.000000 0.322062
0.000000 0.479389
0.000000 0.439279
0.000000 0.300806
0.000000 0.162979
0.000000 0.062826
0.000000 0.000074
0.000000 -0.016306
0.000000 0.114841
0.000000 0.387028
0.000000 0.677869
0.000000 0.882499
0.000000 0.874204
0.000000 0.669909
0.000000 0.409291
0.000000 0.192154
0.000000 0.045569
0.000000 -0.040073
0.018566 -0.081753
0.165070 -0.093967
0.439405 -0.087953
0.724358 -0.072734
0.937974 -0.054899
1.047532 -0.038380
0.962426 -0.025126
0.705800 -0.015527
0.412714 -0.009116
0.177664 -0.005112
0.023497 -0.002750
-0.062902 -0.001333
-0.082956 -0.000578
0.055873 -0.000192
0.340628 0.000000
0.644459 0.000000
0.860118 0.000000
0.860094 0.000000
0.661547 0.000000
0.404566 0.000000
0.189596 0.000000
0.044236 0.000000
-0.040651 0.000000
-0.063379 0.000000
0.071102 0.000000
0.351452 0.000000
0.651624 0.000000
0.864509 0.000000
0.862648 0.000000
0.662965 0.000000
0.405320 0.000000
0.189983 0.000000
0.044428 0.000000
-0.040651 0.000000
-0.081945 0.018566
-0.093967 0.165070
-0.087953 0.439405
-0.072734 0.705793
-0.054899 0.772904
-0.038380 0.626693
-0.025126 0.403137
-0.015527 0.207232
-0.009116 0.070975
-0.005112 -0.011858
0.015816 -0.055611
0.163737 -0.072479
0.438827 -0.071953
0.705601 -0.061718
0.772904 -0.047733
0.626693 -0.033989
0.403137 -0.022572
0.207232 -0.014110
0.070975 -0.008362
-0.011858 -0.004725
-0.055611 0.016007
-0.072479 0.163737
-0.071953 0.420261
-0.061718 0.559097
-0.047733 0.498568
-0.033989 0.341739
-0.022572 0.189522
-0.014110 0.079108
-0.008362 0.009577
0.013841 -0.029568
0.162511 -0.047478
0.438072 -0.051044
0.705214 -0.045910
0.772712 -0.036718
0.626693 -0.026824
0.403137 -0.018181
0.207232 -0.011557
0.070975 -0.006945
-0.011858 -0.003971
-0.037046 -0.002172
0.092591 -0.001141
0.367452 -0.000578
0.662640 -0.000192
0.871675 0.000000
0.867039 0.000000
0.665518 0.000000
0.406737 0.000000
0.190737 0.000000
0.044814 0.000000
-0.040460 0.000000
-0.081945 0.000000
-0.093967 0.000000
-0.087953 0.000000
-0.072734 0.000000
-0.054899 0.000000
-0.038380 0.000000
-0.025126 0.000000
-0.015527 0.000000
-0.009116 0.000000
-0.005112 0.000000
-0.002750 0.000000
-0.001333 0.000000
-0.000578 0.000000
-0.000192 0.000000
0.000000 0.000000
0.000000 0.000000
0.000000 0.000000
0.000000 0.000000
0.000000 0.000000
0.000000 0.000000
0.000000 0.000000
0.000000 0.000000
0.000000 0.000000
0.000000 0.000000
0.000000 0.000000
0.000000 0.000000
0.000000 0.000000
0.000000 0.000000
0.000000 0.000000
0.000000 0.000000
0.000000 0.000000
0.000000 0.000000
0.000000 0.000000
0.000000 0.000000
0.000000 0.000000
0.000000 0.000000
0.000000 0.000000
0.000000 0.000000
0.000000 0.000000
0.000000 0.000000
0.000000 0.000000
0.000000 0.000000
0.000000 0.000000
0.000000 0.000000
0.000000 0.000000
0.000000 0.000000
0.000000 0.000000
0.000000 0.000000
0.000000 0.000000
0.000000 0.000000
0.000000 0.000000
0.000000 0.000000
0.000000 0.000000
0.000000 0.000000
0.000000 0.000000
0.000000 0.000000
0.000000 0.000000
0.000000 0.000000
0.000000 0.000000
0.000000 0.000000
0.000000 0.000000
0.000000 0.000000
0.000000 0.000000
0.000000 0.000000
0.000000 0.000000
0.000000 0.000000
0.000000 0.000000
0.000000 0.000000
0.000000 0.000000
0.000000 0.000000
0.000000 0.000000
0.000000 0.000000
0.000000 0.000000
0.000000 0.000000
0.000000 0.000000
0.000000 0.000000
0.000000 0.000000
0.000000 0.000000
0.000000 0.000000
0.000000 0.000000
0.000000 0.000000
0.000000 0.000000
0.000000 0.000000
0.000000 0.000000
0.000000 0.000000
