0.000000 0.000000
0.000000 0.000000
0.000000 0.000000
0.000000 0.000000
0.000000 0.000000
0.000000 0.000000
0.000000 0.000000
0.000000 0.000000
0.000000 0.000000
0.000000 0.000000
0.000000 0.000000
0.000000 0.000000
0.000000 0.000000
0.000000 0.000000
0.000000 0.000000
0.000378 0.000000
0.006719 0.000000
0.031986 0.000000
0.087849 0.000000
0.176914 0.000000
0.287343 0.000000
0.394488 0.000000
0.474051 0.000000
0.512588 0.000000
0.509391 0.000000
0.472652 0.000000
0.414248 0.000000
0.345682 0.000000
0.275925 0.000000
0.210829 0.000000
0.153479 0.000000
0.104951 0.000000
0.065079 0.000000
0.033072 0.000000
0.007922 0.000378
-0.011363 0.006719
-0.025671 0.031986
-0.035769 0.087849
-0.042320 0.176914
-0.045915 0.287343
-0.047097 0.394488
-0.046369 0.474051
-0.044196 0.512588
-0.041002 0.509391
-0.037160 0.472652
-0.032988 0.414248
-0.028740 0.345682
-0.024614 0.275925
-0.020750 0.210829
-0.017238 0.153479
-0.014124 0.104951
-0.011425 0.065079
-0.009131 0.033072
-0.007214 0.007922
-0.005638 -0.011363
-0.004362 -0.025671
-0.003341 -0.035769
-0.002536 -0.042320
-0.001908 -0.045538
-0.001424 -0.040378
-0.001054 -0.014383
-0.000774 0.043652
-0.000564 0.135912
-0.000409 0.250182
-0.000253 0.361500
-0.000139 0.445311
-0.000058 0.487974
0.000000 0.488640
0.000000 0.455414
0.000000 0.400123
0.000000 0.334256
0.000000 0.266795
0.000000 0.203615
0.000000 0.147841
0.000000 0.100590
0.000000 0.061738
0.000000 0.030536
0.000000 0.006014
0.000000 -0.012786
0.000000 -0.026725
0.000378 -0.036543
0.006719 -0.042884
0.031986 -0.046324
0.087849 -0.047350
0.177292 -0.046509
0.294062 -0.044254
0.426474 -0.041002
0.561900 -0.037160
0.689881 -0.032988
0.803075 -0.028740
0.892407 -0.024614
0.944162 -0.020750
0.947714 -0.017238
0.902086 -0.014124
0.815893 -0.011425
0.703152 -0.009131
0.578614 -0.007214
0.454577 -0.005638
0.339574 -0.004362
0.238423 -0.003341
0.153003 -0.002536
0.083224 -0.001908
0.027880 -0.001424
-0.014725 -0.001054
-0.046013 -0.000774
-0.062105 -0.000564
-0.051583 -0.000409
-0.004145 -0.000253
0.081976 -0.000139
0.199440 -0.000058
0.335589 0.000000
0.476557 0.000000
0.605551 0.000000
0.702009 0.000000
0.750252 0.000000
0.746135 0.000000
0.696661 0.000000
0.615318 0.000000
0.516976 0.000000
0.414376 0.000000
0.316600 0.000000
0.229018 0.000000
0.154014 0.000000
0.091946 0.000000
0.042013 0.000000
0.002890 0.000000
-0.026877 0.000378
-0.048676 0.006719
-0.063752 0.031986
-0.073170 0.087849
-0.077967 0.176914
-0.079031 0.287343
-0.077175 0.394488
-0.073138 0.474051
-0.067581 0.512588
-0.061082 0.509391
-0.054128 0.472652
-0.047111 0.414248
-0.040370 0.345682
-0.034065 0.275925
-0.028335 0.210829
-0.023253 0.153479
-0.018843 0.104951
-0.015088 0.065079
-0.011946 0.033072
-0.009357 0.008300
-0.007255 -0.004643
-0.005571 0.006315
-0.004239 0.052080
-0.003197 0.134595
-0.002391 0.241427
-0.001774 0.347391
-0.001306 0.427682
-0.000913 0.468392
-0.000622 0.468388
-0.000409 0.435492
-0.000253 0.381260
-0.000139 0.316941
-0.000058 0.251311
0.000000 0.190078
0.000000 0.136241
0.000000 0.090827
0.000000 0.053654
0.000000 0.023941
0.000378 0.000709
0.006719 -0.017001
0.031986 -0.030033
0.087849 -0.039110
0.177292 -0.044856
0.294062 -0.047824
0.426096 -0.048521
0.555180 -0.047423
0.657895 -0.044970
0.715604 -0.041567
0.721834 -0.037569
0.682085 -0.033240
0.609088 -0.028880
0.517478 -0.024673
0.420074 -0.020750
0.326174 -0.017238
0.241387 -0.014124
0.168310 -0.011425
0.107464 -0.009131
0.058171 -0.007214
0.019196 -0.005638
-0.010463 -0.004362
-0.026536 -0.003341
-0.017242 -0.002536
0.028058 -0.001908
0.111054 -0.001424
0.219080 -0.001054
0.326735 -0.000774
0.409027 -0.000564
0.451887 -0.000409
0.454056 -0.000253
0.423256 -0.000139
0.370978 -0.000058
0.308427 0.000000
0.244355 0.000000
0.184469 0.000000
0.131772 0.000000
0.087306 0.000000
0.050910 0.000000
0.021824 0.000000
-0.000909 0.000000
-0.018225 0.000000
-0.030951 0.000000
-0.039416 0.000000
-0.038641 0.000000
-0.016207 0.000000
0.039058 0.000000
0.129297 0.000000
0.242233 0.000000
0.352863 0.000000
0.436482 0.000000
0.479348 0.000000
0.480511 0.000000
0.447980 0.000000
0.393497 0.000000
0.328444 0.000000
0.261801 0.000000
0.199403 0.000000
0.144349 0.000000
0.097738 0.000000
0.059441 0.000000
0.028710 0.000000
0.004581 0.000378
-0.013899 0.006719
-0.027579 0.031986
-0.037192 0.087849
-0.043373 0.177292
-0.046689 0.294062
-0.047662 0.426474
-0.046778 0.561900
-0.044449 0.689881
-0.041142 0.803453
-0.037219 0.898749
-0.032988 0.969428
-0.028740 1.003576
-0.024614 0.991530
-0.020750 0.932663
-0.017238 0.835564
-0.014124 0.714039
-0.011425 0.582558
-0.009131 0.453146
-0.007214 0.334096
-0.005638 0.230025
-0.004362 0.142639
-0.003341 0.071696
-0.002536 0.015851
-0.001908 -0.026719
-0.001424 -0.057560
-0.001054 -0.072906
-0.000774 -0.061438
-0.000564 -0.012945
-0.000409 0.073894
-0.000253 0.186093
-0.000139 0.297995
-0.000058 0.384413
0.000000 0.431137
0.000000 0.436818
0.000000 0.409132
0.000000 0.359553
0.000000 0.299296
0.000000 0.237142
0.000000 0.178831
0.000000 0.127410
0.000000 0.083965
0.000000 0.048374
0.000000 0.019916
0.000000 -0.001955
0.000000 -0.012559
0.000000 0.000261
0.000000 0.047490
0.000000 0.131145
0.000000 0.238897
0.000000 0.345558
0.000000 0.426376
0.000000 0.467479
0.000000 0.467766
0.000000 0.435083
0.000000 0.381007
0.000000 0.316802
0.000000 0.251253
0.000000 0.190078
0.000000 0.136241
0.000000 0.090827
0.000000 0.053654
0.000000 0.023941
0.000000 0.000709
0.000000 -0.017001
0.000000 -0.030033
0.000000 -0.039110
0.000000 -0.044856
0.000378 -0.047824
0.006719 -0.048521
0.031986 -0.047423
0.087849 -0.044970
0.177292 -0.041567
0.294062 -0.037569
0.426474 -0.033240
0.561900 -0.028880
0.689503 -0.024673
0.796733 -0.020750
0.867140 -0.017238
0.888299 -0.014124
0.858270 -0.011425
0.785316 -0.009131
0.683481 -0.007214
0.567727 -0.005638
0.450633 -0.004362
0.341005 -0.003341
0.243900 -0.002536
0.161401 -0.001908
0.093589 -0.001424
0.039408 -0.001054
-0.002697 -0.000774
-0.034019 -0.000564
-0.050558 -0.000409
-0.040783 -0.000253
0.005711 -0.000139
0.090776 -0.000058
0.207145 0.000000
0.342216 0.000000
0.482543 0.000000
0.616944 0.000000
0.737458 0.000000
0.834496 0.000000
0.893936 0.000000
0.904849 0.000000
0.866046 0.000000
0.786012 0.000000
0.678701 0.000000
0.558851 0.000000
0.438790 0.000000
0.327102 0.000000
0.228673 0.000000
0.145457 0.000000
0.077439 0.000000
0.023485 0.000000
-0.018036 0.000000
-0.048486 0.000000
-0.063937 0.000000
-0.052889 0.000000
-0.005058 0.000000
0.081354 0.000000
0.199031 0.000000
0.335336 0.000000
0.476796 0.000000
0.612212 0.000000
0.733995 0.000000
0.837723 0.000000
0.916708 0.000000
0.958737 0.000000
0.953944 0.000000
0.901584 0.000000
0.810194 0.000000
0.693579 0.000000
0.566245 0.000000
0.440281 0.000000
0.324055 0.000000
0.222265 0.000000
0.136698 0.000000
0.067187 0.000000
0.012460 0.000000
-0.029250 0.000000
-0.059770 0.000000
-0.080931 0.000000
-0.093960 0.000000
-0.094696 0.000000
-0.071443 0.000000
-0.013654 0.000000
0.080282 0.000000
0.197646 0.000000
0.313037 0.000000
0.401479 0.000000
0.449068 0.000000
0.454696 0.000000
0.426267 0.000000
0.375464 0.000000
0.313684 0.000000
0.249857 0.000000
0.189842 0.000000
0.136773 0.000000
0.091796 0.000000
0.054825 0.000000
0.025156 0.000000
0.001868 0.000378
-0.015952 0.006719
-0.029121 0.031986
-0.038299 0.087849
-0.044152 0.177292
-0.047222 0.294062
-0.048011 0.426474
-0.046992 0.561900
-0.044605 0.689503
-0.041255 0.796733
-0.037300 0.867140
-0.033046 0.888299
-0.028740 0.858270
-0.024614 0.785316
-0.020750 0.683481
-0.017238 0.567727
-0.014124 0.450633
-0.011425 0.341005
-0.009131 0.243900
-0.007214 0.161401
-0.005638 0.093589
-0.004362 0.039408
-0.003341 -0.002697
-0.002158 -0.034397
0.004811 -0.057278
0.030562 -0.072769
0.086795 -0.082138
0.176141 -0.086516
0.286778 -0.086918
0.394080 -0.084258
0.473799 -0.079357
0.512449 -0.072936
0.509332 -0.065617
0.472652 -0.057911
0.414248 -0.050225
0.345682 -0.042865
0.275925 -0.036040
0.210829 -0.029881
0.153479 -0.024451
0.104951 -0.019762
0.065079 -0.015787
0.033072 -0.012472
0.007922 -0.009372
-0.011363 -0.000827
-0.025671 0.026201
-0.035769 0.083453
-0.042320 0.173982
-0.045915 0.291590
-0.047097 0.424642
-0.046369 0.560594
-0.044196 0.688967
-0.041002 0.802830
-0.037160 0.898340
-0.032988 0.969176
-0.028740 1.003437
-0.024614 0.991471
-0.020750 0.932663
-0.017238 0.835564
-0.014124 0.714039
-0.011425 0.582558
-0.009131 0.453146
-0.007214 0.334096
-0.005638 0.230025
-0.004362 0.142639
-0.003341 0.071696
-0.002536 0.015851
-0.001908 -0.026719
-0.001046 -0.057938
0.005666 -0.079625
0.031212 -0.093424
0.087284 -0.100793
0.176884 -0.103021
0.293810 -0.101250
0.426335 -0.096493
0.561842 -0.089639
0.689881 -0.081451
0.803075 -0.072572
0.892407 -0.063520
0.944162 -0.054695
0.947714 -0.046386
0.902086 -0.038784
0.815893 -0.031998
0.703152 -0.026069
0.578614 -0.020987
0.454577 -0.016706
0.339574 -0.013156
0.238423 -0.010255
0.153003 -0.007916
0.083224 -0.006054
0.027880 -0.004589
-0.014725 -0.003450
-0.046391 -0.002531
-0.068825 -0.001832
-0.083569 -0.001306
-0.091993 -0.000913
-0.095316 -0.000622
-0.094623 -0.000031
-0.090885 0.006467
-0.084965 0.031847
-0.077610 0.087790
-0.069458 0.177292
-0.061026 0.294062
-0.052720 0.426474
-0.044839 0.561522
-0.037586 0.683161
-0.031079 0.771467
-0.025370 0.811278
-0.020461 0.798855
-0.016313 0.741500
-0.012865 0.652904
-0.010041 0.548055
-0.007760 0.439746
-0.005941 0.337061
-0.004508 0.245331
-0.003391 0.166879
-0.002531 0.101987
-0.001832 0.049773
-0.001306 0.008832
-0.000913 -0.022369
-0.000622 -0.045284
-0.000409 -0.061222
-0.000253 -0.071338
-0.000139 -0.076660
-0.000058 -0.077740
0.000000 -0.069833
0.000000 -0.040743
0.000000 0.020520
0.000000 0.115972
0.000000 0.233273
0.000000 0.347378
0.000000 0.433682
0.000000 0.478524
0.000000 0.481056
0.000000 0.449399
0.000000 0.395404
0.000000 0.330593
0.000000 0.263979
0.000000 0.201471
0.000000 0.146224
0.000000 0.099380
0.000000 0.060840
0.000000 0.029875
0.000000 0.005909
0.000000 -0.006417
0.000000 0.005009
0.000000 0.051166
0.000000 0.133972
0.000000 0.241019
0.000000 0.347138
0.000000 0.427543
0.000000 0.468334
0.000000 0.468388
0.000000 0.435492
0.000000 0.381260
0.000000 0.316941
0.000000 0.251311
0.000000 0.190078
0.000000 0.136241
0.000000 0.090827
0.000000 0.053654
0.000000 0.023941
0.000000 0.001086
0.000000 -0.010281
0.000000 0.001953
0.000000 0.048738
0.000000 0.132436
0.000000 0.246239
0.000000 0.377953
0.000000 0.514099
0.000000 0.638191
0.000000 0.729900
0.000000 0.773709
0.000000 0.765615
0.000000 0.712620
0.000000 0.628231
0.000000 0.527305
0.000000 0.422508
0.000000 0.322937
0.000000 0.233906
0.000000 0.157748
0.000000 0.094773
0.000000 0.044135
0.000000 0.004470
0.000000 -0.025710
0.000378 -0.047820
0.006719 -0.063130
0.031986 -0.072761
0.087849 -0.077714
0.176914 -0.078892
0.287343 -0.077117
0.394488 -0.073138
0.474051 -0.067581
0.512588 -0.061082
0.509391 -0.054128
0.472652 -0.047111
0.414248 -0.040370
0.345682 -0.034065
0.275925 -0.028335
0.210829 -0.023253
0.153479 -0.018843
0.104951 -0.015088
0.065079 -0.011946
0.033072 -0.009357
0.007922 -0.007255
-0.010985 -0.005571
-0.018952 -0.004239
-0.003783 -0.003197
0.045529 -0.002391
0.131377 -0.001774
0.246587 -0.001306
0.373386 -0.000913
0.485718 -0.000622
0.561030 -0.000409
0.589000 -0.000253
0.572076 -0.000139
0.520933 -0.000058
0.449048 0.000000
0.368747 0.000000
0.289264 0.000000
0.216376 0.000000
0.152941 0.000000
0.099765 0.000000
0.056435 0.000000
0.021956 0.000000
-0.004837 0.000000
-0.025069 0.000000
-0.039736 0.000000
-0.049328 0.000000
-0.049018 0.000000
-0.026530 0.000000
0.029177 0.000000
0.120503 0.000000
0.240280 0.000000
0.370795 0.000000
0.485986 0.000000
0.563378 0.000000
0.592746 0.000000
0.576609 0.000000
0.525808 0.000000
0.453930 0.000000
0.373398 0.000000
0.293531 0.000000
0.220172 0.000000
0.156233 0.000000
0.102559 0.000000
0.058761 0.000000
0.023860 0.000000
-0.002925 0.000000
-0.017130 0.000000
-0.006793 0.000000
0.038885 0.000000
0.122124 0.000000
0.235978 0.000000
0.367790 0.000000
0.498703 0.000000
0.604759 0.000000
0.666839 0.000000
0.678046 0.000000
0.643490 0.000000
0.575674 0.000000
0.489023 0.000000
0.396209 0.000000
0.306442 0.000000
0.225288 0.000000
0.155339 0.000000
0.097136 0.000000
0.050038 0.000000
0.012860 0.000000
-0.015728 0.000378
-0.036990 0.006719
-0.052055 0.031986
-0.061913 0.087849
-0.067440 0.177292
-0.069429 0.293684
-0.068608 0.419755
-0.065647 0.529914
-0.061110 0.602032
-0.055587 0.626161
-0.049535 0.605064
-0.043328 0.549673
-0.037255 0.473662
-0.031570 0.389498
-0.026360 0.306502
-0.021707 0.230500
-0.017645 0.164366
-0.014169 0.108895
-0.011247 0.063648
-0.008831 0.027594
-0.006862 -0.000476
-0.004903 -0.021727
0.002694 -0.037200
0.028945 -0.047797
0.085570 -0.054313
0.175599 -0.057462
0.292814 -0.057898
0.425561 -0.056225
0.560900 -0.052996
0.682753 -0.048707
0.771214 -0.043788
0.811138 -0.038596
0.798797 -0.033414
0.741500 -0.028455
0.652904 -0.023865
0.548055 -0.019732
0.439746 -0.016099
0.337061 -0.012971
0.245331 -0.010328
0.166879 -0.008133
0.101987 -0.006336
0.049773 -0.004888
0.008832 -0.003734
-0.022369 -0.002827
-0.045284 -0.002122
-0.061222 -0.001580
-0.071338 -0.001167
-0.076660 -0.000855
-0.077740 -0.000622
-0.069833 -0.000409
-0.040743 -0.000253
0.020520 -0.000139
0.116349 -0.000058
0.239992 0.000000
0.379364 0.000000
0.521530 0.000000
0.655438 0.000000
0.768399 0.000000
0.843887 0.000000
0.869456 0.000000
0.843182 0.000000
0.773370 0.000000
0.674124 0.000000
0.560471 0.000000
0.445062 0.000000
0.336766 0.000000
0.240703 0.000000
0.159010 0.000000
0.091815 0.000000
0.038102 0.000000
-0.003610 0.000000
-0.035020 0.000378
-0.057686 0.006719
-0.073021 0.031986
-0.082277 0.087849
-0.086574 0.177292
-0.086918 0.294062
-0.084258 0.426474
-0.079357 0.561900
-0.072936 0.689503
-0.065617 0.796733
-0.057911 0.867140
-0.050225 0.888299
-0.042865 0.858270
-0.036040 0.785316
-0.029881 0.683481
-0.024451 0.567727
-0.019762 0.450633
-0.015787 0.341005
-0.012472 0.243900
-0.009750 0.161401
-0.007546 0.093589
-0.005785 0.039408
-0.004395 -0.002697
-0.003310 -0.034397
-0.002472 -0.057278
-0.001832 -0.072769
-0.001306 -0.082138
-0.000913 -0.086516
-0.000622 -0.086540
-0.000409 -0.077538
-0.000253 -0.047371
-0.000139 0.014912
-0.000058 0.111675
0.000000 0.236151
0.000000 0.375871
0.000000 0.512316
0.000000 0.621855
0.000000 0.685723
0.000000 0.697383
0.000000 0.662323
0.000000 0.593301
0.000000 0.505006
0.000000 0.410324
0.000000 0.318628
0.000000 0.235602
0.000000 0.163915
0.000000 0.104154
0.000000 0.055698
0.000000 0.017364
0.000000 -0.012146
0.000000 -0.033792
0.000000 -0.043131
0.000000 -0.028213
0.000000 0.021736
0.000000 0.108513
0.000000 0.219531
0.000000 0.329464
0.000000 0.413350
0.000000 0.457254
0.000000 0.459995
0.000000 0.429382
0.000000 0.376993
0.000000 0.314112
0.000000 0.249566
0.000000 0.189121
0.000000 0.135834
0.000000 0.090782
0.000000 0.053832
0.000000 0.024241
0.000000 0.001438
0.000000 -0.009923
0.000000 0.002290
0.000000 0.049039
0.000000 0.132694
0.000000 0.246454
0.000000 0.378129
0.000000 0.514617
0.000000 0.645062
0.000000 0.762042
0.000000 0.861336
0.000000 0.936301
0.000000 0.974778
0.000000 0.966915
0.000000 0.911912
0.000000 0.818327
0.000000 0.699915
0.000000 0.571132
0.000000 0.444015
0.000000 0.326883
0.000000 0.224387
0.000000 0.138277
0.000000 0.068354
0.000000 0.013315
0.000000 -0.028627
0.000000 -0.059361
0.000000 -0.080679
0.000000 -0.094198
0.000000 -0.101357
0.000000 -0.103429
0.000000 -0.101503
0.000000 -0.096633
0.000000 -0.089697
0.000000 -0.081451
0.000000 -0.072572
0.000000 -0.063520
0.000000 -0.054695
0.000000 -0.046386
0.000000 -0.038784
0.000000 -0.031998
0.000000 -0.026069
0.000000 -0.020987
0.000000 -0.016706
0.000000 -0.013156
0.000000 -0.010255
0.000000 -0.007916
0.000000 -0.006054
0.000000 -0.004589
0.000000 -0.003450
0.000000 -0.002531
0.000000 -0.001832
0.000000 -0.001306
0.000000 -0.000913
0.000000 -0.000622
0.000000 -0.000409
0.000000 -0.000253
0.000000 -0.000139
0.000000 -0.000058
0.000000 0.000000
0.000000 0.000000
0.000000 0.000000
0.000000 0.000000
0.000000 0.000000
0.000000 0.000000
0.000000 0.000000
0.000000 0.000000
0.000000 0.000000
0.000000 0.000000
0.000000 0.000000
0.000000 0.000000
0.000000 0.000000
0.000000 0.000000
0.000000 0.000000
0.000000 0.000000
0.000000 0.000000
0.000000 0.000000
0.000000 0.000000
0.000000 0.000000
0.000000 0.000000
0.000000 0.000000
0.000000 0.000000
0.000000 0.000000
0.000000 0.000000
0.000000 0.000000
0.000000 0.000000
0.000000 0.000000
0.000000 0.000000
0.000000 0.000000
0.000000 0.000000
0.000000 0.000000
0.000000 0.000000
0.000000 0.000000
0.000000 0.000000
0.000000 0.000000
0.000000 0.000000
0.000000 0.000000
0.000000 0.000000
0.000000 0.000000
0.000000 0.000000
0.000000 0.000000
0.000000 0.000000
0.000000 0.000000
0.000000 0.000000
0.000000 0.000000
0.000000 0.000000
