0.000000 0.000000
0.000000 0.000000
0.000000 0.000000
0.000000 0.000000
0.000000 0.000000
0.000000 0.000000
0.000000 0.000000
0.000000 0.000000
0.000000 0.000000
0.000000 0.000000
0.000000 0.000000
0.000000 0.000000
0.000000 0.000000
0.000000 0.000000
0.000000 0.000000
0.000000 0.000000
0.000378 0.000000
0.006719 0.000000
0.031986 0.000000
0.087849 0.000000
0.177292 0.000000
0.294062 0.000000
0.426474 0.000000
0.561900 0.000000
0.689881 0.000000
0.803075 0.000000
0.892407 0.000000
0.944162 0.000000
0.947714 0.000000
0.902086 0.000000
0.815893 0.000000
0.703152 0.000000
0.578614 0.000000
0.454577 0.000000
0.339574 0.000000
0.238423 0.000000
0.153003 0.000000
0.083224 0.000000
0.027880 0.000000
-0.014725 0.000000
-0.046013 0.000000
-0.062105 0.000000
-0.051583 0.000000
-0.004145 0.000000
0.081976 0.000000
0.199440 0.000000
0.335589 0.000000
0.476557 0.000000
0.605551 0.000000
0.702009 0.000000
0.750252 0.000000
0.746135 0.000000
0.696661 0.000000
0.615318 0.000000
0.516976 0.000000
0.414376 0.000000
0.316600 0.000000
0.229018 0.000000
0.154014 0.000000
0.091946 0.000000
0.042013 0.000000
0.002890 0.000000
-0.026499 0.000000
-0.041956 0.000000
-0.031766 0.000000
0.014679 0.000000
0.099326 0.000000
0.215031 0.000000
0.349299 0.000000
0.488762 0.000000
0.622300 0.000000
0.742371 0.000000
0.844620 0.000000
0.922318 0.000000
0.963206 0.000000
0.957465 0.000000
0.904328 0.000000
0.812311 0.000000
0.695196 0.000000
0.567469 0.000000
0.441200 0.000000
0.324739 0.000000
0.222770 0.000000
0.137067 0.000000
0.067457 0.000000
0.012654 0.000000
-0.029110 0.000000
-0.059712 0.000000
-0.080554 0.000000
-0.087618 0.000000
-0.069429 0.000000
-0.015581 0.000000
0.075790 0.000000
0.197429 0.000000
0.336777 0.000000
0.480449 0.000000
0.616931 0.000000
0.733213 0.000000
0.812445 0.000000
0.841913 0.000000
0.819486 0.000000
0.753318 0.000000
0.657412 0.000000
0.546740 0.000000
0.433927 0.000000
0.327849 0.000000
0.233645 0.000000
0.153485 0.000000
0.087535 0.000000
0.034819 0.000000
-0.006147 0.000000
-0.036928 0.000378
-0.059110 0.006719
-0.074075 0.031986
-0.083051 0.087849
-0.087138 0.177292
-0.087326 0.294062
-0.084510 0.426474
-0.079496 0.561900
-0.072995 0.689881
-0.065617 0.803453
-0.057911 0.898749
-0.050225 0.969428
-0.042865 1.003576
-0.036040 0.991530
-0.029881 0.932663
-0.024451 0.835564
-0.019762 0.714039
-0.015787 0.582558
-0.012472 0.453146
-0.009750 0.334096
-0.007546 0.230025
-0.005785 0.142639
-0.004395 0.071696
-0.003310 0.015851
-0.002472 -0.026719
-0.001832 -0.057560
-0.001306 -0.072906
-0.000913 -0.061438
-0.000622 -0.012945
-0.000409 0.074272
-0.000253 0.192434
-0.000139 0.323261
-0.000058 0.440275
0.000000 0.520581
0.000000 0.553588
0.000000 0.541544
0.000000 0.494979
0.000000 0.427277
0.000000 0.350714
0.000000 0.274504
0.000000 0.204432
0.000000 0.143379
0.000000 0.092190
0.000000 0.050493
0.000000 0.017339
0.000000 -0.008014
0.000000 -0.021062
0.000000 -0.009803
0.000000 0.036602
0.000000 0.120448
0.000000 0.234768
0.000000 0.367270
0.000000 0.504762
0.000000 0.636262
0.000000 0.754337
0.000000 0.854708
0.000000 0.930693
0.000000 0.970104
0.000000 0.963074
0.000000 0.908798
0.000000 0.815832
0.000000 0.697940
0.000000 0.569586
0.000000 0.442817
0.000000 0.325964
0.000000 0.223688
0.000000 0.137751
0.000000 0.067961
0.000000 0.013024
0.000000 -0.028841
0.000000 -0.059140
0.000000 -0.074072
0.000000 -0.062294
0.000000 -0.013567
0.000000 0.073863
0.000000 0.192560
0.000000 0.329841
0.000000 0.472203
0.000000 0.608052
0.000000 0.724161
0.000000 0.803620
0.000000 0.833604
0.000000 0.811884
0.000000 0.746532
0.000000 0.651483
0.000000 0.541658
0.000000 0.429646
0.000000 0.324299
0.000000 0.230745
0.000000 0.151147
0.000000 0.085673
0.000000 0.033354
0.000000 -0.007286
0.000378 -0.037847
0.006719 -0.059809
0.031986 -0.074601
0.087849 -0.083444
0.177292 -0.087429
0.293684 -0.087540
0.419755 -0.084666
0.529914 -0.079609
0.602032 -0.073076
0.626161 -0.065675
0.605064 -0.057911
0.549673 -0.050225
0.473662 -0.042865
0.389498 -0.036040
0.306502 -0.029881
0.230500 -0.024451
0.164366 -0.019762
0.108895 -0.015787
0.063648 -0.012472
0.027594 -0.009750
-0.000098 -0.007546
-0.015008 -0.005785
-0.005214 -0.004395
0.040051 -0.003310
0.122979 -0.002472
0.236600 -0.001832
0.368576 -0.001306
0.505675 -0.000913
0.636885 -0.000622
0.754746 -0.000409
0.854961 -0.000253
0.930832 -0.000139
0.970162 -0.000058
0.963074 0.000000
0.908798 0.000000
0.815832 0.000000
0.697940 0.000000
0.569586 0.000000
0.442817 0.000000
0.325964 0.000000
0.223688 0.000000
0.137751 0.000000
0.067961 0.000000
0.013024 0.000000
-0.028841 0.000000
-0.059140 0.000000
-0.074072 0.000000
-0.062294 0.000000
-0.013567 0.000000
0.073485 0.000000
0.185840 0.000000
0.297855 0.000000
0.384354 0.000000
0.431137 0.000000
0.436818 0.000000
0.409132 0.000000
0.359553 0.000000
0.299296 0.000000
0.237142 0.000000
0.178831 0.000000
0.127410 0.000000
0.083965 0.000000
0.048374 0.000000
0.019916 0.000000
-0.002332 0.000378
-0.019279 0.006719
-0.031725 0.031986
-0.040358 0.087849
-0.045769 0.177292
-0.048446 0.294062
-0.048930 0.426474
-0.047675 0.561900
-0.045110 0.689503
-0.041625 0.796733
-0.037569 0.867140
-0.033240 0.888299
-0.028880 0.858270
-0.024673 0.785316
-0.020750 0.683481
-0.017238 0.567727
-0.014124 0.450633
-0.011425 0.341005
-0.009131 0.243900
-0.007214 0.161401
-0.005638 0.093589
-0.004362 0.039408
-0.003341 -0.002697
-0.002158 -0.034397
0.004811 -0.057278
0.030562 -0.072769
0.086795 -0.082138
0.176141 -0.086516
0.286778 -0.086918
0.394080 -0.084258
0.473799 -0.079357
0.512449 -0.072936
0.509332 -0.065617
0.472652 -0.057911
0.414248 -0.050225
0.345682 -0.042865
0.275925 -0.036040
0.210829 -0.029881
0.153479 -0.024451
0.104951 -0.019762
0.065079 -0.015787
0.033072 -0.012472
0.007922 -0.009372
-0.011363 -0.000827
-0.025671 0.026201
-0.035769 0.083453
-0.042320 0.173982
-0.045915 0.291590
-0.047097 0.424642
-0.046369 0.560594
-0.044196 0.688967
-0.041002 0.802453
-0.037160 0.891998
-0.032988 0.943909
-0.028740 0.947574
-0.024614 0.902028
-0.020750 0.815893
-0.017238 0.703152
-0.014124 0.578614
-0.011425 0.454577
-0.009131 0.339574
-0.007214 0.238423
-0.005638 0.153003
-0.004362 0.083224
-0.003341 0.027880
-0.002536 -0.014725
-0.001908 -0.046391
-0.001424 -0.068825
-0.001054 -0.083569
-0.000774 -0.091993
-0.000564 -0.095316
-0.000409 -0.094245
-0.000253 -0.084166
-0.000139 -0.052979
-0.000058 0.010238
0.000000 0.107835
0.000000 0.233037
0.000000 0.373376
0.000000 0.510341
0.000000 0.620309
0.000000 0.684525
0.000000 0.696464
0.000000 0.661625
0.000000 0.592775
0.000000 0.504613
0.000000 0.410033
0.000000 0.318414
0.000000 0.235446
0.000000 0.163802
0.000000 0.104073
0.000000 0.055640
0.000000 0.017364
0.000000 -0.012146
0.000000 -0.034169
0.000000 -0.049851
0.000000 -0.059822
0.000000 -0.059393
0.000000 -0.036416
0.000000 0.020037
0.000000 0.111890
0.000000 0.226642
0.000000 0.339153
0.000000 0.424655
0.000000 0.469319
0.000000 0.472136
0.000000 0.441082
0.000000 0.387888
0.000000 0.323974
0.000000 0.258280
0.000000 0.196659
0.000000 0.142232
0.000000 0.096120
0.000000 0.058217
0.000000 0.027791
0.000378 0.003897
0.006719 -0.014404
0.031986 -0.027949
0.087849 -0.037462
0.176914 -0.043568
0.287343 -0.046829
0.394488 -0.047720
0.474051 -0.046778
0.512588 -0.044449
0.509391 -0.041142
0.472652 -0.037219
0.414248 -0.032988
0.345682 -0.028740
0.275925 -0.024614
0.210829 -0.020750
0.153479 -0.017238
0.104951 -0.014124
0.065079 -0.011425
0.033072 -0.009131
0.007922 -0.006836
-0.011363 0.001081
-0.025671 0.027625
-0.035769 0.084507
-0.042320 0.174756
-0.045915 0.292154
-0.047097 0.425050
-0.046369 0.560846
-0.044196 0.689107
-0.041002 0.802511
-0.037160 0.891998
-0.032988 0.943909
-0.028740 0.947574
-0.024614 0.902028
-0.020750 0.815893
-0.017238 0.703152
-0.014124 0.578614
-0.011425 0.454577
-0.009131 0.339574
-0.007214 0.238423
-0.005638 0.153003
-0.004362 0.083224
-0.003341 0.027880
-0.002536 -0.014725
-0.001530 -0.046391
0.005296 -0.068825
0.030932 -0.083569
0.087075 -0.091993
0.176728 -0.095316
0.293654 -0.094623
0.426222 -0.090885
0.561760 -0.084965
0.689822 -0.077610
0.803453 -0.069458
0.898749 -0.061026
0.969428 -0.052720
1.003576 -0.044839
0.991530 -0.037586
0.932663 -0.031079
0.835564 -0.025370
0.714039 -0.020461
0.582558 -0.016313
0.453146 -0.012865
0.334096 -0.010041
0.230025 -0.007760
0.142639 -0.005941
0.071696 -0.004508
0.015851 -0.003391
-0.026719 -0.002531
-0.057938 -0.001454
-0.079625 0.005413
-0.093424 0.031073
-0.100793 0.087226
-0.103021 0.176884
-0.101250 0.293432
-0.096493 0.419615
-0.089639 0.529856
-0.081451 0.602032
-0.072572 0.626161
-0.063520 0.605064
-0.054695 0.549673
-0.046386 0.473662
-0.038784 0.389498
-0.031998 0.306502
-0.026069 0.230500
-0.020987 0.164366
-0.016706 0.108895
-0.013156 0.063648
-0.010255 0.027594
-0.007916 -0.000098
-0.006054 -0.015008
-0.004589 -0.005214
-0.003450 0.040051
-0.002531 0.122601
-0.001832 0.229881
-0.001306 0.336590
-0.000913 0.417827
-0.000622 0.459592
-0.000409 0.460683
-0.000253 0.428864
-0.000139 0.375652
-0.000058 0.312267
0.000000 0.247470
0.000000 0.186963
0.000000 0.133747
0.000000 0.088852
0.000000 0.052108
0.000000 0.022743
0.000000 0.000167
0.000000 -0.010980
0.000000 0.001427
0.000000 0.048346
0.000000 0.132145
0.000000 0.246025
0.000000 0.377797
0.000000 0.514364
0.000000 0.644829
0.000000 0.761828
0.000000 0.861180
0.000000 0.936188
0.000000 0.974696
0.000000 0.966857
0.000000 0.911912
0.000000 0.818327
0.000000 0.699915
0.000000 0.571132
0.000000 0.444015
0.000000 0.326883
0.000000 0.224387
0.000000 0.138277
0.000000 0.068354
0.000000 0.013315
0.000000 -0.028627
0.000378 -0.059361
0.006719 -0.080679
0.031986 -0.094198
0.087849 -0.101357
0.177292 -0.103429
0.294062 -0.101503
0.426474 -0.096633
0.561900 -0.089697
0.689881 -0.081451
0.803075 -0.072572
0.892407 -0.063520
0.944162 -0.054695
0.947714 -0.046386
0.902086 -0.038784
0.815893 -0.031998
0.703152 -0.026069
0.578614 -0.020987
0.454577 -0.016706
0.339574 -0.013156
0.238423 -0.010255
0.153003 -0.007916
0.083224 -0.006054
0.027880 -0.004589
-0.014725 -0.003450
-0.046391 -0.002153
-0.068825 0.004887
-0.083569 0.030680
-0.091993 0.086935
-0.095316 0.176670
-0.094623 0.293276
-0.090885 0.419502
-0.084965 0.529774
-0.077610 0.601974
-0.069458 0.626161
-0.061026 0.605064
-0.052720 0.549673
-0.044839 0.473662
-0.037586 0.389498
-0.031079 0.306502
-0.025370 0.230500
-0.020461 0.164366
-0.016313 0.108895
-0.012865 0.063648
-0.010041 0.027594
-0.007382 -0.000476
0.000778 -0.021727
0.027478 -0.037200
0.084457 -0.047797
0.174762 -0.054313
0.292230 -0.057462
0.425168 -0.057898
0.560987 -0.056225
0.688880 -0.052996
0.796325 -0.048707
0.866888 -0.043788
0.888160 -0.038596
0.858212 -0.033414
0.785316 -0.028455
0.683481 -0.023865
0.567727 -0.019732
0.450633 -0.016099
0.341005 -0.012971
0.243900 -0.010328
0.161401 -0.008133
0.093589 -0.006336
0.039408 -0.004888
-0.002697 -0.003734
-0.034397 -0.002449
-0.057278 0.004597
-0.072769 0.030406
-0.082138 0.086682
-0.086516 0.176437
-0.086918 0.293440
-0.084258 0.426066
-0.079357 0.561647
-0.072936 0.689741
-0.065617 0.803017
-0.057911 0.892407
-0.050225 0.944162
-0.042865 0.947714
-0.036040 0.902086
-0.029881 0.815893
-0.024451 0.703152
-0.019762 0.578614
-0.015787 0.454577
-0.012472 0.339574
-0.009750 0.238423
-0.007546 0.153003
-0.005785 0.083224
-0.004395 0.027880
-0.003310 -0.014725
-0.002472 -0.046013
-0.001832 -0.062105
-0.001306 -0.051583
-0.000913 -0.004145
-0.000622 0.081599
-0.000409 0.192720
-0.000253 0.303603
-0.000139 0.389087
-0.000058 0.434978
0.000000 0.439933
0.000000 0.411627
0.000000 0.361528
0.000000 0.300842
0.000000 0.238339
0.000000 0.179750
0.000000 0.128109
0.000000 0.084491
0.000000 0.048767
0.000000 0.020207
0.000000 -0.001741
0.000000 -0.012403
0.000000 0.000374
0.000000 0.047572
0.000000 0.131581
0.000000 0.245616
0.000000 0.377167
0.000000 0.507505
0.000000 0.612785
0.000000 0.673980
0.000000 0.684265
0.000000 0.648845
0.000000 0.580208
0.000000 0.492806
0.000000 0.399324
0.000000 0.308936
0.000000 0.227263
0.000000 0.156885
0.000000 0.098334
0.000000 0.050957
0.000000 0.013558
0.000378 -0.015202
0.006719 -0.036597
0.031986 -0.051764
0.087849 -0.061699
0.176914 -0.067284
0.287343 -0.069316
0.394488 -0.068527
0.474051 -0.065589
0.512588 -0.061110
0.509391 -0.055587
0.472652 -0.049535
0.414248 -0.043328
0.345682 -0.037255
0.275925 -0.031570
0.210829 -0.026360
0.153479 -0.021707
0.104951 -0.017645
0.065079 -0.014169
0.033072 -0.011247
0.008300 -0.008831
-0.004643 -0.006862
0.006315 -0.005280
0.052080 -0.004025
0.134595 -0.003041
0.241427 -0.002278
0.347391 -0.001693
0.427682 -0.001248
0.468392 -0.000913
0.468388 -0.000622
0.435492 -0.000409
0.381260 -0.000253
0.316941 -0.000139
0.251311 -0.000058
0.190078 0.000000
0.136241 0.000000
0.090827 0.000000
0.053654 0.000000
0.023941 0.000000
0.001086 0.000000
-0.010281 0.000000
0.001953 0.000000
0.048738 0.000000
0.132436 0.000000
0.245861 0.000000
0.371234 0.000000
0.482491 0.000000
0.557062 0.000000
0.584594 0.000000
0.567495 0.000000
0.516433 0.000000
0.444783 0.000000
0.364825 0.000000
0.285752 0.000000
0.213263 0.000000
0.150242 0.000000
0.097470 0.000000
0.054518 0.000000
0.020380 0.000000
-0.005736 0.000000
-0.019369 0.000000
-0.008555 0.000000
0.037515 0.000000
0.121071 0.000000
0.235176 0.000000
0.367523 0.000000
0.504524 0.000000
0.629601 0.000000
0.722351 0.000000
0.767237 0.000000
0.760120 0.000000
0.708028 0.000000
0.624449 0.000000
0.524190 0.000000
0.420014 0.000000
0.320962 0.000000
0.232360 0.000000
0.156550 0.000000
0.093854 0.000000
0.043436 0.000000
0.003944 0.000000
-0.026103 0.000378
-0.048111 0.006719
-0.063344 0.031986
-0.072917 0.087849
-0.077827 0.177292
-0.078973 0.294062
-0.077175 0.426474
-0.073138 0.561900
-0.067581 0.689881
-0.061082 0.803453
-0.054128 0.898749
-0.047111 0.969428
-0.040370 1.003576
-0.034065 0.991530
-0.028335 0.932663
-0.023253 0.835564
-0.018843 0.714039
-0.015088 0.582558
-0.011946 0.453146
-0.009357 0.334096
-0.007255 0.230025
-0.005571 0.142639
-0.004239 0.071696
-0.003197 0.015851
-0.002391 -0.026719
-0.001396 -0.057938
0.005413 -0.079625
0.031073 -0.093424
0.087226 -0.100793
0.176506 -0.103021
0.287090 -0.101250
0.394349 -0.096493
0.473993 -0.089639
0.512588 -0.081451
0.509391 -0.072572
0.472652 -0.063520
0.414248 -0.054695
0.345682 -0.046386
0.275925 -0.038784
0.210829 -0.031998
0.153479 -0.026069
0.104951 -0.020987
0.065079 -0.016706
0.033072 -0.013156
0.008300 -0.010255
-0.004643 -0.007916
0.006315 -0.006054
0.052080 -0.004589
0.134595 -0.003450
0.241427 -0.002531
0.347391 -0.001832
0.427682 -0.001306
0.468392 -0.000913
0.468388 -0.000622
0.435492 -0.000409
0.381260 -0.000253
0.316941 -0.000139
0.251311 -0.000058
0.190078 0.000000
0.136241 0.000000
0.090827 0.000000
0.053654 0.000000
0.023941 0.000000
0.000709 0.000378
-0.017001 0.006719
-0.030033 0.031986
-0.039110 0.087849
-0.044856 0.177292
-0.047824 0.293684
-0.048521 0.419755
-0.047423 0.529914
-0.044970 0.602032
-0.041567 0.626161
-0.037569 0.605064
-0.033240 0.549673
-0.028880 0.473662
-0.024673 0.389498
-0.020750 0.306502
-0.017238 0.230500
-0.014124 0.164366
-0.011425 0.108895
-0.009131 0.063648
-0.007214 0.027594
-0.005638 -0.000476
-0.004362 -0.021727
-0.003341 -0.037200
-0.002536 -0.047797
-0.001908 -0.054313
-0.001424 -0.057462
-0.001054 -0.057898
-0.000774 -0.056225
-0.000564 -0.052996
-0.000409 -0.048707
-0.000253 -0.043788
-0.000139 -0.038596
-0.000058 -0.033414
0.000000 -0.028455
0.000000 -0.023865
0.000000 -0.019732
0.000000 -0.016099
0.000000 -0.012971
0.000000 -0.010328
0.000000 -0.008133
0.000000 -0.006336
0.000000 -0.004888
0.000000 -0.003734
0.000000 -0.002827
0.000000 -0.002122
0.000000 -0.001580
0.000000 -0.001167
0.000000 -0.000855
0.000000 -0.000622
0.000000 -0.000409
0.000000 -0.000253
0.000000 -0.000139
0.000000 -0.000058
0.000000 0.000000
0.000000 0.000000
0.000000 0.000000
0.000000 0.000000
0.000000 0.000000
0.000000 0.000000
0.000000 0.000000
0.000000 0.000000
0.000000 0.000000
0.000000 0.000000
0.000000 0.000000
0.000000 0.000000
0.000000 0.000000
0.000000 0.000000
0.000000 0.000000
0.000000 0.000000
0.000000 0.000000
0.000000 0.000000
0.000000 0.000000
0.000000 0.000000
0.000000 0.000000
0.000000 0.000000
0.000000 0.000000
0.000000 0.000000
0.000000 0.000000
0.000000 0.000000
0.000000 0.000000
0.000000 0.000000
0.000000 0.000000
0.000000 0.000000
0.000000 0.000000
0.000000 0.000000
0.000000 0.000000
0.000000 0.000000
0.000000 0.000000
0.000000 0.000000
0.000000 0.000000
0.000000 0.000000
0.000000 0.000000
0.000000 0.000000
0.000000 0.000000
0.000000 0.000000
0.000000 0.000000
0.000000 0.000000
0.000000 0.000000
0.000000 0.000000
0.000000 0.000000
0.000000 0.000000
0.000000 0.000000
0.000000 0.000000
0.000000 0.000000
0.000000 0.000000
0.000000 0.000000
0.000000 0.000000
0.000000 0.000000
0.000000 0.000000
0.000000 0.000000
0.000000 0.000000
0.000000 0.000000
