0.000000 0.000000
0.000000 0.000000
0.000000 0.000000
0.000000 0.000000
0.000000 0.000000
0.000000 0.000000
0.000000 0.000000
0.018566 0.000000
0.165070 0.000000
0.420840 0.000000
0.559289 0.000000
0.498568 0.000000
0.341739 0.000000
0.189522 0.000000
0.079108 0.000000
0.009577 0.000000
-0.029568 0.018566
-0.047478 0.165070
-0.051044 0.439405
-0.045910 0.724358
-0.036718 0.919408
-0.026824 0.901028
-0.018181 0.688090
-0.011557 0.420847
-0.006945 0.199099
-0.003971 0.049540
-0.002172 -0.037901
-0.001141 -0.062046
-0.000578 0.071681
-0.000192 0.351644
0.000000 0.651624
0.000000 0.864509
0.000000 0.862648
0.000000 0.662965
0.000000 0.405320
0.000000 0.189983
0.000000 0.044428
0.000000 -0.040651
0.000000 -0.063379
0.000000 0.071102
0.000000 0.332886
0.000000 0.486555
0.000000 0.443670
0.000000 0.303359
0.000000 0.164396
0.000000 0.063581
0.000000 0.000461
0.018566 -0.034680
0.165070 -0.050228
0.420840 -0.052377
0.559289 -0.046489
0.498568 -0.036909
0.341739 -0.026824
0.189522 -0.018181
0.079108 -0.011557
0.009577 -0.006945
-0.011003 -0.003971
0.117591 -0.002172
0.388361 -0.001141
0.678448 -0.000578
0.882690 -0.000192
0.874204 0.000000
0.669909 0.000000
0.409291 0.000000
0.192154 0.000000
0.045569 0.000000
-0.040073 0.000000
-0.081753 0.000000
-0.093967 0.000000
-0.069387 0.000000
0.092335 0.000000
0.384506 0.000000
0.685978 0.000000
0.912848 0.000000
1.032005 0.000000
0.953310 0.000000
0.700688 0.000000
0.409964 0.000000
0.176331 0.000000
0.022918 0.000000
-0.063094 0.000000
-0.101522 0.000000
-0.109197 0.000000
-0.080211 0.000000
0.085170 0.000000
0.380115 0.000000
0.683425 0.000000
0.892865 0.000000
0.884746 0.000000
0.678587 0.000000
0.415544 0.000000
0.196349 0.000000
0.048207 0.000000
-0.038480 0.000000
-0.062238 0.000000
0.071681 0.000000
0.333078 0.000000
0.486555 0.000000
0.443670 0.000000
0.303359 0.000000
0.164396 0.000000
0.063581 0.000000
0.000461 0.000000
-0.034680 0.000000
-0.050228 0.000000
-0.033811 0.000000
0.118581 0.000000
0.402496 0.000000
0.678969 0.000000
0.754723 0.000000
0.615136 0.000000
0.396193 0.000000
0.203261 0.000000
0.068803 0.000000
-0.013000 0.000000
-0.056190 0.018566
-0.072671 0.165070
-0.071953 0.420840
-0.061718 0.559289
-0.047733 0.498568
-0.033989 0.341739
-0.022572 0.189522
-0.014110 0.079108
-0.008362 0.009577
0.013841 -0.029568
0.162511 -0.047478
0.419507 -0.051044
0.558710 -0.045910
0.498377 -0.036718
0.341739 -0.026824
0.189522 -0.018181
0.079108 -0.011557
0.009577 -0.006945
-0.029568 0.014595
-0.047478 0.162898
-0.051044 0.419698
-0.045910 0.558710
-0.036718 0.498377
-0.026824 0.341739
-0.018181 0.189522
-0.011557 0.079108
-0.006945 0.009577
-0.003971 -0.011003
-0.002172 0.117591
-0.001141 0.388361
-0.000578 0.659882
-0.000192 0.736186
0.000000 0.599869
0.000000 0.384956
0.000000 0.195676
0.000000 0.064030
0.000000 -0.015829
0.018566 -0.057783
0.165070 -0.073620
0.439405 -0.072532
0.705793 -0.061910
0.772904 -0.047733
0.626693 -0.033989
0.403137 -0.022572
0.207232 -0.014110
0.070975 -0.008362
-0.011858 -0.004725
-0.037046 -0.002559
0.092591 -0.001333
0.367452 -0.000578
0.662640 -0.000192
0.871675 0.000000
0.867039 0.000000
0.665518 0.000000
0.406737 0.000000
0.190737 0.000000
0.044814 0.000000
-0.040460 0.000000
-0.063379 0.000000
0.071102 0.000000
0.351452 0.000000
0.651624 0.000000
0.864509 0.000000
0.862648 0.000000
0.662965 0.000000
0.405320 0.000000
0.189983 0.000000
0.044428 0.000000
-0.040651 0.000000
-0.081945 0.018566
-0.093967 0.165070
-0.087953 0.439405
-0.072734 0.724358
-0.054899 0.937974
-0.038380 1.047532
-0.025126 0.962426
-0.015527 0.705800
-0.009116 0.412714
-0.005112 0.177664
-0.002750 0.023497
-0.001333 -0.062902
0.017987 -0.101522
0.164878 -0.109197
0.439405 -0.098777
0.724358 -0.079900
0.937974 -0.059290
1.047532 -0.040934
0.962426 -0.026543
0.705800 -0.016282
0.412714 -0.009503
0.177664 -0.005304
0.023497 -0.002750
-0.062902 -0.001333
-0.101522 0.017987
-0.109197 0.164878
-0.098777 0.420840
-0.079900 0.559289
-0.059290 0.498568
-0.040934 0.341739
-0.026543 0.189522
-0.016282 0.079108
-0.009503 0.009577
-0.005304 -0.029568
-0.002750 -0.047478
-0.001333 -0.032478
-0.000578 0.119159
-0.000192 0.402688
0.000000 0.678969
0.000000 0.754723
0.000000 0.615136
0.000000 0.396193
0.000000 0.203261
0.000000 0.068803
0.000000 -0.013000
0.000000 -0.037624
0.000000 0.092399
0.000000 0.367452
0.000000 0.662640
0.000000 0.890240
0.000000 1.013543
0.000000 0.939854
0.000000 0.691690
0.000000 0.404352
0.000000 0.172939
0.000000 0.020938
0.000000 -0.064235
0.000000 -0.102100
0.000000 -0.109388
0.000000 -0.080211
0.000000 0.085170
0.000000 0.361550
0.000000 0.518355
0.000000 0.472025
0.000000 0.325458
0.000000 0.180019
0.000000 0.073804
0.000000 0.006827
0.018566 -0.030901
0.165070 -0.048057
0.439405 -0.051235
0.724358 -0.045910
0.919408 -0.036718
0.901028 -0.026824
0.688090 -0.018181
0.420847 -0.011557
0.199099 -0.006945
0.049540 -0.003971
-0.037901 -0.002172
-0.062046 -0.001141
0.071681 -0.000578
0.351644 -0.000192
0.651624 0.000000
0.883075 0.000000
1.009152 0.000000
0.937300 0.000000
0.690273 0.000000
0.403598 0.000000
0.172552 0.000000
0.020746 0.000000
-0.064235 0.000000
-0.083535 0.000000
0.055681 0.000000
0.340628 0.000000
0.625893 0.000000
0.713614 0.000000
0.585759 0.000000
0.376594 0.000000
0.190950 0.000000
0.061472 0.000000
-0.017162 0.000000
-0.058362 0.018566
-0.073812 0.165070
-0.072532 0.439405
-0.061910 0.724358
-0.047733 0.919408
-0.033989 0.901028
-0.022572 0.688090
-0.014110 0.420847
-0.008362 0.199099
-0.004725 0.049540
-0.002559 -0.037901
-0.001333 -0.062046
-0.000578 0.071681
-0.000192 0.351644
0.000000 0.651624
0.000000 0.864509
0.000000 0.862648
0.000000 0.662965
0.000000 0.405320
0.000000 0.189983
0.000000 0.044428
0.000000 -0.040651
0.000000 -0.063379
0.000000 0.071102
0.000000 0.332886
0.000000 0.486555
0.000000 0.443670
0.000000 0.303359
0.000000 0.164396
0.000000 0.063581
0.000000 0.000461
0.000000 -0.034680
0.000000 -0.050228
0.000000 -0.033811
0.000000 0.118581
0.000000 0.383930
0.000000 0.532465
0.000000 0.480387
0.000000 0.330183
0.000000 0.182578
0.000000 0.075137
0.000000 0.007405
0.000000 -0.030710
0.000000 -0.048057
0.000000 -0.051235
0.000000 -0.045910
0.000000 -0.036718
0.000000 -0.026824
0.000000 -0.018181
0.000000 -0.011557
0.000000 -0.006945
0.000000 -0.003971
0.000000 -0.002172
0.000000 -0.001141
0.000000 -0.000578
0.000000 -0.000192
0.000000 0.000000
0.000000 0.000000
0.000000 0.000000
0.000000 0.000000
0.000000 0.000000
0.000000 0.000000
0.000000 0.000000
0.000000 0.000000
0.000000 0.000000
0.000000 0.000000
0.000000 0.000000
0.000000 0.000000
0.000000 0.000000
0.000000 0.000000
0.000000 0.000000
0.000000 0.000000
0.000000 0.000000
0.000000 0.000000
0.000000 0.000000
0.000000 0.000000
0.000000 0.000000
0.000000 0.000000
0.000000 0.000000
0.000000 0.000000
0.000000 0.000000
0.000000 0.000000
0.000000 0.000000
0.000000 0.000000
0.000000 0.000000
0.000000 0.000000
0.000000 0.000000
0.000000 0.000000
0.000000 0.000000
0.000000 0.000000
0.000000 0.000000
0.000000 0.000000
0.000000 0.000000
0.000000 0.000000
0.000000 0.000000
0.000000 0.000000
0.000000 0.000000
0.000000 0.000000
0.000000 0.000000
0.000000 0.000000
0.000000 0.000000
0.000000 0.000000
0.000000 0.000000
0.000000 0.000000
0.000000 0.000000
0.000000 0.000000
0.000000 0.000000
0.000000 0.000000
0.000000 0.000000
0.000000 0.000000
0.000000 0.000000
0.000000 0.000000
0.000000 0.000000
0.000000 0.000000
0.000000 0.000000
0.000000 0.000000
0.000000 0.000000
0.000000 0.000000
0.000000 0.000000
