0.000000 0.000000
0.000000 0.000000
0.000000 0.000000
0.000000 0.000000
0.000000 0.000000
0.000000 0.000000
0.000000 0.000000
0.000000 0.000000
0.018566 0.000000
0.165070 0.000000
0.439405 0.000000
0.724358 0.000000
0.919408 0.000000
0.901028 0.000000
0.688090 0.000000
0.420847 0.000000
0.199099 0.000000
0.049540 0.000000
-0.037901 0.000000
-0.062046 0.000000
0.071681 0.000000
0.351644 0.000000
0.651624 0.000000
0.883075 0.000000
1.009152 0.000000
0.937300 0.000000
0.690273 0.000000
0.403598 0.000000
0.172552 0.000000
0.020746 0.000000
-0.064235 0.000000
-0.102100 0.018566
-0.109388 0.165070
-0.098777 0.420840
-0.079900 0.559289
-0.059290 0.498568
-0.040934 0.341739
-0.026543 0.189522
-0.016282 0.079108
-0.009503 0.009577
-0.005304 -0.029568
-0.002750 -0.028913
-0.001333 0.114026
-0.000578 0.374929
-0.000192 0.522571
0.000000 0.471745
0.000000 0.323558
0.000000 0.177965
0.000000 0.072163
0.000000 0.005606
0.018566 -0.031740
0.165070 -0.048620
0.420840 -0.051622
0.559289 -0.046102
0.498568 -0.036718
0.341739 -0.026824
0.189522 -0.018181
0.079108 -0.011557
0.009577 -0.006945
-0.029568 -0.003971
-0.047478 -0.002172
-0.051044 0.017424
-0.045910 0.164491
-0.036718 0.439214
-0.026824 0.705793
-0.018181 0.772904
-0.011557 0.626693
-0.006945 0.403137
-0.003971 0.207232
-0.002172 0.070975
-0.001141 -0.011858
-0.000578 -0.037046
-0.000192 0.092591
0.000000 0.348886
0.000000 0.497570
0.000000 0.450835
0.000000 0.307750
0.000000 0.166950
0.000000 0.064998
0.000000 0.001215
0.000000 -0.015728
0.000000 0.115033
0.000000 0.387028
0.000000 0.659304
0.000000 0.735995
0.000000 0.599869
0.000000 0.384956
0.000000 0.195676
0.000000 0.064030
0.000000 -0.015829
0.018566 -0.057783
0.165070 -0.073620
0.420840 -0.072532
0.559289 -0.061910
0.498568 -0.047733
0.341739 -0.033989
0.189522 -0.022572
0.079108 -0.014110
0.009577 -0.008362
-0.029568 0.013841
-0.047478 0.162511
-0.051044 0.438072
-0.045910 0.705214
-0.036718 0.772712
-0.026824 0.626693
-0.018181 0.403137
-0.011557 0.207232
-0.006945 0.070975
-0.003971 -0.011858
-0.002172 -0.037046
-0.001141 0.092591
-0.000578 0.348886
-0.000192 0.497570
0.000000 0.450835
0.000000 0.307750
0.000000 0.166950
0.000000 0.064998
0.000000 0.001215
0.000000 -0.034294
0.018566 -0.050037
0.165070 -0.052377
0.439405 -0.046489
0.724358 -0.036909
0.937974 -0.026824
1.047532 -0.018181
0.962426 -0.011557
0.705800 -0.006945
0.412714 -0.003971
0.177664 -0.002172
0.023497 -0.001141
-0.062902 -0.000578
-0.082956 -0.000192
0.055873 0.000000
0.322062 0.000000
0.479389 0.000000
0.439279 0.000000
0.300806 0.000000
0.162979 0.000000
0.062826 0.000000
0.000074 0.000000
-0.034872 0.000000
-0.050228 0.000000
-0.052377 0.018566
-0.046489 0.165070
-0.036909 0.439405
-0.026824 0.705793
-0.018181 0.772904
-0.011557 0.626693
-0.006945 0.403137
-0.003971 0.207232
-0.002172 0.070975
-0.001141 -0.011858
-0.000578 -0.037046
-0.000192 0.092591
0.000000 0.348886
0.000000 0.497570
0.000000 0.450835
0.000000 0.307750
0.000000 0.166950
0.000000 0.064998
0.000000 0.001215
0.000000 -0.015728
0.000000 0.115033
0.000000 0.387028
0.000000 0.659304
0.000000 0.735995
0.000000 0.599869
0.000000 0.384956
0.000000 0.195676
0.000000 0.064030
0.000000 -0.015829
0.000000 -0.057783
0.000000 -0.073620
0.018566 -0.072532
0.165070 -0.061910
0.439405 -0.047733
0.724358 -0.033989
0.919408 -0.022572
0.901028 -0.014110
0.688090 -0.008362
0.420847 -0.004725
0.199099 -0.002559
0.049540 -0.001333
-0.037901 -0.000578
-0.080612 0.018374
-0.093389 0.165070
-0.087761 0.420840
-0.072734 0.559289
-0.054899 0.498568
-0.038380 0.341739
-0.025126 0.189522
-0.015527 0.079108
-0.009116 0.009577
0.013454 -0.029568
0.162319 -0.047478
0.419507 -0.051044
0.558710 -0.045910
0.498377 -0.036718
0.341739 -0.026824
0.189522 -0.018181
0.079108 -0.011557
0.009577 -0.006945
-0.011003 -0.003971
0.117591 -0.002172
0.388361 -0.001141
0.678448 -0.000578
0.882690 -0.000192
0.874204 0.000000
0.669909 0.000000
0.409291 0.000000
0.192154 0.000000
0.045569 0.000000
-0.040073 0.000000
-0.081753 0.000000
-0.093967 0.018566
-0.087953 0.165070
-0.072734 0.420840
-0.054899 0.559289
-0.038380 0.498568
-0.025126 0.341739
-0.015527 0.189522
-0.009116 0.079108
-0.005112 0.009577
0.015816 -0.029568
0.163737 -0.047478
0.420261 -0.051044
0.559097 -0.045910
0.498568 -0.036718
0.341739 -0.026824
0.189522 -0.018181
0.079108 -0.011557
0.009577 -0.006945
-0.011003 -0.003971
0.117591 -0.002172
0.388361 -0.001141
0.678448 -0.000578
0.901256 -0.000192
1.020708 0.000000
0.944245 0.000000
0.694244 0.000000
0.405770 0.000000
0.173693 0.000000
0.021325 0.000000
-0.064043 0.000000
-0.083535 0.000000
0.055681 0.000000
0.340628 0.000000
0.644459 0.000000
0.860118 0.000000
0.860094 0.000000
0.661547 0.000000
0.404566 0.000000
0.189596 0.000000
0.044236 0.000000
-0.040651 0.000000
-0.081945 0.000000
-0.093967 0.018566
-0.087953 0.165070
-0.072734 0.420840
-0.054899 0.559289
-0.038380 0.498568
-0.025126 0.341739
-0.015527 0.189522
-0.009116 0.079108
-0.005112 0.009577
0.015816 -0.029568
0.163737 -0.047478
0.438827 -0.051044
0.724167 -0.045910
0.919408 -0.036718
0.901028 -0.026824
0.688090 -0.018181
0.420847 -0.011557
0.199099 -0.006945
0.049540 -0.003971
-0.037901 -0.002172
-0.080612 -0.001141
-0.074823 -0.000578
0.077308 -0.000192
0.348105 0.000000
0.504390 0.000000
0.460188 0.000000
0.316614 0.000000
0.173995 0.000000
0.069992 0.000000
0.004465 0.000000
-0.013753 0.000000
0.116258 0.000000
0.387783 0.000000
0.678256 0.000000
0.882690 0.000000
0.874204 0.000000
0.669909 0.000000
0.409291 0.000000
0.192154 0.000000
0.045569 0.000000
-0.040073 0.000000
-0.081753 0.018566
-0.093967 0.165070
-0.087953 0.439405
-0.072734 0.705793
-0.054899 0.772904
-0.038380 0.626693
-0.025126 0.403137
-0.015527 0.207232
-0.009116 0.070975
-0.005112 -0.011858
-0.002750 -0.037046
-0.001333 0.092591
-0.000578 0.348886
-0.000192 0.497570
0.000000 0.450835
0.000000 0.307750
0.000000 0.166950
0.000000 0.064998
0.000000 0.001215
0.000000 -0.034294
0.000000 -0.050037
0.000000 -0.052377
0.000000 -0.046489
0.000000 -0.036909
0.000000 -0.026824
0.000000 -0.018181
0.000000 -0.011557
0.000000 -0.006945
0.000000 -0.003971
0.000000 -0.002172
0.000000 -0.001141
0.000000 -0.000578
0.000000 -0.000192
0.000000 0.000000
0.000000 0.000000
0.000000 0.000000
0.000000 0.000000
0.000000 0.000000
0.000000 0.000000
0.000000 0.000000
0.000000 0.000000
0.000000 0.000000
0.000000 0.000000
0.000000 0.000000
0.000000 0.000000
0.000000 0.000000
0.000000 0.000000
0.000000 0.000000
0.000000 0.000000
0.000000 0.000000
0.000000 0.000000
0.000000 0.000000
0.000000 0.000000
0.000000 0.000000
0.000000 0.000000
0.000000 0.000000
0.000000 0.000000
0.000000 0.000000
0.000000 0.000000
0.000000 0.000000
0.000000 0.000000
0.000000 0.000000
0.000000 0.000000
0.000000 0.000000
0.000000 0.000000
0.000000 0.000000
0.000000 0.000000
0.000000 0.000000
0.000000 0.000000
0.000000 0.000000
0.000000 0.000000
0.000000 0.000000
0.000000 0.000000
0.000000 0.000000
0.000000 0.000000
0.000000 0.000000
0.000000 0.000000
0.000000 0.000000
0.000000 0.000000
0.000000 0.000000
0.000000 0.000000
0.000000 0.000000
0.000000 0.000000
0.000000 0.000000
0.000000 0.000000
0.000000 0.000000
0.000000 0.000000
0.000000 0.000000
0.000000 0.000000
0.000000 0.000000
0.000000 0.000000
0.000000 0.000000
0.000000 0.000000
0.000000 0.000000
0.000000 0.000000
0.000000 0.000000
0.000000 0.000000
0.000000 0.000000
0.000000 0.000000
0.000000 0.000000
0.000000 0.000000
0.000000 0.000000
0.000000 0.000000
0.000000 0.000000
0.000000 0.000000
0.000000 0.000000
0.000000 0.000000
