0.000000 0.000000
0.000000 0.000000
0.000000 0.000000
0.000000 0.000000
0.000000 0.000000
0.000000 0.000000
0.000000 0.000000
0.000000 0.000000
0.000000 0.000000
0.000000 0.000000
0.000000 0.000000
0.000000 0.000000
0.000000 0.000000
0.000000 0.000000
0.000000 0.000000
0.000378 0.000000
0.006719 0.000000
0.031986 0.000000
0.087849 0.000000
0.177292 0.000000
0.294062 0.000000
0.426474 0.000000
0.561522 0.000000
0.683161 0.000000
0.771467 0.000000
0.811278 0.000000
0.798855 0.000000
0.741500 0.000000
0.652904 0.000000
0.548055 0.000000
0.439746 0.000000
0.337061 0.000000
0.245331 0.000000
0.166879 0.000000
0.101987 0.000000
0.049773 0.000000
0.008832 0.000000
-0.022369 0.000000
-0.045284 0.000000
-0.061222 0.000000
-0.070960 0.000000
-0.069941 0.000000
-0.046132 0.000000
0.011296 0.000000
0.104185 0.000000
0.220014 0.000000
0.333545 0.000000
0.419981 0.000000
0.465478 0.000000
0.469021 0.000000
0.438587 0.000000
0.385913 0.000000
0.322428 0.000000
0.257082 0.000000
0.195740 0.000000
0.141533 0.000000
0.095594 0.000000
0.057824 0.000000
0.027500 0.000000
0.003683 0.000000
-0.014182 0.000000
-0.021343 0.000000
-0.005557 0.000000
0.044223 0.000000
0.130463 0.000000
0.246342 0.000000
0.379319 0.000000
0.510732 0.000000
0.616753 0.000000
0.678386 0.000000
0.688846 0.000000
0.653345 0.000000
0.584474 0.000000
0.496728 0.000000
0.402837 0.000000
0.312050 0.000000
0.229962 0.000000
0.159179 0.000000
0.100251 0.000000
0.052533 0.000000
0.014835 0.000000
-0.014182 0.000000
-0.035792 0.000000
-0.051136 0.000000
-0.061215 0.000378
-0.066914 0.006719
-0.069036 0.031986
-0.068317 0.087849
-0.065433 0.177292
-0.060954 0.293684
-0.055474 0.419755
-0.049454 0.529914
-0.043270 0.602032
-0.037255 0.626161
-0.031570 0.605064
-0.026360 0.549673
-0.021707 0.473662
-0.017645 0.389498
-0.014169 0.306502
-0.011247 0.230500
-0.008831 0.164366
-0.006862 0.108895
-0.005280 0.063648
-0.004025 0.027594
-0.003041 -0.000476
-0.002278 -0.021727
-0.001693 -0.037200
-0.001248 -0.047419
-0.000913 -0.047594
-0.000622 -0.025476
-0.000409 0.029951
-0.000253 0.121068
-0.000139 0.240688
-0.000058 0.371047
0.000000 0.486126
0.000000 0.563436
0.000000 0.592746
0.000000 0.576609
0.000000 0.525808
0.000000 0.453930
0.000000 0.373398
0.000000 0.293531
0.000000 0.220172
0.000000 0.156233
0.000000 0.102559
0.000000 0.058761
0.000000 0.023860
0.000378 -0.003303
0.006719 -0.023849
0.031986 -0.038779
0.087849 -0.048964
0.177292 -0.055169
0.294062 -0.058085
0.426474 -0.058306
0.561900 -0.056477
0.689503 -0.053135
0.796733 -0.048765
0.867140 -0.043788
0.888299 -0.038596
0.858270 -0.033414
0.785316 -0.028455
0.683481 -0.023865
0.567727 -0.019732
0.450633 -0.016099
0.341005 -0.012971
0.243900 -0.010328
0.161401 -0.008133
0.093589 -0.006336
0.039408 -0.004888
-0.002697 -0.003734
-0.034397 -0.002827
-0.057278 -0.002122
-0.072769 -0.001580
-0.082138 -0.001167
-0.086516 -0.000478
-0.086918 0.006097
-0.084258 0.031578
-0.079357 0.087596
-0.072936 0.177153
-0.065617 0.294004
-0.057911 0.426474
-0.050225 0.561900
-0.042865 0.689881
-0.036040 0.803453
-0.029881 0.898749
-0.024451 0.969428
-0.019762 1.003576
-0.015787 0.991530
-0.012472 0.932663
-0.009750 0.835564
-0.007546 0.714039
-0.005785 0.582558
-0.004395 0.453146
-0.003310 0.334096
-0.002472 0.230025
-0.001832 0.142639
-0.001306 0.071696
-0.000913 0.015851
-0.000622 -0.026719
-0.000031 -0.057938
0.006467 -0.079625
0.031847 -0.093424
0.087790 -0.100793
0.177292 -0.103021
0.294062 -0.101250
0.426474 -0.096493
0.561900 -0.089639
0.689503 -0.081451
0.796733 -0.072572
0.867140 -0.063520
0.888299 -0.054695
0.858270 -0.046386
0.785316 -0.038784
0.683481 -0.031998
0.567727 -0.026069
0.450633 -0.020987
0.341005 -0.016706
0.243900 -0.013156
0.161401 -0.010255
0.093589 -0.007916
0.039408 -0.006054
-0.002697 -0.004589
-0.034397 -0.003072
-0.057278 0.004189
-0.072769 0.030154
-0.082138 0.086542
-0.086516 0.176001
-0.086918 0.286720
-0.084258 0.394080
-0.079357 0.473799
-0.072936 0.512449
-0.065617 0.509332
-0.057911 0.472652
-0.050225 0.414248
-0.042865 0.345682
-0.036040 0.275925
-0.029881 0.210829
-0.024451 0.153479
-0.019762 0.104951
-0.015787 0.065079
-0.012472 0.033072
-0.009750 0.008300
-0.007546 -0.004643
-0.005785 0.006315
-0.004395 0.052080
-0.003310 0.134973
-0.002472 0.248147
-0.001832 0.379377
-0.001306 0.515531
-0.000913 0.645684
-0.000622 0.762450
-0.000409 0.861588
-0.000253 0.936440
-0.000139 0.974836
-0.000058 0.966915
0.000000 0.911912
0.000000 0.818327
0.000000 0.699915
0.000000 0.571132
0.000000 0.444015
0.000000 0.326883
0.000000 0.224387
0.000000 0.138277
0.000000 0.068354
0.000000 0.013315
0.000000 -0.028627
0.000378 -0.059361
0.006719 -0.080679
0.031986 -0.094198
0.087849 -0.101357
0.177292 -0.103429
0.294062 -0.101503
0.426474 -0.096633
0.561522 -0.089697
0.683161 -0.081451
0.771467 -0.072572
0.811278 -0.063520
0.798855 -0.054695
0.741500 -0.046386
0.652904 -0.038784
0.548055 -0.031998
0.439746 -0.026069
0.337061 -0.020987
0.245331 -0.016706
0.166879 -0.013156
0.101987 -0.010255
0.049773 -0.007916
0.008832 -0.006054
-0.021991 -0.004589
-0.038565 -0.003450
-0.029236 -0.002531
0.016511 -0.001832
0.100632 -0.001306
0.215944 -0.000913
0.349921 -0.000622
0.489171 -0.000409
0.622174 -0.000253
0.735791 -0.000139
0.813070 -0.000058
0.841189 0.000000
0.817900 0.000000
0.751251 0.000000
0.655146 0.000000
0.544473 0.000000
0.431790 0.000000
0.325916 0.000000
0.231954 0.000000
0.152044 0.000000
0.086334 0.000000
0.033837 0.000000
-0.006936 0.000000
-0.037594 0.000378
-0.059669 0.006719
-0.074543 0.031986
-0.083444 0.087849
-0.087429 0.176914
-0.087540 0.287343
-0.084666 0.394488
-0.079609 0.474051
-0.073076 0.512588
-0.065675 0.509391
-0.057911 0.472652
-0.050225 0.414248
-0.042865 0.345682
-0.036040 0.275925
-0.029881 0.210829
-0.024451 0.153479
-0.019762 0.104951
-0.015787 0.065079
-0.012472 0.033072
-0.009750 0.008300
-0.007546 -0.004643
-0.005785 0.006315
-0.004395 0.052080
-0.003310 0.134973
-0.002472 0.247769
-0.001832 0.372657
-0.001306 0.483545
-0.000913 0.557836
-0.000622 0.585158
-0.000409 0.567904
-0.000253 0.516686
-0.000139 0.444922
-0.000058 0.364883
0.000000 0.285752
0.000000 0.213263
0.000000 0.150242
0.000000 0.097470
0.000000 0.054518
0.000000 0.020380
0.000378 -0.006114
0.006719 -0.026089
0.031986 -0.040541
0.087849 -0.050333
0.176914 -0.056222
0.287343 -0.058886
0.394488 -0.058951
0.474051 -0.056999
0.512588 -0.053560
0.509391 -0.049116
0.472652 -0.044040
0.414248 -0.038735
0.345682 -0.033472
0.275925 -0.028455
0.210829 -0.023865
0.153479 -0.019732
0.104951 -0.016099
0.065079 -0.012971
0.033072 -0.010328
0.008300 -0.008133
-0.004643 -0.006336
0.006315 -0.004888
0.052080 -0.003734
0.134595 -0.002827
0.241427 -0.002122
0.347391 -0.001580
0.427682 -0.001167
0.468392 -0.000855
0.468388 -0.000622
0.435492 -0.000409
0.381260 -0.000253
0.316941 -0.000139
0.251311 -0.000058
0.190078 0.000000
0.136241 0.000000
0.090827 0.000000
0.053654 0.000000
0.023941 0.000000
0.001086 0.000000
-0.010281 0.000000
0.001953 0.000000
0.048738 0.000000
0.132436 0.000000
0.246239 0.000000
0.377953 0.000000
0.514477 0.000000
0.644910 0.000000
0.761508 0.000000
0.854838 0.000000
0.910921 0.000000
0.918834 0.000000
0.877413 0.000000
0.795142 0.000000
0.685915 0.000000
0.564489 0.000000
0.443152 0.000000
0.330443 0.000000
0.231209 0.000000
0.147365 0.000000
0.078863 0.000000
0.024538 0.000000
-0.017262 0.000000
-0.048299 0.000000
-0.070248 0.000000
-0.084623 0.000000
-0.092390 0.000000
-0.089160 0.000000
-0.063045 0.000000
-0.003289 0.000000
0.091810 0.000000
0.209674 0.000000
0.325030 0.000000
0.413026 0.000000
0.459868 0.000000
0.464551 0.000000
0.435066 0.000000
0.383169 0.000000
0.320311 0.000000
0.255465 0.000000
0.194516 0.000000
0.140614 0.000000
0.094911 0.000000
0.057319 0.000000
0.027130 0.000000
0.003414 0.000000
-0.014376 0.000000
-0.021482 0.000000
-0.005615 0.000000
0.044223 0.000000
0.130086 0.000000
0.239623 0.000000
0.347710 0.000000
0.429603 0.000000
0.471447 0.000000
0.472172 0.000000
0.439664 0.000000
0.385507 0.000000
0.321067 0.000000
0.255175 0.000000
0.193591 0.000000
0.139355 0.000000
0.093526 0.000000
0.055949 0.000000
0.025858 0.000000
0.002284 0.000000
-0.015724 0.000000
-0.029012 0.000000
-0.037927 0.000000
-0.037508 0.000000
-0.015353 0.000000
0.039697 0.000000
0.130149 0.000000
0.248924 0.000000
0.378344 0.000000
0.492501 0.000000
0.568905 0.000000
0.597362 0.000000
0.580450 0.000000
0.528923 0.000000
0.456425 0.000000
0.375373 0.000000
0.295077 0.000000
0.221370 0.000000
0.157152 0.000000
0.103257 0.000000
0.059287 0.000000
0.024253 0.000000
-0.003012 0.000000
-0.023635 0.000000
-0.038623 0.000000
-0.048851 0.000378
-0.055087 0.006719
-0.058026 0.031986
-0.058306 0.087849
-0.056477 0.176914
-0.053135 0.287343
-0.048765 0.394488
-0.043788 0.474051
-0.038596 0.512588
-0.033414 0.509391
-0.028455 0.472652
-0.023865 0.414248
-0.019732 0.345682
-0.016099 0.275925
-0.012971 0.210829
-0.010328 0.153479
-0.008133 0.104951
-0.006336 0.065079
-0.004888 0.033072
-0.003356 0.007922
0.003892 -0.011363
0.029864 -0.025671
0.086269 -0.035769
0.176125 -0.042320
0.293207 -0.045915
0.425474 -0.047097
0.554772 -0.046369
0.657642 -0.044196
0.715465 -0.041002
0.721776 -0.037160
0.682085 -0.032988
0.609088 -0.028740
0.517478 -0.024614
0.420074 -0.020750
0.326174 -0.017238
0.241387 -0.014124
0.168310 -0.011425
0.107464 -0.009131
0.058171 -0.007214
0.019196 -0.005638
-0.010840 -0.003984
-0.033256 0.003378
-0.049228 0.029450
-0.059791 0.085940
-0.065860 0.175491
-0.068262 0.286289
-0.067753 0.393714
-0.065024 0.473487
-0.060701 0.512180
-0.055335 0.509138
-0.049396 0.472513
-0.043270 0.414189
-0.037255 0.345682
-0.031570 0.275925
-0.026360 0.210829
-0.021707 0.153479
-0.017645 0.104951
-0.014169 0.065079
-0.011247 0.033072
-0.008453 0.007922
-0.000143 -0.011363
0.026706 -0.025671
0.083823 -0.035769
0.174251 -0.042320
0.291784 -0.045915
0.424781 -0.047097
0.560274 -0.046369
0.682248 -0.044196
0.770844 -0.041002
0.810869 -0.037160
0.798603 -0.032988
0.741361 -0.028740
0.652846 -0.024614
0.548055 -0.020750
0.439746 -0.017238
0.337061 -0.014124
0.245331 -0.011425
0.166879 -0.009131
0.101987 -0.007214
0.049773 -0.005638
0.008832 -0.004362
-0.021991 -0.003341
-0.038565 -0.002536
-0.029236 -0.001908
0.016511 -0.001424
0.100254 -0.001054
0.209225 -0.000774
0.317935 -0.000564
0.401322 -0.000409
0.445260 -0.000253
0.448448 -0.000139
0.418582 -0.000058
0.367137 0.000000
0.305312 0.000000
0.241861 0.000000
0.182494 0.000000
0.130226 0.000000
0.086108 0.000000
0.049991 0.000000
0.021126 0.000000
-0.001057 0.000000
-0.011898 0.000000
0.000744 0.000000
0.047841 0.000000
0.131775 0.000000
0.245756 0.000000
0.377603 0.000000
0.513847 0.000000
0.638051 0.000000
0.729842 0.000000
0.773709 0.000000
0.765615 0.000000
0.712620 0.000000
0.628231 0.000000
0.527305 0.000000
0.422508 0.000000
0.322937 0.000000
0.233906 0.000000
0.157748 0.000000
0.094773 0.000000
0.044135 0.000000
0.004470 0.000000
-0.025710 0.000378
-0.047820 0.006719
-0.063130 0.031986
-0.072761 0.087849
-0.077714 0.176914
-0.078892 0.287343
-0.077117 0.394488
-0.073138 0.474051
-0.067581 0.512588
-0.061082 0.509391
-0.054128 0.472652
-0.047111 0.414248
-0.040370 0.345682
-0.034065 0.275925
-0.028335 0.210829
-0.023253 0.153479
-0.018843 0.104951
-0.015088 0.065079
-0.011946 0.033072
-0.009357 0.008300
-0.007255 -0.004643
-0.005571 0.006315
-0.004239 0.052080
-0.003197 0.134595
-0.002391 0.241427
-0.001774 0.347391
-0.001306 0.427682
-0.000913 0.468392
-0.000622 0.468388
-0.000409 0.435492
-0.000253 0.381260
-0.000139 0.316941
-0.000058 0.251311
0.000000 0.190078
0.000000 0.136241
0.000000 0.090827
0.000000 0.053654
0.000000 0.023941
0.000000 0.001086
0.000000 -0.010281
0.000000 0.001953
0.000000 0.048738
0.000000 0.132436
0.000000 0.245861
0.000000 0.371234
0.000000 0.482491
0.000000 0.557062
0.000000 0.584594
0.000000 0.567495
0.000000 0.516433
0.000000 0.444783
0.000000 0.364825
0.000000 0.285752
0.000000 0.213263
0.000000 0.150242
0.000000 0.097470
0.000000 0.054518
0.000000 0.020380
0.000000 -0.006114
0.000378 -0.026089
0.006719 -0.040541
0.031986 -0.050333
0.087849 -0.056222
0.176914 -0.058886
0.287343 -0.058951
0.394488 -0.056999
0.474051 -0.053560
0.512588 -0.049116
0.509391 -0.044040
0.472652 -0.038735
0.414248 -0.033472
0.345682 -0.028455
0.275925 -0.023865
0.210829 -0.019732
0.153479 -0.016099
0.104951 -0.012971
0.065079 -0.010328
0.033072 -0.008133
0.007922 -0.005959
-0.011363 0.001832
-0.025671 0.028252
-0.035769 0.085021
-0.042320 0.175170
-0.045915 0.292483
-0.047097 0.425307
-0.046369 0.560667
-0.044196 0.682539
-0.041002 0.771058
-0.037160 0.811025
-0.032988 0.798716
-0.028740 0.741442
-0.024614 0.652904
-0.020750 0.548055
-0.017238 0.439746
-0.014124 0.337061
-0.011425 0.245331
-0.009131 0.166879
-0.007214 0.101987
-0.005638 0.049773
-0.004362 0.008832
-0.003341 -0.021991
-0.002536 -0.038565
-0.001908 -0.029236
-0.001424 0.016511
-0.001054 0.100632
-0.000774 0.215944
-0.000564 0.349921
-0.000409 0.488793
-0.000253 0.615833
-0.000139 0.710524
-0.000058 0.757208
0.000000 0.751745
0.000000 0.701130
0.000000 0.618839
0.000000 0.519720
0.000000 0.416493
0.000000 0.318218
0.000000 0.230243
0.000000 0.154933
0.000000 0.092630
0.000000 0.042518
0.000000 0.003260
0.000000 -0.026608
0.000000 -0.048481
0.000000 -0.063613
0.000000 -0.073112
0.000000 -0.077589
0.000000 -0.072312
0.000000 -0.045189
0.000000 0.014711
0.000000 0.109711
0.000000 0.232980
0.000000 0.372346
0.000000 0.514789
0.000000 0.649511
0.000000 0.769010
0.000000 0.864072
0.000000 0.920908
0.000000 0.928870
0.000000 0.886998
0.000000 0.803947
0.000000 0.693795
0.000000 0.571358
0.000000 0.449006
0.000000 0.335335
0.000000 0.235226
0.000000 0.150612
0.000000 0.081450
0.000000 0.026573
0.000000 -0.015639
0.000000 -0.046636
0.000000 -0.062514
0.000000 -0.051835
0.000000 -0.004284
0.000000 0.081918
0.000000 0.199440
0.000000 0.335211
0.000000 0.470216
0.000000 0.580284
0.000000 0.646147
0.000000 0.660809
0.000000 0.629365
0.000000 0.564249
0.000000 0.479892
0.000000 0.388995
0.000000 0.300803
0.000000 0.220927
0.000000 0.151997
0.000000 0.094600
0.000000 0.048130
0.000000 0.011436
0.000000 -0.016782
0.000000 -0.037764
0.000000 -0.052620
0.000000 -0.061944
0.000000 -0.060973
0.000000 -0.037583
0.000000 0.019182
0.000000 0.111645
0.000000 0.232575
0.000000 0.364167
0.000000 0.480378
0.000000 0.558704
0.000000 0.588906
0.000000 0.573494
0.000000 0.523314
0.000000 0.451955
0.000000 0.371852
0.000000 0.292333
0.000000 0.219253
0.000000 0.155535
0.000000 0.102033
0.000000 0.058368
0.000000 0.023569
0.000000 -0.003139
0.000000 -0.017286
0.000000 -0.006906
0.000000 0.038803
0.000000 0.122065
0.000000 0.235978
0.000000 0.367790
0.000000 0.498703
0.000000 0.604759
0.000000 0.666839
0.000000 0.678046
0.000000 0.643490
0.000000 0.575674
0.000000 0.489023
0.000000 0.396209
0.000000 0.306442
0.000000 0.225288
0.000000 0.155339
0.000000 0.097136
0.000000 0.050038
0.000000 0.012860
0.000000 -0.015728
0.000000 -0.036990
0.000000 -0.052055
0.000000 -0.061913
0.000000 -0.067440
0.000000 -0.069429
0.000000 -0.068608
0.000000 -0.065647
0.000000 -0.061110
0.000000 -0.055587
0.000000 -0.049535
0.000000 -0.043328
0.000000 -0.037255
0.000000 -0.031570
0.000000 -0.026360
0.000000 -0.021707
0.000000 -0.017645
0.000000 -0.014169
0.000000 -0.011247
0.000000 -0.008831
0.000000 -0.006862
0.000000 -0.005280
0.000000 -0.004025
0.000000 -0.003041
0.000000 -0.002278
0.000000 -0.001693
0.000000 -0.001248
0.000000 -0.000913
0.000000 -0.000622
0.000000 -0.000409
0.000000 -0.000253
0.000000 -0.000139
0.000000 -0.000058
0.000000 0.000000
0.000000 0.000000
0.000000 0.000000
0.000000 0.000000
0.000000 0.000000
0.000000 0.000000
0.000000 0.000000
0.000000 0.000000
0.000000 0.000000
0.000000 0.000000
0.000000 0.000000
0.000000 0.000000
0.000000 0.000000
0.000000 0.000000
0.000000 0.000000
0.000000 0.000000
0.000000 0.000000
0.000000 0.000000
0.000000 0.000000
0.000000 0.000000
0.000000 0.000000
0.000000 0.000000
0.000000 0.000000
0.000000 0.000000
0.000000 0.000000
0.000000 0.000000
0.000000 0.000000
0.000000 0.000000
0.000000 0.000000
0.000000 0.000000
0.000000 0.000000
0.000000 0.000000
0.000000 0.000000
0.000000 0.000000
0.000000 0.000000
0.000000 0.000000
0.000000 0.000000
0.000000 0.000000
0.000000 0.000000
0.000000 0.000000
0.000000 0.000000
0.000000 0.000000
0.000000 0.000000
0.000000 0.000000
0.000000 0.000000
0.000000 0.000000
0.000000 0.000000
0.000000 0.000000
0.000000 0.000000
0.000000 0.000000
0.000000 0.000000
0.000000 0.000000
0.000000 0.000000
0.000000 0.000000
0.000000 0.000000
0.000000 0.000000
0.000000 0.000000
0.000000 0.000000
0.000000 0.000000
0.000000 0.000000
0.000000 0.000000
0.000000 0.000000
0.000000 0.000000
0.000000 0.000000
0.000000 0.000000
0.000000 0.000000
0.000000 0.000000
0.000000 0.000000
0.000000 0.000000
0.000000 0.000000
