0.000000 0.000000
0.000000 0.000000
0.000000 0.000000
0.000000 0.000000
0.000000 0.000000
0.000000 0.000000
0.000000 0.000000
0.018566 0.000000
0.165070 0.000000
0.439405 0.000000
0.724358 0.000000
0.919408 0.000000
0.901028 0.000000
0.688090 0.000000
0.420847 0.000000
0.199099 0.000000
0.049540 0.000000
-0.037901 0.000000
-0.080612 0.018566
-0.093389 0.165070
-0.087761 0.439405
-0.072734 0.724358
-0.054899 0.919408
-0.038380 0.901028
-0.025126 0.688090
-0.015527 0.420847
-0.009116 0.199099
-0.005112 0.049540
-0.002750 -0.037901
-0.001333 -0.080612
0.017987 -0.093389
0.164878 -0.087761
0.439405 -0.072734
0.724358 -0.054899
0.919408 -0.038380
0.901028 -0.025126
0.688090 -0.015527
0.420847 -0.009116
0.199099 -0.005112
0.049540 -0.002750
-0.037901 -0.001333
-0.062046 -0.000578
0.071681 -0.000192
0.351644 0.000000
0.651624 0.000000
0.864509 0.000000
0.862648 0.000000
0.662965 0.000000
0.405320 0.000000
0.189983 0.000000
0.044428 0.000000
-0.040651 0.000000
-0.081945 0.018566
-0.093967 0.165070
-0.087953 0.420840
-0.072734 0.559289
-0.054899 0.498568
-0.038380 0.341739
-0.025126 0.189522
-0.015527 0.079108
-0.009116 0.009577
-0.005112 -0.011003
-0.002750 0.117591
-0.001333 0.388361
-0.000578 0.659882
-0.000192 0.736186
0.000000 0.599869
0.000000 0.384956
0.000000 0.195676
0.000000 0.064030
0.000000 -0.015829
0.000000 -0.057783
0.018566 -0.073620
0.165070 -0.072532
0.420840 -0.061910
0.559289 -0.047733
0.498568 -0.033989
0.341739 -0.022572
0.189522 -0.014110
0.079108 -0.008362
0.009577 -0.004725
-0.029568 -0.002559
-0.047478 -0.001333
-0.051044 0.017987
-0.045910 0.164878
-0.036718 0.439405
-0.026824 0.724358
-0.018181 0.937974
-0.011557 1.047532
-0.006945 0.962426
-0.003971 0.705800
-0.002172 0.412714
-0.001141 0.177664
-0.000578 0.023497
-0.000192 -0.062902
0.018566 -0.101522
0.165070 -0.109197
0.439405 -0.098777
0.724358 -0.079900
0.937974 -0.059290
1.047532 -0.040934
0.962426 -0.026543
0.705800 -0.016282
0.412714 -0.009503
0.177664 -0.005304
0.023497 -0.002750
-0.062902 -0.001333
-0.082956 -0.000578
0.055873 -0.000192
0.340628 0.000000
0.644459 0.000000
0.860118 0.000000
0.860094 0.000000
0.661547 0.000000
0.404566 0.000000
0.189596 0.000000
0.044236 0.000000
-0.040651 0.000000
-0.081945 0.000000
-0.093967 0.000000
-0.087953 0.018566
-0.072734 0.165070
-0.054899 0.420840
-0.038380 0.559289
-0.025126 0.498568
-0.015527 0.341739
-0.009116 0.189522
-0.005112 0.079108
-0.002750 0.009577
-0.001333 -0.011003
-0.000578 0.117591
-0.000192 0.369796
0.000000 0.513378
0.000000 0.461851
0.000000 0.314916
0.000000 0.171341
0.000000 0.067551
0.000000 0.002632
0.018566 -0.033539
0.165070 -0.049650
0.420840 -0.052185
0.559289 -0.046489
0.498568 -0.036909
0.341739 -0.026824
0.189522 -0.018181
0.079108 -0.011557
0.009577 -0.006945
-0.029568 0.014595
-0.047478 0.162898
-0.051044 0.438264
-0.045910 0.723780
-0.036718 0.937782
-0.026824 1.047532
-0.018181 0.962426
-0.011557 0.705800
-0.006945 0.412714
-0.003971 0.177664
-0.002172 0.023497
-0.001141 -0.062902
0.017987 -0.101522
0.164878 -0.109197
0.420840 -0.098777
0.559289 -0.079900
0.498568 -0.059290
0.341739 -0.040934
0.189522 -0.026543
0.079108 -0.016282
0.009577 -0.009503
-0.029568 0.013262
-0.047478 0.162319
-0.051044 0.438072
-0.045910 0.723780
-0.036718 0.937782
-0.026824 1.047532
-0.018181 0.962426
-0.011557 0.705800
-0.006945 0.412714
-0.003971 0.177664
-0.002172 0.023497
-0.001141 -0.062902
-0.000578 -0.101522
-0.000192 -0.109197
0.018566 -0.098777
0.165070 -0.079900
0.420840 -0.059290
0.559289 -0.040934
0.498568 -0.026543
0.341739 -0.016282
0.189522 -0.009503
0.079108 -0.005304
0.009577 -0.002750
-0.011003 -0.001333
0.117591 -0.000578
0.388361 -0.000192
0.678448 0.000000
0.901256 0.000000
1.020708 0.000000
0.944245 0.000000
0.694244 0.000000
0.405770 0.000000
0.173693 0.000000
0.021325 0.000000
-0.064043 0.000000
-0.102100 0.018566
-0.109388 0.165070
-0.098777 0.439405
-0.079900 0.724358
-0.059290 0.937974
-0.040934 1.047532
-0.026543 0.962426
-0.016282 0.705800
-0.009503 0.412714
-0.005304 0.177664
-0.002750 0.023497
-0.001333 -0.062902
0.017987 -0.101522
0.164878 -0.109197
0.420840 -0.098777
0.559289 -0.079900
0.498568 -0.059290
0.341739 -0.040934
0.189522 -0.026543
0.079108 -0.016282
0.009577 -0.009503
-0.029568 -0.005304
-0.028913 -0.002750
0.114026 -0.001333
0.393495 -0.000578
0.687641 -0.000192
0.911150 0.000000
1.029351 0.000000
0.950869 0.000000
0.698856 0.000000
0.408744 0.000000
0.175492 0.000000
0.022355 0.000000
-0.063481 0.000000
-0.083148 0.000000
0.055873 0.000000
0.340628 0.000000
0.644459 0.000000
0.878684 0.000000
1.006598 0.000000
0.935883 0.000000
0.689519 0.000000
0.403211 0.000000
0.172360 0.000000
0.020746 0.000000
-0.064235 0.000000
-0.083535 0.000000
0.055681 0.000000
0.340628 0.000000
0.644459 0.000000
0.878684 0.000000
1.006598 0.000000
0.935883 0.000000
0.689519 0.000000
0.403211 0.000000
0.172360 0.000000
0.020746 0.000000
-0.064235 0.000000
-0.102100 0.000000
-0.109388 0.018566
-0.098777 0.165070
-0.079900 0.439405
-0.059290 0.705793
-0.040934 0.772904
-0.026543 0.626693
-0.016282 0.403137
-0.009503 0.207232
-0.005304 0.070975
-0.002750 -0.011858
-0.001333 -0.055611
-0.000578 -0.072479
0.018374 -0.071953
0.165070 -0.061718
0.439405 -0.047733
0.724358 -0.033989
0.919408 -0.022572
0.901028 -0.014110
0.688090 -0.008362
0.420847 -0.004725
0.199099 -0.002559
0.049540 -0.001333
-0.037901 -0.000578
-0.080612 0.018374
-0.093389 0.165070
-0.087761 0.439405
-0.072734 0.724358
-0.054899 0.937974
-0.038380 1.047532
-0.025126 0.962426
-0.015527 0.705800
-0.009116 0.412714
-0.005112 0.177664
-0.002750 0.023497
-0.001333 -0.062902
-0.000578 -0.101522
-0.000192 -0.109197
0.000000 -0.080211
0.000000 0.085170
0.000000 0.380115
0.000000 0.664859
0.000000 0.746361
0.000000 0.610411
0.000000 0.393634
0.000000 0.201928
0.000000 0.068225
0.000000 -0.013191
0.000000 -0.037624
0.000000 0.092399
0.000000 0.367452
0.000000 0.662640
0.000000 0.871675
0.000000 0.867039
0.000000 0.665518
0.000000 0.406737
0.000000 0.190737
0.000000 0.044814
0.000000 -0.040460
0.000000 -0.063379
0.000000 0.071102
0.000000 0.351452
0.000000 0.651624
0.000000 0.883075
0.000000 1.009152
0.000000 0.937300
0.000000 0.690273
0.000000 0.403598
0.000000 0.172552
0.000000 0.020746
0.000000 -0.064235
0.000000 -0.083535
0.000000 0.055681
0.000000 0.322062
0.000000 0.479389
0.000000 0.439279
0.000000 0.300806
0.000000 0.162979
0.000000 0.062826
0.000000 0.000074
0.000000 -0.034872
0.000000 -0.050228
0.000000 -0.052377
0.000000 -0.046489
0.000000 -0.036909
0.000000 -0.026824
0.000000 -0.018181
0.000000 -0.011557
0.000000 -0.006945
0.000000 -0.003971
0.000000 -0.002172
0.000000 -0.001141
0.000000 -0.000578
0.000000 -0.000192
0.000000 0.000000
0.000000 0.000000
0.000000 0.000000
0.000000 0.000000
0.000000 0.000000
0.000000 0.000000
0.000000 0.000000
0.000000 0.000000
0.000000 0.000000
0.000000 0.000000
0.000000 0.000000
0.000000 0.000000
0.000000 0.000000
0.000000 0.000000
0.000000 0.000000
0.000000 0.000000
0.000000 0.000000
0.000000 0.000000
0.000000 0.000000
0.000000 0.000000
0.000000 0.000000
0.000000 0.000000
0.000000 0.000000
0.000000 0.000000
0.000000 0.000000
0.000000 0.000000
0.000000 0.000000
0.000000 0.000000
0.000000 0.000000
0.000000 0.000000
0.000000 0.000000
0.000000 0.000000
0.000000 0.000000
0.000000 0.000000
0.000000 0.000000
0.000000 0.000000
0.000000 0.000000
0.000000 0.000000
0.000000 0.000000
0.000000 0.000000
0.000000 0.000000
0.000000 0.000000
0.000000 0.000000
0.000000 0.000000
0.000000 0.000000
0.000000 0.000000
0.000000 0.000000
0.000000 0.000000
0.000000 0.000000
