0.000000 0.000000
0.000000 0.000000
0.000000 0.000000
0.000000 0.000000
0.000000 0.000000
0.000000 0.000000
0.000000 0.000000
0.000000 0.000000
0.000000 0.000000
0.000000 0.000000
0.000000 0.000000
0.000000 0.000000
0.000000 0.000000
0.000000 0.000000
0.000000 0.000000
0.000000 0.000378
0.000000 0.006719
0.000000 0.031986
0.000000 0.087849
0.000000 0.177292
0.000000 0.294062
0.000000 0.426474
0.000000 0.561900
0.000000 0.689503
0.000000 0.796733
0.000000 0.867140
0.000000 0.888299
0.000000 0.858270
0.000000 0.785316
0.000000 0.683481
0.000000 0.567727
0.000000 0.450633
0.000000 0.341005
0.000000 0.243900
0.000000 0.161401
0.000000 0.093589
0.000000 0.039408
0.000000 -0.002697
0.000000 -0.034019
0.000000 -0.050558
0.000000 -0.040783
0.000000 0.005711
0.000000 0.090776
0.000000 0.207145
0.000000 0.342216
0.000000 0.482543
0.000000 0.616944
0.000000 0.737836
0.000000 0.840838
0.000000 0.919203
0.000000 0.960712
0.000000 0.955490
0.000000 0.902782
0.000000 0.811113
0.000000 0.694277
0.000000 0.566771
0.000000 0.440674
0.000000 0.324346
0.000000 0.222479
0.000000 0.136854
0.000000 0.067301
0.000000 0.012541
0.000000 -0.029192
0.000378 -0.059770
0.006719 -0.080931
0.031986 -0.094338
0.087849 -0.101416
0.176914 -0.103429
0.287343 -0.101503
0.394488 -0.096633
0.474051 -0.089697
0.512588 -0.081451
0.509391 -0.072572
0.472652 -0.063520
0.414248 -0.054695
0.345682 -0.046386
0.275925 -0.038784
0.210829 -0.031998
0.153479 -0.026069
0.104951 -0.020987
0.065079 -0.016706
0.033072 -0.013156
0.008300 -0.010255
-0.004643 -0.007916
0.006315 -0.006054
0.052080 -0.004589
0.134595 -0.003450
0.241427 -0.002531
0.347391 -0.001832
0.427682 -0.001306
0.468392 -0.000913
0.468388 -0.000622
0.435492 -0.000409
0.381260 -0.000253
0.316941 -0.000139
0.251311 -0.000058
0.190078 0.000000
0.136241 0.000000
0.090827 0.000000
0.053654 0.000000
0.023941 0.000000
0.001086 0.000000
-0.010281 0.000000
0.001953 0.000000
0.048738 0.000000
0.132059 0.000000
0.239519 0.000000
0.345967 0.000000
0.426629 0.000000
0.467618 0.000000
0.467824 0.000000
0.435083 0.000000
0.381007 0.000000
0.316802 0.000000
0.251253 0.000000
0.190078 0.000000
0.136241 0.000000
0.090827 0.000000
0.053654 0.000000
0.023941 0.000000
0.000709 0.000000
-0.017001 0.000000
-0.030033 0.000378
-0.039110 0.006719
-0.044856 0.031986
-0.047824 0.087849
-0.048521 0.176914
-0.047423 0.287343
-0.044970 0.394488
-0.041567 0.474051
-0.037569 0.512588
-0.033240 0.509391
-0.028880 0.472652
-0.024673 0.414248
-0.020750 0.345682
-0.017238 0.275925
-0.014124 0.210829
-0.011425 0.153479
-0.009131 0.104951
-0.007214 0.065079
-0.005638 0.033072
-0.003984 0.007922
0.003378 -0.011363
0.029450 -0.025671
0.085940 -0.035769
0.175491 -0.042320
0.286289 -0.045915
0.393714 -0.047097
0.473487 -0.046369
0.512180 -0.044196
0.509138 -0.041002
0.472513 -0.037160
0.414189 -0.032988
0.345682 -0.028740
0.275925 -0.024614
0.210829 -0.020750
0.153479 -0.017238
0.104951 -0.014124
0.065079 -0.011425
0.033072 -0.009131
0.008300 -0.007214
-0.004643 -0.005638
0.006315 -0.004362
0.052080 -0.003341
0.134595 -0.002536
0.241427 -0.001908
0.347391 -0.001424
0.427682 -0.001054
0.468392 -0.000774
0.468388 -0.000564
0.435492 -0.000409
0.381260 -0.000253
0.316941 -0.000139
0.251311 -0.000058
0.190078 0.000000
0.136241 0.000000
0.090827 0.000000
0.053654 0.000000
0.023941 0.000000
0.001086 0.000000
-0.010281 0.000000
0.001953 0.000000
0.048738 0.000000
0.132436 0.000000
0.246239 0.000000
0.377953 0.000000
0.514477 0.000000
0.644533 0.000000
0.755167 0.000000
0.829571 0.000000
0.855059 0.000000
0.829390 0.000000
0.760643 0.000000
0.662730 0.000000
0.550489 0.000000
0.436509 0.000000
0.329580 0.000000
0.234770 0.000000
0.154188 0.000000
0.087951 0.000000
0.035047 0.000000
-0.006038 0.000000
-0.036556 0.000000
-0.052467 0.000000
-0.042206 0.000000
0.004657 0.000000
0.090002 0.000000
0.206203 0.000000
0.335088 0.000000
0.450305 0.000000
0.528956 0.000000
0.560486 0.000000
0.547153 0.000000
0.499448 0.000000
0.430798 0.000000
0.353458 0.000000
0.276621 0.000000
0.206049 0.000000
0.144604 0.000000
0.093109 0.000000
0.051177 0.000000
0.017844 0.000000
-0.007644 0.000000
-0.020793 0.000000
-0.009609 0.000000
0.036741 0.000000
0.120506 0.000000
0.234390 0.000000
0.360551 0.000000
0.472776 0.000000
0.548414 0.000000
0.577045 0.000000
0.561024 0.000000
0.510938 0.000000
0.440190 0.000000
0.361042 0.000000
0.282637 0.000000
0.210768 0.000000
0.148267 0.000000
0.095924 0.000000
0.053320 0.000000
0.019462 0.000000
-0.006812 0.000000
-0.026615 0.000000
-0.040934 0.000000
-0.050624 0.000000
-0.056058 0.000000
-0.052322 0.000000
-0.027078 0.000000
0.030769 0.000000
0.123674 0.000000
0.244946 0.000000
0.382056 0.000000
0.516445 0.000000
0.624422 0.000000
0.687149 0.000000
0.697969 0.000000
0.662353 0.000000
0.592989 0.000000
0.504507 0.000000
0.409746 0.000000
0.318041 0.000000
0.235051 0.000000
0.163422 0.000000
0.103730 0.000000
0.055344 0.000000
0.017074 0.000000
-0.012042 0.000000
-0.027703 0.000000
-0.018097 0.000000
0.027435 0.000000
0.111023 0.000000
0.225547 0.000000
0.358581 0.000000
0.496817 0.000000
0.629180 0.000000
0.748118 0.000000
0.849353 0.000000
0.926158 0.000000
0.966321 0.000000
0.959960 0.000000
0.906303 0.000000
0.813857 0.000000
0.696394 0.000000
0.568388 0.000000
0.441898 0.000000
0.325265 0.000000
0.223162 0.000000
0.137358 0.000000
0.067670 0.000000
0.012810 0.000000
-0.028997 0.000000
-0.059253 0.000000
-0.074154 0.000000
-0.062352 0.000000
-0.013567 0.000000
0.073863 0.000000
0.192560 0.000000
0.329841 0.000000
0.472203 0.000000
0.608052 0.000000
0.724161 0.000000
0.803620 0.000000
0.833604 0.000000
0.811884 0.000000
0.746532 0.000000
0.651483 0.000000
0.541658 0.000000
0.429646 0.000000
0.324299 0.000000
0.230745 0.000000
0.151147 0.000000
0.085673 0.000000
0.033354 0.000000
-0.007286 0.000000
-0.037847 0.000000
-0.059431 0.000000
-0.067881 0.000000
-0.051458 0.000000
0.000419 0.000000
0.089374 0.000000
0.202676 0.000000
0.314879 0.000000
0.400975 0.000000
0.446914 0.000000
0.451480 0.000000
0.422427 0.000000
0.371383 0.000000
0.309642 0.000000
0.246044 0.000000
0.186377 0.000000
0.133717 0.000000
0.089165 0.000000
0.052608 0.000000
0.023322 0.000000
0.000376 0.000000
-0.017148 0.000000
-0.030066 0.000000
-0.039079 0.000000
-0.044792 0.000000
-0.047370 0.000000
-0.041684 0.000000
-0.015296 0.000000
0.043030 0.000000
0.135881 0.000000
0.256271 0.000000
0.386628 0.000000
0.501116 0.000000
0.577418 0.000000
0.605410 0.000000
0.587826 0.000000
0.535549 0.000000
0.462237 0.000000
0.380367 0.000000
0.299288 0.000000
0.224862 0.000000
0.160005 0.000000
0.105554 0.000000
0.061112 0.000000
0.025686 0.000000
-0.001522 0.000000
-0.016061 0.000000
-0.005988 0.000000
0.039487 0.000000
0.122193 0.000000
0.229628 0.000000
0.336451 0.000000
0.417769 0.000000
0.459592 0.000000
0.460683 0.000000
0.428864 0.000000
0.375652 0.000000
0.312267 0.000000
0.247470 0.000000
0.186963 0.000000
0.133747 0.000000
0.088852 0.000000
0.052108 0.000000
0.022743 0.000000
-0.000210 0.000378
-0.017699 0.006719
-0.030559 0.031986
-0.039503 0.087849
-0.045147 0.176914
-0.048037 0.287343
-0.048677 0.394488
-0.047536 0.474051
-0.045052 0.512588
-0.041625 0.509391
-0.037569 0.472652
-0.033240 0.414248
-0.028880 0.345682
-0.024673 0.275925
-0.020750 0.210829
-0.017238 0.153479
-0.014124 0.104951
-0.011425 0.065079
-0.009131 0.033072
-0.006836 0.007922
0.001081 -0.011363
0.027625 -0.025671
0.084507 -0.035769
0.174756 -0.042320
0.291776 -0.045915
0.418331 -0.047097
0.528860 -0.046369
0.601258 -0.044196
0.625596 -0.041002
0.604656 -0.037160
0.549421 -0.032988
0.473523 -0.028740
0.389439 -0.024614
0.306502 -0.020750
0.230500 -0.017238
0.164366 -0.014124
0.108895 -0.011425
0.063648 -0.009131
0.027594 -0.007214
-0.000476 -0.005260
-0.021727 0.002358
-0.037200 0.028645
-0.047797 0.085312
-0.054313 0.175384
-0.057462 0.292639
-0.057898 0.425043
-0.056225 0.554407
-0.052996 0.657330
-0.048707 0.715196
-0.043788 0.721582
-0.038596 0.681946
-0.033414 0.609030
-0.028455 0.517478
-0.023865 0.420074
-0.019732 0.326174
-0.016099 0.241387
-0.012971 0.168310
-0.010328 0.107464
-0.008133 0.058171
-0.006336 0.019196
-0.004888 -0.010840
-0.003734 -0.033256
-0.002827 -0.049228
-0.001744 -0.059791
0.005140 -0.065860
0.030819 -0.068262
0.086993 -0.067753
0.176670 -0.065024
0.293654 -0.060701
0.426222 -0.055335
0.561760 -0.049396
0.689445 -0.043270
0.796733 -0.037255
0.867140 -0.031570
0.888299 -0.026360
0.858270 -0.021707
0.785316 -0.017645
0.683481 -0.014169
0.567727 -0.011247
0.450633 -0.008831
0.341005 -0.006862
0.243900 -0.005280
0.161401 -0.004025
0.093589 -0.003041
0.039408 -0.002278
-0.002697 -0.001693
-0.034397 -0.000870
-0.057278 0.005806
-0.072769 0.031364
-0.082138 0.087440
-0.086516 0.176662
-0.086918 0.287203
-0.084258 0.394430
-0.079357 0.474051
-0.072936 0.512588
-0.065617 0.509391
-0.057911 0.472652
-0.050225 0.414248
-0.042865 0.345682
-0.036040 0.275925
-0.029881 0.210829
-0.024451 0.153479
-0.019762 0.104951
-0.015787 0.065079
-0.012472 0.033072
-0.009750 0.008300
-0.007546 -0.004643
-0.005785 0.006315
-0.004395 0.052080
-0.003310 0.134595
-0.002472 0.241427
-0.001832 0.347391
-0.001306 0.427682
-0.000913 0.468392
-0.000622 0.468388
-0.000409 0.435492
-0.000253 0.381260
-0.000139 0.316941
-0.000058 0.251311
0.000000 0.190078
0.000000 0.136241
0.000000 0.090827
0.000000 0.053654
0.000000 0.023941
0.000378 0.000709
0.006719 -0.017001
0.031986 -0.030033
0.087849 -0.039110
0.176914 -0.044856
0.287343 -0.047824
0.394488 -0.048521
0.474051 -0.047423
0.512588 -0.044970
0.509391 -0.041567
0.472652 -0.037569
0.414248 -0.033240
0.345682 -0.028880
0.275925 -0.024673
0.210829 -0.020750
0.153479 -0.017238
0.104951 -0.014124
0.065079 -0.011425
0.033072 -0.009131
0.007922 -0.006836
-0.011363 0.001081
-0.025671 0.027625
-0.035769 0.084507
-0.042320 0.174756
-0.045915 0.292154
-0.047097 0.425050
-0.046369 0.560846
-0.044196 0.689107
-0.041002 0.802889
-0.037160 0.898340
-0.032988 0.969176
-0.028740 1.003437
-0.024614 0.991471
-0.020750 0.932663
-0.017238 0.835564
-0.014124 0.714039
-0.011425 0.582558
-0.009131 0.453146
-0.007214 0.334096
-0.005638 0.230025
-0.004362 0.142639
-0.003341 0.071696
-0.002536 0.015851
-0.001908 -0.026719
-0.001046 -0.057938
0.005666 -0.079625
0.031212 -0.093424
0.087284 -0.100793
0.176884 -0.103021
0.293810 -0.101250
0.426335 -0.096493
0.561842 -0.089639
0.689881 -0.081451
0.803453 -0.072572
0.898749 -0.063520
0.969428 -0.054695
1.003576 -0.046386
0.991530 -0.038784
0.932663 -0.031998
0.835564 -0.026069
0.714039 -0.020987
0.582558 -0.016706
0.453146 -0.013156
0.334096 -0.010255
0.230025 -0.007916
0.142639 -0.006054
0.071696 -0.004589
0.015851 -0.003450
-0.026719 -0.002531
-0.057938 -0.001832
-0.079625 -0.001306
-0.093424 -0.000913
-0.100793 -0.000245
-0.103021 0.006311
-0.101250 0.031734
-0.096493 0.087709
-0.089639 0.176856
-0.081451 0.287343
-0.072572 0.394488
-0.063520 0.474051
-0.054695 0.512588
-0.046386 0.509391
-0.038784 0.472652
-0.031998 0.414248
-0.026069 0.345682
-0.020987 0.275925
-0.016706 0.210829
-0.013156 0.153479
-0.010255 0.104951
-0.007916 0.065079
-0.006054 0.033072
-0.004589 0.008300
-0.003450 -0.004643
-0.002531 0.006315
-0.001832 0.052080
-0.001306 0.134973
-0.000913 0.248147
-0.000622 0.379377
-0.000409 0.515531
-0.000253 0.645684
-0.000139 0.762073
-0.000058 0.855246
0.000000 0.911174
0.000000 0.918974
0.000000 0.877472
0.000000 0.795142
0.000000 0.685915
0.000000 0.564489
0.000000 0.443152
0.000000 0.330443
0.000000 0.231209
0.000000 0.147365
0.000000 0.078863
0.000000 0.024538
0.000000 -0.017262
0.000000 -0.047921
0.000000 -0.063529
0.000000 -0.052637
0.000000 -0.004919
0.000000 0.081412
0.000000 0.199031
0.000000 0.335336
0.000000 0.476796
0.000000 0.612212
0.000000 0.733995
0.000000 0.837723
0.000000 0.916708
0.000000 0.958737
0.000000 0.953944
0.000000 0.901584
0.000000 0.810194
0.000000 0.693579
0.000000 0.566245
0.000000 0.440281
0.000000 0.324055
0.000000 0.222265
0.000000 0.136698
0.000000 0.067187
0.000000 0.012460
0.000000 -0.029250
0.000000 -0.059392
0.000000 -0.074212
0.000000 -0.062352
0.000000 -0.013567
0.000000 0.073863
0.000000 0.192560
0.000000 0.329841
0.000000 0.472203
0.000000 0.608429
0.000000 0.730880
0.000000 0.835228
0.000000 0.914733
0.000000 0.957191
0.000000 0.952746
0.000000 0.900665
0.000000 0.809496
0.000000 0.693053
0.000000 0.565852
0.000000 0.439990
0.000000 0.323841
0.000000 0.222109
0.000000 0.136585
0.000000 0.067106
0.000000 0.012402
0.000000 -0.029250
0.000000 -0.059392
0.000000 -0.074212
0.000000 -0.062352
0.000000 -0.013567
0.000000 0.073863
0.000000 0.192560
0.000000 0.329464
0.000000 0.465484
0.000000 0.576443
0.000000 0.643032
0.000000 0.658314
0.000000 0.627390
0.000000 0.562702
0.000000 0.478694
0.000000 0.388076
0.000000 0.300105
0.000000 0.220401
0.000000 0.151604
0.000000 0.094309
0.000000 0.047916
0.000000 0.011280
0.000000 -0.016517
0.000000 -0.031126
0.000000 -0.020692
0.000000 0.025527
0.000000 0.109222
0.000000 0.217774
0.000000 0.325821
0.000000 0.408405
0.000000 0.451479
0.000000 0.453803
0.000000 0.423117
0.000000 0.370920
0.000000 0.308427
0.000000 0.244355
0.000000 0.184469
0.000000 0.131772
0.000000 0.087306
0.000000 0.050910
0.000000 0.021824
0.000000 -0.000531
0.000000 -0.011506
0.000000 0.001035
0.000000 0.048055
0.000000 0.131931
0.000000 0.245869
0.000000 0.377684
0.000000 0.514283
0.000000 0.644393
0.000000 0.755109
0.000000 0.829571
0.000000 0.855059
0.000000 0.829390
0.000000 0.760643
0.000000 0.662730
0.000000 0.550489
0.000000 0.436509
0.000000 0.329580
0.000000 0.234770
0.000000 0.154188
0.000000 0.087951
0.000000 0.035047
0.000000 -0.006038
0.000000 -0.036556
0.000000 -0.052467
0.000000 -0.042206
0.000000 0.004657
0.000000 0.090002
0.000000 0.206580
0.000000 0.341808
0.000000 0.481913
0.000000 0.610085
0.000000 0.705792
0.000000 0.753367
0.000000 0.748630
0.000000 0.698635
0.000000 0.616864
0.000000 0.518174
0.000000 0.415295
0.000000 0.317299
0.000000 0.229545
0.000000 0.154407
0.000000 0.092237
0.000000 0.042227
0.000000 0.003046
0.000000 -0.026764
0.000000 -0.048594
0.000000 -0.063694
0.000000 -0.073170
0.000000 -0.077589
0.000000 -0.072312
0.000000 -0.045189
0.000000 0.014711
0.000000 0.109711
0.000000 0.232980
0.000000 0.371968
0.000000 0.508070
0.000000 0.617525
0.000000 0.681539
0.000000 0.693499
0.000000 0.658832
0.000000 0.590245
0.000000 0.502390
0.000000 0.408128
0.000000 0.316817
0.000000 0.234132
0.000000 0.162739
0.000000 0.103225
0.000000 0.054974
0.000000 0.016805
0.000000 -0.012237
0.000000 -0.027843
0.000000 -0.018155
0.000000 0.027435
0.000000 0.110646
0.000000 0.218828
0.000000 0.326595
0.000000 0.408969
0.000000 0.451887
0.000000 0.454056
0.000000 0.423256
0.000000 0.370978
0.000000 0.308427
0.000000 0.244355
0.000000 0.184469
0.000000 0.131772
0.000000 0.087306
0.000000 0.050910
0.000000 0.021824
0.000000 -0.000909
0.000000 -0.018225
0.000000 -0.030951
0.000000 -0.039794
0.000000 -0.045361
0.000000 -0.048193
0.000000 -0.048790
0.000000 -0.047617
0.000000 -0.045110
0.000000 -0.041625
0.000000 -0.037569
0.000000 -0.033240
0.000000 -0.028880
0.000000 -0.024673
0.000000 -0.020750
0.000000 -0.017238
0.000000 -0.014124
0.000000 -0.011425
0.000000 -0.009131
0.000000 -0.007214
0.000000 -0.005638
0.000000 -0.004362
0.000000 -0.003341
0.000000 -0.002536
0.000000 -0.001908
0.000000 -0.001424
0.000000 -0.001054
0.000000 -0.000774
0.000000 -0.000564
0.000000 -0.000409
0.000000 -0.000253
0.000000 -0.000139
0.000000 -0.000058
0.000000 0.000000
0.000000 0.000000
0.000000 0.000000
0.000000 0.000000
0.000000 0.000000
0.000000 0.000000
0.000000 0.000000
0.000000 0.000000
0.000000 0.000000
0.000000 0.000000
0.000000 0.000000
0.000000 0.000000
0.000000 0.000000
0.000000 0.000000
0.000000 0.000000
0.000000 0.000000
0.000000 0.000000
0.000000 0.000000
0.000000 0.000000
0.000000 0.000000
0.000000 0.000000
0.000000 0.000000
0.000000 0.000000
0.000000 0.000000
0.000000 0.000000
0.000000 0.000000
0.000000 0.000000
0.000000 0.000000
0.000000 0.000000
0.000000 0.000000
0.000000 0.000000
0.000000 0.000000
0.000000 0.000000
0.000000 0.000000
0.000000 0.000000
0.000000 0.000000
0.000000 0.000000
0.000000 0.000000
0.000000 0.000000
0.000000 0.000000
0.000000 0.000000
0.000000 0.000000
0.000000 0.000000
0.000000 0.000000
0.000000 0.000000
0.000000 0.000000
0.000000 0.000000
0.000000 0.000000
0.000000 0.000000
0.000000 0.000000
0.000000 0.000000
0.000000 0.000000
0.000000 0.000000
0.000000 0.000000
0.000000 0.000000
0.000000 0.000000
0.000000 0.000000
0.000000 0.000000
0.000000 0.000000
0.000000 0.000000
0.000000 0.000000
0.000000 0.000000
0.000000 0.000000
0.000000 0.000000
0.000000 0.000000
0.000000 0.000000
0.000000 0.000000
0.000000 0.000000
0.000000 0.000000
0.000000 0.000000
