0.000000 0.000000
0.000000 0.000000
0.000000 0.000000
0.000000 0.000000
0.000000 0.000000
0.000000 0.000000
0.000000 0.000000
0.000000 0.000000
0.000000 0.000000
0.000000 0.000000
0.000000 0.000000
0.000000 0.000000
0.000000 0.000000
0.000000 0.000000
0.000000 0.000000
0.000000 0.000000
0.000000 0.000000
0.000000 0.000378
0.000000 0.006719
0.000000 0.031986
0.000000 0.087849
0.000000 0.177292
0.000000 0.294062
0.000000 0.426474
0.000000 0.561900
0.000000 0.689881
0.000000 0.803075
0.000000 0.892407
0.000000 0.944162
0.000000 0.947714
0.000000 0.902086
0.000000 0.815893
0.000000 0.703152
0.000000 0.578614
0.000000 0.454577
0.000000 0.339574
0.000000 0.238423
0.000000 0.153003
0.000000 0.083224
0.000000 0.027880
0.000000 -0.014725
0.000378 -0.046391
0.006719 -0.068825
0.031986 -0.083569
0.087849 -0.091993
0.177292 -0.095316
0.293684 -0.094623
0.419755 -0.090885
0.529914 -0.084965
0.602032 -0.077610
0.626161 -0.069458
0.605064 -0.061026
0.549673 -0.052720
0.473662 -0.044839
0.389498 -0.037586
0.306502 -0.031079
0.230500 -0.025370
0.164366 -0.020461
0.108895 -0.016313
0.063648 -0.012865
0.027594 -0.010041
-0.000098 -0.007760
-0.015008 -0.005941
-0.005214 -0.004508
0.040051 -0.003391
0.122979 -0.002531
0.236600 -0.001832
0.368576 -0.001306
0.505675 -0.000913
0.636885 -0.000622
0.754746 -0.000409
0.854961 -0.000253
0.930832 -0.000139
0.970162 -0.000058
0.963074 0.000000
0.908798 0.000000
0.815832 0.000000
0.697940 0.000000
0.569586 0.000000
0.442817 0.000000
0.325964 0.000000
0.223688 0.000000
0.137751 0.000000
0.067961 0.000000
0.013024 0.000000
-0.028841 0.000000
-0.059140 0.000000
-0.074072 0.000000
-0.062294 0.000000
-0.013567 0.000000
0.073863 0.000000
0.192182 0.000000
0.323122 0.000000
0.440217 0.000000
0.520581 0.000000
0.553588 0.000000
0.541544 0.000000
0.494979 0.000000
0.427277 0.000000
0.350714 0.000000
0.274504 0.000000
0.204432 0.000000
0.143379 0.000000
0.092190 0.000000
0.050493 0.000000
0.017339 0.000000
-0.008392 0.000378
-0.027782 0.006719
-0.041789 0.031986
-0.051247 0.087849
-0.056844 0.177292
-0.059294 0.294062
-0.059204 0.426474
-0.057138 0.561900
-0.053618 0.689503
-0.049116 0.796733
-0.044040 0.867140
-0.038735 0.888299
-0.033472 0.858270
-0.028455 0.785316
-0.023865 0.683481
-0.019732 0.567727
-0.016099 0.450633
-0.012971 0.341005
-0.010328 0.243900
-0.008133 0.161401
-0.006336 0.093589
-0.004888 0.039408
-0.003734 -0.002697
-0.002827 -0.034019
-0.002122 -0.050558
-0.001580 -0.040783
-0.001167 0.005711
-0.000855 0.090398
-0.000622 0.200425
-0.000409 0.310230
-0.000253 0.394695
-0.000139 0.439652
-0.000058 0.443774
0.000000 0.414741
0.000000 0.364022
0.000000 0.302817
0.000000 0.239886
0.000000 0.180948
0.000000 0.129028
0.000000 0.085189
0.000000 0.049293
0.000000 0.020600
0.000378 -0.001828
0.006719 -0.018909
0.031986 -0.031456
0.087849 -0.040164
0.176914 -0.045630
0.287343 -0.048388
0.394488 -0.048930
0.474051 -0.047675
0.512588 -0.045110
0.509391 -0.041625
0.472652 -0.037569
0.414248 -0.033240
0.345682 -0.028880
0.275925 -0.024673
0.210829 -0.020750
0.153479 -0.017238
0.104951 -0.014124
0.065079 -0.011425
0.033072 -0.009131
0.007922 -0.006836
-0.011363 0.001081
-0.025671 0.027625
-0.035769 0.084507
-0.042320 0.174378
-0.045915 0.285435
-0.047097 0.393064
-0.046369 0.472998
-0.044196 0.511815
-0.041002 0.508826
-0.037160 0.472244
-0.032988 0.413995
-0.028740 0.345542
-0.024614 0.275867
-0.020750 0.210829
-0.017238 0.153479
-0.014124 0.104951
-0.011425 0.065079
-0.009131 0.033072
-0.007214 0.007922
-0.005638 -0.011363
-0.004362 -0.025671
-0.003341 -0.035769
-0.002158 -0.042320
0.004811 -0.045915
0.030562 -0.047097
0.086795 -0.046369
0.176141 -0.044196
0.286778 -0.041002
0.394080 -0.037160
0.473799 -0.032988
0.512449 -0.028740
0.509332 -0.024614
0.472652 -0.020750
0.414248 -0.017238
0.345682 -0.014124
0.275925 -0.011425
0.210829 -0.009131
0.153479 -0.007214
0.104951 -0.005638
0.065079 -0.004362
0.033072 -0.003341
0.007922 -0.002536
-0.011363 -0.001908
-0.025671 -0.001424
-0.035769 -0.001054
-0.042320 -0.000774
-0.045538 -0.000564
-0.040378 -0.000409
-0.014383 -0.000253
0.043652 -0.000139
0.136290 -0.000058
0.256902 0.000000
0.393487 0.000000
0.533160 0.000000
0.665266 0.000000
0.782702 0.000000
0.881511 0.000000
0.955304 0.000000
0.992151 0.000000
0.982399 0.000000
0.925449 0.000000
0.829926 0.000000
0.709678 0.000000
0.579216 0.000000
0.450610 0.000000
0.332188 0.000000
0.228601 0.000000
0.141585 0.000000
0.070922 0.000000
0.015287 0.000000
-0.027128 0.000000
-0.057813 0.000000
-0.073045 0.000000
-0.061496 0.000000
-0.012945 0.000000
0.073894 0.000000
0.186093 0.000000
0.297995 0.000000
0.384413 0.000000
0.431137 0.000000
0.436818 0.000000
0.409132 0.000000
0.359553 0.000000
0.299296 0.000000
0.237142 0.000000
0.178831 0.000000
0.127410 0.000000
0.083965 0.000000
0.048374 0.000000
0.019916 0.000000
-0.002332 0.000000
-0.019279 0.000000
-0.031725 0.000000
-0.040358 0.000000
-0.045769 0.000000
-0.048446 0.000378
-0.048930 0.006719
-0.047675 0.031986
-0.045110 0.087849
-0.041625 0.177292
-0.037569 0.294062
-0.033240 0.426474
-0.028880 0.561900
-0.024673 0.689503
-0.020750 0.796733
-0.017238 0.867140
-0.014124 0.888299
-0.011425 0.858270
-0.009131 0.785316
-0.007214 0.683481
-0.005638 0.567727
-0.004362 0.450633
-0.003341 0.341005
-0.002536 0.243900
-0.001908 0.161401
-0.001424 0.093589
-0.001054 0.039408
-0.000774 -0.002697
-0.000564 -0.034019
-0.000409 -0.050558
-0.000253 -0.040783
-0.000139 0.005711
-0.000058 0.090398
0.000000 0.200425
0.000000 0.310230
0.000000 0.394695
0.000000 0.439652
0.000000 0.443774
0.000000 0.414741
0.000000 0.364022
0.000000 0.302817
0.000000 0.239886
0.000000 0.180948
0.000000 0.129028
0.000000 0.085189
0.000000 0.049293
0.000000 0.020600
0.000000 -0.001828
0.000000 -0.018909
0.000000 -0.031456
0.000000 -0.039786
0.000000 -0.038910
0.000000 -0.016402
0.000000 0.038919
0.000000 0.129239
0.000000 0.242233
0.000000 0.352863
0.000000 0.436482
0.000000 0.479348
0.000000 0.480511
0.000000 0.447980
0.000000 0.393497
0.000000 0.328444
0.000000 0.261801
0.000000 0.199403
0.000000 0.144349
0.000000 0.097738
0.000000 0.059441
0.000000 0.028710
0.000000 0.004959
0.000000 -0.007179
0.000000 0.004407
0.000000 0.050656
0.000000 0.133541
0.000000 0.240653
0.000000 0.346826
0.000000 0.427274
0.000000 0.468140
0.000000 0.468249
0.000000 0.435433
0.000000 0.381260
0.000000 0.316941
0.000000 0.251311
0.000000 0.190078
0.000000 0.136241
0.000000 0.090827
0.000000 0.053654
0.000000 0.023941
0.000000 0.001086
0.000000 -0.010281
0.000000 0.001953
0.000000 0.048738
0.000000 0.132059
0.000000 0.239519
0.000000 0.345967
0.000000 0.426629
0.000000 0.467618
0.000000 0.467824
0.000000 0.435083
0.000000 0.381007
0.000000 0.316802
0.000000 0.251253
0.000000 0.190078
0.000000 0.136241
0.000000 0.090827
0.000000 0.053654
0.000000 0.023941
0.000000 0.000709
0.000000 -0.017001
0.000000 -0.030033
0.000000 -0.039110
0.000000 -0.044856
0.000378 -0.047824
0.006719 -0.048521
0.031986 -0.047423
0.087849 -0.044970
0.177292 -0.041567
0.294062 -0.037569
0.426096 -0.033240
0.555180 -0.028880
0.657895 -0.024673
0.715604 -0.020750
0.721834 -0.017238
0.682085 -0.014124
0.609088 -0.011425
0.517478 -0.009131
0.420074 -0.007214
0.326174 -0.005638
0.241387 -0.004362
0.168310 -0.003341
0.107464 -0.002536
0.058171 -0.001908
0.019196 -0.001424
-0.010840 -0.000676
-0.033256 0.005946
-0.049228 0.031422
-0.059791 0.087440
-0.065860 0.177040
-0.068262 0.293923
-0.067753 0.426416
-0.065024 0.561900
-0.060701 0.689503
-0.055335 0.796733
-0.049396 0.867140
-0.043270 0.888299
-0.037255 0.858270
-0.031570 0.785316
-0.026360 0.683481
-0.021707 0.567727
-0.017645 0.450633
-0.014169 0.341005
-0.011247 0.243900
-0.008831 0.161401
-0.006862 0.093589
-0.005280 0.039408
-0.004025 -0.002697
-0.003041 -0.034397
-0.002278 -0.057278
-0.001693 -0.072769
-0.001248 -0.082138
-0.000536 -0.086516
0.006097 -0.086918
0.031578 -0.084258
0.087596 -0.079357
0.176775 -0.072936
0.287285 -0.065617
0.394488 -0.057911
0.474051 -0.050225
0.512588 -0.042865
0.509391 -0.036040
0.472652 -0.029881
0.414248 -0.024451
0.345682 -0.019762
0.275925 -0.015787
0.210829 -0.012472
0.153479 -0.009750
0.104951 -0.007546
0.065079 -0.005785
0.033072 -0.004395
0.007922 -0.002932
-0.011363 0.004247
-0.025671 0.030154
-0.035769 0.086542
-0.042320 0.176379
-0.045915 0.293440
-0.047097 0.426066
-0.046369 0.561270
-0.044196 0.683022
-0.041002 0.771409
-0.037160 0.811278
-0.032988 0.798855
-0.028740 0.741500
-0.024614 0.652904
-0.020750 0.548055
-0.017238 0.439746
-0.014124 0.337061
-0.011425 0.245331
-0.009131 0.166879
-0.007214 0.101987
-0.005638 0.049773
-0.004362 0.008832
-0.003341 -0.021991
-0.002536 -0.038565
-0.001908 -0.029236
-0.001424 0.016511
-0.001054 0.100632
-0.000774 0.215944
-0.000564 0.349921
-0.000409 0.488793
-0.000253 0.615833
-0.000139 0.710524
-0.000058 0.757208
0.000000 0.751745
0.000000 0.701130
0.000000 0.618839
0.000000 0.519720
0.000000 0.416493
0.000000 0.318218
0.000000 0.230243
0.000000 0.154933
0.000000 0.092630
0.000000 0.042518
0.000000 0.003260
0.000000 -0.026608
0.000000 -0.048104
0.000000 -0.056893
0.000000 -0.041126
0.000000 0.009882
0.000000 0.098261
0.000000 0.216887
0.000000 0.352959
0.000000 0.487600
0.000000 0.596812
0.000000 0.661476
0.000000 0.674724
0.000000 0.641716
0.000000 0.575023
0.000000 0.489143
0.000000 0.396821
0.000000 0.307331
0.000000 0.226299
0.000000 0.156364
0.000000 0.098107
0.000000 0.050916
0.000000 0.013625
0.000000 -0.015079
0.000000 -0.036453
0.000000 -0.051619
0.000000 -0.061565
0.000378 -0.067166
0.006719 -0.069176
0.031986 -0.068376
0.087849 -0.065433
0.177292 -0.060954
0.294062 -0.055474
0.426474 -0.049454
0.561522 -0.043270
0.683161 -0.037255
0.771467 -0.031570
0.811278 -0.026360
0.798855 -0.021707
0.741500 -0.017645
0.652904 -0.014169
0.548055 -0.011247
0.439746 -0.008831
0.337061 -0.006862
0.245331 -0.005280
0.166879 -0.004025
0.101987 -0.003041
0.049773 -0.002278
0.008832 -0.001693
-0.022369 -0.001248
-0.045284 -0.000913
-0.061222 -0.000622
-0.070960 -0.000409
-0.069941 -0.000253
-0.046132 -0.000139
0.011296 -0.000058
0.104563 0.000000
0.226734 0.000000
0.365531 0.000000
0.507830 0.000000
0.642392 0.000000
0.756363 0.000000
0.833075 0.000000
0.859964 0.000000
0.835017 0.000000
0.766473 0.000000
0.668392 0.000000
0.555781 0.000000
0.441276 0.000000
0.333750 0.000000
0.238329 0.000000
0.157162 0.000000
0.090392 0.000000
0.037017 0.000000
-0.004471 0.000000
-0.035326 0.000000
-0.051472 0.000000
-0.041405 0.000000
0.005302 0.000000
0.090524 0.000000
0.207005 0.000000
0.342158 0.000000
0.482165 0.000000
0.610225 0.000000
0.705850 0.000000
0.753367 0.000000
0.748630 0.000000
0.698635 0.000000
0.616864 0.000000
0.518174 0.000000
0.415295 0.000000
0.317299 0.000000
0.229545 0.000000
0.154407 0.000000
0.092237 0.000000
0.042227 0.000000
0.003046 0.000000
-0.026386 0.000000
-0.041875 0.000000
-0.031708 0.000000
0.014679 0.000000
0.099326 0.000000
0.215031 0.000000
0.349299 0.000000
0.488762 0.000000
0.622300 0.000000
0.742371 0.000000
0.844620 0.000000
0.922318 0.000000
0.963206 0.000000
0.957465 0.000000
0.904328 0.000000
0.812311 0.000000
0.695196 0.000000
0.567469 0.000000
0.441200 0.000000
0.324739 0.000000
0.222770 0.000000
0.137067 0.000000
0.067457 0.000000
0.012654 0.000000
-0.029110 0.000000
-0.059712 0.000378
-0.080931 0.006719
-0.094338 0.031986
-0.101416 0.087849
-0.103429 0.177292
-0.101503 0.294062
-0.096633 0.426474
-0.089697 0.561522
-0.081451 0.683161
-0.072572 0.771467
-0.063520 0.811278
-0.054695 0.798855
-0.046386 0.741500
-0.038784 0.652904
-0.031998 0.548055
-0.026069 0.439746
-0.020987 0.337061
-0.016706 0.245331
-0.013156 0.166879
-0.010255 0.101987
-0.007916 0.049773
-0.006054 0.008832
-0.004589 -0.021991
-0.003450 -0.038565
-0.002531 -0.029236
-0.001832 0.016511
-0.001306 0.100254
-0.000913 0.209225
-0.000622 0.317935
-0.000409 0.401322
-0.000253 0.445260
-0.000139 0.448448
-0.000058 0.418582
0.000000 0.367137
0.000000 0.305312
0.000000 0.241861
0.000000 0.182494
0.000000 0.130226
0.000000 0.086108
0.000000 0.049991
0.000000 0.021126
0.000000 -0.001057
0.000000 -0.011898
0.000000 0.000744
0.000000 0.047841
0.000000 0.131775
0.000000 0.245756
0.000000 0.377225
0.000000 0.507505
0.000000 0.612785
0.000000 0.673980
0.000000 0.684265
0.000000 0.648845
0.000000 0.580208
0.000000 0.492806
0.000000 0.399324
0.000000 0.308936
0.000000 0.227263
0.000000 0.156885
0.000000 0.098334
0.000000 0.050957
0.000000 0.013558
0.000000 -0.014824
0.000000 -0.029878
0.000000 -0.019778
0.000000 0.026149
0.000000 0.109631
0.000000 0.218027
0.000000 0.325961
0.000000 0.408463
0.000000 0.451479
0.000000 0.453803
0.000000 0.423117
0.000000 0.370920
0.000000 0.308427
0.000000 0.244355
0.000000 0.184469
0.000000 0.131772
0.000000 0.087306
0.000000 0.050910
0.000000 0.021824
0.000378 -0.000909
0.006719 -0.018225
0.031986 -0.030951
0.087849 -0.039794
0.176914 -0.045361
0.287343 -0.048193
0.394488 -0.048790
0.474051 -0.047617
0.512588 -0.045110
0.509391 -0.041625
0.472652 -0.037569
0.414248 -0.033240
0.345682 -0.028880
0.275925 -0.024673
0.210829 -0.020750
0.153479 -0.017238
0.104951 -0.014124
0.065079 -0.011425
0.033072 -0.009131
0.008300 -0.007214
-0.004643 -0.005638
0.006315 -0.004362
0.052080 -0.003341
0.134973 -0.002536
0.248147 -0.001908
0.378999 -0.001424
0.508811 -0.001054
0.613698 -0.000774
0.674602 -0.000564
0.684674 -0.000409
0.649098 -0.000253
0.580348 -0.000139
0.492864 -0.000058
0.399324 0.000000
0.308936 0.000000
0.227263 0.000000
0.156885 0.000000
0.098334 0.000000
0.050957 0.000000
0.013558 0.000000
-0.015202 0.000378
-0.036597 0.006719
-0.051764 0.031986
-0.061699 0.087849
-0.067284 0.176914
-0.069316 0.287343
-0.068527 0.394488
-0.065589 0.474051
-0.061110 0.512588
-0.055587 0.509391
-0.049535 0.472652
-0.043328 0.414248
-0.037255 0.345682
-0.031570 0.275925
-0.026360 0.210829
-0.021707 0.153479
-0.017645 0.104951
-0.014169 0.065079
-0.011247 0.033072
-0.008453 0.007922
-0.000143 -0.011363
0.026706 -0.025671
0.083823 -0.035769
0.174251 -0.042320
0.291406 -0.045915
0.418062 -0.047097
0.528666 -0.046369
0.601119 -0.044196
0.625538 -0.041002
0.604656 -0.037160
0.549421 -0.032988
0.473523 -0.028740
0.389439 -0.024614
0.306502 -0.020750
0.230500 -0.017238
0.164366 -0.014124
0.108895 -0.011425
0.063648 -0.009131
0.027594 -0.007214
-0.000476 -0.005638
-0.021727 -0.004362
-0.037200 -0.003341
-0.047797 -0.002536
-0.054313 -0.001908
-0.057084 -0.001424
-0.051178 -0.001054
-0.024239 -0.000774
0.034853 -0.000564
0.128207 -0.000409
0.243555 -0.000253
0.355892 -0.000139
0.440637 -0.000058
0.484133 0.000000
0.485525 0.000000
0.452920 0.000000
0.398148 0.000000
0.332710 0.000000
0.265597 0.000000
0.202696 0.000000
0.147143 0.000000
0.100064 0.000000
0.061345 0.000000
0.030245 0.000000
0.006178 0.000000
-0.006223 0.000000
0.005148 0.000000
0.051224 0.000000
0.133972 0.000000
0.241019 0.000000
0.347138 0.000000
0.427543 0.000000
0.468334 0.000000
0.468388 0.000000
0.435492 0.000000
0.381260 0.000000
0.316941 0.000000
0.251311 0.000000
0.190078 0.000000
0.136241 0.000000
0.090827 0.000000
0.053654 0.000000
0.023941 0.000000
0.000709 0.000000
-0.017001 0.000000
-0.030033 0.000000
-0.039110 0.000000
-0.044856 0.000000
-0.047824 0.000000
-0.048521 0.000000
-0.047423 0.000000
-0.044970 0.000000
-0.041567 0.000000
-0.037569 0.000000
-0.033240 0.000000
-0.028880 0.000000
-0.024673 0.000000
-0.020750 0.000000
-0.017238 0.000000
-0.014124 0.000000
-0.011425 0.000000
-0.009131 0.000000
-0.007214 0.000000
-0.005638 0.000000
-0.004362 0.000000
-0.003341 0.000000
-0.002536 0.000000
-0.001908 0.000000
-0.001424 0.000000
-0.001054 0.000000
-0.000774 0.000000
-0.000564 0.000000
-0.000409 0.000000
-0.000253 0.000000
-0.000139 0.000000
-0.000058 0.000000
0.000000 0.000000
0.000000 0.000000
0.000000 0.000000
0.000000 0.000000
0.000000 0.000000
0.000000 0.000000
0.000000 0.000000
0.000000 0.000000
0.000000 0.000000
0.000000 0.000000
0.000000 0.000000
0.000000 0.000000
0.000000 0.000000
0.000000 0.000000
0.000000 0.000000
0.000000 0.000000
0.000000 0.000000
0.000000 0.000000
0.000000 0.000000
0.000000 0.000000
0.000000 0.000000
0.000000 0.000000
0.000000 0.000000
0.000000 0.000000
0.000000 0.000000
0.000000 0.000000
0.000000 0.000000
0.000000 0.000000
0.000000 0.000000
0.000000 0.000000
0.000000 0.000000
0.000000 0.000000
0.000000 0.000000
0.000000 0.000000
0.000000 0.000000
0.000000 0.000000
0.000000 0.000000
0.000000 0.000000
0.000000 0.000000
0.000000 0.000000
0.000000 0.000000
0.000000 0.000000
0.000000 0.000000
0.000000 0.000000
0.000000 0.000000
0.000000 0.000000
0.000000 0.000000
0.000000 0.000000
0.000000 0.000000
0.000000 0.000000
0.000000 0.000000
0.000000 0.000000
0.000000 0.000000
0.000000 0.000000
0.000000 0.000000
0.000000 0.000000
0.000000 0.000000
0.000000 0.000000
0.000000 0.000000
0.000000 0.000000
0.000000 0.000000
0.000000 0.000000
