0.000000 0.000000
0.000000 0.000000
0.000000 0.000000
0.000000 0.000000
0.000000 0.000000
0.000000 0.000000
0.000000 0.000000
0.000000 0.000000
0.000000 0.000000
0.000000 0.000000
0.000000 0.000000
0.000000 0.000000
0.000000 0.000000
0.000000 0.000000
0.000000 0.000000
0.000378 0.000000
0.006719 0.000000
0.031986 0.000000
0.087849 0.000000
0.176914 0.000000
0.287343 0.000000
0.394488 0.000000
0.474051 0.000000
0.512588 0.000000
0.509391 0.000000
0.472652 0.000000
0.414248 0.000000
0.345682 0.000000
0.275925 0.000000
0.210829 0.000000
0.153479 0.000000
0.104951 0.000000
0.065079 0.000000
0.033072 0.000000
0.008300 0.000000
-0.004643 0.000000
0.006315 0.000000
0.052080 0.000000
0.134595 0.000000
0.241427 0.000000
0.347391 0.000000
0.427682 0.000000
0.468392 0.000000
0.468388 0.000000
0.435492 0.000000
0.381260 0.000000
0.316941 0.000000
0.251311 0.000000
0.190078 0.000000
0.136241 0.000000
0.090827 0.000000
0.053654 0.000000
0.023941 0.000000
0.001086 0.000000
-0.010281 0.000000
0.001953 0.000000
0.048738 0.000000
0.132059 0.000000
0.239519 0.000000
0.345967 0.000000
0.426629 0.000000
0.467618 0.000000
0.467824 0.000000
0.435083 0.000000
0.381007 0.000000
0.316802 0.000000
0.251253 0.000000
0.190078 0.000000
0.136241 0.000000
0.090827 0.000000
0.053654 0.000000
0.023941 0.000000
0.000709 0.000378
-0.017001 0.006719
-0.030033 0.031986
-0.039110 0.087849
-0.044856 0.177292
-0.047824 0.293684
-0.048521 0.419755
-0.047423 0.529914
-0.044970 0.602032
-0.041567 0.626161
-0.037569 0.605064
-0.033240 0.549673
-0.028880 0.473662
-0.024673 0.389498
-0.020750 0.306502
-0.017238 0.230500
-0.014124 0.164366
-0.011425 0.108895
-0.009131 0.063648
-0.007214 0.027594
-0.005638 -0.000098
-0.004362 -0.015008
-0.003341 -0.005214
-0.002536 0.040051
-0.001908 0.122601
-0.001424 0.229881
-0.001054 0.336590
-0.000774 0.417827
-0.000564 0.459592
-0.000409 0.460683
-0.000253 0.428864
-0.000139 0.375652
-0.000058 0.312267
0.000000 0.247470
0.000000 0.186963
0.000000 0.133747
0.000000 0.088852
0.000000 0.052108
0.000000 0.022743
0.000000 0.000167
0.000000 -0.010980
0.000000 0.001427
0.000000 0.048346
0.000000 0.131768
0.000000 0.239305
0.000000 0.345811
0.000000 0.426516
0.000000 0.467537
0.000000 0.467766
0.000000 0.435083
0.000000 0.381007
0.000000 0.316802
0.000000 0.251253
0.000000 0.190078
0.000000 0.136241
0.000000 0.090827
0.000000 0.053654
0.000000 0.023941
0.000000 0.000709
0.000000 -0.017001
0.000000 -0.030033
0.000000 -0.039110
0.000000 -0.044856
0.000000 -0.047446
0.000000 -0.041802
0.000000 -0.015437
0.000000 0.042878
0.000000 0.135348
0.000000 0.249774
0.000000 0.361248
0.000000 0.445172
0.000000 0.487916
0.000000 0.488640
0.000000 0.455414
0.000000 0.400123
0.000000 0.334256
0.000000 0.266795
0.000000 0.203615
0.000000 0.147841
0.000000 0.100590
0.000000 0.061738
0.000000 0.030536
0.000000 0.006392
0.000000 -0.006067
0.000000 0.005261
0.000000 0.051306
0.000000 0.134031
0.000000 0.241019
0.000000 0.347138
0.000000 0.427543
0.000000 0.468334
0.000000 0.468388
0.000000 0.435492
0.000000 0.381260
0.000000 0.316941
0.000000 0.251311
0.000000 0.190078
0.000000 0.136241
0.000000 0.090827
0.000000 0.053654
0.000000 0.023941
0.000000 0.000709
0.000000 -0.017001
0.000000 -0.030033
0.000000 -0.039110
0.000378 -0.044856
0.006719 -0.047824
0.031986 -0.048521
0.087849 -0.047423
0.177292 -0.044970
0.293684 -0.041567
0.419755 -0.037569
0.529914 -0.033240
0.602032 -0.028880
0.626161 -0.024673
0.605064 -0.020750
0.549673 -0.017238
0.473662 -0.014124
0.389498 -0.011425
0.306502 -0.009131
0.230500 -0.007214
0.164366 -0.005638
0.108895 -0.004362
0.063648 -0.003341
0.027594 -0.002536
-0.000476 -0.001908
-0.021727 -0.001424
-0.037200 -0.001054
-0.047797 -0.000774
-0.054313 -0.000187
-0.057462 0.006311
-0.057898 0.031734
-0.056225 0.087709
-0.052996 0.177234
-0.048707 0.294062
-0.043788 0.426096
-0.038596 0.555180
-0.033414 0.657895
-0.028455 0.715604
-0.023865 0.721834
-0.019732 0.682085
-0.016099 0.609088
-0.012971 0.517478
-0.010328 0.420074
-0.008133 0.326174
-0.006336 0.241387
-0.004888 0.168310
-0.003734 0.107464
-0.002827 0.058171
-0.002122 0.019196
-0.001580 -0.010463
-0.001167 -0.026536
-0.000855 -0.017242
-0.000622 0.028058
-0.000409 0.111054
-0.000253 0.219080
-0.000139 0.326735
-0.000058 0.409027
0.000000 0.451887
0.000000 0.454056
0.000000 0.423256
0.000000 0.370978
0.000000 0.308427
0.000000 0.244355
0.000000 0.184469
0.000000 0.131772
0.000000 0.087306
0.000000 0.050910
0.000000 0.021824
0.000000 -0.000531
0.000000 -0.011506
0.000000 0.001035
0.000000 0.048055
0.000000 0.131554
0.000000 0.239149
0.000000 0.345698
0.000000 0.426434
0.000000 0.467479
0.000000 0.467766
0.000000 0.435083
0.000000 0.381007
0.000000 0.316802
0.000000 0.251253
0.000000 0.190078
0.000000 0.136241
0.000000 0.090827
0.000000 0.053654
0.000000 0.023941
0.000000 0.001086
0.000000 -0.010281
0.000000 0.001953
0.000000 0.048738
0.000000 0.132059
0.000000 0.239519
0.000000 0.345967
0.000000 0.426629
0.000000 0.467618
0.000000 0.467824
0.000000 0.435083
0.000000 0.381007
0.000000 0.316802
0.000000 0.251253
0.000000 0.190078
0.000000 0.136241
0.000000 0.090827
0.000000 0.053654
0.000000 0.023941
0.000378 0.000709
0.006719 -0.017001
0.031986 -0.030033
0.087849 -0.039110
0.177292 -0.044856
0.294062 -0.047824
0.426096 -0.048521
0.555180 -0.047423
0.657895 -0.044970
0.715604 -0.041567
0.721834 -0.037569
0.682085 -0.033240
0.609088 -0.028880
0.517478 -0.024673
0.420074 -0.020750
0.326174 -0.017238
0.241387 -0.014124
0.168310 -0.011425
0.107464 -0.009131
0.058171 -0.007214
0.019196 -0.005638
-0.010840 -0.003984
-0.033256 0.003378
-0.049228 0.029450
-0.059791 0.085940
-0.065860 0.175491
-0.068262 0.286289
-0.067753 0.393714
-0.065024 0.473487
-0.060701 0.512180
-0.055335 0.509138
-0.049396 0.472513
-0.043270 0.414189
-0.037255 0.345682
-0.031570 0.275925
-0.026360 0.210829
-0.021707 0.153479
-0.017645 0.104951
-0.014169 0.065079
-0.011247 0.033072
-0.008831 0.007922
-0.006862 -0.011363
-0.005280 -0.025671
-0.004025 -0.035769
-0.003041 -0.042320
-0.002278 -0.045538
-0.001693 -0.040378
-0.001248 -0.014383
-0.000913 0.043652
-0.000622 0.135912
-0.000409 0.250182
-0.000253 0.361500
-0.000139 0.445311
-0.000058 0.487974
0.000000 0.488640
0.000000 0.455414
0.000000 0.400123
0.000000 0.334256
0.000000 0.266795
0.000000 0.203615
0.000000 0.147841
0.000000 0.100590
0.000000 0.061738
0.000000 0.030536
0.000378 0.006014
0.006719 -0.012786
0.031986 -0.026725
0.087849 -0.036543
0.177292 -0.042884
0.293684 -0.046324
0.419755 -0.047350
0.529914 -0.046509
0.602032 -0.044254
0.626161 -0.041002
0.605064 -0.037160
0.549673 -0.032988
0.473662 -0.028740
0.389498 -0.024614
0.306502 -0.020750
0.230500 -0.017238
0.164366 -0.014124
0.108895 -0.011425
0.063648 -0.009131
0.027594 -0.007214
-0.000476 -0.005260
-0.021727 0.002358
-0.037200 0.028645
-0.047797 0.085312
-0.054313 0.175006
-0.057462 0.285919
-0.057898 0.393434
-0.056225 0.473278
-0.052996 0.512024
-0.048707 0.508982
-0.043788 0.472400
-0.038596 0.414108
-0.033414 0.345623
-0.028455 0.275925
-0.023865 0.210829
-0.019732 0.153479
-0.016099 0.104951
-0.012971 0.065079
-0.010328 0.033072
-0.008133 0.008300
-0.006336 -0.004643
-0.004888 0.006315
-0.003734 0.052080
-0.002827 0.134973
-0.002122 0.248147
-0.001580 0.379377
-0.001167 0.515531
-0.000855 0.645684
-0.000622 0.762450
-0.000409 0.861588
-0.000253 0.936440
-0.000139 0.974836
-0.000058 0.966915
0.000000 0.911912
0.000000 0.818327
0.000000 0.699915
0.000000 0.571132
0.000000 0.444015
0.000000 0.326883
0.000000 0.224387
0.000000 0.138277
0.000000 0.068354
0.000000 0.013315
0.000000 -0.028627
0.000000 -0.059361
0.000000 -0.080679
0.000000 -0.094198
0.000000 -0.101357
0.000000 -0.103051
0.000000 -0.094783
0.000000 -0.064647
0.000000 -0.001848
0.000000 0.095463
0.000000 0.214770
0.000000 0.330968
0.000000 0.419357
0.000000 0.466203
0.000000 0.470607
0.000000 0.440654
0.000000 0.388179
0.000000 0.324695
0.000000 0.259220
0.000000 0.197673
0.000000 0.143224
0.000000 0.097035
0.000000 0.059025
0.000000 0.028482
0.000000 0.004851
0.000000 -0.007174
0.000000 0.004483
0.000000 0.050774
0.000000 0.133681
0.000000 0.240805
0.000000 0.346982
0.000000 0.427430
0.000000 0.468253
0.000000 0.468330
0.000000 0.435492
0.000000 0.381260
0.000000 0.316941
0.000000 0.251311
0.000000 0.190078
0.000000 0.136241
0.000000 0.090827
0.000000 0.053654
0.000000 0.023941
0.000000 0.001086
0.000000 -0.010281
0.000000 0.001953
0.000000 0.048738
0.000000 0.132059
0.000000 0.239519
0.000000 0.345967
0.000000 0.426629
0.000000 0.467618
0.000000 0.467824
0.000000 0.435083
0.000000 0.381007
0.000000 0.316802
0.000000 0.251253
0.000000 0.190078
0.000000 0.136241
0.000000 0.090827
0.000000 0.053654
0.000000 0.023941
0.000000 0.000709
0.000000 -0.016623
0.000000 -0.023313
0.000000 -0.007124
0.000000 0.042993
0.000000 0.129469
0.000000 0.245541
0.000000 0.379051
0.000000 0.516552
0.000000 0.641595
0.000000 0.733898
0.000000 0.778038
0.000000 0.769976
0.000000 0.716827
0.000000 0.632154
0.000000 0.530817
0.000000 0.425622
0.000000 0.325636
0.000000 0.236201
0.000000 0.159665
0.000000 0.096349
0.000000 0.045411
0.000000 0.005490
0.000378 -0.024905
0.006719 -0.047192
0.031986 -0.062646
0.087849 -0.072391
0.176914 -0.077434
0.287343 -0.078682
0.394488 -0.076961
0.474051 -0.072982
0.512588 -0.067468
0.509391 -0.061001
0.472652 -0.054070
0.414248 -0.047111
0.345682 -0.040370
0.275925 -0.034065
0.210829 -0.028335
0.153479 -0.023253
0.104951 -0.018843
0.065079 -0.015088
0.033072 -0.011946
0.008300 -0.009357
-0.004643 -0.007255
0.006315 -0.005571
0.052080 -0.004239
0.134973 -0.003197
0.247769 -0.002391
0.372657 -0.001774
0.483545 -0.001306
0.557836 -0.000913
0.585158 -0.000622
0.567904 -0.000409
0.516686 -0.000253
0.444922 -0.000139
0.364883 -0.000058
0.285752 0.000000
0.213263 0.000000
0.150242 0.000000
0.097470 0.000000
0.054518 0.000000
0.020380 0.000000
-0.005736 0.000000
-0.019369 0.000000
-0.008555 0.000000
0.037515 0.000000
0.121071 0.000000
0.235176 0.000000
0.367523 0.000000
0.504901 0.000000
0.636320 0.000000
0.753959 0.000000
0.848366 0.000000
0.905426 0.000000
0.914241 0.000000
0.873631 0.000000
0.792028 0.000000
0.683420 0.000000
0.562514 0.000000
0.441606 0.000000
0.329245 0.000000
0.230290 0.000000
0.146667 0.000000
0.078337 0.000000
0.024145 0.000000
-0.017553 0.000000
-0.048135 0.000000
-0.063685 0.000000
-0.052750 0.000000
-0.005000 0.000000
0.081354 0.000000
0.199031 0.000000
0.335336 0.000000
0.476796 0.000000
0.612212 0.000000
0.733617 0.000000
0.831381 0.000000
0.891442 0.000000
0.902874 0.000000
0.864500 0.000000
0.784814 0.000000
0.677782 0.000000
0.558153 0.000000
0.438264 0.000000
0.326709 0.000000
0.228382 0.000000
0.145243 0.000000
0.077283 0.000000
0.023372 0.000000
-0.018117 0.000000
-0.048922 0.000000
-0.070657 0.000000
-0.084875 0.000000
-0.092907 0.000000
-0.095938 0.000378
-0.095031 0.006719
-0.091138 0.031986
-0.085104 0.087849
-0.077669 0.176914
-0.069458 0.287343
-0.061026 0.394488
-0.052720 0.474051
-0.044839 0.512588
-0.037586 0.509391
-0.031079 0.472652
-0.025370 0.414248
-0.020461 0.345682
-0.016313 0.275925
-0.012865 0.210829
-0.010041 0.153479
-0.007760 0.104951
-0.005941 0.065079
-0.004508 0.033072
-0.003014 0.007922
0.004189 -0.011363
0.030154 -0.025671
0.086542 -0.035769
0.176001 -0.042320
0.286720 -0.045915
0.394080 -0.047097
0.473799 -0.046369
0.512449 -0.044196
0.509332 -0.041002
0.472652 -0.037160
0.414248 -0.032988
0.345682 -0.028740
0.275925 -0.024614
0.210829 -0.020750
0.153479 -0.017238
0.104951 -0.014124
0.065079 -0.011425
0.033072 -0.009131
0.008300 -0.007214
-0.004643 -0.005638
0.006315 -0.004362
0.052080 -0.003341
0.134973 -0.002536
0.248147 -0.001908
0.379377 -0.001424
0.515531 -0.001054
0.645307 -0.000774
0.755731 -0.000564
0.829980 -0.000409
0.855311 -0.000253
0.829530 -0.000139
0.760701 -0.000058
0.662730 0.000000
0.550489 0.000000
0.436509 0.000000
0.329580 0.000000
0.234770 0.000000
0.154188 0.000000
0.087951 0.000000
0.035047 0.000000
-0.006038 0.000000
-0.036556 0.000000
-0.052467 0.000000
-0.042206 0.000000
0.004657 0.000000
0.090002 0.000000
0.206203 0.000000
0.335088 0.000000
0.450305 0.000000
0.528956 0.000000
0.560486 0.000000
0.547153 0.000000
0.499448 0.000000
0.430798 0.000000
0.353458 0.000000
0.276621 0.000000
0.206049 0.000000
0.144604 0.000000
0.093109 0.000000
0.051177 0.000000
0.017844 0.000000
-0.007644 0.000000
-0.020793 0.000000
-0.009609 0.000000
0.036741 0.000000
0.120506 0.000000
0.234768 0.000000
0.367270 0.000000
0.504762 0.000000
0.636262 0.000000
0.754337 0.000000
0.854708 0.000000
0.930693 0.000000
0.970104 0.000000
0.963074 0.000000
0.908798 0.000000
0.815832 0.000000
0.697940 0.000000
0.569586 0.000000
0.442817 0.000000
0.325964 0.000000
0.223688 0.000000
0.137751 0.000000
0.067961 0.000000
0.013024 0.000000
-0.028841 0.000000
-0.059140 0.000000
-0.074072 0.000000
-0.062294 0.000000
-0.013567 0.000000
0.073485 0.000000
0.185840 0.000000
0.297855 0.000000
0.384354 0.000000
0.431137 0.000000
0.436818 0.000000
0.409132 0.000000
0.359553 0.000000
0.299296 0.000000
0.237142 0.000000
0.178831 0.000000
0.127410 0.000000
0.083965 0.000000
0.048374 0.000000
0.019916 0.000000
-0.001955 0.000000
-0.012559 0.000000
0.000261 0.000000
0.047490 0.000000
0.131145 0.000000
0.238897 0.000000
0.345558 0.000000
0.426376 0.000000
0.467479 0.000000
0.467766 0.000000
0.435083 0.000000
0.381007 0.000000
0.316802 0.000000
0.251253 0.000000
0.190078 0.000000
0.136241 0.000000
0.090827 0.000000
0.053654 0.000000
0.023941 0.000000
0.001086 0.000000
-0.010281 0.000000
0.001953 0.000000
0.048738 0.000000
0.132436 0.000000
0.246239 0.000000
0.377953 0.000000
0.514477 0.000000
0.644910 0.000000
0.761508 0.000000
0.854838 0.000000
0.910921 0.000000
0.918834 0.000000
0.877413 0.000000
0.795142 0.000000
0.685915 0.000000
0.564489 0.000000
0.443152 0.000000
0.330443 0.000000
0.231209 0.000000
0.147365 0.000000
0.078863 0.000000
0.024538 0.000000
-0.017262 0.000000
-0.047921 0.000000
-0.063529 0.000000
-0.052637 0.000000
-0.004919 0.000000
0.081412 0.000000
0.199031 0.000000
0.335336 0.000000
0.476796 0.000000
0.611834 0.000000
0.727276 0.000000
0.806115 0.000000
0.835579 0.000000
0.813431 0.000000
0.747730 0.000000
0.652402 0.000000
0.542356 0.000000
0.430172 0.000000
0.324692 0.000000
0.231036 0.000000
0.151361 0.000000
0.085829 0.000000
0.033467 0.000000
-0.007205 0.000000
-0.037789 0.000000
-0.059809 0.000000
-0.074601 0.000000
-0.083444 0.000000
-0.087429 0.000000
-0.087540 0.000000
-0.084666 0.000000
-0.079609 0.000000
-0.073076 0.000000
-0.065675 0.000000
-0.057911 0.000000
-0.050225 0.000000
-0.042865 0.000000
-0.036040 0.000000
-0.029881 0.000000
-0.024451 0.000000
-0.019762 0.000000
-0.015787 0.000000
-0.012472 0.000000
-0.009750 0.000000
-0.007546 0.000000
-0.005785 0.000000
-0.004395 0.000000
-0.003310 0.000000
-0.002472 0.000000
-0.001832 0.000000
-0.001306 0.000000
-0.000913 0.000000
-0.000622 0.000000
-0.000409 0.000000
-0.000253 0.000000
-0.000139 0.000000
-0.000058 0.000000
0.000000 0.000000
0.000000 0.000000
0.000000 0.000000
0.000000 0.000000
0.000000 0.000000
0.000000 0.000000
0.000000 0.000000
0.000000 0.000000
0.000000 0.000000
0.000000 0.000000
0.000000 0.000000
0.000000 0.000000
0.000000 0.000000
0.000000 0.000000
0.000000 0.000000
0.000000 0.000000
0.000000 0.000000
0.000000 0.000000
0.000000 0.000000
0.000000 0.000000
0.000000 0.000000
0.000000 0.000000
0.000000 0.000000
0.000000 0.000000
0.000000 0.000000
0.000000 0.000000
0.000000 0.000000
0.000000 0.000000
0.000000 0.000000
0.000000 0.000000
0.000000 0.000000
0.000000 0.000000
0.000000 0.000000
0.000000 0.000000
0.000000 0.000000
0.000000 0.000000
0.000000 0.000000
0.000000 0.000000
0.000000 0.000000
0.000000 0.000000
0.000000 0.000000
0.000000 0.000000
0.000000 0.000000
0.000000 0.000000
0.000000 0.000000
0.000000 0.000000
0.000000 0.000000
0.000000 0.000000
0.000000 0.000000
0.000000 0.000000
0.000000 0.000000
0.000000 0.000000
0.000000 0.000000
0.000000 0.000000
0.000000 0.000000
0.000000 0.000000
0.000000 0.000000
0.000000 0.000000
0.000000 0.000000
0.000000 0.000000
0.000000 0.000000
0.000000 0.000000
0.000000 0.000000
0.000000 0.000000
0.000000 0.000000
0.000000 0.000000
0.000000 0.000000
0.000000 0.000000
0.000000 0.000000
0.000000 0.000000
0.000000 0.000000
0.000000 0.000000
0.000000 0.000000
0.000000 0.000000
0.000000 0.000000
0.000000 0.000000
0.000000 0.000000
0.000000 0.000000
0.000000 0.000000
0.000000 0.000000
0.000000 0.000000
0.000000 0.000000
0.000000 0.000000
0.000000 0.000000
0.000000 0.000000
0.000000 0.000000
0.000000 0.000000
0.000000 0.000000
0.000000 0.000000
0.000000 0.000000
0.000000 0.000000
0.000000 0.000000
0.000000 0.000000
0.000000 0.000000
