0.000000 0.000000
0.000000 0.000000
0.000000 0.000000
0.000000 0.000000
0.000000 0.000000
0.000000 0.000000
0.000000 0.000000
0.000000 0.000000
0.000000 0.000000
0.018566 0.000000
0.165070 0.000000
0.420840 0.000000
0.559289 0.000000
0.498568 0.000000
0.341739 0.000000
0.189522 0.000000
0.079108 0.000000
0.009577 0.000000
-0.029568 0.000000
-0.028913 0.000000
0.114026 0.000000
0.374929 0.000000
0.522571 0.000000
0.471745 0.000000
0.323558 0.000000
0.177965 0.000000
0.072163 0.000000
0.005606 0.000000
-0.013174 0.000000
0.116450 0.000000
0.387783 0.000000
0.678256 0.000000
0.882690 0.000000
0.874204 0.000000
0.669909 0.000000
0.409291 0.000000
0.192154 0.000000
0.045569 0.000000
-0.040073 0.000000
-0.081753 0.018566
-0.093967 0.165070
-0.087953 0.439405
-0.072734 0.724358
-0.054899 0.937974
-0.038380 1.047532
-0.025126 0.962426
-0.015527 0.705800
-0.009116 0.412714
-0.005112 0.177664
-0.002750 0.023497
-0.001333 -0.062902
-0.000578 -0.082956
-0.000192 0.055873
0.000000 0.322062
0.000000 0.479389
0.000000 0.439279
0.000000 0.300806
0.000000 0.162979
0.000000 0.062826
0.000000 0.000074
0.000000 -0.034872
0.018566 -0.050228
0.165070 -0.052377
0.439405 -0.046489
0.705793 -0.036909
0.772904 -0.026824
0.626693 -0.018181
0.403137 -0.011557
0.207232 -0.006945
0.070975 -0.003971
-0.011858 -0.002172
-0.055611 0.017424
-0.072479 0.164491
-0.071953 0.439214
-0.061718 0.724358
-0.047733 0.937974
-0.033989 1.047532
-0.022572 0.962426
-0.014110 0.705800
-0.008362 0.412714
-0.004725 0.177664
-0.002559 0.023497
-0.001333 -0.062902
-0.000578 -0.082956
-0.000192 0.055873
0.000000 0.340628
0.000000 0.644459
0.000000 0.878684
0.000000 1.006598
0.000000 0.935883
0.000000 0.689519
0.000000 0.403211
0.000000 0.172360
0.000000 0.020746
0.000000 -0.064235
0.000000 -0.102100
0.000000 -0.090823
0.000000 0.066293
0.000000 0.359506
0.000000 0.646503
0.000000 0.731970
0.000000 0.600150
0.000000 0.386856
0.000000 0.197729
0.000000 0.065671
0.000000 -0.014609
0.018566 -0.056944
0.165070 -0.073058
0.420840 -0.072145
0.559289 -0.061718
0.498568 -0.047733
0.341739 -0.033989
0.189522 -0.022572
0.079108 -0.014110
0.009577 -0.008362
-0.029568 0.013841
-0.047478 0.162511
-0.051044 0.419507
-0.045910 0.558710
-0.036718 0.498377
-0.026824 0.341739
-0.018181 0.189522
-0.011557 0.079108
-0.006945 0.009577
-0.003971 -0.029568
-0.002172 -0.047478
-0.001141 -0.032478
-0.000578 0.119159
-0.000192 0.402688
0.000000 0.697535
0.000000 0.901227
0.000000 0.889472
0.000000 0.681146
0.000000 0.416877
0.000000 0.196927
0.000000 0.048398
0.000000 -0.038480
0.000000 -0.062238
0.000000 0.071681
0.000000 0.351644
0.000000 0.633058
0.000000 0.718005
0.000000 0.588312
0.000000 0.378012
0.000000 0.191705
0.000000 0.061859
0.000000 -0.016970
0.000000 -0.058362
0.018566 -0.073812
0.165070 -0.072532
0.420840 -0.061910
0.559289 -0.047733
0.498568 -0.033989
0.341739 -0.022572
0.189522 -0.014110
0.079108 -0.008362
0.009577 -0.004725
-0.029568 0.016007
-0.047478 0.163737
-0.051044 0.438827
-0.045910 0.724167
-0.036718 0.919408
-0.026824 0.901028
-0.018181 0.688090
-0.011557 0.420847
-0.006945 0.199099
-0.003971 0.049540
-0.002172 -0.037901
0.017424 -0.080612
0.164491 -0.093389
0.420648 -0.087761
0.559289 -0.072734
0.498568 -0.054899
0.341739 -0.038380
0.189522 -0.025126
0.079108 -0.015527
0.009577 -0.009116
-0.029568 0.013454
-0.047478 0.162319
-0.051044 0.419507
-0.045910 0.558710
-0.036718 0.498377
-0.026824 0.341739
-0.018181 0.189522
-0.011557 0.079108
-0.006945 0.009577
-0.003971 -0.011003
-0.002172 0.117591
-0.001141 0.369796
-0.000578 0.513378
-0.000192 0.461851
0.000000 0.314916
0.000000 0.171341
0.000000 0.067551
0.000000 0.002632
0.000000 -0.014973
0.000000 0.115420
0.000000 0.368654
0.000000 0.512800
0.000000 0.461659
0.000000 0.314916
0.000000 0.171341
0.000000 0.067551
0.000000 0.002632
0.000000 -0.033539
0.000000 -0.031084
0.000000 0.112885
0.000000 0.392916
0.000000 0.687449
0.000000 0.911150
0.000000 1.029351
0.000000 0.950869
0.000000 0.698856
0.000000 0.408744
0.000000 0.175492
0.000000 0.022355
0.000000 -0.063481
0.018566 -0.101713
0.165070 -0.109197
0.439405 -0.098777
0.705793 -0.079900
0.772904 -0.059290
0.626693 -0.040934
0.403137 -0.026543
0.207232 -0.016282
0.070975 -0.009503
-0.011858 -0.005304
-0.055611 0.015816
-0.072479 0.163737
-0.071953 0.420261
-0.061718 0.559097
-0.047733 0.498568
-0.033989 0.341739
-0.022572 0.189522
-0.014110 0.079108
-0.008362 0.009577
-0.004725 -0.011003
-0.002559 0.117591
-0.001333 0.388361
-0.000578 0.678448
-0.000192 0.901256
0.000000 1.020708
0.000000 0.944245
0.000000 0.694244
0.000000 0.405770
0.000000 0.173693
0.000000 0.021325
0.000000 -0.064043
0.018566 -0.102100
0.165070 -0.109388
0.439405 -0.098777
0.724358 -0.079900
0.937974 -0.059290
1.047532 -0.040934
0.962426 -0.026543
0.705800 -0.016282
0.412714 -0.009503
0.177664 -0.005304
0.023497 -0.002750
-0.062902 -0.001333
-0.101522 -0.000578
-0.109197 -0.000192
-0.080211 0.000000
0.085170 0.000000
0.380115 0.000000
0.683425 0.000000
0.892865 0.000000
0.884746 0.000000
0.678587 0.000000
0.415544 0.000000
0.196349 0.000000
0.048207 0.000000
-0.038480 0.000000
-0.062238 0.000000
0.071681 0.000000
0.351644 0.000000
0.633058 0.000000
0.718005 0.000000
0.588312 0.000000
0.378012 0.000000
0.191705 0.000000
0.061859 0.000000
-0.016970 0.000000
-0.039796 0.000000
0.091258 0.000000
0.366873 0.000000
0.643883 0.000000
0.725171 0.000000
0.592703 0.000000
0.380565 0.000000
0.193122 0.000000
0.062613 0.000000
-0.016584 0.000000
-0.058170 0.000000
-0.055246 0.000000
0.092538 0.000000
0.358929 0.000000
0.511555 0.000000
0.464579 0.000000
0.319167 0.000000
0.175412 0.000000
0.070746 0.000000
0.004852 0.000000
-0.013561 0.000000
0.116258 0.000000
0.387783 0.000000
0.659690 0.000000
0.736186 0.000000
0.599869 0.000000
0.384956 0.000000
0.195676 0.000000
0.064030 0.000000
-0.015829 0.000000
-0.039217 0.000000
0.091449 0.000000
0.348308 0.000000
0.497379 0.000000
0.450835 0.000000
0.307750 0.000000
0.166950 0.000000
0.064998 0.000000
0.001215 0.000000
-0.034294 0.000000
-0.050037 0.000000
-0.052377 0.000000
-0.046489 0.000000
-0.036909 0.000000
-0.026824 0.000000
-0.018181 0.000000
-0.011557 0.000000
-0.006945 0.000000
-0.003971 0.000000
-0.002172 0.000000
-0.001141 0.000000
-0.000578 0.000000
-0.000192 0.000000
0.000000 0.000000
0.000000 0.000000
0.000000 0.000000
0.000000 0.000000
0.000000 0.000000
0.000000 0.000000
0.000000 0.000000
0.000000 0.000000
0.000000 0.000000
0.000000 0.000000
0.000000 0.000000
0.000000 0.000000
0.000000 0.000000
0.000000 0.000000
0.000000 0.000000
0.000000 0.000000
0.000000 0.000000
0.000000 0.000000
0.000000 0.000000
0.000000 0.000000
0.000000 0.000000
0.000000 0.000000
0.000000 0.000000
0.000000 0.000000
0.000000 0.000000
0.000000 0.000000
0.000000 0.000000
0.000000 0.000000
0.000000 0.000000
0.000000 0.000000
0.000000 0.000000
0.000000 0.000000
0.000000 0.000000
0.000000 0.000000
0.000000 0.000000
0.000000 0.000000
0.000000 0.000000
0.000000 0.000000
0.000000 0.000000
0.000000 0.000000
0.000000 0.000000
0.000000 0.000000
0.000000 0.000000
0.000000 0.000000
0.000000 0.000000
0.000000 0.000000
0.000000 0.000000
0.000000 0.000000
0.000000 0.000000
0.000000 0.000000
0.000000 0.000000
0.000000 0.000000
0.000000 0.000000
0.000000 0.000000
0.000000 0.000000
0.000000 0.000000
0.000000 0.000000
0.000000 0.000000
0.000000 0.000000
0.000000 0.000000
0.000000 0.000000
0.000000 0.000000
0.000000 0.000000
0.000000 0.000000
0.000000 0.000000
0.000000 0.000000
0.000000 0.000000
0.000000 0.000000
