0.000000 0.000000
0.000000 0.000000
0.000000 0.000000
0.000000 0.000000
0.000000 0.000000
0.000000 0.000000
0.000000 0.000000
0.000000 0.000000
0.000000 0.000000
0.000000 0.000000
0.000000 0.000000
0.000000 0.000000
0.000000 0.000000
0.000000 0.000000
0.000000 0.000000
0.000000 0.000378
0.000000 0.006719
0.000000 0.031986
0.000000 0.087849
0.000000 0.176914
0.000000 0.287343
0.000000 0.394488
0.000000 0.474051
0.000000 0.512588
0.000000 0.509391
0.000000 0.472652
0.000000 0.414248
0.000000 0.345682
0.000000 0.275925
0.000000 0.210829
0.000000 0.153479
0.000000 0.104951
0.000000 0.065079
0.000000 0.033072
0.000000 0.007922
0.000378 -0.011363
0.006719 -0.025671
0.031986 -0.035769
0.087849 -0.042320
0.177292 -0.045915
0.294062 -0.047097
0.426474 -0.046369
0.561900 -0.044196
0.689503 -0.041002
0.796733 -0.037160
0.867140 -0.032988
0.888299 -0.028740
0.858270 -0.024614
0.785316 -0.020750
0.683481 -0.017238
0.567727 -0.014124
0.450633 -0.011425
0.341005 -0.009131
0.243900 -0.007214
0.161401 -0.005638
0.093589 -0.004362
0.039408 -0.003341
-0.002697 -0.002536
-0.034397 -0.001908
-0.057278 -0.001424
-0.072769 -0.001054
-0.082138 -0.000774
-0.086516 -0.000564
-0.086918 -0.000031
-0.084258 0.006467
-0.079357 0.031847
-0.072936 0.087790
-0.065617 0.177292
-0.057911 0.294062
-0.050225 0.426474
-0.042865 0.561522
-0.036040 0.683161
-0.029881 0.771467
-0.024451 0.811278
-0.019762 0.798855
-0.015787 0.741500
-0.012472 0.652904
-0.009750 0.548055
-0.007546 0.439746
-0.005785 0.337061
-0.004395 0.245331
-0.003310 0.166879
-0.002472 0.101987
-0.001832 0.049773
-0.001306 0.008832
-0.000913 -0.022369
-0.000622 -0.045284
-0.000409 -0.061222
-0.000253 -0.071338
-0.000139 -0.076660
0.000320 -0.078118
0.006719 -0.076553
0.031986 -0.072729
0.087849 -0.067328
0.177292 -0.060943
0.294062 -0.054070
0.426096 -0.047111
0.555180 -0.040370
0.657895 -0.034065
0.715604 -0.028335
0.721834 -0.023253
0.682085 -0.018843
0.609088 -0.015088
0.517478 -0.011946
0.420074 -0.009357
0.326174 -0.007255
0.241387 -0.005571
0.168310 -0.004239
0.107464 -0.003197
0.058171 -0.002391
0.019196 -0.001774
-0.010840 -0.001306
-0.033256 -0.000913
-0.049228 -0.000245
-0.059791 0.006311
-0.065860 0.031734
-0.068262 0.087709
-0.067753 0.176856
-0.065024 0.287343
-0.060701 0.394488
-0.055335 0.474051
-0.049396 0.512588
-0.043270 0.509391
-0.037255 0.472652
-0.031570 0.414248
-0.026360 0.345682
-0.021707 0.275925
-0.017645 0.210829
-0.014169 0.153479
-0.011247 0.104951
-0.008831 0.065079
-0.006862 0.033072
-0.005280 0.008300
-0.004025 -0.004643
-0.003041 0.006315
-0.002278 0.052080
-0.001693 0.134973
-0.001248 0.248147
-0.000913 0.378999
-0.000622 0.508811
-0.000409 0.613698
-0.000253 0.674602
-0.000139 0.684674
-0.000058 0.649098
0.000000 0.580348
0.000000 0.492864
0.000000 0.399324
0.000000 0.308936
0.000000 0.227263
0.000000 0.156885
0.000000 0.098334
0.000000 0.050957
0.000000 0.013558
0.000000 -0.015202
0.000000 -0.036597
0.000000 -0.051764
0.000378 -0.061699
0.006719 -0.067284
0.031986 -0.069316
0.087849 -0.068527
0.176914 -0.065589
0.287343 -0.061110
0.394488 -0.055587
0.474051 -0.049535
0.512588 -0.043328
0.509391 -0.037255
0.472652 -0.031570
0.414248 -0.026360
0.345682 -0.021707
0.275925 -0.017645
0.210829 -0.014169
0.153479 -0.011247
0.104951 -0.008831
0.065079 -0.006862
0.033072 -0.005280
0.007922 -0.003647
-0.011363 0.003678
-0.025671 0.029708
-0.035769 0.086156
-0.042320 0.175666
-0.045915 0.286429
-0.047097 0.393866
-0.046369 0.473643
-0.044196 0.512336
-0.041002 0.509251
-0.037160 0.472594
-0.032988 0.414248
-0.028740 0.345682
-0.024614 0.275925
-0.020750 0.210829
-0.017238 0.153479
-0.014124 0.104951
-0.011425 0.065079
-0.009131 0.033072
-0.006836 0.007922
0.001081 -0.011363
0.027625 -0.025671
0.084507 -0.035769
0.174756 -0.042320
0.292154 -0.045915
0.425050 -0.047097
0.560469 -0.046369
0.682387 -0.044196
0.770902 -0.041002
0.810869 -0.037160
0.798603 -0.032988
0.741361 -0.028740
0.652846 -0.024614
0.548055 -0.020750
0.439746 -0.017238
0.337061 -0.014124
0.245331 -0.011425
0.166879 -0.009131
0.101987 -0.007214
0.049773 -0.005638
0.008832 -0.004362
-0.022369 -0.003341
-0.045284 -0.002536
-0.061222 -0.001908
-0.071338 -0.001046
-0.076660 0.005666
-0.078118 0.031212
-0.076553 0.087284
-0.072729 0.176884
-0.067328 0.293810
-0.060943 0.426335
-0.054070 0.561842
-0.047111 0.689881
-0.040370 0.803453
-0.034065 0.898749
-0.028335 0.969428
-0.023253 1.003576
-0.018843 0.991530
-0.015088 0.932663
-0.011946 0.835564
-0.009357 0.714039
-0.007255 0.582558
-0.005571 0.453146
-0.004239 0.334096
-0.003197 0.230025
-0.002391 0.142639
-0.001774 0.071696
-0.001306 0.015851
-0.000913 -0.026719
-0.000245 -0.057938
0.006311 -0.079625
0.031734 -0.093424
0.087709 -0.100793
0.176856 -0.103021
0.287343 -0.101250
0.394488 -0.096493
0.474051 -0.089639
0.512588 -0.081451
0.509391 -0.072572
0.472652 -0.063520
0.414248 -0.054695
0.345682 -0.046386
0.275925 -0.038784
0.210829 -0.031998
0.153479 -0.026069
0.104951 -0.020987
0.065079 -0.016706
0.033072 -0.013156
0.007922 -0.010255
-0.011363 -0.007916
-0.025671 -0.005677
-0.035769 0.002130
-0.042320 0.028536
-0.045915 0.085318
-0.047097 0.175460
-0.046369 0.292756
-0.044196 0.425183
-0.041002 0.554558
-0.037160 0.657486
-0.032988 0.715352
-0.028740 0.721695
-0.024614 0.682027
-0.020750 0.609088
-0.017238 0.517478
-0.014124 0.420074
-0.011425 0.326174
-0.009131 0.241387
-0.007214 0.168310
-0.005638 0.107464
-0.004362 0.058171
-0.003341 0.019196
-0.002536 -0.010840
-0.001908 -0.032878
-0.001424 -0.042509
-0.001054 -0.027805
-0.000774 0.021988
-0.000564 0.108652
-0.000409 0.219589
-0.000253 0.329464
-0.000139 0.413350
-0.000058 0.457254
0.000000 0.459995
0.000000 0.429382
0.000000 0.376993
0.000000 0.314112
0.000000 0.249566
0.000000 0.189121
0.000000 0.135834
0.000000 0.090782
0.000000 0.053832
0.000000 0.024241
0.000378 0.001060
0.006719 -0.016643
0.031986 -0.029696
0.087849 -0.038810
0.176914 -0.044598
0.287343 -0.047608
0.394488 -0.048346
0.474051 -0.047283
0.512588 -0.044819
0.509391 -0.041411
0.472652 -0.037413
0.414248 -0.033127
0.345682 -0.028798
0.275925 -0.024614
0.210829 -0.020750
0.153479 -0.017238
0.104951 -0.014124
0.065079 -0.011425
0.033072 -0.009131
0.008300 -0.007214
-0.004643 -0.005638
0.006315 -0.004362
0.052080 -0.003341
0.134973 -0.002536
0.247769 -0.001908
0.372657 -0.001424
0.483545 -0.001054
0.557836 -0.000774
0.585158 -0.000564
0.567904 -0.000409
0.516686 -0.000253
0.444922 -0.000139
0.364883 -0.000058
0.285752 0.000000
0.213263 0.000000
0.150242 0.000000
0.097470 0.000000
0.054518 0.000000
0.020380 0.000000
-0.005736 0.000000
-0.019369 0.000000
-0.008555 0.000000
0.037515 0.000000
0.120693 0.000000
0.228457 0.000000
0.335537 0.000000
0.417053 0.000000
0.459028 0.000000
0.460275 0.000000
0.428612 0.000000
0.375512 0.000000
0.312209 0.000000
0.247470 0.000000
0.186963 0.000000
0.133747 0.000000
0.088852 0.000000
0.052108 0.000000
0.022743 0.000000
-0.000210 0.000378
-0.017699 0.006719
-0.030559 0.031986
-0.039503 0.087849
-0.045147 0.177292
-0.048037 0.294062
-0.048677 0.426096
-0.047536 0.555180
-0.045052 0.657895
-0.041625 0.715604
-0.037569 0.721834
-0.033240 0.682085
-0.028880 0.609088
-0.024673 0.517478
-0.020750 0.420074
-0.017238 0.326174
-0.014124 0.241387
-0.011425 0.168310
-0.009131 0.107464
-0.007214 0.058171
-0.005638 0.019196
-0.004362 -0.010463
-0.003341 -0.026536
-0.002536 -0.017242
-0.001908 0.028058
-0.001424 0.111432
-0.001054 0.225800
-0.000774 0.358721
-0.000564 0.496498
-0.000409 0.622460
-0.000253 0.716132
-0.000139 0.761882
-0.000058 0.755586
0.000000 0.704245
0.000000 0.621334
0.000000 0.521695
0.000000 0.418039
0.000000 0.319415
0.000000 0.231162
0.000000 0.155631
0.000000 0.093156
0.000000 0.042910
0.000000 0.003551
0.000000 -0.026394
0.000000 -0.048325
0.000000 -0.063500
0.000000 -0.072653
0.000000 -0.071189
0.000000 -0.047045
0.000000 0.010673
0.000000 0.104154
0.000000 0.226481
0.000000 0.365014
0.000000 0.501052
0.000000 0.610784
0.000000 0.675234
0.000000 0.687769
0.000000 0.653751
0.000000 0.585835
0.000000 0.498635
0.000000 0.404986
0.000000 0.314228
0.000000 0.232030
0.000000 0.161055
0.000000 0.101893
0.000000 0.053932
0.000000 0.015999
0.000378 -0.013231
0.006719 -0.035030
0.031986 -0.050534
0.087849 -0.060704
0.177292 -0.066483
0.294062 -0.068671
0.426474 -0.068006
0.561900 -0.065164
0.689881 -0.060759
0.803453 -0.055335
0.898749 -0.049396
0.969428 -0.043270
1.003576 -0.037255
0.991530 -0.031570
0.932663 -0.026360
0.835564 -0.021707
0.714039 -0.017645
0.582558 -0.014169
0.453146 -0.011247
0.334096 -0.008831
0.230025 -0.006862
0.142639 -0.005280
0.071696 -0.004025
0.015851 -0.003041
-0.026719 -0.002278
-0.057938 -0.001693
-0.079625 -0.001248
-0.093424 -0.000536
-0.100793 0.006097
-0.103021 0.031578
-0.101250 0.087596
-0.096493 0.177153
-0.089639 0.294004
-0.081451 0.426474
-0.072572 0.561900
-0.063520 0.689881
-0.054695 0.803453
-0.046386 0.898749
-0.038784 0.969428
-0.031998 1.003576
-0.026069 0.991530
-0.020987 0.932663
-0.016706 0.835564
-0.013156 0.714039
-0.010255 0.582558
-0.007916 0.453146
-0.006054 0.334096
-0.004589 0.230025
-0.003450 0.142639
-0.002531 0.071696
-0.001832 0.015851
-0.001306 -0.026719
-0.000913 -0.057560
-0.000622 -0.072906
-0.000409 -0.061438
-0.000253 -0.012945
-0.000139 0.074272
-0.000058 0.192812
0.000000 0.329981
0.000000 0.471883
0.000000 0.601710
0.000000 0.698894
0.000000 0.747757
0.000000 0.744161
0.000000 0.695114
0.000000 0.614120
0.000000 0.516057
0.000000 0.413677
0.000000 0.316074
0.000000 0.228626
0.000000 0.153723
0.000000 0.091732
0.000000 0.041857
0.000000 0.002777
0.000000 -0.026581
0.000000 -0.042014
0.000000 -0.031766
0.000000 0.014679
0.000000 0.099326
0.000000 0.215031
0.000000 0.349299
0.000000 0.488384
0.000000 0.615580
0.000000 0.710384
0.000000 0.757150
0.000000 0.751745
0.000000 0.701130
0.000000 0.618839
0.000000 0.519720
0.000000 0.416493
0.000000 0.318218
0.000000 0.230243
0.000000 0.154933
0.000000 0.092630
0.000000 0.042518
0.000000 0.003260
0.000000 -0.026230
0.000000 -0.041762
0.000000 -0.031627
0.000000 0.014737
0.000000 0.099326
0.000000 0.214653
0.000000 0.342579
0.000000 0.456776
0.000000 0.534451
0.000000 0.565078
0.000000 0.550936
0.000000 0.502563
0.000000 0.433292
0.000000 0.355433
0.000000 0.278167
0.000000 0.207247
0.000000 0.145523
0.000000 0.093807
0.000000 0.051703
0.000000 0.018237
0.000378 -0.007731
0.006719 -0.027299
0.031986 -0.041439
0.087849 -0.050994
0.176914 -0.056705
0.287343 -0.059236
0.394488 -0.059204
0.474051 -0.057138
0.512588 -0.053618
0.509391 -0.049116
0.472652 -0.044040
0.414248 -0.038735
0.345682 -0.033472
0.275925 -0.028455
0.210829 -0.023865
0.153479 -0.019732
0.104951 -0.016099
0.065079 -0.012971
0.033072 -0.010328
0.007922 -0.007755
-0.011363 0.000383
-0.025671 0.027099
-0.035769 0.084114
-0.042320 0.174087
-0.045915 0.285221
-0.047097 0.392908
-0.046369 0.472885
-0.044196 0.511733
-0.041002 0.508768
-0.037160 0.472244
-0.032988 0.413995
-0.028740 0.345542
-0.024614 0.275867
-0.020750 0.210829
-0.017238 0.153479
-0.014124 0.104951
-0.011425 0.065079
-0.009131 0.033072
-0.006836 0.007922
0.001081 -0.011363
0.027625 -0.025671
0.084507 -0.035769
0.174756 -0.042320
0.292154 -0.045915
0.425050 -0.047097
0.560846 -0.046369
0.688729 -0.044196
0.796169 -0.041002
0.866732 -0.037160
0.888047 -0.032988
0.858131 -0.028740
0.785258 -0.024614
0.683481 -0.020750
0.567727 -0.017238
0.450633 -0.014124
0.341005 -0.011425
0.243900 -0.009131
0.161401 -0.007214
0.093589 -0.005638
0.039408 -0.004362
-0.002697 -0.003341
-0.034019 -0.002536
-0.050558 -0.001908
-0.040783 -0.001424
0.005711 -0.001054
0.090776 -0.000774
0.207145 -0.000564
0.342216 -0.000409
0.482165 -0.000253
0.610225 -0.000139
0.705850 -0.000058
0.753367 0.000000
0.748630 0.000000
0.698635 0.000000
0.616864 0.000000
0.518174 0.000000
0.415295 0.000000
0.317299 0.000000
0.229545 0.000000
0.154407 0.000000
0.092237 0.000000
0.042227 0.000000
0.003046 0.000000
-0.026764 0.000000
-0.048594 0.000000
-0.063694 0.000000
-0.073170 0.000000
-0.077589 0.000000
-0.072312 0.000000
-0.045189 0.000000
0.014711 0.000000
0.109333 0.000000
0.226261 0.000000
0.340360 0.000000
0.426941 0.000000
0.472219 0.000000
0.475326 0.000000
0.444317 0.000000
0.390994 0.000000
0.326838 0.000000
0.260837 0.000000
0.198883 0.000000
0.144122 0.000000
0.097696 0.000000
0.059508 0.000000
0.028833 0.000000
0.004725 0.000378
-0.013754 0.006719
-0.027445 0.031986
-0.037075 0.087849
-0.043233 0.177292
-0.046538 0.294062
-0.047506 0.426474
-0.046622 0.561900
-0.044336 0.689503
-0.041060 0.796733
-0.037160 0.867140
-0.032988 0.888299
-0.028740 0.858270
-0.024614 0.785316
-0.020750 0.683481
-0.017238 0.567727
-0.014124 0.450633
-0.011425 0.341005
-0.009131 0.243900
-0.007214 0.161401
-0.005638 0.093589
-0.004362 0.039408
-0.003341 -0.002697
-0.002536 -0.034019
-0.001908 -0.050558
-0.001424 -0.040783
-0.001054 0.005711
-0.000774 0.090776
-0.000564 0.206767
-0.000409 0.335497
-0.000253 0.450557
-0.000139 0.529096
-0.000058 0.560544
0.000000 0.547153
0.000000 0.499448
0.000000 0.430798
0.000000 0.353458
0.000000 0.276621
0.000000 0.206049
0.000000 0.144604
0.000000 0.093109
0.000000 0.051177
0.000000 0.017844
0.000378 -0.008022
0.006719 -0.027512
0.031986 -0.041595
0.087849 -0.051107
0.177292 -0.056786
0.294062 -0.059294
0.426474 -0.059204
0.561522 -0.057138
0.683161 -0.053618
0.771467 -0.049116
0.811278 -0.044040
0.798855 -0.038735
0.741500 -0.033472
0.652904 -0.028455
0.548055 -0.023865
0.439746 -0.019732
0.337061 -0.016099
0.245331 -0.012971
0.166879 -0.010328
0.101987 -0.008133
0.049773 -0.006336
0.008832 -0.004888
-0.021991 -0.003734
-0.038565 -0.002827
-0.029236 -0.002122
0.016511 -0.001580
0.100254 -0.001167
0.209225 -0.000855
0.317935 -0.000622
0.401322 -0.000409
0.445260 -0.000253
0.448448 -0.000139
0.418582 -0.000058
0.367137 0.000000
0.305312 0.000000
0.241861 0.000000
0.182494 0.000000
0.130226 0.000000
0.086108 0.000000
0.049991 0.000000
0.021126 0.000000
-0.001057 0.000000
-0.011898 0.000000
0.000744 0.000000
0.047841 0.000000
0.131775 0.000000
0.245756 0.000000
0.377603 0.000000
0.513847 0.000000
0.638051 0.000000
0.729842 0.000000
0.773709 0.000000
0.765615 0.000000
0.712620 0.000000
0.628231 0.000000
0.527305 0.000000
0.422508 0.000000
0.322937 0.000000
0.233906 0.000000
0.157748 0.000000
0.094773 0.000000
0.044135 0.000000
0.004470 0.000000
-0.025332 0.000000
-0.041101 0.000000
-0.031144 0.000000
0.015087 0.000000
0.099578 0.000000
0.215170 0.000000
0.349357 0.000000
0.488762 0.000000
0.622300 0.000000
0.742371 0.000000
0.844620 0.000000
0.922318 0.000000
0.963206 0.000000
0.957465 0.000000
0.904328 0.000000
0.812311 0.000000
0.695196 0.000000
0.567469 0.000000
0.441200 0.000000
0.324739 0.000000
0.222770 0.000000
0.137067 0.000000
0.067457 0.000000
0.012654 0.000000
-0.029110 0.000000
-0.059334 0.000000
-0.074212 0.000000
-0.062352 0.000000
-0.013567 0.000000
0.073863 0.000000
0.192182 0.000000
0.323122 0.000000
0.440217 0.000000
0.520581 0.000000
0.553588 0.000000
0.541544 0.000000
0.494979 0.000000
0.427277 0.000000
0.350714 0.000000
0.274504 0.000000
0.204432 0.000000
0.143379 0.000000
0.092190 0.000000
0.050493 0.000000
0.017339 0.000000
-0.008392 0.000000
-0.027782 0.000000
-0.041789 0.000000
-0.051247 0.000000
-0.056844 0.000000
-0.059294 0.000000
-0.059204 0.000000
-0.057138 0.000000
-0.053618 0.000000
-0.049116 0.000000
-0.044040 0.000000
-0.038735 0.000000
-0.033472 0.000000
-0.028455 0.000000
-0.023865 0.000000
-0.019732 0.000000
-0.016099 0.000000
-0.012971 0.000000
-0.010328 0.000000
-0.008133 0.000000
-0.006336 0.000000
-0.004888 0.000000
-0.003734 0.000000
-0.002827 0.000000
-0.002122 0.000000
-0.001580 0.000000
-0.001167 0.000000
-0.000855 0.000000
-0.000622 0.000000
-0.000409 0.000000
-0.000253 0.000000
-0.000139 0.000000
-0.000058 0.000000
0.000000 0.000000
0.000000 0.000000
0.000000 0.000000
0.000000 0.000000
0.000000 0.000000
0.000000 0.000000
0.000000 0.000000
0.000000 0.000000
0.000000 0.000000
0.000000 0.000000
0.000000 0.000000
0.000000 0.000000
0.000000 0.000000
0.000000 0.000000
0.000000 0.000000
0.000000 0.000000
0.000000 0.000000
0.000000 0.000000
0.000000 0.000000
0.000000 0.000000
0.000000 0.000000
0.000000 0.000000
0.000000 0.000000
0.000000 0.000000
0.000000 0.000000
0.000000 0.000000
0.000000 0.000000
0.000000 0.000000
0.000000 0.000000
0.000000 0.000000
0.000000 0.000000
0.000000 0.000000
0.000000 0.000000
0.000000 0.000000
0.000000 0.000000
0.000000 0.000000
0.000000 0.000000
0.000000 0.000000
0.000000 0.000000
0.000000 0.000000
0.000000 0.000000
0.000000 0.000000
0.000000 0.000000
0.000000 0.000000
0.000000 0.000000
0.000000 0.000000
0.000000 0.000000
0.000000 0.000000
0.000000 0.000000
0.000000 0.000000
0.000000 0.000000
0.000000 0.000000
0.000000 0.000000
0.000000 0.000000
0.000000 0.000000
0.000000 0.000000
0.000000 0.000000
0.000000 0.000000
0.000000 0.000000
0.000000 0.000000
0.000000 0.000000
0.000000 0.000000
0.000000 0.000000
