0.000000 0.000000
0.000000 0.000000
0.000000 0.000000
0.000000 0.000000
0.000000 0.000000
0.000000 0.000000
0.000000 0.000000
0.000000 0.000000
0.000000 0.000000
0.000000 0.000000
0.000000 0.000000
0.000000 0.000000
0.000000 0.000000
0.000000 0.000000
0.000000 0.000000
0.000000 0.000378
0.000000 0.006719
0.000000 0.031986
0.000000 0.087849
0.000000 0.176914
0.000000 0.287343
0.000000 0.394488
0.000000 0.474051
0.000000 0.512588
0.000000 0.509391
0.000000 0.472652
0.000000 0.414248
0.000000 0.345682
0.000000 0.275925
0.000000 0.210829
0.000000 0.153479
0.000000 0.104951
0.000000 0.065079
0.000000 0.033072
0.000378 0.007922
0.006719 -0.011363
0.031986 -0.025671
0.087849 -0.035769
0.176914 -0.042320
0.287343 -0.045915
0.394488 -0.047097
0.474051 -0.046369
0.512588 -0.044196
0.509391 -0.041002
0.472652 -0.037160
0.414248 -0.032988
0.345682 -0.028740
0.275925 -0.024614
0.210829 -0.020750
0.153479 -0.017238
0.104951 -0.014124
0.065079 -0.011425
0.033072 -0.009131
0.007922 -0.006836
-0.011363 0.001081
-0.025671 0.027625
-0.035769 0.084507
-0.042320 0.174756
-0.045915 0.292154
-0.047097 0.425050
-0.046369 0.560846
-0.044196 0.689107
-0.041002 0.802511
-0.037160 0.891998
-0.032988 0.943909
-0.028740 0.947574
-0.024614 0.902028
-0.020750 0.815893
-0.017238 0.703152
-0.014124 0.578614
-0.011425 0.454577
-0.009131 0.339574
-0.007214 0.238423
-0.005638 0.153003
-0.004362 0.083224
-0.003341 0.027880
-0.002536 -0.014725
-0.001908 -0.046013
-0.001424 -0.062105
-0.001054 -0.051583
-0.000774 -0.004145
-0.000564 0.081976
-0.000409 0.199440
-0.000253 0.335589
-0.000139 0.476935
-0.000058 0.612270
0.000000 0.733617
0.000000 0.831381
0.000000 0.891442
0.000000 0.902874
0.000000 0.864500
0.000000 0.784814
0.000000 0.677782
0.000000 0.558153
0.000000 0.438264
0.000000 0.326709
0.000000 0.228382
0.000000 0.145243
0.000000 0.077283
0.000000 0.023372
0.000000 -0.018117
0.000378 -0.048922
0.006719 -0.070657
0.031986 -0.084875
0.087849 -0.092907
0.177292 -0.095938
0.293684 -0.095031
0.419755 -0.091138
0.529914 -0.085104
0.602032 -0.077669
0.626161 -0.069458
0.605064 -0.061026
0.549673 -0.052720
0.473662 -0.044839
0.389498 -0.037586
0.306502 -0.031079
0.230500 -0.025370
0.164366 -0.020461
0.108895 -0.016313
0.063648 -0.012865
0.027594 -0.010041
-0.000476 -0.007382
-0.021727 0.000778
-0.037200 0.027478
-0.047797 0.084457
-0.054313 0.174384
-0.057462 0.285511
-0.057898 0.393182
-0.056225 0.473138
-0.052996 0.511966
-0.048707 0.508982
-0.043788 0.472400
-0.038596 0.414108
-0.033414 0.345623
-0.028455 0.275925
-0.023865 0.210829
-0.019732 0.153479
-0.016099 0.104951
-0.012971 0.065079
-0.010328 0.033072
-0.007755 0.007922
0.000383 -0.011363
0.027099 -0.025671
0.084114 -0.035769
0.174465 -0.042320
0.291940 -0.045915
0.424894 -0.047097
0.560733 -0.046369
0.689025 -0.044196
0.802830 -0.041002
0.898340 -0.037160
0.969176 -0.032988
1.003437 -0.028740
0.991471 -0.024614
0.932663 -0.020750
0.835564 -0.017238
0.714039 -0.014124
0.582558 -0.011425
0.453146 -0.009131
0.334096 -0.007214
0.230025 -0.005638
0.142639 -0.004362
0.071696 -0.003341
0.015851 -0.002536
-0.026719 -0.001908
-0.057560 -0.001424
-0.072906 -0.001054
-0.061438 -0.000774
-0.012945 -0.000564
0.074272 -0.000409
0.192812 -0.000253
0.329981 -0.000139
0.471883 -0.000058
0.601710 0.000000
0.698894 0.000000
0.747757 0.000000
0.744161 0.000000
0.695114 0.000000
0.614120 0.000000
0.516057 0.000000
0.413677 0.000000
0.316074 0.000000
0.228626 0.000000
0.153723 0.000000
0.091732 0.000000
0.041857 0.000000
0.002777 0.000000
-0.026581 0.000000
-0.042014 0.000000
-0.031766 0.000000
0.014679 0.000000
0.099326 0.000000
0.215031 0.000000
0.349299 0.000000
0.488762 0.000000
0.621922 0.000000
0.735651 0.000000
0.813012 0.000000
0.841189 0.000000
0.817900 0.000000
0.751251 0.000000
0.655146 0.000000
0.544473 0.000000
0.431790 0.000000
0.325916 0.000000
0.231954 0.000000
0.152044 0.000000
0.086334 0.000000
0.033837 0.000000
-0.006936 0.000000
-0.037217 0.000000
-0.052950 0.000000
-0.042557 0.000000
0.004404 0.000000
0.089485 0.000000
0.199803 0.000000
0.309822 0.000000
0.394442 0.000000
0.439513 0.000000
0.443716 0.000000
0.414741 0.000000
0.364022 0.000000
0.302817 0.000000
0.239886 0.000000
0.180948 0.000000
0.129028 0.000000
0.085189 0.000000
0.049293 0.000000
0.020600 0.000000
-0.001828 0.000378
-0.018909 0.006719
-0.031456 0.031986
-0.040164 0.087849
-0.045630 0.177292
-0.048388 0.294062
-0.048930 0.426474
-0.047675 0.561900
-0.045110 0.689881
-0.041625 0.803075
-0.037569 0.892407
-0.033240 0.944162
-0.028880 0.947714
-0.024673 0.902086
-0.020750 0.815893
-0.017238 0.703152
-0.014124 0.578614
-0.011425 0.454577
-0.009131 0.339574
-0.007214 0.238423
-0.005638 0.153003
-0.004362 0.083224
-0.003341 0.027880
-0.002536 -0.014725
-0.001908 -0.046013
-0.001424 -0.062105
-0.001054 -0.051583
-0.000774 -0.004145
-0.000564 0.081976
-0.000409 0.199440
-0.000253 0.335589
-0.000139 0.476935
-0.000058 0.612270
0.000000 0.733617
0.000000 0.831381
0.000000 0.891442
0.000000 0.902874
0.000000 0.864500
0.000000 0.784814
0.000000 0.677782
0.000000 0.558153
0.000000 0.438264
0.000000 0.326709
0.000000 0.228382
0.000000 0.145243
0.000000 0.077283
0.000000 0.023372
0.000000 -0.018117
0.000378 -0.048922
0.006719 -0.070657
0.031986 -0.084875
0.087849 -0.092907
0.177292 -0.095938
0.294062 -0.095031
0.426474 -0.091138
0.561522 -0.085104
0.683161 -0.077669
0.771467 -0.069458
0.811278 -0.061026
0.798855 -0.052720
0.741500 -0.044839
0.652904 -0.037586
0.548055 -0.031079
0.439746 -0.025370
0.337061 -0.020461
0.245331 -0.016313
0.166879 -0.012865
0.101987 -0.010041
0.049773 -0.007760
0.008832 -0.005941
-0.022369 -0.004130
-0.045284 0.003328
-0.061222 0.029455
-0.071338 0.086016
-0.076660 0.175608
-0.078118 0.286429
-0.076553 0.393866
-0.072729 0.473643
-0.067328 0.512336
-0.060943 0.509251
-0.054070 0.472594
-0.047111 0.414248
-0.040370 0.345682
-0.034065 0.275925
-0.028335 0.210829
-0.023253 0.153479
-0.018843 0.104951
-0.015088 0.065079
-0.011946 0.033072
-0.009357 0.007922
-0.007255 -0.011363
-0.005571 -0.025671
-0.004239 -0.035769
-0.003197 -0.042320
-0.002391 -0.045538
-0.001774 -0.040378
-0.001306 -0.014383
-0.000913 0.043652
-0.000622 0.136290
-0.000409 0.256902
-0.000253 0.393487
-0.000139 0.532782
-0.000058 0.658547
0.000000 0.750716
0.000000 0.794040
0.000000 0.784731
0.000000 0.730075
0.000000 0.643773
0.000000 0.540841
0.000000 0.434108
0.000000 0.332699
0.000000 0.241990
0.000000 0.164343
0.000000 0.100079
0.000000 0.048349
0.000000 0.007778
0.000000 -0.022765
0.000000 -0.039129
0.000000 -0.029644
0.000000 0.016258
0.000000 0.100115
0.000000 0.209167
0.000000 0.317935
0.000000 0.401322
0.000000 0.445260
0.000000 0.448448
0.000000 0.418582
0.000000 0.367137
0.000000 0.305312
0.000000 0.241861
0.000000 0.182494
0.000000 0.130226
0.000000 0.086108
0.000000 0.049991
0.000000 0.021126
0.000000 -0.001435
0.000000 -0.018618
0.000000 -0.031242
0.000378 -0.040008
0.006719 -0.045517
0.031986 -0.048306
0.087849 -0.048872
0.177292 -0.047675
0.294062 -0.045110
0.426096 -0.041625
0.555180 -0.037569
0.657895 -0.033240
0.715604 -0.028880
0.721834 -0.024673
0.682085 -0.020750
0.609088 -0.017238
0.517478 -0.014124
0.420074 -0.011425
0.326174 -0.009131
0.241387 -0.007214
0.168310 -0.005638
0.107464 -0.004362
0.058171 -0.003341
0.019196 -0.002536
-0.010840 -0.001530
-0.033256 0.005296
-0.049228 0.030932
-0.059791 0.087075
-0.065860 0.176728
-0.068262 0.293654
-0.067753 0.426222
-0.065024 0.561383
-0.060701 0.683103
-0.055335 0.771467
-0.049396 0.811278
-0.043270 0.798855
-0.037255 0.741500
-0.031570 0.652904
-0.026360 0.548055
-0.021707 0.439746
-0.017645 0.337061
-0.014169 0.245331
-0.011247 0.166879
-0.008831 0.101987
-0.006862 0.049773
-0.005280 0.008832
-0.004025 -0.021991
-0.003041 -0.038565
-0.002278 -0.029236
-0.001693 0.016511
-0.001248 0.100632
-0.000913 0.215567
-0.000622 0.343202
-0.000409 0.457185
-0.000253 0.534704
-0.000139 0.565218
-0.000058 0.550994
0.000000 0.502563
0.000000 0.433292
0.000000 0.355433
0.000000 0.278167
0.000000 0.207247
0.000000 0.145523
0.000000 0.093807
0.000000 0.051703
0.000000 0.018237
0.000000 -0.007353
0.000000 -0.020579
0.000000 -0.009453
0.000000 0.036854
0.000000 0.120210
0.000000 0.228107
0.000000 0.335284
0.000000 0.416913
0.000000 0.458970
0.000000 0.460275
0.000000 0.428612
0.000000 0.375512
0.000000 0.312209
0.000000 0.247470
0.000000 0.186963
0.000000 0.133747
0.000000 0.088852
0.000000 0.052108
0.000000 0.022743
0.000378 -0.000210
0.006719 -0.017699
0.031986 -0.030559
0.087849 -0.039503
0.176914 -0.045147
0.287343 -0.048037
0.394488 -0.048677
0.474051 -0.047536
0.512588 -0.045052
0.509391 -0.041625
0.472652 -0.037569
0.414248 -0.033240
0.345682 -0.028880
0.275925 -0.024673
0.210829 -0.020750
0.153479 -0.017238
0.104951 -0.014124
0.065079 -0.011425
0.033072 -0.009131
0.008300 -0.007214
-0.004643 -0.005638
0.006315 -0.004362
0.052080 -0.003341
0.134973 -0.002536
0.248147 -0.001908
0.379377 -0.001424
0.515531 -0.001054
0.645684 -0.000774
0.762073 -0.000564
0.855246 -0.000409
0.911174 -0.000253
0.918974 -0.000139
0.877472 -0.000058
0.795142 0.000000
0.685915 0.000000
0.564489 0.000000
0.443152 0.000000
0.330443 0.000000
0.231209 0.000000
0.147365 0.000000
0.078863 0.000000
0.024538 0.000000
-0.017262 0.000000
-0.048299 0.000378
-0.070248 0.006719
-0.084623 0.031986
-0.092767 0.087849
-0.095880 0.176914
-0.095031 0.287343
-0.091138 0.394488
-0.085104 0.474051
-0.077669 0.512588
-0.069458 0.509391
-0.061026 0.472652
-0.052720 0.414248
-0.044839 0.345682
-0.037586 0.275925
-0.031079 0.210829
-0.025370 0.153479
-0.020461 0.104951
-0.016313 0.065079
-0.012865 0.033072
-0.010041 0.008300
-0.007760 -0.004643
-0.005941 0.006315
-0.004508 0.052080
-0.003391 0.134595
-0.002531 0.241427
-0.001832 0.347391
-0.001306 0.427682
-0.000913 0.468392
-0.000622 0.468388
-0.000409 0.435492
-0.000253 0.381260
-0.000139 0.316941
-0.000058 0.251311
0.000000 0.190078
0.000000 0.136241
0.000000 0.090827
0.000000 0.053654
0.000000 0.023941
0.000000 0.001086
0.000000 -0.010281
0.000000 0.001953
0.000000 0.048738
0.000000 0.132059
0.000000 0.239519
0.000000 0.345967
0.000000 0.426629
0.000000 0.467618
0.000000 0.467824
0.000000 0.435083
0.000000 0.381007
0.000000 0.316802
0.000000 0.251253
0.000000 0.190078
0.000000 0.136241
0.000000 0.090827
0.000000 0.053654
0.000000 0.023941
0.000378 0.000709
0.006719 -0.017001
0.031986 -0.030033
0.087849 -0.039110
0.177292 -0.044856
0.294062 -0.047824
0.426474 -0.048521
0.561522 -0.047423
0.683161 -0.044970
0.771467 -0.041567
0.811278 -0.037569
0.798855 -0.033240
0.741500 -0.028880
0.652904 -0.024673
0.548055 -0.020750
0.439746 -0.017238
0.337061 -0.014124
0.245331 -0.011425
0.166879 -0.009131
0.101987 -0.007214
0.049773 -0.005638
0.008832 -0.004362
-0.021991 -0.003341
-0.038565 -0.002536
-0.029236 -0.001908
0.016511 -0.001424
0.100632 -0.001054
0.215944 -0.000774
0.349921 -0.000564
0.488793 -0.000409
0.615833 -0.000253
0.710524 -0.000139
0.757208 -0.000058
0.751745 0.000000
0.701130 0.000000
0.618839 0.000000
0.519720 0.000000
0.416493 0.000000
0.318218 0.000000
0.230243 0.000000
0.154933 0.000000
0.092630 0.000000
0.042518 0.000000
0.003260 0.000000
-0.026608 0.000378
-0.048481 0.006719
-0.063613 0.031986
-0.073112 0.087849
-0.077967 0.176914
-0.079031 0.287343
-0.077175 0.394488
-0.073138 0.474051
-0.067581 0.512588
-0.061082 0.509391
-0.054128 0.472652
-0.047111 0.414248
-0.040370 0.345682
-0.034065 0.275925
-0.028335 0.210829
-0.023253 0.153479
-0.018843 0.104951
-0.015088 0.065079
-0.011946 0.033072
-0.008979 0.007922
-0.000536 -0.011363
0.026415 -0.025671
0.083610 -0.035769
0.174095 -0.042320
0.291293 -0.045915
0.417981 -0.047097
0.528608 -0.046369
0.601119 -0.044196
0.625538 -0.041002
0.604656 -0.037160
0.549421 -0.032988
0.473523 -0.028740
0.389439 -0.024614
0.306502 -0.020750
0.230500 -0.017238
0.164366 -0.014124
0.108895 -0.011425
0.063648 -0.009131
0.027594 -0.007214
-0.000098 -0.005638
-0.015008 -0.004362
-0.005214 -0.003341
0.040051 -0.002536
0.122979 -0.001908
0.236600 -0.001424
0.368199 -0.001054
0.498956 -0.000774
0.604899 -0.000564
0.666897 -0.000409
0.678046 -0.000253
0.643490 -0.000139
0.575674 -0.000058
0.489023 0.000000
0.396209 0.000000
0.306442 0.000000
0.225288 0.000000
0.155339 0.000000
0.097136 0.000000
0.050038 0.000000
0.012860 0.000000
-0.015350 0.000000
-0.030271 0.000000
-0.020069 0.000000
0.025936 0.000000
0.109852 0.000000
0.224633 0.000000
0.357488 0.000000
0.489534 0.000000
0.596785 0.000000
0.660017 0.000000
0.672299 0.000000
0.638758 0.000000
0.571833 0.000000
0.485908 0.000000
0.393714 0.000000
0.304467 0.000000
0.223742 0.000000
0.154141 0.000000
0.096217 0.000000
0.049340 0.000000
0.012334 0.000000
-0.015743 0.000000
-0.030562 0.000000
-0.020283 0.000000
0.025780 0.000000
0.109739 0.000000
0.224552 0.000000
0.357808 0.000000
0.495875 0.000000
0.622052 0.000000
0.715879 0.000000
0.761742 0.000000
0.755528 0.000000
0.704245 0.000000
0.621334 0.000000
0.521695 0.000000
0.418039 0.000000
0.319415 0.000000
0.231162 0.000000
0.155631 0.000000
0.093156 0.000000
0.042910 0.000000
0.003551 0.000000
-0.026016 0.000000
-0.041606 0.000000
-0.031514 0.000000
0.014818 0.000000
0.099006 0.000000
0.208311 0.000000
0.317313 0.000000
0.400914 0.000000
0.445007 0.000000
0.448308 0.000000
0.418524 0.000000
0.367137 0.000000
0.305312 0.000000
0.241861 0.000000
0.182494 0.000000
0.130226 0.000000
0.086108 0.000000
0.049991 0.000000
0.021126 0.000000
-0.001057 0.000000
-0.011898 0.000000
0.000744 0.000000
0.047841 0.000000
0.131398 0.000000
0.239036 0.000000
0.345617 0.000000
0.426376 0.000000
0.467479 0.000000
0.467766 0.000000
0.435083 0.000000
0.381007 0.000000
0.316802 0.000000
0.251253 0.000000
0.190078 0.000000
0.136241 0.000000
0.090827 0.000000
0.053654 0.000000
0.023941 0.000000
0.000709 0.000000
-0.017001 0.000000
-0.030033 0.000000
-0.039110 0.000000
-0.044856 0.000378
-0.047824 0.006719
-0.048521 0.031986
-0.047423 0.087849
-0.044970 0.176914
-0.041567 0.287343
-0.037569 0.394488
-0.033240 0.474051
-0.028880 0.512588
-0.024673 0.509391
-0.020750 0.472652
-0.017238 0.414248
-0.014124 0.345682
-0.011425 0.275925
-0.009131 0.210829
-0.007214 0.153479
-0.005638 0.104951
-0.004362 0.065079
-0.003341 0.033072
-0.002536 0.008300
-0.001908 -0.004643
-0.001424 0.006315
-0.001054 0.052080
-0.000774 0.134595
-0.000564 0.241427
-0.000409 0.347391
-0.000253 0.427682
-0.000139 0.468392
-0.000058 0.468388
0.000000 0.435492
0.000000 0.381260
0.000000 0.316941
0.000000 0.251311
0.000000 0.190078
0.000000 0.136241
0.000000 0.090827
0.000000 0.053654
0.000000 0.023941
0.000000 0.000709
0.000000 -0.017001
0.000000 -0.030033
0.000000 -0.039110
0.000000 -0.044856
0.000000 -0.047824
0.000000 -0.048521
0.000000 -0.047423
0.000000 -0.044970
0.000000 -0.041567
0.000000 -0.037569
0.000000 -0.033240
0.000000 -0.028880
0.000000 -0.024673
0.000000 -0.020750
0.000000 -0.017238
0.000000 -0.014124
0.000000 -0.011425
0.000000 -0.009131
0.000000 -0.007214
0.000000 -0.005638
0.000000 -0.004362
0.000000 -0.003341
0.000000 -0.002536
0.000000 -0.001908
0.000000 -0.001424
0.000000 -0.001054
0.000000 -0.000774
0.000000 -0.000564
0.000000 -0.000409
0.000000 -0.000253
0.000000 -0.000139
0.000000 -0.000058
0.000000 0.000000
0.000000 0.000000
0.000000 0.000000
0.000000 0.000000
0.000000 0.000000
0.000000 0.000000
0.000000 0.000000
0.000000 0.000000
0.000000 0.000000
0.000000 0.000000
0.000000 0.000000
0.000000 0.000000
0.000000 0.000000
0.000000 0.000000
0.000000 0.000000
0.000000 0.000000
0.000000 0.000000
0.000000 0.000000
0.000000 0.000000
0.000000 0.000000
0.000000 0.000000
0.000000 0.000000
0.000000 0.000000
0.000000 0.000000
0.000000 0.000000
0.000000 0.000000
0.000000 0.000000
0.000000 0.000000
0.000000 0.000000
0.000000 0.000000
0.000000 0.000000
0.000000 0.000000
0.000000 0.000000
0.000000 0.000000
0.000000 0.000000
0.000000 0.000000
0.000000 0.000000
0.000000 0.000000
0.000000 0.000000
0.000000 0.000000
0.000000 0.000000
0.000000 0.000000
0.000000 0.000000
0.000000 0.000000
0.000000 0.000000
0.000000 0.000000
0.000000 0.000000
0.000000 0.000000
0.000000 0.000000
0.000000 0.000000
0.000000 0.000000
0.000000 0.000000
0.000000 0.000000
0.000000 0.000000
0.000000 0.000000
0.000000 0.000000
0.000000 0.000000
0.000000 0.000000
0.000000 0.000000
0.000000 0.000000
0.000000 0.000000
0.000000 0.000000
0.000000 0.000000
0.000000 0.000000
0.000000 0.000000
0.000000 0.000000
0.000000 0.000000
0.000000 0.000000
0.000000 0.000000
0.000000 0.000000
0.000000 0.000000
0.000000 0.000000
0.000000 0.000000
0.000000 0.000000
0.000000 0.000000
0.000000 0.000000
0.000000 0.000000
0.000000 0.000000
0.000000 0.000000
0.000000 0.000000
0.000000 0.000000
0.000000 0.000000
0.000000 0.000000
0.000000 0.000000
0.000000 0.000000
0.000000 0.000000
0.000000 0.000000
0.000000 0.000000
0.000000 0.000000
0.000000 0.000000
0.000000 0.000000
