0.000000 0.000000
0.000000 0.000000
0.000000 0.000000
0.000000 0.000000
0.000000 0.000000
0.000000 0.000000
0.000000 0.000000
0.000000 0.000000
0.000000 0.000000
0.000000 0.000000
0.000000 0.000000
0.000000 0.000000
0.000000 0.000000
0.000000 0.000000
0.000000 0.000000
0.000000 0.000378
0.000000 0.006719
0.000000 0.031986
0.000000 0.087849
0.000000 0.177292
0.000000 0.294062
0.000000 0.426474
0.000000 0.561900
0.000000 0.689881
0.000000 0.803075
0.000000 0.892407
0.000000 0.944162
0.000000 0.947714
0.000000 0.902086
0.000000 0.815893
0.000000 0.703152
0.000000 0.578614
0.000000 0.454577
0.000000 0.339574
0.000000 0.238423
0.000000 0.153003
0.000000 0.083224
0.000000 0.027880
0.000000 -0.014725
0.000378 -0.046391
0.006719 -0.068825
0.031986 -0.083569
0.087849 -0.091993
0.176914 -0.095316
0.287343 -0.094623
0.394488 -0.090885
0.474051 -0.084965
0.512588 -0.077610
0.509391 -0.069458
0.472652 -0.061026
0.414248 -0.052720
0.345682 -0.044839
0.275925 -0.037586
0.210829 -0.031079
0.153479 -0.025370
0.104951 -0.020461
0.065079 -0.016313
0.033072 -0.012865
0.007922 -0.009663
-0.011363 -0.001041
-0.025671 0.026045
-0.035769 0.083340
-0.042320 0.173523
-0.045915 0.284812
-0.047097 0.392656
-0.046369 0.472745
-0.044196 0.511675
-0.041002 0.508768
-0.037160 0.472244
-0.032988 0.413995
-0.028740 0.345542
-0.024614 0.275867
-0.020750 0.210829
-0.017238 0.153479
-0.014124 0.104951
-0.011425 0.065079
-0.009131 0.033072
-0.007214 0.008300
-0.005638 -0.004643
-0.004362 0.006315
-0.003341 0.052080
-0.002536 0.134973
-0.001908 0.248147
-0.001424 0.379377
-0.001054 0.515531
-0.000774 0.645684
-0.000564 0.762073
-0.000409 0.855246
-0.000253 0.911174
-0.000139 0.918974
-0.000058 0.877472
0.000000 0.795142
0.000000 0.685915
0.000000 0.564489
0.000000 0.443152
0.000000 0.330443
0.000000 0.231209
0.000000 0.147365
0.000000 0.078863
0.000000 0.024538
0.000000 -0.017262
0.000378 -0.048299
0.006719 -0.070248
0.031986 -0.084623
0.087849 -0.092767
0.177292 -0.095880
0.294062 -0.095031
0.426096 -0.091138
0.555180 -0.085104
0.657895 -0.077669
0.715604 -0.069458
0.721834 -0.061026
0.682085 -0.052720
0.609088 -0.044839
0.517478 -0.037586
0.420074 -0.031079
0.326174 -0.025370
0.241387 -0.020461
0.168310 -0.016313
0.107464 -0.012865
0.058171 -0.010041
0.019196 -0.007760
-0.010840 -0.005941
-0.033256 -0.004508
-0.049228 -0.003391
-0.059791 -0.002531
-0.065860 -0.001832
-0.068262 -0.000928
-0.067753 0.005806
-0.065024 0.031364
-0.060701 0.087440
-0.055335 0.177040
-0.049396 0.293923
-0.043270 0.426416
-0.037255 0.561900
-0.031570 0.689881
-0.026360 0.803453
-0.021707 0.898749
-0.017645 0.969428
-0.014169 1.003576
-0.011247 0.991530
-0.008831 0.932663
-0.006862 0.835564
-0.005280 0.714039
-0.004025 0.582558
-0.003041 0.453146
-0.002278 0.334096
-0.001693 0.230025
-0.001248 0.142639
-0.000913 0.071696
-0.000622 0.015851
-0.000409 -0.026719
0.000125 -0.057938
0.006580 -0.079625
0.031928 -0.093424
0.087849 -0.100793
0.177292 -0.103021
0.294062 -0.101250
0.426474 -0.096493
0.561900 -0.089639
0.689881 -0.081451
0.803453 -0.072572
0.898749 -0.063520
0.969428 -0.054695
1.003576 -0.046386
0.991530 -0.038784
0.932663 -0.031998
0.835564 -0.026069
0.714039 -0.020987
0.582558 -0.016706
0.453146 -0.013156
0.334096 -0.010255
0.230025 -0.007916
0.142639 -0.006054
0.071696 -0.004589
0.015851 -0.003450
-0.026719 -0.002531
-0.057938 -0.001454
-0.079625 0.005413
-0.093424 0.031073
-0.100793 0.087226
-0.103021 0.176506
-0.101250 0.287090
-0.096493 0.394349
-0.089639 0.473993
-0.081451 0.512588
-0.072572 0.509391
-0.063520 0.472652
-0.054695 0.414248
-0.046386 0.345682
-0.038784 0.275925
-0.031998 0.210829
-0.026069 0.153479
-0.020987 0.104951
-0.016706 0.065079
-0.013156 0.033072
-0.009877 0.007922
-0.001197 -0.011363
0.025932 -0.025671
0.083259 -0.035769
0.173843 -0.042320
0.291532 -0.045915
0.424642 -0.047097
0.560594 -0.046369
0.688589 -0.044196
0.796111 -0.041002
0.866732 -0.037160
0.888047 -0.032988
0.858131 -0.028740
0.785258 -0.024614
0.683481 -0.020750
0.567727 -0.017238
0.450633 -0.014124
0.341005 -0.011425
0.243900 -0.009131
0.161401 -0.007214
0.093589 -0.005638
0.039408 -0.004362
-0.002697 -0.003341
-0.034397 -0.002158
-0.057278 0.004811
-0.072769 0.030562
-0.082138 0.086795
-0.086516 0.176141
-0.086918 0.286778
-0.084258 0.394080
-0.079357 0.473799
-0.072936 0.512449
-0.065617 0.509332
-0.057911 0.472652
-0.050225 0.414248
-0.042865 0.345682
-0.036040 0.275925
-0.029881 0.210829
-0.024451 0.153479
-0.019762 0.104951
-0.015787 0.065079
-0.012472 0.033072
-0.009372 0.007922
-0.000827 -0.011363
0.026201 -0.025671
0.083453 -0.035769
0.173982 -0.042320
0.291590 -0.045915
0.424642 -0.047097
0.560594 -0.046369
0.688967 -0.044196
0.802453 -0.041002
0.891998 -0.037160
0.943909 -0.032988
0.947574 -0.028740
0.902028 -0.024614
0.815893 -0.020750
0.703152 -0.017238
0.578614 -0.014124
0.454577 -0.011425
0.339574 -0.009131
0.238423 -0.007214
0.153003 -0.005638
0.083224 -0.004362
0.027880 -0.003341
-0.014725 -0.002536
-0.046391 -0.001530
-0.068825 0.005296
-0.083569 0.030932
-0.091993 0.087075
-0.095316 0.176728
-0.094623 0.293276
-0.090885 0.419502
-0.084965 0.529774
-0.077610 0.601974
-0.069458 0.626161
-0.061026 0.605064
-0.052720 0.549673
-0.044839 0.473662
-0.037586 0.389498
-0.031079 0.306502
-0.025370 0.230500
-0.020461 0.164366
-0.016313 0.108895
-0.012865 0.063648
-0.010041 0.027594
-0.007760 -0.000098
-0.005941 -0.015008
-0.004508 -0.005214
-0.003391 0.040051
-0.002531 0.122601
-0.001832 0.229881
-0.001306 0.336590
-0.000913 0.417827
-0.000622 0.459592
-0.000409 0.460683
-0.000253 0.428864
-0.000139 0.375652
-0.000058 0.312267
0.000000 0.247470
0.000000 0.186963
0.000000 0.133747
0.000000 0.088852
0.000000 0.052108
0.000000 0.022743
0.000000 -0.000210
0.000000 -0.017699
0.000000 -0.030559
0.000000 -0.039503
0.000378 -0.045147
0.006719 -0.048037
0.031986 -0.048677
0.087849 -0.047536
0.176914 -0.045052
0.287343 -0.041625
0.394488 -0.037569
0.474051 -0.033240
0.512588 -0.028880
0.509391 -0.024673
0.472652 -0.020750
0.414248 -0.017238
0.345682 -0.014124
0.275925 -0.011425
0.210829 -0.009131
0.153479 -0.007214
0.104951 -0.005638
0.065079 -0.004362
0.033072 -0.003341
0.007922 -0.002536
-0.011363 -0.001908
-0.025671 -0.001424
-0.035769 -0.001054
-0.042320 -0.000774
-0.045915 -0.000187
-0.047097 0.006311
-0.046369 0.031734
-0.044196 0.087709
-0.041002 0.177234
-0.037160 0.293684
-0.032988 0.419755
-0.028740 0.529914
-0.024614 0.602032
-0.020750 0.626161
-0.017238 0.605064
-0.014124 0.549673
-0.011425 0.473662
-0.009131 0.389498
-0.007214 0.306502
-0.005638 0.230500
-0.004362 0.164366
-0.003341 0.108895
-0.002536 0.063648
-0.001908 0.027594
-0.001424 -0.000476
-0.001054 -0.021727
-0.000774 -0.037200
-0.000564 -0.047797
-0.000409 -0.054313
-0.000253 -0.057084
-0.000139 -0.051178
-0.000058 -0.024239
0.000000 0.034853
0.000000 0.128207
0.000000 0.243555
0.000000 0.355892
0.000000 0.440637
0.000000 0.484133
0.000000 0.485525
0.000000 0.452920
0.000000 0.398148
0.000000 0.332710
0.000000 0.265597
0.000000 0.202696
0.000000 0.147143
0.000000 0.100064
0.000000 0.061345
0.000000 0.030245
0.000000 0.005800
0.000000 -0.012942
0.000000 -0.026838
0.000000 -0.036624
0.000000 -0.042942
0.000378 -0.046324
0.006719 -0.047350
0.031986 -0.046509
0.087849 -0.044254
0.177292 -0.041002
0.294062 -0.037160
0.426474 -0.032988
0.561900 -0.028740
0.689881 -0.024614
0.803453 -0.020750
0.898749 -0.017238
0.969428 -0.014124
1.003576 -0.011425
0.991530 -0.009131
0.932663 -0.007214
0.835564 -0.005638
0.714039 -0.004362
0.582558 -0.003341
0.453146 -0.002536
0.334096 -0.001908
0.230025 -0.001424
0.142639 -0.001054
0.071696 -0.000774
0.015851 -0.000564
-0.026719 -0.000409
-0.057560 -0.000253
-0.072906 -0.000139
-0.061438 -0.000058
-0.012945 0.000000
0.073894 0.000000
0.186093 0.000000
0.297995 0.000000
0.384413 0.000000
0.431137 0.000000
0.436818 0.000000
0.409132 0.000000
0.359553 0.000000
0.299296 0.000000
0.237142 0.000000
0.178831 0.000000
0.127410 0.000000
0.083965 0.000000
0.048374 0.000000
0.019916 0.000000
-0.002332 0.000000
-0.019279 0.000000
-0.031725 0.000000
-0.040358 0.000000
-0.045769 0.000378
-0.048446 0.006719
-0.048930 0.031986
-0.047675 0.087849
-0.045110 0.177292
-0.041625 0.294062
-0.037569 0.426474
-0.033240 0.561900
-0.028880 0.689503
-0.024673 0.796733
-0.020750 0.867140
-0.017238 0.888299
-0.014124 0.858270
-0.011425 0.785316
-0.009131 0.683481
-0.007214 0.567727
-0.005638 0.450633
-0.004362 0.341005
-0.003341 0.243900
-0.002536 0.161401
-0.001908 0.093589
-0.001424 0.039408
-0.001054 -0.002697
-0.000396 -0.034397
0.006155 -0.057278
0.031578 -0.072769
0.087596 -0.082138
0.176775 -0.086516
0.287285 -0.086918
0.394488 -0.084258
0.474051 -0.079357
0.512588 -0.072936
0.509391 -0.065617
0.472652 -0.057911
0.414248 -0.050225
0.345682 -0.042865
0.275925 -0.036040
0.210829 -0.029881
0.153479 -0.024451
0.104951 -0.019762
0.065079 -0.015787
0.033072 -0.012472
0.008300 -0.009750
-0.004643 -0.007546
0.006315 -0.005785
0.052080 -0.004395
0.134973 -0.003310
0.248147 -0.002472
0.379377 -0.001832
0.515153 -0.001306
0.638965 -0.000913
0.730464 -0.000622
0.774117 -0.000409
0.765868 -0.000253
0.712760 -0.000139
0.628290 -0.000058
0.527305 0.000000
0.422508 0.000000
0.322937 0.000000
0.233906 0.000000
0.157748 0.000000
0.094773 0.000000
0.044135 0.000000
0.004470 0.000000
-0.025710 0.000000
-0.047820 0.000000
-0.063130 0.000000
-0.072384 0.000000
-0.070995 0.000000
-0.046906 0.000000
0.010731 0.000000
0.103777 0.000000
0.219762 0.000000
0.333406 0.000000
0.419923 0.000000
0.465478 0.000000
0.469021 0.000000
0.438587 0.000000
0.385913 0.000000
0.322428 0.000000
0.257082 0.000000
0.195740 0.000000
0.141533 0.000000
0.095594 0.000000
0.057824 0.000000
0.027500 0.000000
0.003683 0.000000
-0.014182 0.000000
-0.021343 0.000000
-0.005557 0.000000
0.044223 0.000000
0.130086 0.000000
0.239623 0.000000
0.347710 0.000000
0.429603 0.000000
0.471447 0.000000
0.472172 0.000000
0.439664 0.000000
0.385507 0.000000
0.321067 0.000000
0.255175 0.000000
0.193591 0.000000
0.139355 0.000000
0.093526 0.000000
0.055949 0.000000
0.025858 0.000000
0.002284 0.000378
-0.015724 0.006719
-0.029012 0.031986
-0.038305 0.087849
-0.044228 0.176914
-0.047339 0.287343
-0.048151 0.394488
-0.047143 0.474051
-0.044761 0.512588
-0.041411 0.509391
-0.037413 0.472652
-0.033127 0.414248
-0.028798 0.345682
-0.024614 0.275925
-0.020750 0.210829
-0.017238 0.153479
-0.014124 0.104951
-0.011425 0.065079
-0.009131 0.033072
-0.006836 0.007922
0.001081 -0.011363
0.027625 -0.025671
0.084507 -0.035769
0.174756 -0.042320
0.291776 -0.045915
0.418331 -0.047097
0.528860 -0.046369
0.601258 -0.044196
0.625596 -0.041002
0.604656 -0.037160
0.549421 -0.032988
0.473523 -0.028740
0.389439 -0.024614
0.306502 -0.020750
0.230500 -0.017238
0.164366 -0.014124
0.108895 -0.011425
0.063648 -0.009131
0.027594 -0.007214
-0.000476 -0.005638
-0.021727 -0.004362
-0.037200 -0.003341
-0.047797 -0.002536
-0.054313 -0.001530
-0.057462 0.005296
-0.057898 0.030932
-0.056225 0.087075
-0.052996 0.176728
-0.048707 0.293276
-0.043788 0.419502
-0.038596 0.529774
-0.033414 0.601974
-0.028455 0.626161
-0.023865 0.605064
-0.019732 0.549673
-0.016099 0.473662
-0.012971 0.389498
-0.010328 0.306502
-0.008133 0.230500
-0.006336 0.164366
-0.004888 0.108895
-0.003734 0.063648
-0.002827 0.027594
-0.002122 -0.000098
-0.001580 -0.015008
-0.001167 -0.005214
-0.000855 0.040051
-0.000622 0.122601
-0.000409 0.229881
-0.000253 0.336590
-0.000139 0.417827
-0.000058 0.459592
0.000000 0.460683
0.000000 0.428864
0.000000 0.375652
0.000000 0.312267
0.000000 0.247470
0.000000 0.186963
0.000000 0.133747
0.000000 0.088852
0.000000 0.052108
0.000000 0.022743
0.000378 -0.000210
0.006719 -0.017699
0.031986 -0.030559
0.087849 -0.039503
0.176914 -0.045147
0.287343 -0.048037
0.394488 -0.048677
0.474051 -0.047536
0.512588 -0.045052
0.509391 -0.041625
0.472652 -0.037569
0.414248 -0.033240
0.345682 -0.028880
0.275925 -0.024673
0.210829 -0.020750
0.153479 -0.017238
0.104951 -0.014124
0.065079 -0.011425
0.033072 -0.009131
0.007922 -0.007214
-0.011363 -0.005638
-0.025671 -0.003984
-0.035769 0.003378
-0.042320 0.029450
-0.045915 0.085940
-0.047097 0.175868
-0.046369 0.293009
-0.044196 0.425700
-0.041002 0.560958
-0.037160 0.682753
-0.032988 0.771214
-0.028740 0.811138
-0.024614 0.798797
-0.020750 0.741500
-0.017238 0.652904
-0.014124 0.548055
-0.011425 0.439746
-0.009131 0.337061
-0.007214 0.245331
-0.005638 0.166879
-0.004362 0.101987
-0.003341 0.049773
-0.002536 0.008832
-0.001530 -0.022369
0.005296 -0.045284
0.030932 -0.061222
0.087075 -0.071338
0.176728 -0.076660
0.293276 -0.078118
0.419502 -0.076553
0.529774 -0.072729
0.601974 -0.067328
0.626161 -0.060943
0.605064 -0.054070
0.549673 -0.047111
0.473662 -0.040370
0.389498 -0.034065
0.306502 -0.028335
0.230500 -0.023253
0.164366 -0.018843
0.108895 -0.015088
0.063648 -0.011946
0.027594 -0.009357
-0.000098 -0.007255
-0.015008 -0.005571
-0.005214 -0.004239
0.040051 -0.003197
0.122601 -0.002391
0.229881 -0.001774
0.336590 -0.001306
0.417827 -0.000913
0.459592 -0.000622
0.460683 -0.000409
0.428864 -0.000253
0.375652 -0.000139
0.312267 -0.000058
0.247470 0.000000
0.186963 0.000000
0.133747 0.000000
0.088852 0.000000
0.052108 0.000000
0.022743 0.000000
0.000167 0.000000
-0.010980 0.000000
0.001427 0.000000
0.048346 0.000000
0.132145 0.000000
0.246025 0.000000
0.377797 0.000000
0.514364 0.000000
0.644451 0.000000
0.755109 0.000000
0.829571 0.000000
0.855059 0.000000
0.829390 0.000000
0.760643 0.000000
0.662730 0.000000
0.550489 0.000000
0.436509 0.000000
0.329580 0.000000
0.234770 0.000000
0.154188 0.000000
0.087951 0.000000
0.035047 0.000000
-0.006038 0.000000
-0.036933 0.000378
-0.059186 0.006719
-0.074192 0.031986
-0.083192 0.087849
-0.087290 0.177292
-0.087482 0.293684
-0.084666 0.419755
-0.079609 0.529914
-0.073076 0.602032
-0.065675 0.626161
-0.057911 0.605064
-0.050225 0.549673
-0.042865 0.473662
-0.036040 0.389498
-0.029881 0.306502
-0.024451 0.230500
-0.019762 0.164366
-0.015787 0.108895
-0.012472 0.063648
-0.009750 0.027594
-0.007168 -0.000476
0.000934 -0.021727
0.027591 -0.037200
0.084538 -0.047797
0.174442 -0.054313
0.285511 -0.057462
0.393182 -0.057898
0.473138 -0.056225
0.511966 -0.052996
0.508982 -0.048707
0.472400 -0.043788
0.414108 -0.038596
0.345623 -0.033414
0.275925 -0.028455
0.210829 -0.023865
0.153479 -0.019732
0.104951 -0.016099
0.065079 -0.012971
0.033072 -0.010328
0.007922 -0.007755
-0.011363 0.000383
-0.025671 0.027099
-0.035769 0.084114
-0.042320 0.174087
-0.045915 0.285221
-0.047097 0.392908
-0.046369 0.472885
-0.044196 0.511733
-0.041002 0.508768
-0.037160 0.472244
-0.032988 0.413995
-0.028740 0.345542
-0.024614 0.275867
-0.020750 0.210829
-0.017238 0.153479
-0.014124 0.104951
-0.011425 0.065079
-0.009131 0.033072
-0.007214 0.008300
-0.005638 -0.004643
-0.004362 0.006315
-0.003341 0.052080
-0.002536 0.134973
-0.001908 0.248147
-0.001424 0.379377
-0.001054 0.515531
-0.000774 0.645684
-0.000564 0.762450
-0.000409 0.861588
-0.000253 0.936440
-0.000139 0.974836
-0.000058 0.966915
0.000000 0.911912
0.000000 0.818327
0.000000 0.699915
0.000000 0.571132
0.000000 0.444015
0.000000 0.326883
0.000000 0.224387
0.000000 0.138277
0.000000 0.068354
0.000000 0.013315
0.000000 -0.028627
0.000000 -0.059361
0.000000 -0.080679
0.000000 -0.094198
0.000000 -0.101357
0.000000 -0.103429
0.000000 -0.101503
0.000000 -0.096633
0.000000 -0.089697
0.000000 -0.081451
0.000000 -0.072572
0.000000 -0.063520
0.000000 -0.054695
0.000000 -0.046386
0.000000 -0.038784
0.000000 -0.031998
0.000000 -0.026069
0.000000 -0.020987
0.000000 -0.016706
0.000000 -0.013156
0.000000 -0.010255
0.000000 -0.007916
0.000000 -0.006054
0.000000 -0.004589
0.000000 -0.003450
0.000000 -0.002531
0.000000 -0.001832
0.000000 -0.001306
0.000000 -0.000913
0.000000 -0.000622
0.000000 -0.000409
0.000000 -0.000253
0.000000 -0.000139
0.000000 -0.000058
0.000000 0.000000
0.000000 0.000000
0.000000 0.000000
0.000000 0.000000
0.000000 0.000000
0.000000 0.000000
0.000000 0.000000
0.000000 0.000000
0.000000 0.000000
0.000000 0.000000
0.000000 0.000000
0.000000 0.000000
0.000000 0.000000
0.000000 0.000000
0.000000 0.000000
0.000000 0.000000
0.000000 0.000000
0.000000 0.000000
0.000000 0.000000
0.000000 0.000000
0.000000 0.000000
0.000000 0.000000
0.000000 0.000000
0.000000 0.000000
0.000000 0.000000
0.000000 0.000000
0.000000 0.000000
0.000000 0.000000
0.000000 0.000000
0.000000 0.000000
0.000000 0.000000
0.000000 0.000000
0.000000 0.000000
0.000000 0.000000
0.000000 0.000000
0.000000 0.000000
0.000000 0.000000
0.000000 0.000000
0.000000 0.000000
0.000000 0.000000
0.000000 0.000000
0.000000 0.000000
0.000000 0.000000
0.000000 0.000000
0.000000 0.000000
0.000000 0.000000
0.000000 0.000000
0.000000 0.000000
0.000000 0.000000
0.000000 0.000000
0.000000 0.000000
0.000000 0.000000
0.000000 0.000000
0.000000 0.000000
0.000000 0.000000
0.000000 0.000000
0.000000 0.000000
0.000000 0.000000
0.000000 0.000000
0.000000 0.000000
0.000000 0.000000
0.000000 0.000000
0.000000 0.000000
0.000000 0.000000
0.000000 0.000000
