0.000000 0.000000
0.000000 0.000000
0.000000 0.000000
0.000000 0.000000
0.000000 0.000000
0.000000 0.000000
0.000000 0.000000
0.000000 0.000000
0.000000 0.000000
0.000000 0.000000
0.000000 0.000000
0.000000 0.000000
0.000000 0.000000
0.000000 0.000000
0.000000 0.000000
0.000000 0.000378
0.000000 0.006719
0.000000 0.031986
0.000000 0.087849
0.000000 0.176914
0.000000 0.287343
0.000000 0.394488
0.000000 0.474051
0.000000 0.512588
0.000000 0.509391
0.000000 0.472652
0.000000 0.414248
0.000000 0.345682
0.000000 0.275925
0.000000 0.210829
0.000000 0.153479
0.000000 0.104951
0.000000 0.065079
0.000000 0.033072
0.000378 0.007922
0.006719 -0.011363
0.031986 -0.025671
0.087849 -0.035769
0.176914 -0.042320
0.287343 -0.045915
0.394488 -0.047097
0.474051 -0.046369
0.512588 -0.044196
0.509391 -0.041002
0.472652 -0.037160
0.414248 -0.032988
0.345682 -0.028740
0.275925 -0.024614
0.210829 -0.020750
0.153479 -0.017238
0.104951 -0.014124
0.065079 -0.011425
0.033072 -0.009131
0.007922 -0.006836
-0.011363 0.001081
-0.025671 0.027625
-0.035769 0.084507
-0.042320 0.174756
-0.045915 0.292154
-0.047097 0.425050
-0.046369 0.560469
-0.044196 0.682387
-0.041002 0.770902
-0.037160 0.810869
-0.032988 0.798603
-0.028740 0.741361
-0.024614 0.652846
-0.020750 0.548055
-0.017238 0.439746
-0.014124 0.337061
-0.011425 0.245331
-0.009131 0.166879
-0.007214 0.101987
-0.005638 0.049773
-0.004362 0.008832
-0.002964 -0.022369
0.004183 -0.045284
0.030078 -0.061222
0.086425 -0.071338
0.176238 -0.076660
0.293288 -0.078118
0.425910 -0.076553
0.561491 -0.072729
0.689628 -0.067328
0.803313 -0.060943
0.898690 -0.054070
0.969428 -0.047111
1.003576 -0.040370
0.991530 -0.034065
0.932663 -0.028335
0.835564 -0.023253
0.714039 -0.018843
0.582558 -0.015088
0.453146 -0.011946
0.334096 -0.009357
0.230025 -0.007255
0.142639 -0.005571
0.071696 -0.004239
0.015851 -0.003197
-0.026719 -0.002391
-0.057560 -0.001774
-0.072906 -0.001306
-0.061438 -0.000913
-0.012945 -0.000622
0.074272 -0.000409
0.192434 -0.000253
0.323261 -0.000139
0.440275 -0.000058
0.520581 0.000000
0.553588 0.000000
0.541544 0.000000
0.494979 0.000000
0.427277 0.000000
0.350714 0.000000
0.274504 0.000000
0.204432 0.000000
0.143379 0.000000
0.092190 0.000000
0.050493 0.000000
0.017339 0.000000
-0.008392 0.000000
-0.027782 0.000378
-0.041789 0.006719
-0.051247 0.031986
-0.056844 0.087849
-0.059294 0.176914
-0.059204 0.287343
-0.057138 0.394488
-0.053618 0.474051
-0.049116 0.512588
-0.044040 0.509391
-0.038735 0.472652
-0.033472 0.414248
-0.028455 0.345682
-0.023865 0.275925
-0.019732 0.210829
-0.016099 0.153479
-0.012971 0.104951
-0.010328 0.065079
-0.008133 0.033072
-0.006336 0.007922
-0.004888 -0.011363
-0.003734 -0.025671
-0.002827 -0.035769
-0.002122 -0.041942
-0.001580 -0.039196
-0.001167 -0.015111
-0.000855 0.041479
-0.000622 0.132718
-0.000409 0.246340
-0.000253 0.357328
-0.000139 0.441064
-0.000058 0.483848
0.000000 0.484776
0.000000 0.451902
0.000000 0.397010
0.000000 0.331557
0.000000 0.264500
0.000000 0.201698
0.000000 0.146265
0.000000 0.099313
0.000000 0.060718
0.000000 0.029730
0.000000 0.005386
0.000000 -0.013271
0.000000 -0.027095
0.000000 -0.036822
0.000000 -0.042716
0.000000 -0.039760
0.000000 -0.015520
0.000000 0.041227
0.000000 0.132579
0.000000 0.246282
0.000000 0.357328
0.000000 0.441064
0.000000 0.483848
0.000000 0.484776
0.000000 0.451902
0.000000 0.397010
0.000000 0.331557
0.000000 0.264500
0.000000 0.201698
0.000000 0.146265
0.000000 0.099313
0.000000 0.060718
0.000000 0.029730
0.000000 0.005386
0.000000 -0.013271
0.000000 -0.027095
0.000000 -0.036822
0.000378 -0.043094
0.006719 -0.046480
0.031986 -0.047506
0.087849 -0.046622
0.177292 -0.044336
0.294062 -0.041060
0.426474 -0.037160
0.561900 -0.032988
0.689881 -0.028740
0.803453 -0.024614
0.898749 -0.020750
0.969428 -0.017238
1.003576 -0.014124
0.991530 -0.011425
0.932663 -0.009131
0.835564 -0.007214
0.714039 -0.005638
0.582558 -0.004362
0.453146 -0.003341
0.334096 -0.002536
0.230025 -0.001908
0.142639 -0.001424
0.071696 -0.001054
0.015851 -0.000774
-0.026719 -0.000564
-0.057938 -0.000031
-0.079625 0.006467
-0.093424 0.031847
-0.100793 0.087790
-0.103021 0.177292
-0.101250 0.294062
-0.096493 0.426096
-0.089639 0.555180
-0.081451 0.657895
-0.072572 0.715604
-0.063520 0.721834
-0.054695 0.682085
-0.046386 0.609088
-0.038784 0.517478
-0.031998 0.420074
-0.026069 0.326174
-0.020987 0.241387
-0.016706 0.168310
-0.013156 0.107464
-0.010255 0.058171
-0.007916 0.019196
-0.006054 -0.010463
-0.004589 -0.026536
-0.003450 -0.017242
-0.002531 0.028058
-0.001832 0.111432
-0.001306 0.225800
-0.000913 0.358343
-0.000622 0.490156
-0.000409 0.597194
-0.000253 0.660270
-0.000139 0.672438
-0.000058 0.638816
0.000000 0.571833
0.000000 0.485908
0.000000 0.393714
0.000000 0.304467
0.000000 0.223742
0.000000 0.154141
0.000000 0.096217
0.000000 0.049340
0.000000 0.012334
0.000378 -0.016121
0.006719 -0.037281
0.031986 -0.052269
0.087849 -0.062069
0.177292 -0.067553
0.294062 -0.069510
0.426474 -0.068667
0.561900 -0.065647
0.689503 -0.061110
0.796733 -0.055587
0.867140 -0.049535
0.888299 -0.043328
0.858270 -0.037255
0.785316 -0.031570
0.683481 -0.026360
0.567727 -0.021707
0.450633 -0.017645
0.341005 -0.014169
0.243900 -0.011247
0.161401 -0.008831
0.093589 -0.006862
0.039408 -0.005280
-0.002697 -0.004025
-0.034397 -0.002663
-0.057278 0.004441
-0.072769 0.030293
-0.082138 0.086600
-0.086516 0.176379
-0.086918 0.293440
-0.084258 0.426066
-0.079357 0.561647
-0.072936 0.689363
-0.065617 0.796675
-0.057911 0.867140
-0.050225 0.888299
-0.042865 0.858270
-0.036040 0.785316
-0.029881 0.683481
-0.024451 0.567727
-0.019762 0.450633
-0.015787 0.341005
-0.012472 0.243900
-0.009750 0.161401
-0.007546 0.093589
-0.005785 0.039408
-0.004395 -0.002697
-0.002932 -0.034397
0.004247 -0.057278
0.030154 -0.072769
0.086542 -0.082138
0.176001 -0.086516
0.286720 -0.086918
0.394080 -0.084258
0.473799 -0.079357
0.512449 -0.072936
0.509332 -0.065617
0.472652 -0.057911
0.414248 -0.050225
0.345682 -0.042865
0.275925 -0.036040
0.210829 -0.029881
0.153479 -0.024451
0.104951 -0.019762
0.065079 -0.015787
0.033072 -0.012472
0.007922 -0.009372
-0.011363 -0.000827
-0.025671 0.026201
-0.035769 0.083453
-0.042320 0.173982
-0.045915 0.291212
-0.047097 0.417922
-0.046369 0.528608
-0.044196 0.601119
-0.041002 0.625538
-0.037160 0.604656
-0.032988 0.549421
-0.028740 0.473523
-0.024614 0.389439
-0.020750 0.306502
-0.017238 0.230500
-0.014124 0.164366
-0.011425 0.108895
-0.009131 0.063648
-0.007214 0.027594
-0.005638 -0.000476
-0.004362 -0.021727
-0.003341 -0.037200
-0.002536 -0.047797
-0.001908 -0.054313
-0.001046 -0.057462
0.005666 -0.057898
0.031212 -0.056225
0.087284 -0.052996
0.176884 -0.048707
0.293810 -0.043788
0.426335 -0.038596
0.561842 -0.033414
0.689881 -0.028455
0.803453 -0.023865
0.898749 -0.019732
0.969428 -0.016099
1.003576 -0.012971
0.991530 -0.010328
0.932663 -0.008133
0.835564 -0.006336
0.714039 -0.004888
0.582558 -0.003734
0.453146 -0.002827
0.334096 -0.002122
0.230025 -0.001580
0.142639 -0.001167
0.071696 -0.000855
0.015851 -0.000622
-0.026719 -0.000409
-0.057560 -0.000253
-0.072906 -0.000139
-0.061438 -0.000058
-0.012945 0.000000
0.073894 0.000000
0.186093 0.000000
0.297995 0.000000
0.384413 0.000000
0.431137 0.000000
0.436818 0.000000
0.409132 0.000000
0.359553 0.000000
0.299296 0.000000
0.237142 0.000000
0.178831 0.000000
0.127410 0.000000
0.083965 0.000000
0.048374 0.000000
0.019916 0.000000
-0.002332 0.000378
-0.019279 0.006719
-0.031725 0.031986
-0.040358 0.087849
-0.045769 0.176914
-0.048446 0.287343
-0.048930 0.394488
-0.047675 0.474051
-0.045110 0.512588
-0.041625 0.509391
-0.037569 0.472652
-0.033240 0.414248
-0.028880 0.345682
-0.024673 0.275925
-0.020750 0.210829
-0.017238 0.153479
-0.014124 0.104951
-0.011425 0.065079
-0.009131 0.033072
-0.007214 0.007922
-0.005638 -0.011363
-0.004362 -0.025671
-0.003341 -0.035769
-0.002536 -0.042320
-0.001530 -0.045915
0.005296 -0.047097
0.030932 -0.046369
0.087075 -0.044196
0.176728 -0.041002
0.293654 -0.037160
0.426222 -0.032988
0.561383 -0.028740
0.683103 -0.024614
0.771467 -0.020750
0.811278 -0.017238
0.798855 -0.014124
0.741500 -0.011425
0.652904 -0.009131
0.548055 -0.007214
0.439746 -0.005638
0.337061 -0.004362
0.245331 -0.003341
0.166879 -0.002536
0.101987 -0.001908
0.049773 -0.001424
0.008832 -0.001054
-0.022369 -0.000774
-0.045284 -0.000564
-0.061222 -0.000409
-0.071338 -0.000253
-0.076660 -0.000139
-0.077740 -0.000058
-0.069833 0.000000
-0.040743 0.000000
0.020520 0.000000
0.116349 0.000000
0.239992 0.000000
0.379364 0.000000
0.521530 0.000000
0.655816 0.000000
0.775118 0.000000
0.875495 0.000000
0.950585 0.000000
0.988488 0.000000
0.979584 0.000000
0.923306 0.000000
0.828309 0.000000
0.708468 0.000000
0.578319 0.000000
0.449949 0.000000
0.331705 0.000000
0.228251 0.000000
0.141333 0.000000
0.070782 0.000000
0.015229 0.000000
-0.027128 0.000000
-0.057813 0.000000
-0.073045 0.000000
-0.061496 0.000000
-0.012945 0.000000
0.074272 0.000000
0.192434 0.000000
0.323261 0.000000
0.440275 0.000000
0.520581 0.000000
0.553588 0.000000
0.541544 0.000000
0.494979 0.000000
0.427277 0.000000
0.350714 0.000000
0.274504 0.000000
0.204432 0.000000
0.143379 0.000000
0.092190 0.000000
0.050493 0.000000
0.017339 0.000000
-0.008014 0.000000
-0.021062 0.000000
-0.009803 0.000000
0.036602 0.000000
0.120070 0.000000
0.228048 0.000000
0.335284 0.000000
0.416913 0.000000
0.458970 0.000000
0.460275 0.000000
0.428612 0.000000
0.375512 0.000000
0.312209 0.000000
0.247470 0.000000
0.186963 0.000000
0.133747 0.000000
0.088852 0.000000
0.052108 0.000000
0.022743 0.000000
0.000167 0.000000
-0.010980 0.000000
0.001427 0.000000
0.048346 0.000000
0.132145 0.000000
0.246025 0.000000
0.377419 0.000000
0.507645 0.000000
0.612843 0.000000
0.673980 0.000000
0.684265 0.000000
0.648845 0.000000
0.580208 0.000000
0.492806 0.000000
0.399324 0.000000
0.308936 0.000000
0.227263 0.000000
0.156885 0.000000
0.098334 0.000000
0.050957 0.000000
0.013558 0.000000
-0.014824 0.000000
-0.029878 0.000000
-0.019778 0.000000
0.026149 0.000000
0.110008 0.000000
0.224746 0.000000
0.357947 0.000000
0.496311 0.000000
0.628393 0.000000
0.741146 0.000000
0.817605 0.000000
0.844971 0.000000
0.821015 0.000000
0.753746 0.000000
0.657121 0.000000
0.546019 0.000000
0.432988 0.000000
0.326835 0.000000
0.232653 0.000000
0.152570 0.000000
0.086726 0.000000
0.034128 0.000000
-0.006722 0.000000
-0.037438 0.000000
-0.059178 0.000000
-0.067742 0.000000
-0.051400 0.000000
0.000419 0.000000
0.089752 0.000000
0.209396 0.000000
0.346865 0.000000
0.488824 0.000000
0.624206 0.000000
0.745164 0.000000
0.842182 0.000000
0.901297 0.000000
0.911674 0.000000
0.872205 0.000000
0.791441 0.000000
0.683390 0.000000
0.562827 0.000000
0.442105 0.000000
0.329824 0.000000
0.230877 0.000000
0.147218 0.000000
0.078829 0.000000
0.024570 0.000000
-0.017198 0.000000
-0.048223 0.000000
-0.070131 0.000000
-0.084482 0.000000
-0.092616 0.000000
-0.095724 0.000378
-0.094875 0.006719
-0.091025 0.031986
-0.085023 0.087849
-0.077610 0.177292
-0.069458 0.293684
-0.061026 0.419755
-0.052720 0.529914
-0.044839 0.602032
-0.037586 0.626161
-0.031079 0.605064
-0.025370 0.549673
-0.020461 0.473662
-0.016313 0.389498
-0.012865 0.306502
-0.010041 0.230500
-0.007760 0.164366
-0.005941 0.108895
-0.004508 0.063648
-0.003391 0.027594
-0.002531 -0.000098
-0.001832 -0.015008
-0.001306 -0.005214
-0.000913 0.040051
-0.000622 0.122979
-0.000409 0.236600
-0.000253 0.368576
-0.000139 0.505675
-0.000058 0.636885
0.000000 0.754746
0.000000 0.854961
0.000000 0.930832
0.000000 0.970162
0.000000 0.963074
0.000000 0.908798
0.000000 0.815832
0.000000 0.697940
0.000000 0.569586
0.000000 0.442817
0.000000 0.325964
0.000000 0.223688
0.000000 0.137751
0.000000 0.067961
0.000000 0.013024
0.000000 -0.028841
0.000000 -0.059517
0.000000 -0.080792
0.000000 -0.094280
0.000000 -0.101416
0.000000 -0.103429
0.000378 -0.101503
0.006719 -0.096633
0.031986 -0.089697
0.087849 -0.081451
0.177292 -0.072572
0.294062 -0.063520
0.426474 -0.054695
0.561900 -0.046386
0.689503 -0.038784
0.796733 -0.031998
0.867140 -0.026069
0.888299 -0.020987
0.858270 -0.016706
0.785316 -0.013156
0.683481 -0.010255
0.567727 -0.007916
0.450633 -0.006054
0.341005 -0.004589
0.243900 -0.003450
0.161401 -0.002531
0.093589 -0.001832
0.039408 -0.001306
-0.002697 -0.000913
-0.034019 -0.000622
-0.050558 -0.000409
-0.040783 -0.000253
0.005711 -0.000139
0.090776 -0.000058
0.207145 0.000000
0.341838 0.000000
0.475824 0.000000
0.584958 0.000000
0.649988 0.000000
0.663923 0.000000
0.631860 0.000000
0.566224 0.000000
0.481438 0.000000
0.390193 0.000000
0.301722 0.000000
0.221625 0.000000
0.152523 0.000000
0.094992 0.000000
0.048421 0.000000
0.011650 0.000000
-0.016248 0.000000
-0.030931 0.000000
-0.020552 0.000000
0.025585 0.000000
0.109600 0.000000
0.224494 0.000000
0.357808 0.000000
0.495875 0.000000
0.622052 0.000000
0.715879 0.000000
0.761742 0.000000
0.755528 0.000000
0.704245 0.000000
0.621334 0.000000
0.521695 0.000000
0.418039 0.000000
0.319415 0.000000
0.231162 0.000000
0.155631 0.000000
0.093156 0.000000
0.042910 0.000000
0.003551 0.000000
-0.026394 0.000378
-0.048325 0.006719
-0.063500 0.031986
-0.073030 0.087849
-0.077909 0.176914
-0.079031 0.287343
-0.077175 0.394488
-0.073138 0.474051
-0.067581 0.512588
-0.061082 0.509391
-0.054128 0.472652
-0.047111 0.414248
-0.040370 0.345682
-0.034065 0.275925
-0.028335 0.210829
-0.023253 0.153479
-0.018843 0.104951
-0.015088 0.065079
-0.011946 0.033072
-0.009357 0.008300
-0.007255 -0.004643
-0.005571 0.006315
-0.004239 0.052080
-0.003197 0.134595
-0.002391 0.241427
-0.001774 0.347391
-0.001306 0.427682
-0.000913 0.468392
-0.000622 0.468388
-0.000409 0.435492
-0.000253 0.381260
-0.000139 0.316941
-0.000058 0.251311
0.000000 0.190078
0.000000 0.136241
0.000000 0.090827
0.000000 0.053654
0.000000 0.023941
0.000000 0.001086
0.000000 -0.010281
0.000000 0.001953
0.000000 0.048738
0.000000 0.132436
0.000000 0.246239
0.000000 0.377575
0.000000 0.507758
0.000000 0.612924
0.000000 0.674038
0.000000 0.684265
0.000000 0.648845
0.000000 0.580208
0.000000 0.492806
0.000000 0.399324
0.000000 0.308936
0.000000 0.227263
0.000000 0.156885
0.000000 0.098334
0.000000 0.050957
0.000000 0.013558
0.000000 -0.015202
0.000000 -0.036597
0.000000 -0.051764
0.000000 -0.061699
0.000000 -0.066906
0.000000 -0.062597
0.000000 -0.036541
0.000000 0.022260
0.000000 0.115805
0.000000 0.231756
0.000000 0.344953
0.000000 0.430724
0.000000 0.475333
0.000000 0.477820
0.000000 0.446292
0.000000 0.392540
0.000000 0.328036
0.000000 0.261756
0.000000 0.199581
0.000000 0.144648
0.000000 0.098089
0.000000 0.059799
0.000000 0.029047
0.000000 0.004881
0.000000 -0.013641
0.000000 -0.027364
0.000000 -0.037017
0.000000 -0.043233
0.000000 -0.046160
0.000000 -0.040787
0.000000 -0.014636
0.000000 0.043513
0.000000 0.136232
0.000000 0.256902
0.000000 0.393487
0.000000 0.533160
0.000000 0.664888
0.000000 0.775983
0.000000 0.849903
0.000000 0.874175
0.000000 0.846845
0.000000 0.776185
0.000000 0.676267
0.000000 0.562089
0.000000 0.446272
0.000000 0.337663
0.000000 0.241364
0.000000 0.159493
0.000000 0.092165
0.000000 0.038355
0.000000 -0.003471
0.000000 -0.034961
0.000000 -0.057686
0.000000 -0.073021
0.000000 -0.082277
0.000000 -0.086196
0.000000 -0.080198
0.000000 -0.052272
0.000000 0.008492
0.000000 0.103978
0.000000 0.221726
0.000000 0.336577
0.000000 0.423826
0.000000 0.469724
0.000000 0.473351
0.000000 0.442771
0.000000 0.389796
0.000000 0.325919
0.000000 0.260139
0.000000 0.198357
0.000000 0.143729
0.000000 0.097405
0.000000 0.059294
0.000000 0.028677
0.000000 0.004612
0.000000 -0.013835
0.000000 -0.027503
0.000000 -0.037075
0.000000 -0.043233
0.000000 -0.046538
0.000000 -0.047506
0.000000 -0.046622
0.000000 -0.044336
0.000000 -0.041060
0.000000 -0.037160
0.000000 -0.032988
0.000000 -0.028740
0.000000 -0.024614
0.000000 -0.020750
0.000000 -0.017238
0.000000 -0.014124
0.000000 -0.011425
0.000000 -0.009131
0.000000 -0.007214
0.000000 -0.005638
0.000000 -0.004362
0.000000 -0.003341
0.000000 -0.002536
0.000000 -0.001908
0.000000 -0.001424
0.000000 -0.001054
0.000000 -0.000774
0.000000 -0.000564
0.000000 -0.000409
0.000000 -0.000253
0.000000 -0.000139
0.000000 -0.000058
0.000000 0.000000
0.000000 0.000000
0.000000 0.000000
0.000000 0.000000
0.000000 0.000000
0.000000 0.000000
0.000000 0.000000
0.000000 0.000000
0.000000 0.000000
0.000000 0.000000
0.000000 0.000000
0.000000 0.000000
0.000000 0.000000
0.000000 0.000000
0.000000 0.000000
0.000000 0.000000
0.000000 0.000000
0.000000 0.000000
0.000000 0.000000
0.000000 0.000000
0.000000 0.000000
0.000000 0.000000
0.000000 0.000000
0.000000 0.000000
0.000000 0.000000
0.000000 0.000000
0.000000 0.000000
0.000000 0.000000
0.000000 0.000000
0.000000 0.000000
0.000000 0.000000
0.000000 0.000000
0.000000 0.000000
0.000000 0.000000
0.000000 0.000000
0.000000 0.000000
0.000000 0.000000
0.000000 0.000000
0.000000 0.000000
