0.000000 0.000000
0.000000 0.000000
0.000000 0.000000
0.000000 0.000000
0.000000 0.000000
0.000000 0.000000
0.000000 0.000000
0.000000 0.000000
0.000000 0.000000
0.000000 0.000000
0.000000 0.000000
0.000000 0.000000
0.000000 0.000000
0.000000 0.000000
0.000000 0.000000
0.000000 0.000378
0.000000 0.006719
0.000000 0.031986
0.000000 0.087849
0.000000 0.176914
0.000000 0.287343
0.000000 0.394488
0.000000 0.474051
0.000000 0.512588
0.000000 0.509391
0.000000 0.472652
0.000000 0.414248
0.000000 0.345682
0.000000 0.275925
0.000000 0.210829
0.000000 0.153479
0.000000 0.104951
0.000000 0.065079
0.000000 0.033072
0.000000 0.008300
0.000000 -0.004643
0.000000 0.006315
0.000000 0.052080
0.000000 0.134595
0.000000 0.241427
0.000000 0.347391
0.000000 0.427682
0.000000 0.468392
0.000000 0.468388
0.000000 0.435492
0.000000 0.381260
0.000000 0.316941
0.000000 0.251311
0.000000 0.190078
0.000000 0.136241
0.000000 0.090827
0.000000 0.053654
0.000000 0.023941
0.000378 0.000709
0.006719 -0.017001
0.031986 -0.030033
0.087849 -0.039110
0.177292 -0.044856
0.293684 -0.047824
0.419755 -0.048521
0.529914 -0.047423
0.602032 -0.044970
0.626161 -0.041567
0.605064 -0.037569
0.549673 -0.033240
0.473662 -0.028880
0.389498 -0.024673
0.306502 -0.020750
0.230500 -0.017238
0.164366 -0.014124
0.108895 -0.011425
0.063648 -0.009131
0.027594 -0.007214
-0.000476 -0.005638
-0.021727 -0.004362
-0.037200 -0.003341
-0.047797 -0.002158
-0.054313 0.004811
-0.057462 0.030562
-0.057898 0.086795
-0.056225 0.176518
-0.052996 0.293498
-0.048707 0.426066
-0.043788 0.561647
-0.038596 0.689741
-0.033414 0.803395
-0.028455 0.898749
-0.023865 0.969428
-0.019732 1.003576
-0.016099 0.991530
-0.012971 0.932663
-0.010328 0.835564
-0.008133 0.714039
-0.006336 0.582558
-0.004888 0.453146
-0.003734 0.334096
-0.002827 0.230025
-0.002122 0.142639
-0.001580 0.071696
-0.001167 0.015851
-0.000855 -0.026719
-0.000622 -0.057938
-0.000409 -0.079625
-0.000253 -0.093424
0.000238 -0.100793
0.006661 -0.103021
0.031986 -0.101250
0.087849 -0.096493
0.177292 -0.089639
0.294062 -0.081451
0.426474 -0.072572
0.561900 -0.063520
0.689881 -0.054695
0.803075 -0.046386
0.892407 -0.038784
0.944162 -0.031998
0.947714 -0.026069
0.902086 -0.020987
0.815893 -0.016706
0.703152 -0.013156
0.578614 -0.010255
0.454577 -0.007916
0.339574 -0.006054
0.238423 -0.004589
0.153003 -0.003450
0.083224 -0.002531
0.027880 -0.001832
-0.014725 -0.001306
-0.046391 -0.000536
-0.068825 0.006097
-0.083569 0.031578
-0.091993 0.087596
-0.095316 0.177153
-0.094623 0.294004
-0.090885 0.426474
-0.084965 0.561900
-0.077610 0.689881
-0.069458 0.803075
-0.061026 0.892407
-0.052720 0.944162
-0.044839 0.947714
-0.037586 0.902086
-0.031079 0.815893
-0.025370 0.703152
-0.020461 0.578614
-0.016313 0.454577
-0.012865 0.339574
-0.010041 0.238423
-0.007760 0.153003
-0.005941 0.083224
-0.004508 0.027880
-0.003391 -0.014725
-0.002153 -0.046391
0.004887 -0.068825
0.030680 -0.083569
0.086935 -0.091993
0.176292 -0.095316
0.286934 -0.094623
0.394236 -0.090885
0.473912 -0.084965
0.512530 -0.077610
0.509391 -0.069458
0.472652 -0.061026
0.414248 -0.052720
0.345682 -0.044839
0.275925 -0.037586
0.210829 -0.031079
0.153479 -0.025370
0.104951 -0.020461
0.065079 -0.016313
0.033072 -0.012865
0.008300 -0.010041
-0.004643 -0.007760
0.006315 -0.005941
0.052080 -0.004508
0.134973 -0.003391
0.248147 -0.002531
0.379377 -0.001832
0.515531 -0.001306
0.645684 -0.000913
0.762450 -0.000622
0.861588 -0.000409
0.936440 -0.000253
0.974836 -0.000139
0.966915 -0.000058
0.911912 0.000000
0.818327 0.000000
0.699915 0.000000
0.571132 0.000000
0.444015 0.000000
0.326883 0.000000
0.224387 0.000000
0.138277 0.000000
0.068354 0.000000
0.013315 0.000000
-0.028627 0.000000
-0.059361 0.000378
-0.080679 0.006719
-0.094198 0.031986
-0.101357 0.087849
-0.103429 0.176914
-0.101503 0.287343
-0.096633 0.394488
-0.089697 0.474051
-0.081451 0.512588
-0.072572 0.509391
-0.063520 0.472652
-0.054695 0.414248
-0.046386 0.345682
-0.038784 0.275925
-0.031998 0.210829
-0.026069 0.153479
-0.020987 0.104951
-0.016706 0.065079
-0.013156 0.033072
-0.010255 0.008300
-0.007916 -0.004643
-0.006054 0.006315
-0.004589 0.052080
-0.003450 0.134595
-0.002531 0.241427
-0.001832 0.347391
-0.001306 0.427682
-0.000913 0.468392
-0.000622 0.468388
-0.000409 0.435492
-0.000253 0.381260
-0.000139 0.316941
-0.000058 0.251311
0.000000 0.190078
0.000000 0.136241
0.000000 0.090827
0.000000 0.053654
0.000000 0.023941
0.000000 0.001086
0.000000 -0.010281
0.000000 0.001953
0.000000 0.048738
0.000000 0.132436
0.000000 0.246239
0.000000 0.377953
0.000000 0.514099
0.000000 0.638191
0.000000 0.729900
0.000000 0.773709
0.000000 0.765615
0.000000 0.712620
0.000000 0.628231
0.000000 0.527305
0.000000 0.422508
0.000000 0.322937
0.000000 0.233906
0.000000 0.157748
0.000000 0.094773
0.000000 0.044135
0.000000 0.004470
0.000378 -0.025710
0.006719 -0.047820
0.031986 -0.063130
0.087849 -0.072761
0.177292 -0.077714
0.293684 -0.078892
0.419755 -0.077117
0.529914 -0.073138
0.602032 -0.067581
0.626161 -0.061082
0.605064 -0.054128
0.549673 -0.047111
0.473662 -0.040370
0.389498 -0.034065
0.306502 -0.028335
0.230500 -0.023253
0.164366 -0.018843
0.108895 -0.015088
0.063648 -0.011946
0.027594 -0.009357
-0.000476 -0.006878
-0.021727 0.001148
-0.037200 0.027747
-0.047797 0.084651
-0.054313 0.174523
-0.057462 0.285569
-0.057898 0.393182
-0.056225 0.473138
-0.052996 0.511966
-0.048707 0.508982
-0.043788 0.472400
-0.038596 0.414108
-0.033414 0.345623
-0.028455 0.275925
-0.023865 0.210829
-0.019732 0.153479
-0.016099 0.104951
-0.012971 0.065079
-0.010328 0.033072
-0.008133 0.007922
-0.006336 -0.011363
-0.004888 -0.025671
-0.003734 -0.035769
-0.002449 -0.042320
0.004597 -0.045915
0.030406 -0.047097
0.086682 -0.046369
0.176437 -0.044196
0.293440 -0.041002
0.426066 -0.037160
0.561270 -0.032988
0.683022 -0.028740
0.771409 -0.024614
0.811278 -0.020750
0.798855 -0.017238
0.741500 -0.014124
0.652904 -0.011425
0.548055 -0.009131
0.439746 -0.007214
0.337061 -0.005638
0.245331 -0.004362
0.166879 -0.003341
0.101987 -0.002536
0.049773 -0.001908
0.008832 -0.001424
-0.022369 -0.000676
-0.045284 0.005946
-0.061222 0.031422
-0.071338 0.087440
-0.076660 0.177040
-0.078118 0.293545
-0.076553 0.419697
-0.072729 0.529914
-0.067328 0.602032
-0.060943 0.626161
-0.054070 0.605064
-0.047111 0.549673
-0.040370 0.473662
-0.034065 0.389498
-0.028335 0.306502
-0.023253 0.230500
-0.018843 0.164366
-0.015088 0.108895
-0.011946 0.063648
-0.009357 0.027594
-0.007255 -0.000098
-0.005571 -0.015008
-0.004239 -0.005214
-0.003197 0.040051
-0.002391 0.122979
-0.001774 0.236600
-0.001306 0.368576
-0.000913 0.505675
-0.000622 0.636885
-0.000409 0.754746
-0.000253 0.854961
-0.000139 0.930832
-0.000058 0.970162
0.000000 0.963074
0.000000 0.908798
0.000000 0.815832
0.000000 0.697940
0.000000 0.569586
0.000000 0.442817
0.000000 0.325964
0.000000 0.223688
0.000000 0.137751
0.000000 0.067961
0.000000 0.013024
0.000000 -0.028841
0.000378 -0.059517
0.006719 -0.080792
0.031986 -0.094280
0.087849 -0.101416
0.177292 -0.103429
0.294062 -0.101503
0.426474 -0.096633
0.561900 -0.089697
0.689881 -0.081451
0.803075 -0.072572
0.892407 -0.063520
0.944162 -0.054695
0.947714 -0.046386
0.902086 -0.038784
0.815893 -0.031998
0.703152 -0.026069
0.578614 -0.020987
0.454577 -0.016706
0.339574 -0.013156
0.238423 -0.010255
0.153003 -0.007916
0.083224 -0.006054
0.027880 -0.004589
-0.014725 -0.003450
-0.046391 -0.002153
-0.068825 0.004887
-0.083569 0.030680
-0.091993 0.086935
-0.095316 0.176670
-0.094623 0.293654
-0.090885 0.426222
-0.084965 0.561383
-0.077610 0.683103
-0.069458 0.771467
-0.061026 0.811278
-0.052720 0.798855
-0.044839 0.741500
-0.037586 0.652904
-0.031079 0.548055
-0.025370 0.439746
-0.020461 0.337061
-0.016313 0.245331
-0.012865 0.166879
-0.010041 0.101987
-0.007760 0.049773
-0.005941 0.008832
-0.004508 -0.022369
-0.003391 -0.045284
-0.002531 -0.061222
-0.001832 -0.071338
-0.001306 -0.076283
-0.000913 -0.071398
-0.000622 -0.044567
-0.000409 0.015119
-0.000253 0.109586
-0.000139 0.226400
-0.000058 0.340418
0.000000 0.426941
0.000000 0.472219
0.000000 0.475326
0.000000 0.444317
0.000000 0.390994
0.000000 0.326838
0.000000 0.260837
0.000000 0.198883
0.000000 0.144122
0.000000 0.097696
0.000000 0.059508
0.000000 0.028833
0.000378 0.004725
0.006719 -0.013754
0.031986 -0.027445
0.087849 -0.037075
0.176914 -0.043233
0.287343 -0.046538
0.394488 -0.047506
0.474051 -0.046622
0.512588 -0.044336
0.509391 -0.041060
0.472652 -0.037160
0.414248 -0.032988
0.345682 -0.028740
0.275925 -0.024614
0.210829 -0.020750
0.153479 -0.017238
0.104951 -0.014124
0.065079 -0.011425
0.033072 -0.009131
0.007922 -0.006836
-0.011363 0.001081
-0.025671 0.027625
-0.035769 0.084507
-0.042320 0.174378
-0.045915 0.285435
-0.047097 0.393064
-0.046369 0.472998
-0.044196 0.511815
-0.041002 0.508826
-0.037160 0.472244
-0.032988 0.413995
-0.028740 0.345542
-0.024614 0.275867
-0.020750 0.210829
-0.017238 0.153479
-0.014124 0.104951
-0.011425 0.065079
-0.009131 0.033072
-0.006836 0.007922
0.001081 -0.011363
0.027625 -0.025671
0.084507 -0.035769
0.174378 -0.042320
0.285435 -0.045915
0.393064 -0.047097
0.472998 -0.046369
0.511815 -0.044196
0.508826 -0.041002
0.472244 -0.037160
0.413995 -0.032988
0.345542 -0.028740
0.275867 -0.024614
0.210829 -0.020750
0.153479 -0.017238
0.104951 -0.014124
0.065079 -0.011425
0.033072 -0.009131
0.007922 -0.006836
-0.011363 0.001081
-0.025671 0.027625
-0.035769 0.084507
-0.042320 0.174378
-0.045915 0.285435
-0.047097 0.393064
-0.046369 0.472998
-0.044196 0.511815
-0.041002 0.508826
-0.037160 0.472244
-0.032988 0.413995
-0.028740 0.345542
-0.024614 0.275867
-0.020750 0.210829
-0.017238 0.153479
-0.014124 0.104951
-0.011425 0.065079
-0.009131 0.033072
-0.007214 0.007922
-0.005638 -0.011363
-0.004362 -0.025671
-0.003341 -0.035391
-0.002536 -0.035600
-0.001908 -0.013929
-0.001424 0.040751
-0.001054 0.130923
-0.000774 0.249866
-0.000564 0.385094
-0.000409 0.518020
-0.000253 0.624907
-0.000139 0.686864
-0.000058 0.697220
0.000000 0.661335
0.000000 0.591850
0.000000 0.503354
0.000000 0.408649
0.000000 0.317043
0.000000 0.234174
0.000000 0.162672
0.000000 0.103103
0.000000 0.054830
0.000000 0.016660
0.000000 -0.012748
0.000000 -0.034680
0.000000 -0.049904
0.000000 -0.053845
0.000000 -0.034438
0.000000 0.019178
0.000000 0.109286
0.000000 0.228898
0.000000 0.365337
0.000000 0.499846
0.000000 0.608499
0.000000 0.672335
0.000000 0.684579
0.000000 0.650515
0.000000 0.582728
0.000000 0.495771
0.000000 0.402429
0.000000 0.312005
0.000000 0.230140
0.000000 0.159479
0.000000 0.100602
0.000000 0.052891
0.000000 0.015171
0.000378 -0.013881
0.006719 -0.035534
0.031986 -0.050921
0.087849 -0.061039
0.176914 -0.066774
0.287343 -0.068885
0.394488 -0.068162
0.474051 -0.065277
0.512588 -0.060840
0.509391 -0.055393
0.472652 -0.049396
0.414248 -0.043270
0.345682 -0.037255
0.275925 -0.031570
0.210829 -0.026360
0.153479 -0.021707
0.104951 -0.017645
0.065079 -0.014169
0.033072 -0.011247
0.008300 -0.008831
-0.004643 -0.006862
0.006315 -0.005280
0.052080 -0.004025
0.134595 -0.003041
0.241427 -0.002278
0.347391 -0.001693
0.427682 -0.001248
0.468392 -0.000913
0.468388 -0.000622
0.435492 -0.000409
0.381260 -0.000253
0.316941 -0.000139
0.251311 -0.000058
0.190078 0.000000
0.136241 0.000000
0.090827 0.000000
0.053654 0.000000
0.023941 0.000000
0.001086 0.000000
-0.010281 0.000000
0.001953 0.000000
0.048738 0.000000
0.132059 0.000000
0.239519 0.000000
0.345967 0.000000
0.426629 0.000000
0.467618 0.000000
0.467824 0.000000
0.435083 0.000000
0.381007 0.000000
0.316802 0.000000
0.251253 0.000000
0.190078 0.000000
0.136241 0.000000
0.090827 0.000000
0.053654 0.000000
0.023941 0.000000
0.001086 0.000000
-0.010281 0.000000
0.001953 0.000000
0.048738 0.000000
0.132059 0.000000
0.239519 0.000000
0.345967 0.000000
0.426629 0.000000
0.467618 0.000000
0.467824 0.000000
0.435083 0.000000
0.381007 0.000000
0.316802 0.000000
0.251253 0.000000
0.190078 0.000000
0.136241 0.000000
0.090827 0.000000
0.053654 0.000000
0.023941 0.000000
0.000709 0.000000
-0.017001 0.000000
-0.030033 0.000000
-0.038732 0.000000
-0.038136 0.000000
-0.015837 0.000000
0.039327 0.000000
0.129869 0.000000
0.248714 0.000000
0.378188 0.000000
0.492345 0.000000
0.568792 0.000000
0.597281 0.000000
0.580391 0.000000
0.528923 0.000000
0.456425 0.000000
0.375373 0.000000
0.295077 0.000000
0.221370 0.000000
0.157152 0.000000
0.103257 0.000000
0.059287 0.000000
0.024253 0.000000
-0.003012 0.000000
-0.023635 0.000000
-0.038623 0.000378
-0.048851 0.006719
-0.055087 0.031986
-0.058026 0.087849
-0.058306 0.176914
-0.056477 0.287343
-0.053135 0.394488
-0.048765 0.474051
-0.043788 0.512588
-0.038596 0.509391
-0.033414 0.472652
-0.028455 0.414248
-0.023865 0.345682
-0.019732 0.275925
-0.016099 0.210829
-0.012971 0.153479
-0.010328 0.104951
-0.008133 0.065079
-0.006336 0.033072
-0.004888 0.008300
-0.003734 -0.004643
-0.002827 0.006315
-0.002122 0.052080
-0.001580 0.134973
-0.001167 0.247769
-0.000855 0.372657
-0.000622 0.483545
-0.000409 0.557836
-0.000253 0.585158
-0.000139 0.567904
-0.000058 0.516686
0.000000 0.444922
0.000000 0.364883
0.000000 0.285752
0.000000 0.213263
0.000000 0.150242
0.000000 0.097470
0.000000 0.054518
0.000000 0.020380
0.000378 -0.006114
0.006719 -0.026089
0.031986 -0.040541
0.087849 -0.050333
0.177292 -0.056222
0.294062 -0.058886
0.426474 -0.058951
0.561900 -0.056999
0.689881 -0.053560
0.803453 -0.049116
0.898749 -0.044040
0.969428 -0.038735
1.003576 -0.033472
0.991530 -0.028455
0.932663 -0.023865
0.835564 -0.019732
0.714039 -0.016099
0.582558 -0.012971
0.453146 -0.010328
0.334096 -0.008133
0.230025 -0.006336
0.142639 -0.004888
0.071696 -0.003734
0.015851 -0.002827
-0.026719 -0.002122
-0.057560 -0.001580
-0.072906 -0.001167
-0.061438 -0.000855
-0.012945 -0.000622
0.074272 -0.000409
0.192812 -0.000253
0.329981 -0.000139
0.472261 -0.000058
0.608429 0.000000
0.730503 0.000000
0.828886 0.000000
0.889467 0.000000
0.901328 0.000000
0.863302 0.000000
0.783895 0.000000
0.677084 0.000000
0.557627 0.000000
0.437871 0.000000
0.326418 0.000000
0.228168 0.000000
0.145087 0.000000
0.077170 0.000000
0.023290 0.000000
-0.018175 0.000000
-0.048544 0.000000
-0.063937 0.000000
-0.052889 0.000000
-0.005058 0.000000
0.081354 0.000000
0.199031 0.000000
0.335336 0.000000
0.476796 0.000000
0.611834 0.000000
0.727276 0.000000
0.806115 0.000000
0.835579 0.000000
0.813431 0.000000
0.747730 0.000000
0.652402 0.000000
0.542356 0.000000
0.430172 0.000000
0.324692 0.000000
0.231036 0.000000
0.151361 0.000000
0.085829 0.000000
0.033467 0.000000
-0.007205 0.000000
-0.037411 0.000000
-0.053089 0.000000
-0.042615 0.000000
0.004404 0.000000
0.089863 0.000000
0.206522 0.000000
0.341808 0.000000
0.482291 0.000000
0.616805 0.000000
0.737778 0.000000
0.840838 0.000000
0.919203 0.000000
0.960712 0.000000
0.955490 0.000000
0.902782 0.000000
0.811113 0.000000
0.694277 0.000000
0.566771 0.000000
0.440674 0.000000
0.324346 0.000000
0.222479 0.000000
0.136854 0.000000
0.067301 0.000000
0.012541 0.000000
-0.029192 0.000000
-0.059770 0.000000
-0.080931 0.000000
-0.094338 0.000000
-0.101416 0.000000
-0.103429 0.000000
-0.101503 0.000000
-0.096633 0.000000
-0.089697 0.000000
-0.081451 0.000000
-0.072572 0.000000
-0.063520 0.000000
-0.054695 0.000000
-0.046386 0.000000
-0.038784 0.000000
-0.031998 0.000000
-0.026069 0.000000
-0.020987 0.000000
-0.016706 0.000000
-0.013156 0.000000
-0.010255 0.000000
-0.007916 0.000000
-0.006054 0.000000
-0.004589 0.000000
-0.003450 0.000000
-0.002531 0.000000
-0.001832 0.000000
-0.001306 0.000000
-0.000913 0.000000
-0.000622 0.000000
-0.000409 0.000000
-0.000253 0.000000
-0.000139 0.000000
-0.000058 0.000000
0.000000 0.000000
0.000000 0.000000
0.000000 0.000000
0.000000 0.000000
0.000000 0.000000
0.000000 0.000000
0.000000 0.000000
0.000000 0.000000
0.000000 0.000000
0.000000 0.000000
0.000000 0.000000
0.000000 0.000000
0.000000 0.000000
0.000000 0.000000
0.000000 0.000000
0.000000 0.000000
0.000000 0.000000
0.000000 0.000000
0.000000 0.000000
0.000000 0.000000
0.000000 0.000000
0.000000 0.000000
0.000000 0.000000
0.000000 0.000000
0.000000 0.000000
0.000000 0.000000
0.000000 0.000000
0.000000 0.000000
0.000000 0.000000
0.000000 0.000000
0.000000 0.000000
0.000000 0.000000
0.000000 0.000000
0.000000 0.000000
0.000000 0.000000
0.000000 0.000000
0.000000 0.000000
0.000000 0.000000
0.000000 0.000000
0.000000 0.000000
0.000000 0.000000
0.000000 0.000000
0.000000 0.000000
0.000000 0.000000
0.000000 0.000000
0.000000 0.000000
0.000000 0.000000
0.000000 0.000000
0.000000 0.000000
0.000000 0.000000
0.000000 0.000000
0.000000 0.000000
0.000000 0.000000
0.000000 0.000000
0.000000 0.000000
0.000000 0.000000
0.000000 0.000000
0.000000 0.000000
0.000000 0.000000
0.000000 0.000000
0.000000 0.000000
0.000000 0.000000
0.000000 0.000000
0.000000 0.000000
0.000000 0.000000
0.000000 0.000000
0.000000 0.000000
0.000000 0.000000
0.000000 0.000000
0.000000 0.000000
0.000000 0.000000
0.000000 0.000000
