0.000000 0.000000
0.000000 0.000000
0.000000 0.000000
0.000000 0.000000
0.000000 0.000000
0.000000 0.000000
0.000000 0.000000
0.000000 0.000000
0.000000 0.000000
0.000000 0.000000
0.000000 0.000000
0.000000 0.000000
0.000000 0.000000
0.000000 0.000000
0.000000 0.000000
0.000000 0.000000
0.000000 0.000378
0.000000 0.006719
0.000000 0.031986
0.000000 0.087849
0.000000 0.177292
0.000000 0.294062
0.000000 0.426474
0.000000 0.561900
0.000000 0.689881
0.000000 0.803453
0.000000 0.898749
0.000000 0.969428
0.000000 1.003576
0.000000 0.991530
0.000000 0.932663
0.000000 0.835564
0.000000 0.714039
0.000000 0.582558
0.000000 0.453146
0.000000 0.334096
0.000000 0.230025
0.000000 0.142639
0.000000 0.071696
0.000000 0.015851
0.000000 -0.026719
0.000378 -0.057938
0.006719 -0.079625
0.031986 -0.093424
0.087849 -0.100793
0.176914 -0.103021
0.287343 -0.101250
0.394488 -0.096493
0.474051 -0.089639
0.512588 -0.081451
0.509391 -0.072572
0.472652 -0.063520
0.414248 -0.054695
0.345682 -0.046386
0.275925 -0.038784
0.210829 -0.031998
0.153479 -0.026069
0.104951 -0.020987
0.065079 -0.016706
0.033072 -0.013156
0.008300 -0.010255
-0.004643 -0.007916
0.006315 -0.006054
0.052080 -0.004589
0.134595 -0.003450
0.241427 -0.002531
0.347391 -0.001832
0.427682 -0.001306
0.468392 -0.000913
0.468388 -0.000622
0.435492 -0.000409
0.381260 -0.000253
0.316941 -0.000139
0.251311 -0.000058
0.190078 0.000000
0.136241 0.000000
0.090827 0.000000
0.053654 0.000000
0.023941 0.000000
0.000709 0.000000
-0.017001 0.000000
-0.030033 0.000000
-0.039110 0.000000
-0.044856 0.000000
-0.047446 0.000000
-0.041802 0.000000
-0.015437 0.000000
0.042878 0.000000
0.135348 0.000000
0.249774 0.000000
0.361248 0.000000
0.445172 0.000000
0.487916 0.000000
0.488640 0.000000
0.455414 0.000000
0.400123 0.000000
0.334256 0.000000
0.266795 0.000000
0.203615 0.000000
0.147841 0.000000
0.100590 0.000000
0.061738 0.000000
0.030536 0.000000
0.006014 0.000378
-0.012786 0.006719
-0.026725 0.031986
-0.036543 0.087849
-0.042884 0.177292
-0.046324 0.294062
-0.047350 0.426474
-0.046509 0.561900
-0.044254 0.689881
-0.041002 0.803453
-0.037160 0.898749
-0.032988 0.969428
-0.028740 1.003576
-0.024614 0.991530
-0.020750 0.932663
-0.017238 0.835564
-0.014124 0.714039
-0.011425 0.582558
-0.009131 0.453146
-0.007214 0.334096
-0.005638 0.230025
-0.004362 0.142639
-0.003341 0.071696
-0.002536 0.015851
-0.001908 -0.026719
-0.001424 -0.057560
-0.001054 -0.072906
-0.000774 -0.061438
-0.000564 -0.012945
-0.000409 0.073894
-0.000253 0.186093
-0.000139 0.297995
-0.000058 0.384413
0.000000 0.431137
0.000000 0.436818
0.000000 0.409132
0.000000 0.359553
0.000000 0.299296
0.000000 0.237142
0.000000 0.178831
0.000000 0.127410
0.000000 0.083965
0.000000 0.048374
0.000000 0.019916
0.000000 -0.001955
0.000000 -0.012559
0.000000 0.000261
0.000000 0.047490
0.000000 0.131523
0.000000 0.245616
0.000000 0.377544
0.000000 0.513847
0.000000 0.638051
0.000000 0.729842
0.000000 0.773709
0.000000 0.765615
0.000000 0.712620
0.000000 0.628231
0.000000 0.527305
0.000000 0.422508
0.000000 0.322937
0.000000 0.233906
0.000000 0.157748
0.000000 0.094773
0.000000 0.044135
0.000000 0.004470
0.000378 -0.025710
0.006719 -0.047820
0.031986 -0.063130
0.087849 -0.072761
0.176914 -0.077714
0.287343 -0.078892
0.394488 -0.077117
0.474051 -0.073138
0.512588 -0.067581
0.509391 -0.061082
0.472652 -0.054128
0.414248 -0.047111
0.345682 -0.040370
0.275925 -0.034065
0.210829 -0.028335
0.153479 -0.023253
0.104951 -0.018843
0.065079 -0.015088
0.033072 -0.011946
0.008300 -0.009357
-0.004643 -0.007255
0.006315 -0.005571
0.052080 -0.004239
0.134973 -0.003197
0.248147 -0.002391
0.379377 -0.001774
0.515153 -0.001306
0.638965 -0.000913
0.730464 -0.000622
0.774117 -0.000409
0.765868 -0.000253
0.712760 -0.000139
0.628290 -0.000058
0.527305 0.000000
0.422508 0.000000
0.322937 0.000000
0.233906 0.000000
0.157748 0.000000
0.094773 0.000000
0.044135 0.000000
0.004470 0.000000
-0.025710 0.000378
-0.047820 0.006719
-0.063130 0.031986
-0.072761 0.087849
-0.077714 0.177292
-0.078892 0.294062
-0.077117 0.426474
-0.073138 0.561900
-0.067581 0.689881
-0.061082 0.803075
-0.054128 0.892407
-0.047111 0.944162
-0.040370 0.947714
-0.034065 0.902086
-0.028335 0.815893
-0.023253 0.703152
-0.018843 0.578614
-0.015088 0.454577
-0.011946 0.339574
-0.009357 0.238423
-0.007255 0.153003
-0.005571 0.083224
-0.004239 0.027880
-0.003197 -0.014725
-0.002013 -0.046391
0.004945 -0.068825
0.030680 -0.083569
0.086935 -0.091993
0.176292 -0.095316
0.286934 -0.094623
0.394236 -0.090885
0.473912 -0.084965
0.512530 -0.077610
0.509391 -0.069458
0.472652 -0.061026
0.414248 -0.052720
0.345682 -0.044839
0.275925 -0.037586
0.210829 -0.031079
0.153479 -0.025370
0.104951 -0.020461
0.065079 -0.016313
0.033072 -0.012865
0.007922 -0.009663
-0.011363 -0.001041
-0.025671 0.026045
-0.035769 0.083340
-0.042320 0.173523
-0.045915 0.284812
-0.047097 0.392656
-0.046369 0.472745
-0.044196 0.511675
-0.041002 0.508768
-0.037160 0.472244
-0.032988 0.413995
-0.028740 0.345542
-0.024614 0.275867
-0.020750 0.210829
-0.017238 0.153479
-0.014124 0.104951
-0.011425 0.065079
-0.009131 0.033072
-0.007214 0.008300
-0.005638 -0.004643
-0.004362 0.006315
-0.003341 0.052080
-0.002536 0.134595
-0.001908 0.241427
-0.001424 0.347391
-0.001054 0.427682
-0.000774 0.468392
-0.000564 0.468388
-0.000409 0.435492
-0.000253 0.381260
-0.000139 0.316941
-0.000058 0.251311
0.000000 0.190078
0.000000 0.136241
0.000000 0.090827
0.000000 0.053654
0.000000 0.023941
0.000000 0.001086
0.000000 -0.010281
0.000000 0.001953
0.000000 0.048738
0.000000 0.132436
0.000000 0.246239
0.000000 0.377953
0.000000 0.514477
0.000000 0.644910
0.000000 0.761508
0.000000 0.854838
0.000000 0.910921
0.000000 0.918834
0.000000 0.877413
0.000000 0.795142
0.000000 0.685915
0.000000 0.564489
0.000000 0.443152
0.000000 0.330443
0.000000 0.231209
0.000000 0.147365
0.000000 0.078863
0.000000 0.024538
0.000000 -0.017262
0.000000 -0.048299
0.000000 -0.070248
0.000000 -0.084623
0.000000 -0.092767
0.000000 -0.095880
0.000378 -0.095031
0.006719 -0.091138
0.031986 -0.085104
0.087849 -0.077669
0.177292 -0.069458
0.294062 -0.061026
0.426474 -0.052720
0.561522 -0.044839
0.683161 -0.037586
0.771467 -0.031079
0.811278 -0.025370
0.798855 -0.020461
0.741500 -0.016313
0.652904 -0.012865
0.548055 -0.010041
0.439746 -0.007760
0.337061 -0.005941
0.245331 -0.004508
0.166879 -0.003391
0.101987 -0.002531
0.049773 -0.001832
0.008832 -0.001306
-0.021991 -0.000913
-0.038565 -0.000622
-0.029236 -0.000409
0.016511 -0.000253
0.100632 -0.000139
0.215944 -0.000058
0.349921 0.000000
0.489171 0.000000
0.622174 0.000000
0.735791 0.000000
0.813070 0.000000
0.841189 0.000000
0.817900 0.000000
0.751251 0.000000
0.655146 0.000000
0.544473 0.000000
0.431790 0.000000
0.325916 0.000000
0.231954 0.000000
0.152044 0.000000
0.086334 0.000000
0.033837 0.000000
-0.006936 0.000000
-0.037594 0.000378
-0.059669 0.006719
-0.074543 0.031986
-0.083444 0.087849
-0.087429 0.177292
-0.087540 0.294062
-0.084666 0.426474
-0.079609 0.561900
-0.073076 0.689881
-0.065675 0.803075
-0.057911 0.892407
-0.050225 0.944162
-0.042865 0.947714
-0.036040 0.902086
-0.029881 0.815893
-0.024451 0.703152
-0.019762 0.578614
-0.015787 0.454577
-0.012472 0.339574
-0.009750 0.238423
-0.007546 0.153003
-0.005785 0.083224
-0.004395 0.027880
-0.003310 -0.014725
-0.002472 -0.046391
-0.001832 -0.068825
-0.001306 -0.083569
-0.000913 -0.091993
-0.000622 -0.095316
-0.000409 -0.094245
-0.000253 -0.084166
-0.000139 -0.052979
-0.000058 0.010238
0.000000 0.107835
0.000000 0.233037
0.000000 0.373376
0.000000 0.510341
0.000000 0.620309
0.000000 0.684525
0.000000 0.696464
0.000000 0.661625
0.000000 0.592775
0.000000 0.504613
0.000000 0.410033
0.000000 0.318414
0.000000 0.235446
0.000000 0.163802
0.000000 0.104073
0.000000 0.055640
0.000000 0.017364
0.000000 -0.011769
0.000000 -0.027450
0.000000 -0.017864
0.000000 0.027649
0.000000 0.111179
0.000000 0.225660
0.000000 0.358663
0.000000 0.496876
0.000000 0.629180
0.000000 0.748118
0.000000 0.849353
0.000000 0.926158
0.000000 0.966321
0.000000 0.959960
0.000000 0.906303
0.000000 0.813857
0.000000 0.696394
0.000000 0.568388
0.000000 0.441898
0.000000 0.325265
0.000000 0.223162
0.000000 0.137358
0.000000 0.067670
0.000000 0.012810
0.000000 -0.028997
0.000000 -0.059630
0.000000 -0.080873
0.000000 -0.094338
0.000378 -0.101416
0.006719 -0.103429
0.031986 -0.101503
0.087849 -0.096633
0.176914 -0.089697
0.287343 -0.081451
0.394488 -0.072572
0.474051 -0.063520
0.512588 -0.054695
0.509391 -0.046386
0.472652 -0.038784
0.414248 -0.031998
0.345682 -0.026069
0.275925 -0.020987
0.210829 -0.016706
0.153479 -0.013156
0.104951 -0.010255
0.065079 -0.007916
0.033072 -0.006054
0.007922 -0.004589
-0.011363 -0.003450
-0.025671 -0.002531
-0.035769 -0.001454
-0.042320 0.005413
-0.045915 0.031073
-0.047097 0.087226
-0.046369 0.176884
-0.044196 0.293810
-0.041002 0.425957
-0.037160 0.555122
-0.032988 0.657895
-0.028740 0.715604
-0.024614 0.721834
-0.020750 0.682085
-0.017238 0.609088
-0.014124 0.517478
-0.011425 0.420074
-0.009131 0.326174
-0.007214 0.241387
-0.005638 0.168310
-0.004362 0.107464
-0.003341 0.058171
-0.002536 0.019196
-0.001530 -0.010840
0.005296 -0.033256
0.030932 -0.049228
0.087075 -0.059791
0.176350 -0.065860
0.286934 -0.068262
0.394236 -0.067753
0.473912 -0.065024
0.512530 -0.060701
0.509391 -0.055335
0.472652 -0.049396
0.414248 -0.043270
0.345682 -0.037255
0.275925 -0.031570
0.210829 -0.026360
0.153479 -0.021707
0.104951 -0.017645
0.065079 -0.014169
0.033072 -0.011247
0.007922 -0.008831
-0.011363 -0.006862
-0.025671 -0.005280
-0.035769 -0.004025
-0.042320 -0.002663
-0.045915 0.004441
-0.047097 0.030293
-0.046369 0.086600
-0.044196 0.176001
-0.041002 0.286720
-0.037160 0.394080
-0.032988 0.473799
-0.028740 0.512449
-0.024614 0.509332
-0.020750 0.472652
-0.017238 0.414248
-0.014124 0.345682
-0.011425 0.275925
-0.009131 0.210829
-0.007214 0.153479
-0.005638 0.104951
-0.004362 0.065079
-0.003341 0.033072
-0.002536 0.007922
-0.001908 -0.010985
-0.001424 -0.018952
-0.001054 -0.003783
-0.000774 0.045529
-0.000564 0.130999
-0.000409 0.240245
-0.000253 0.348119
-0.000139 0.429855
-0.000058 0.471586
0.000000 0.472230
0.000000 0.439664
0.000000 0.385507
0.000000 0.321067
0.000000 0.255175
0.000000 0.193591
0.000000 0.139355
0.000000 0.093526
0.000000 0.055949
0.000000 0.025858
0.000000 0.002662
0.000000 -0.009005
0.000000 0.002974
0.000000 0.049544
0.000000 0.133064
0.000000 0.246723
0.000000 0.378323
0.000000 0.514379
0.000000 0.638401
0.000000 0.730056
0.000000 0.773865
0.000000 0.765728
0.000000 0.712702
0.000000 0.628290
0.000000 0.527305
0.000000 0.422508
0.000000 0.322937
0.000000 0.233906
0.000000 0.157748
0.000000 0.094773
0.000000 0.044135
0.000000 0.004470
0.000000 -0.025332
0.000000 -0.041101
0.000000 -0.031144
0.000000 0.015087
0.000000 0.099200
0.000000 0.208451
0.000000 0.317371
0.000000 0.400914
0.000000 0.445007
0.000000 0.448308
0.000000 0.418524
0.000000 0.367137
0.000000 0.305312
0.000000 0.241861
0.000000 0.182494
0.000000 0.130226
0.000000 0.086108
0.000000 0.049991
0.000000 0.021126
0.000378 -0.001435
0.006719 -0.018618
0.031986 -0.031242
0.087849 -0.040008
0.177292 -0.045517
0.294062 -0.048306
0.426474 -0.048872
0.561900 -0.047675
0.689881 -0.045110
0.803453 -0.041625
0.898749 -0.037569
0.969428 -0.033240
1.003576 -0.028880
0.991530 -0.024673
0.932663 -0.020750
0.835564 -0.017238
0.714039 -0.014124
0.582558 -0.011425
0.453146 -0.009131
0.334096 -0.007214
0.230025 -0.005638
0.142639 -0.004362
0.071696 -0.003341
0.015851 -0.002536
-0.026719 -0.001908
-0.057560 -0.001424
-0.072906 -0.001054
-0.061438 -0.000774
-0.012945 -0.000564
0.073894 -0.000409
0.186093 -0.000253
0.297995 -0.000139
0.384413 -0.000058
0.431137 0.000000
0.436818 0.000000
0.409132 0.000000
0.359553 0.000000
0.299296 0.000000
0.237142 0.000000
0.178831 0.000000
0.127410 0.000000
0.083965 0.000000
0.048374 0.000000
0.019916 0.000000
-0.002332 0.000378
-0.019279 0.006719
-0.031725 0.031986
-0.040358 0.087849
-0.045769 0.177292
-0.048446 0.294062
-0.048930 0.426474
-0.047675 0.561522
-0.045110 0.683161
-0.041625 0.771467
-0.037569 0.811278
-0.033240 0.798855
-0.028880 0.741500
-0.024673 0.652904
-0.020750 0.548055
-0.017238 0.439746
-0.014124 0.337061
-0.011425 0.245331
-0.009131 0.166879
-0.007214 0.101987
-0.005638 0.049773
-0.004362 0.008832
-0.003341 -0.022369
-0.002536 -0.045284
-0.001908 -0.061222
-0.001424 -0.070960
-0.001054 -0.069941
-0.000774 -0.046132
-0.000564 0.011296
-0.000409 0.104563
-0.000253 0.226356
-0.000139 0.358812
-0.000058 0.475844
0.000000 0.554922
0.000000 0.585791
0.000000 0.570999
0.000000 0.521339
0.000000 0.450409
0.000000 0.370654
0.000000 0.291414
0.000000 0.218554
0.000000 0.155009
0.000000 0.101640
0.000000 0.058077
0.000000 0.023355
0.000378 -0.003673
0.006719 -0.024118
0.031986 -0.038974
0.087849 -0.049103
0.177292 -0.055227
0.294062 -0.058085
0.426474 -0.058306
0.561522 -0.056477
0.683161 -0.053135
0.771467 -0.048765
0.811278 -0.043788
0.798855 -0.038596
0.741500 -0.033414
0.652904 -0.028455
0.548055 -0.023865
0.439746 -0.019732
0.337061 -0.016099
0.245331 -0.012971
0.166879 -0.010328
0.101987 -0.008133
0.049773 -0.006336
0.008832 -0.004888
-0.022369 -0.003734
-0.045284 -0.002827
-0.061222 -0.002122
-0.071338 -0.001580
-0.076283 -0.001167
-0.071398 -0.000855
-0.044567 -0.000622
0.015119 -0.000409
0.109964 -0.000253
0.233119 -0.000139
0.372026 -0.000058
0.508070 0.000000
0.617525 0.000000
0.681539 0.000000
0.693499 0.000000
0.658832 0.000000
0.590245 0.000000
0.502390 0.000000
0.408128 0.000000
0.316817 0.000000
0.234132 0.000000
0.162739 0.000000
0.103225 0.000000
0.054974 0.000000
0.016805 0.000000
-0.012237 0.000000
-0.027843 0.000000
-0.018155 0.000000
0.027435 0.000000
0.110646 0.000000
0.218828 0.000000
0.326595 0.000000
0.408969 0.000000
0.451887 0.000000
0.454056 0.000000
0.423256 0.000000
0.370978 0.000000
0.308427 0.000000
0.244355 0.000000
0.184469 0.000000
0.131772 0.000000
0.087306 0.000000
0.050910 0.000000
0.021824 0.000000
-0.000531 0.000000
-0.011506 0.000000
0.001035 0.000000
0.048055 0.000000
0.131931 0.000000
0.245869 0.000000
0.377684 0.000000
0.514283 0.000000
0.644393 0.000000
0.755109 0.000000
0.829571 0.000000
0.855059 0.000000
0.829390 0.000000
0.760643 0.000000
0.662730 0.000000
0.550489 0.000000
0.436509 0.000000
0.329580 0.000000
0.234770 0.000000
0.154188 0.000000
0.087951 0.000000
0.035047 0.000000
-0.006038 0.000000
-0.036556 0.000000
-0.052467 0.000000
-0.042206 0.000000
0.004657 0.000000
0.090002 0.000000
0.206580 0.000000
0.341808 0.000000
0.481913 0.000000
0.610085 0.000000
0.705792 0.000000
0.753367 0.000000
0.748630 0.000000
0.698635 0.000000
0.616864 0.000000
0.518174 0.000000
0.415295 0.000000
0.317299 0.000000
0.229545 0.000000
0.154407 0.000000
0.092237 0.000000
0.042227 0.000000
0.003046 0.000000
-0.026386 0.000000
-0.041875 0.000000
-0.031708 0.000000
0.014679 0.000000
0.098948 0.000000
0.208311 0.000000
0.317313 0.000000
0.400914 0.000000
0.445007 0.000000
0.448308 0.000000
0.418524 0.000000
0.367137 0.000000
0.305312 0.000000
0.241861 0.000000
0.182494 0.000000
0.130226 0.000000
0.086108 0.000000
0.049991 0.000000
0.021126 0.000000
-0.001435 0.000000
-0.018618 0.000000
-0.031242 0.000000
-0.040008 0.000000
-0.045517 0.000000
-0.048306 0.000000
-0.048872 0.000000
-0.047675 0.000000
-0.045110 0.000000
-0.041625 0.000000
-0.037569 0.000000
-0.033240 0.000000
-0.028880 0.000000
-0.024673 0.000000
-0.020750 0.000000
-0.017238 0.000000
-0.014124 0.000000
-0.011425 0.000000
-0.009131 0.000000
-0.007214 0.000000
-0.005638 0.000000
-0.004362 0.000000
-0.003341 0.000000
-0.002536 0.000000
-0.001908 0.000000
-0.001424 0.000000
-0.001054 0.000000
-0.000774 0.000000
-0.000564 0.000000
-0.000409 0.000000
-0.000253 0.000000
-0.000139 0.000000
-0.000058 0.000000
0.000000 0.000000
0.000000 0.000000
0.000000 0.000000
0.000000 0.000000
0.000000 0.000000
0.000000 0.000000
0.000000 0.000000
0.000000 0.000000
0.000000 0.000000
0.000000 0.000000
0.000000 0.000000
0.000000 0.000000
0.000000 0.000000
0.000000 0.000000
0.000000 0.000000
0.000000 0.000000
0.000000 0.000000
0.000000 0.000000
0.000000 0.000000
0.000000 0.000000
0.000000 0.000000
0.000000 0.000000
0.000000 0.000000
0.000000 0.000000
0.000000 0.000000
0.000000 0.000000
0.000000 0.000000
0.000000 0.000000
0.000000 0.000000
0.000000 0.000000
0.000000 0.000000
0.000000 0.000000
0.000000 0.000000
0.000000 0.000000
0.000000 0.000000
0.000000 0.000000
0.000000 0.000000
0.000000 0.000000
0.000000 0.000000
0.000000 0.000000
0.000000 0.000000
0.000000 0.000000
0.000000 0.000000
0.000000 0.000000
0.000000 0.000000
0.000000 0.000000
0.000000 0.000000
0.000000 0.000000
0.000000 0.000000
0.000000 0.000000
0.000000 0.000000
0.000000 0.000000
0.000000 0.000000
0.000000 0.000000
0.000000 0.000000
0.000000 0.000000
0.000000 0.000000
0.000000 0.000000
0.000000 0.000000
