0.000000 0.000000
0.000000 0.000000
0.000000 0.000000
0.000000 0.000000
0.000000 0.000000
0.000000 0.000000
0.000000 0.000000
0.018566 0.000000
0.165070 0.000000
0.439405 0.000000
0.724358 0.000000
0.937974 0.000000
1.047532 0.000000
0.962426 0.000000
0.705800 0.000000
0.412714 0.000000
0.177664 0.000000
0.023497 0.000000
-0.062902 0.000000
-0.082956 0.000000
0.055873 0.000000
0.322062 0.000000
0.479389 0.000000
0.439279 0.000000
0.300806 0.000000
0.162979 0.000000
0.062826 0.000000
0.000074 0.000000
-0.016306 0.000000
0.114841 0.000000
0.387028 0.000000
0.677869 0.000000
0.882499 0.000000
0.874204 0.000000
0.669909 0.000000
0.409291 0.000000
0.192154 0.000000
0.045569 0.000000
-0.040073 0.000000
-0.081753 0.018566
-0.093967 0.165070
-0.087953 0.439405
-0.072734 0.724358
-0.054899 0.937974
-0.038380 1.047532
-0.025126 0.962426
-0.015527 0.705800
-0.009116 0.412714
-0.005112 0.177664
-0.002750 0.023497
-0.001333 -0.062902
-0.000578 -0.101522
-0.000192 -0.109197
0.000000 -0.080211
0.000000 0.085170
0.000000 0.361550
0.000000 0.518355
0.000000 0.472025
0.000000 0.325458
0.000000 0.180019
0.000000 0.073804
0.000000 0.006827
0.000000 -0.012336
0.000000 0.117013
0.000000 0.388170
0.000000 0.678448
0.000000 0.901256
0.000000 1.020708
0.000000 0.944245
0.000000 0.694244
0.000000 0.405770
0.000000 0.173693
0.000000 0.021325
0.000000 -0.064043
0.000000 -0.083535
0.000000 0.055681
0.000000 0.340628
0.000000 0.625893
0.000000 0.713614
0.000000 0.585759
0.000000 0.376594
0.000000 0.190950
0.000000 0.061472
0.000000 -0.017162
0.000000 -0.039796
0.000000 0.091258
0.000000 0.366873
0.000000 0.662448
0.000000 0.890240
0.000000 1.013543
0.000000 0.939854
0.000000 0.691690
0.000000 0.404352
0.000000 0.172939
0.000000 0.020938
0.000000 -0.064235
0.018566 -0.102100
0.165070 -0.109388
0.439405 -0.098777
0.724358 -0.079900
0.919408 -0.059290
0.901028 -0.040934
0.688090 -0.026543
0.420847 -0.016282
0.199099 -0.009503
0.049540 -0.005304
-0.037901 -0.002750
-0.062046 -0.001333
0.071681 -0.000578
0.351644 -0.000192
0.651624 0.000000
0.883075 0.000000
1.009152 0.000000
0.937300 0.000000
0.690273 0.000000
0.403598 0.000000
0.172552 0.000000
0.020746 0.000000
-0.064235 0.000000
-0.102100 0.000000
-0.090823 0.000000
0.066293 0.000000
0.359506 0.000000
0.646503 0.000000
0.731970 0.000000
0.600150 0.000000
0.386856 0.000000
0.197729 0.000000
0.065671 0.000000
-0.014609 0.000000
-0.056944 0.018566
-0.073058 0.165070
-0.072145 0.420840
-0.061718 0.559289
-0.047733 0.498568
-0.033989 0.341739
-0.022572 0.189522
-0.014110 0.079108
-0.008362 0.009577
-0.004725 -0.011003
-0.002559 0.117591
-0.001333 0.388361
-0.000578 0.678448
-0.000192 0.901256
0.000000 1.020708
0.000000 0.944245
0.000000 0.694244
0.000000 0.405770
0.000000 0.173693
0.000000 0.021325
0.000000 -0.064043
0.000000 -0.083535
0.000000 0.055681
0.000000 0.322062
0.000000 0.479389
0.000000 0.439279
0.000000 0.300806
0.000000 0.162979
0.000000 0.062826
0.000000 0.000074
0.018566 -0.034872
0.165070 -0.050228
0.439405 -0.052377
0.724358 -0.046489
0.937974 -0.036909
1.047532 -0.026824
0.962426 -0.018181
0.705800 -0.011557
0.412714 -0.006945
0.177664 -0.003971
0.023497 -0.002172
-0.062902 -0.001141
-0.101522 0.017987
-0.109197 0.164878
-0.098777 0.439405
-0.079900 0.724358
-0.059290 0.937974
-0.040934 1.047532
-0.026543 0.962426
-0.016282 0.705800
-0.009503 0.412714
-0.005304 0.177664
-0.002750 0.023497
-0.001333 -0.062902
-0.000578 -0.101522
-0.000192 -0.109197
0.000000 -0.080211
0.000000 0.085170
0.000000 0.380115
0.000000 0.664859
0.000000 0.746361
0.000000 0.610411
0.000000 0.393634
0.000000 0.201928
0.000000 0.068225
0.000000 -0.013191
0.018566 -0.056190
0.165070 -0.072671
0.439405 -0.071953
0.724358 -0.061718
0.919408 -0.047733
0.901028 -0.033989
0.688090 -0.022572
0.420847 -0.014110
0.199099 -0.008362
0.049540 -0.004725
-0.037901 -0.002559
-0.080612 -0.001333
-0.074823 -0.000578
0.077308 -0.000192
0.366671 0.000000
0.669460 0.000000
0.881028 0.000000
0.875902 0.000000
0.672563 0.000000
0.411731 0.000000
0.193987 0.000000
0.046789 0.000000
-0.039234 0.000000
-0.062625 0.000000
0.071489 0.000000
0.333078 0.000000
0.486555 0.000000
0.443670 0.000000
0.303359 0.000000
0.164396 0.000000
0.063581 0.000000
0.000461 0.000000
-0.034680 0.018566
-0.050228 0.165070
-0.052377 0.439405
-0.046489 0.724358
-0.036909 0.919408
-0.026824 0.901028
-0.018181 0.688090
-0.011557 0.420847
-0.006945 0.199099
-0.003971 0.049540
-0.002172 -0.037901
-0.001141 -0.062046
-0.000578 0.071681
-0.000192 0.351644
0.000000 0.633058
0.000000 0.718005
0.000000 0.588312
0.000000 0.378012
0.000000 0.191705
0.000000 0.061859
0.000000 -0.016970
0.000000 -0.039796
0.000000 0.091258
0.000000 0.348308
0.000000 0.497379
0.000000 0.450835
0.000000 0.307750
0.000000 0.166950
0.000000 0.064998
0.000000 0.001215
0.018566 -0.034294
0.165070 -0.050037
0.439405 -0.052377
0.724358 -0.046489
0.937974 -0.036909
1.047532 -0.026824
0.962426 -0.018181
0.705800 -0.011557
0.412714 -0.006945
0.177664 -0.003971
0.023497 -0.002172
-0.062902 -0.001141
-0.101522 -0.000578
-0.109197 -0.000192
-0.098777 0.018566
-0.079900 0.165070
-0.059290 0.439405
-0.040934 0.724358
-0.026543 0.919408
-0.016282 0.901028
-0.009503 0.688090
-0.005304 0.420847
-0.002750 0.199099
-0.001333 0.049540
-0.000578 -0.037901
-0.000192 -0.080612
0.018566 -0.093389
0.165070 -0.087761
0.439405 -0.072734
0.724358 -0.054899
0.937974 -0.038380
1.047532 -0.025126
0.962426 -0.015527
0.705800 -0.009116
0.412714 -0.005112
0.177664 -0.002750
0.023497 -0.001333
-0.062902 -0.000578
-0.082956 -0.000192
0.055873 0.000000
0.322062 0.000000
0.479389 0.000000
0.439279 0.000000
0.300806 0.000000
0.162979 0.000000
0.062826 0.000000
0.000074 0.000000
-0.016306 0.000000
0.114841 0.000000
0.368463 0.000000
0.512800 0.000000
0.461659 0.000000
0.314916 0.000000
0.171341 0.000000
0.067551 0.000000
0.002632 0.000000
-0.033539 0.018566
-0.049650 0.165070
-0.052185 0.439405
-0.046489 0.724358
-0.036909 0.937974
-0.026824 1.047532
-0.018181 0.962426
-0.011557 0.705800
-0.006945 0.412714
-0.003971 0.177664
-0.002172 0.023497
-0.001141 -0.062902
-0.000578 -0.101522
-0.000192 -0.109197
0.018566 -0.098777
0.165070 -0.079900
0.439405 -0.059290
0.724358 -0.040934
0.919408 -0.026543
0.901028 -0.016282
0.688090 -0.009503
0.420847 -0.005304
0.199099 -0.002750
0.049540 -0.001333
-0.037901 -0.000578
-0.080612 -0.000192
-0.093389 0.000000
-0.087761 0.000000
-0.072734 0.000000
-0.054899 0.000000
-0.038380 0.000000
-0.025126 0.000000
-0.015527 0.000000
-0.009116 0.000000
-0.005112 0.000000
-0.002750 0.000000
-0.001333 0.000000
-0.000578 0.000000
-0.000192 0.000000
0.000000 0.000000
0.000000 0.000000
0.000000 0.000000
0.000000 0.000000
0.000000 0.000000
0.000000 0.000000
0.000000 0.000000
0.000000 0.000000
0.000000 0.000000
0.000000 0.000000
0.000000 0.000000
0.000000 0.000000
0.000000 0.000000
0.000000 0.000000
0.000000 0.000000
0.000000 0.000000
0.000000 0.000000
0.000000 0.000000
0.000000 0.000000
0.000000 0.000000
0.000000 0.000000
0.000000 0.000000
0.000000 0.000000
0.000000 0.000000
0.000000 0.000000
0.000000 0.000000
0.000000 0.000000
0.000000 0.000000
0.000000 0.000000
0.000000 0.000000
0.000000 0.000000
0.000000 0.000000
0.000000 0.000000
0.000000 0.000000
0.000000 0.000000
0.000000 0.000000
0.000000 0.000000
0.000000 0.000000
0.000000 0.000000
0.000000 0.000000
0.000000 0.000000
0.000000 0.000000
0.000000 0.000000
0.000000 0.000000
0.000000 0.000000
0.000000 0.000000
0.000000 0.000000
0.000000 0.000000
0.000000 0.000000
0.000000 0.000000
0.000000 0.000000
