0.000000 0.000000
0.000000 0.000000
0.000000 0.000000
0.000000 0.000000
0.000000 0.000000
0.000000 0.000000
0.000000 0.000000
0.000000 0.000000
0.000000 0.000000
0.000000 0.000000
0.000000 0.000000
0.000000 0.000000
0.000000 0.000000
0.000000 0.000000
0.000000 0.000000
0.000378 0.000000
0.006719 0.000000
0.031986 0.000000
0.087849 0.000000
0.176914 0.000000
0.287343 0.000000
0.394488 0.000000
0.474051 0.000000
0.512588 0.000000
0.509391 0.000000
0.472652 0.000000
0.414248 0.000000
0.345682 0.000000
0.275925 0.000000
0.210829 0.000000
0.153479 0.000000
0.104951 0.000000
0.065079 0.000000
0.033072 0.000000
0.008300 0.000000
-0.004643 0.000000
0.006315 0.000000
0.052080 0.000000
0.134595 0.000000
0.241427 0.000000
0.347391 0.000000
0.427682 0.000000
0.468392 0.000000
0.468388 0.000000
0.435492 0.000000
0.381260 0.000000
0.316941 0.000000
0.251311 0.000000
0.190078 0.000000
0.136241 0.000000
0.090827 0.000000
0.053654 0.000000
0.023941 0.000000
0.000709 0.000378
-0.017001 0.006719
-0.030033 0.031986
-0.039110 0.087849
-0.044856 0.177292
-0.047824 0.294062
-0.048521 0.426096
-0.047423 0.555180
-0.044970 0.657895
-0.041567 0.715604
-0.037569 0.721834
-0.033240 0.682085
-0.028880 0.609088
-0.024673 0.517478
-0.020750 0.420074
-0.017238 0.326174
-0.014124 0.241387
-0.011425 0.168310
-0.009131 0.107464
-0.007214 0.058171
-0.005638 0.019196
-0.003984 -0.010840
0.003378 -0.033256
0.029450 -0.049228
0.085940 -0.059791
0.175491 -0.065860
0.286289 -0.068262
0.393714 -0.067753
0.473487 -0.065024
0.512180 -0.060701
0.509138 -0.055335
0.472513 -0.049396
0.414189 -0.043270
0.345682 -0.037255
0.275925 -0.031570
0.210829 -0.026360
0.153479 -0.021707
0.104951 -0.017645
0.065079 -0.014169
0.033072 -0.011247
0.008300 -0.008831
-0.004643 -0.006862
0.006315 -0.005280
0.052080 -0.004025
0.134973 -0.003041
0.248147 -0.002278
0.379377 -0.001693
0.515531 -0.001248
0.645307 -0.000913
0.755731 -0.000622
0.829980 -0.000409
0.855311 -0.000253
0.829530 -0.000139
0.760701 -0.000058
0.662730 0.000000
0.550489 0.000000
0.436509 0.000000
0.329580 0.000000
0.234770 0.000000
0.154188 0.000000
0.087951 0.000000
0.035047 0.000000
-0.006038 0.000000
-0.036933 0.000378
-0.059186 0.006719
-0.074192 0.031986
-0.083192 0.087849
-0.087290 0.176914
-0.087482 0.287343
-0.084666 0.394488
-0.079609 0.474051
-0.073076 0.512588
-0.065675 0.509391
-0.057911 0.472652
-0.050225 0.414248
-0.042865 0.345682
-0.036040 0.275925
-0.029881 0.210829
-0.024451 0.153479
-0.019762 0.104951
-0.015787 0.065079
-0.012472 0.033072
-0.009372 0.007922
-0.000827 -0.011363
0.026201 -0.025671
0.083453 -0.035769
0.173604 -0.042320
0.284870 -0.045915
0.392656 -0.047097
0.472745 -0.046369
0.511675 -0.044196
0.508768 -0.041002
0.472244 -0.037160
0.413995 -0.032988
0.345542 -0.028740
0.275867 -0.024614
0.210829 -0.020750
0.153479 -0.017238
0.104951 -0.014124
0.065079 -0.011425
0.033072 -0.009131
0.007922 -0.006836
-0.011363 0.001081
-0.025671 0.027625
-0.035769 0.084507
-0.042320 0.174756
-0.045915 0.292154
-0.047097 0.425050
-0.046369 0.560846
-0.044196 0.688729
-0.041002 0.796169
-0.037160 0.866732
-0.032988 0.888047
-0.028740 0.858131
-0.024614 0.785258
-0.020750 0.683481
-0.017238 0.567727
-0.014124 0.450633
-0.011425 0.341005
-0.009131 0.243900
-0.007214 0.161401
-0.005638 0.093589
-0.004362 0.039408
-0.003341 -0.002697
-0.002158 -0.034397
0.004811 -0.057278
0.030562 -0.072769
0.086795 -0.082138
0.176141 -0.086516
0.286778 -0.086918
0.394080 -0.084258
0.473799 -0.079357
0.512449 -0.072936
0.509332 -0.065617
0.472652 -0.057911
0.414248 -0.050225
0.345682 -0.042865
0.275925 -0.036040
0.210829 -0.029881
0.153479 -0.024451
0.104951 -0.019762
0.065079 -0.015787
0.033072 -0.012472
0.008300 -0.009750
-0.004643 -0.007546
0.006315 -0.005785
0.052080 -0.004395
0.134595 -0.003310
0.241427 -0.002472
0.347391 -0.001832
0.427682 -0.001306
0.468392 -0.000913
0.468388 -0.000622
0.435492 -0.000409
0.381260 -0.000253
0.316941 -0.000139
0.251311 -0.000058
0.190078 0.000000
0.136241 0.000000
0.090827 0.000000
0.053654 0.000000
0.023941 0.000000
0.001086 0.000000
-0.010281 0.000000
0.001953 0.000000
0.048738 0.000000
0.132436 0.000000
0.246239 0.000000
0.377575 0.000000
0.507758 0.000000
0.612924 0.000000
0.674038 0.000000
0.684265 0.000000
0.648845 0.000000
0.580208 0.000000
0.492806 0.000000
0.399324 0.000000
0.308936 0.000000
0.227263 0.000000
0.156885 0.000000
0.098334 0.000000
0.050957 0.000000
0.013558 0.000000
-0.015202 0.000000
-0.036219 0.000000
-0.045045 0.000000
-0.029713 0.000000
0.020565 0.000000
0.107598 0.000000
0.218816 0.000000
0.328899 0.000000
0.412942 0.000000
0.457001 0.000000
0.459855 0.000000
0.429324 0.000000
0.376993 0.000000
0.314112 0.000000
0.249566 0.000000
0.189121 0.000000
0.135834 0.000000
0.090782 0.000000
0.053832 0.000000
0.024241 0.000000
0.001060 0.000000
-0.016643 0.000000
-0.029696 0.000000
-0.038432 0.000000
-0.037878 0.000000
-0.015622 0.000000
0.039503 0.000000
0.129632 0.000000
0.242524 0.000000
0.353077 0.000000
0.436638 0.000000
0.479461 0.000000
0.480592 0.000000
0.448038 0.000000
0.393497 0.000000
0.328444 0.000000
0.261801 0.000000
0.199403 0.000000
0.144349 0.000000
0.097738 0.000000
0.059441 0.000000
0.028710 0.000000
0.004959 0.000000
-0.007179 0.000000
0.004407 0.000000
0.050656 0.000000
0.133919 0.000000
0.247373 0.000000
0.378435 0.000000
0.508403 0.000000
0.613446 0.000000
0.674463 0.000000
0.684615 0.000000
0.649098 0.000000
0.580348 0.000000
0.492864 0.000000
0.399324 0.000000
0.308936 0.000000
0.227263 0.000000
0.156885 0.000000
0.098334 0.000000
0.050957 0.000000
0.013558 0.000000
-0.014824 0.000000
-0.029878 0.000000
-0.019778 0.000000
0.026149 0.000000
0.109631 0.000000
0.218027 0.000000
0.325961 0.000000
0.408463 0.000000
0.451479 0.000000
0.453803 0.000000
0.423117 0.000000
0.370920 0.000000
0.308427 0.000000
0.244355 0.000000
0.184469 0.000000
0.131772 0.000000
0.087306 0.000000
0.050910 0.000000
0.021824 0.000000
-0.000909 0.000378
-0.018225 0.006719
-0.030951 0.031986
-0.039794 0.087849
-0.045361 0.177292
-0.048193 0.294062
-0.048790 0.426474
-0.047617 0.561900
-0.045110 0.689503
-0.041625 0.796733
-0.037569 0.867140
-0.033240 0.888299
-0.028880 0.858270
-0.024673 0.785316
-0.020750 0.683481
-0.017238 0.567727
-0.014124 0.450633
-0.011425 0.341005
-0.009131 0.243900
-0.007214 0.161401
-0.005638 0.093589
-0.004362 0.039408
-0.003341 -0.002697
-0.002536 -0.034019
-0.001908 -0.050558
-0.001424 -0.040783
-0.001054 0.005711
-0.000774 0.090776
-0.000564 0.207145
-0.000409 0.342216
-0.000253 0.482543
-0.000139 0.616944
-0.000058 0.737836
0.000000 0.840838
0.000000 0.919203
0.000000 0.960712
0.000000 0.955490
0.000000 0.902782
0.000000 0.811113
0.000000 0.694277
0.000000 0.566771
0.000000 0.440674
0.000000 0.324346
0.000000 0.222479
0.000000 0.136854
0.000000 0.067301
0.000000 0.012541
0.000000 -0.029192
0.000000 -0.059392
0.000000 -0.074212
0.000000 -0.062352
0.000000 -0.013567
0.000000 0.073485
0.000000 0.185840
0.000000 0.297855
0.000000 0.384354
0.000000 0.431137
0.000000 0.436818
0.000000 0.409132
0.000000 0.359553
0.000000 0.299296
0.000000 0.237142
0.000000 0.178831
0.000000 0.127410
0.000000 0.083965
0.000000 0.048374
0.000000 0.019916
0.000378 -0.002332
0.006719 -0.019279
0.031986 -0.031725
0.087849 -0.040358
0.176914 -0.045769
0.287343 -0.048446
0.394488 -0.048930
0.474051 -0.047675
0.512588 -0.045110
0.509391 -0.041625
0.472652 -0.037569
0.414248 -0.033240
0.345682 -0.028880
0.275925 -0.024673
0.210829 -0.020750
0.153479 -0.017238
0.104951 -0.014124
0.065079 -0.011425
0.033072 -0.009131
0.007922 -0.006836
-0.011363 0.001081
-0.025671 0.027625
-0.035769 0.084507
-0.042320 0.174756
-0.045915 0.292154
-0.047097 0.425050
-0.046369 0.560846
-0.044196 0.689107
-0.041002 0.802889
-0.037160 0.898340
-0.032988 0.969176
-0.028740 1.003437
-0.024614 0.991471
-0.020750 0.932663
-0.017238 0.835564
-0.014124 0.714039
-0.011425 0.582558
-0.009131 0.453146
-0.007214 0.334096
-0.005638 0.230025
-0.004362 0.142639
-0.003341 0.071696
-0.002536 0.015851
-0.001908 -0.026719
-0.001424 -0.057560
-0.001054 -0.072906
-0.000774 -0.061438
-0.000564 -0.012945
-0.000409 0.074272
-0.000253 0.192812
-0.000139 0.329981
-0.000058 0.472261
0.000000 0.608429
0.000000 0.730880
0.000000 0.835228
0.000000 0.914733
0.000000 0.957191
0.000000 0.952746
0.000000 0.900665
0.000000 0.809496
0.000000 0.693053
0.000000 0.565852
0.000000 0.439990
0.000000 0.323841
0.000000 0.222109
0.000000 0.136585
0.000000 0.067106
0.000000 0.012402
0.000000 -0.029250
0.000000 -0.059392
0.000000 -0.074212
0.000000 -0.062352
0.000000 -0.013567
0.000000 0.073863
0.000000 0.192560
0.000000 0.329841
0.000000 0.472203
0.000000 0.608429
0.000000 0.730503
0.000000 0.828886
0.000000 0.889467
0.000000 0.901328
0.000000 0.863302
0.000000 0.783895
0.000000 0.677084
0.000000 0.557627
0.000000 0.437871
0.000000 0.326418
0.000000 0.228168
0.000000 0.145087
0.000000 0.077170
0.000000 0.023290
0.000000 -0.018175
0.000000 -0.048544
0.000000 -0.063937
0.000000 -0.052889
0.000000 -0.005058
0.000000 0.081354
0.000000 0.198653
0.000000 0.328617
0.000000 0.444810
0.000000 0.524363
0.000000 0.556703
0.000000 0.544038
0.000000 0.496953
0.000000 0.428823
0.000000 0.351912
0.000000 0.275423
0.000000 0.205130
0.000000 0.143905
0.000000 0.092583
0.000000 0.050784
0.000000 0.017553
0.000000 -0.008236
0.000000 -0.027291
0.000000 -0.034988
0.000000 -0.019203
0.000000 0.031005
0.000000 0.117998
0.000000 0.234858
0.000000 0.369336
0.000000 0.508282
0.000000 0.640765
0.000000 0.759412
0.000000 0.860013
0.000000 0.935956
0.000000 0.975121
0.000000 0.967665
0.000000 0.912930
0.000000 0.819465
0.000000 0.701068
0.000000 0.572229
0.000000 0.445013
0.000000 0.327760
0.000000 0.225137
0.000000 0.138905
0.000000 0.068868
0.000000 0.013729
0.000000 -0.028299
0.000000 -0.058727
0.000000 -0.073761
0.000000 -0.062061
0.000000 -0.013353
0.000000 0.074019
0.000000 0.192673
0.000000 0.329923
0.000000 0.471883
0.000000 0.601710
0.000000 0.698894
0.000000 0.747757
0.000000 0.744161
0.000000 0.695114
0.000000 0.614120
0.000000 0.516057
0.000000 0.413677
0.000000 0.316074
0.000000 0.228626
0.000000 0.153723
0.000000 0.091732
0.000000 0.041857
0.000000 0.002777
0.000000 -0.026581
0.000000 -0.042014
0.000000 -0.031766
0.000000 0.014679
0.000000 0.099326
0.000000 0.215031
0.000000 0.349299
0.000000 0.488762
0.000000 0.621922
0.000000 0.735651
0.000000 0.813012
0.000000 0.841189
0.000000 0.817900
0.000000 0.751251
0.000000 0.655146
0.000000 0.544473
0.000000 0.431790
0.000000 0.325916
0.000000 0.231954
0.000000 0.152044
0.000000 0.086334
0.000000 0.033837
0.000000 -0.006936
0.000000 -0.037594
0.000000 -0.059669
0.000000 -0.074165
0.000000 -0.076725
0.000000 -0.055443
0.000000 0.000309
0.000000 0.092626
0.000000 0.214453
0.000000 0.353020
0.000000 0.489506
0.000000 0.599984
0.000000 0.665379
0.000000 0.678970
0.000000 0.646046
0.000000 0.579207
0.000000 0.493027
0.000000 0.400312
0.000000 0.310387
0.000000 0.228915
0.000000 0.158560
0.000000 0.099918
0.000000 0.052386
0.000000 0.014801
0.000000 -0.013773
0.000000 -0.029009
0.000000 -0.019074
0.000000 0.026751
0.000000 0.110519
0.000000 0.224800
0.000000 0.351593
0.000000 0.464637
0.000000 0.541192
0.000000 0.570768
0.000000 0.555668
0.000000 0.506404
0.000000 0.436407
0.000000 0.357927
0.000000 0.280142
0.000000 0.208793
0.000000 0.146721
0.000000 0.094726
0.000000 0.052401
0.000000 0.018763
0.000000 -0.007338
0.000000 -0.027008
0.000378 -0.041225
0.006719 -0.050838
0.031986 -0.056591
0.087849 -0.059155
0.177292 -0.059146
0.294062 -0.057138
0.426474 -0.053618
0.561900 -0.049116
0.689881 -0.044040
0.803453 -0.038735
0.898749 -0.033472
0.969428 -0.028455
1.003576 -0.023865
0.991530 -0.019732
0.932663 -0.016099
0.835564 -0.012971
0.714039 -0.010328
0.582558 -0.008133
0.453146 -0.006336
0.334096 -0.004888
0.230025 -0.003734
0.142639 -0.002827
0.071696 -0.002122
0.015851 -0.001580
-0.026719 -0.001167
-0.057560 -0.000855
-0.072906 -0.000622
-0.061438 -0.000409
-0.012945 -0.000253
0.073894 -0.000139
0.186093 -0.000058
0.297995 0.000000
0.384413 0.000000
0.431137 0.000000
0.436818 0.000000
0.409132 0.000000
0.359553 0.000000
0.299296 0.000000
0.237142 0.000000
0.178831 0.000000
0.127410 0.000000
0.083965 0.000000
0.048374 0.000000
0.019916 0.000000
-0.002332 0.000378
-0.019279 0.006719
-0.031725 0.031986
-0.040358 0.087849
-0.045769 0.177292
-0.048446 0.294062
-0.048930 0.426474
-0.047675 0.561522
-0.045110 0.683161
-0.041625 0.771467
-0.037569 0.811278
-0.033240 0.798855
-0.028880 0.741500
-0.024673 0.652904
-0.020750 0.548055
-0.017238 0.439746
-0.014124 0.337061
-0.011425 0.245331
-0.009131 0.166879
-0.007214 0.101987
-0.005638 0.049773
-0.004362 0.008832
-0.003341 -0.021991
-0.002536 -0.038565
-0.001908 -0.029236
-0.001424 0.016511
-0.001054 0.100632
-0.000774 0.215944
-0.000564 0.349543
-0.000409 0.482451
-0.000253 0.590566
-0.000139 0.654662
-0.000058 0.667764
0.000000 0.634975
0.000000 0.568718
0.000000 0.483413
0.000000 0.391740
0.000000 0.302920
0.000000 0.222544
0.000000 0.153222
0.000000 0.095518
0.000000 0.048814
0.000000 0.011941
0.000000 -0.016412
0.000000 -0.037495
0.000000 -0.052425
0.000000 -0.062182
0.000000 -0.067634
0.000000 -0.069191
0.000000 -0.061947
0.000000 -0.033661
0.000000 0.026739
0.000000 0.121705
0.000000 0.244149
0.000000 0.376427
0.000000 0.492659
0.000000 0.570462
0.000000 0.599801
0.000000 0.583357
0.000000 0.532028
0.000000 0.459493
0.000000 0.378250
0.000000 0.297671
0.000000 0.223638
0.000000 0.159086
0.000000 0.104870
0.000000 0.060607
0.000000 0.025316
0.000378 -0.002168
0.006719 -0.022975
0.031986 -0.038113
0.087849 -0.048420
0.177292 -0.054722
0.294062 -0.057715
0.426474 -0.058037
0.561900 -0.056283
0.689881 -0.052996
0.803075 -0.048707
0.892407 -0.043788
0.944162 -0.038596
0.947714 -0.033414
0.902086 -0.028455
0.815893 -0.023865
0.703152 -0.019732
0.578614 -0.016099
0.454577 -0.012971
0.339574 -0.010328
0.238423 -0.008133
0.153003 -0.006336
0.083224 -0.004888
0.027880 -0.003734
-0.014725 -0.002827
-0.046013 -0.002122
-0.062105 -0.001580
-0.051583 -0.001167
-0.004145 -0.000855
0.081976 -0.000622
0.199440 -0.000409
0.335211 -0.000253
0.470216 -0.000139
0.580284 -0.000058
0.646147 0.000000
0.660809 0.000000
0.629365 0.000000
0.564249 0.000000
0.479892 0.000000
0.388995 0.000000
0.300803 0.000000
0.220927 0.000000
0.151997 0.000000
0.094600 0.000000
0.048130 0.000000
0.011436 0.000000
-0.016404 0.000000
-0.031044 0.000000
-0.020633 0.000000
0.025527 0.000000
0.109600 0.000000
0.224116 0.000000
0.351088 0.000000
0.464267 0.000000
0.540923 0.000000
0.570573 0.000000
0.555529 0.000000
0.506346 0.000000
0.436407 0.000000
0.357927 0.000000
0.280142 0.000000
0.208793 0.000000
0.146721 0.000000
0.094726 0.000000
0.052401 0.000000
0.018763 0.000000
-0.007338 0.000000
-0.027008 0.000000
-0.041225 0.000000
-0.050838 0.000000
-0.056591 0.000000
-0.059155 0.000000
-0.059146 0.000000
-0.057138 0.000000
-0.053618 0.000000
-0.049116 0.000000
-0.044040 0.000000
-0.038735 0.000000
-0.033472 0.000000
-0.028455 0.000000
-0.023865 0.000000
-0.019732 0.000000
-0.016099 0.000000
-0.012971 0.000000
-0.010328 0.000000
-0.008133 0.000000
-0.006336 0.000000
-0.004888 0.000000
-0.003734 0.000000
-0.002827 0.000000
-0.002122 0.000000
-0.001580 0.000000
-0.001167 0.000000
-0.000855 0.000000
-0.000622 0.000000
-0.000409 0.000000
-0.000253 0.000000
-0.000139 0.000000
-0.000058 0.000000
0.000000 0.000000
0.000000 0.000000
0.000000 0.000000
0.000000 0.000000
0.000000 0.000000
0.000000 0.000000
0.000000 0.000000
0.000000 0.000000
0.000000 0.000000
0.000000 0.000000
0.000000 0.000000
0.000000 0.000000
0.000000 0.000000
0.000000 0.000000
0.000000 0.000000
0.000000 0.000000
0.000000 0.000000
0.000000 0.000000
0.000000 0.000000
0.000000 0.000000
0.000000 0.000000
0.000000 0.000000
0.000000 0.000000
0.000000 0.000000
0.000000 0.000000
0.000000 0.000000
0.000000 0.000000
0.000000 0.000000
0.000000 0.000000
0.000000 0.000000
0.000000 0.000000
0.000000 0.000000
0.000000 0.000000
0.000000 0.000000
0.000000 0.000000
0.000000 0.000000
0.000000 0.000000
0.000000 0.000000
0.000000 0.000000
0.000000 0.000000
0.000000 0.000000
0.000000 0.000000
0.000000 0.000000
0.000000 0.000000
0.000000 0.000000
0.000000 0.000000
0.000000 0.000000
0.000000 0.000000
0.000000 0.000000
0.000000 0.000000
0.000000 0.000000
0.000000 0.000000
0.000000 0.000000
0.000000 0.000000
0.000000 0.000000
0.000000 0.000000
0.000000 0.000000
0.000000 0.000000
0.000000 0.000000
0.000000 0.000000
0.000000 0.000000
0.000000 0.000000
0.000000 0.000000
0.000000 0.000000
0.000000 0.000000
0.000000 0.000000
0.000000 0.000000
0.000000 0.000000
0.000000 0.000000
0.000000 0.000000
0.000000 0.000000
0.000000 0.000000
0.000000 0.000000
0.000000 0.000000
0.000000 0.000000
0.000000 0.000000
