0.000000 0.000000
0.000000 0.000000
0.000000 0.000000
0.000000 0.000000
0.000000 0.000000
0.000000 0.000000
0.000000 0.000000
0.000000 0.000000
0.000000 0.000000
0.000000 0.000000
0.000000 0.000000
0.000000 0.000000
0.000000 0.000000
0.000000 0.000000
0.000000 0.000000
0.000378 0.000000
0.006719 0.000000
0.031986 0.000000
0.087849 0.000000
0.177292 0.000000
0.294062 0.000000
0.426474 0.000000
0.561900 0.000000
0.689503 0.000000
0.796733 0.000000
0.867140 0.000000
0.888299 0.000000
0.858270 0.000000
0.785316 0.000000
0.683481 0.000000
0.567727 0.000000
0.450633 0.000000
0.341005 0.000000
0.243900 0.000000
0.161401 0.000000
0.093589 0.000000
0.039408 0.000000
-0.002697 0.000000
-0.034397 0.000000
-0.057278 0.000000
-0.072769 0.000000
-0.082138 0.000000
-0.086516 0.000000
-0.086540 0.000000
-0.077538 0.000000
-0.047371 0.000000
0.014912 0.000000
0.111675 0.000000
0.236151 0.000000
0.376249 0.000000
0.518658 0.000000
0.647121 0.000000
0.741586 0.000000
0.786826 0.000000
0.779093 0.000000
0.725713 0.000000
0.640432 0.000000
0.538305 0.000000
0.432200 0.000000
0.331276 0.000000
0.240936 0.000000
0.163569 0.000000
0.099514 0.000000
0.047941 0.000000
0.007525 0.000000
-0.022905 0.000000
-0.039187 0.000000
-0.029644 0.000000
0.016258 0.000000
0.100115 0.000000
0.209167 0.000000
0.317935 0.000000
0.401322 0.000000
0.445260 0.000000
0.448448 0.000000
0.418582 0.000000
0.367137 0.000000
0.305312 0.000000
0.241861 0.000000
0.182494 0.000000
0.130226 0.000000
0.086108 0.000000
0.049991 0.000000
0.021126 0.000000
-0.001435 0.000378
-0.018618 0.006719
-0.031242 0.031986
-0.040008 0.087849
-0.045517 0.176914
-0.048306 0.287343
-0.048872 0.394488
-0.047675 0.474051
-0.045110 0.512588
-0.041625 0.509391
-0.037569 0.472652
-0.033240 0.414248
-0.028880 0.345682
-0.024673 0.275925
-0.020750 0.210829
-0.017238 0.153479
-0.014124 0.104951
-0.011425 0.065079
-0.009131 0.033072
-0.007214 0.007922
-0.005638 -0.010985
-0.004362 -0.018952
-0.003341 -0.003783
-0.002536 0.045529
-0.001908 0.131377
-0.001424 0.246587
-0.001054 0.373386
-0.000774 0.485718
-0.000564 0.561030
-0.000409 0.589000
-0.000253 0.572076
-0.000139 0.520933
-0.000058 0.449048
0.000000 0.368747
0.000000 0.289264
0.000000 0.216376
0.000000 0.152941
0.000000 0.099765
0.000000 0.056435
0.000000 0.021956
0.000000 -0.004837
0.000000 -0.025069
0.000000 -0.039736
0.000378 -0.049705
0.006719 -0.055737
0.031986 -0.058516
0.087849 -0.058672
0.177292 -0.056789
0.294062 -0.053405
0.426474 -0.048960
0.561900 -0.043927
0.689881 -0.038654
0.803075 -0.033414
0.892407 -0.028455
0.944162 -0.023865
0.947714 -0.019732
0.902086 -0.016099
0.815893 -0.012971
0.703152 -0.010328
0.578614 -0.008133
0.454577 -0.006336
0.339574 -0.004888
0.238423 -0.003734
0.153003 -0.002827
0.083224 -0.002122
0.027880 -0.001580
-0.014725 -0.001167
-0.046013 -0.000855
-0.062105 -0.000622
-0.051583 -0.000409
-0.004145 -0.000253
0.081599 -0.000139
0.192720 -0.000058
0.303603 0.000000
0.389087 0.000000
0.434978 0.000000
0.439933 0.000000
0.411627 0.000000
0.361528 0.000000
0.300842 0.000000
0.238339 0.000000
0.179750 0.000000
0.128109 0.000000
0.084491 0.000000
0.048767 0.000000
0.020207 0.000000
-0.001741 0.000000
-0.012403 0.000000
0.000374 0.000000
0.047572 0.000000
0.131203 0.000000
0.238897 0.000000
0.345558 0.000000
0.426376 0.000000
0.467479 0.000000
0.467766 0.000000
0.435083 0.000000
0.381007 0.000000
0.316802 0.000000
0.251253 0.000000
0.190078 0.000000
0.136241 0.000000
0.090827 0.000000
0.053654 0.000000
0.023941 0.000000
0.000709 0.000378
-0.017001 0.006719
-0.030033 0.031986
-0.039110 0.087849
-0.044856 0.177292
-0.047824 0.294062
-0.048521 0.426474
-0.047423 0.561522
-0.044970 0.683161
-0.041567 0.771467
-0.037569 0.811278
-0.033240 0.798855
-0.028880 0.741500
-0.024673 0.652904
-0.020750 0.548055
-0.017238 0.439746
-0.014124 0.337061
-0.011425 0.245331
-0.009131 0.166879
-0.007214 0.101987
-0.005638 0.049773
-0.004362 0.008832
-0.003341 -0.021991
-0.002536 -0.038565
-0.001908 -0.029236
-0.001424 0.016511
-0.001054 0.100254
-0.000774 0.209225
-0.000564 0.317935
-0.000409 0.401322
-0.000253 0.445260
-0.000139 0.448448
-0.000058 0.418582
0.000000 0.367137
0.000000 0.305312
0.000000 0.241861
0.000000 0.182494
0.000000 0.130226
0.000000 0.086108
0.000000 0.049991
0.000000 0.021126
0.000000 -0.001435
0.000000 -0.018618
0.000000 -0.031242
0.000000 -0.040008
0.000000 -0.045517
0.000378 -0.048306
0.006719 -0.048872
0.031986 -0.047675
0.087849 -0.045110
0.177292 -0.041625
0.293684 -0.037569
0.419755 -0.033240
0.529914 -0.028880
0.602032 -0.024673
0.626161 -0.020750
0.605064 -0.017238
0.549673 -0.014124
0.473662 -0.011425
0.389498 -0.009131
0.306502 -0.007214
0.230500 -0.005638
0.164366 -0.004362
0.108895 -0.003341
0.063648 -0.002536
0.027594 -0.001908
-0.000476 -0.001046
-0.021727 0.005666
-0.037200 0.031212
-0.047797 0.087284
-0.054313 0.176506
-0.057462 0.287090
-0.057898 0.394349
-0.056225 0.473993
-0.052996 0.512588
-0.048707 0.509391
-0.043788 0.472652
-0.038596 0.414248
-0.033414 0.345682
-0.028455 0.275925
-0.023865 0.210829
-0.019732 0.153479
-0.016099 0.104951
-0.012971 0.065079
-0.010328 0.033072
-0.007755 0.007922
0.000383 -0.011363
0.027099 -0.025671
0.084114 -0.035769
0.174087 -0.042320
0.285221 -0.045915
0.392908 -0.047097
0.472885 -0.046369
0.511733 -0.044196
0.508768 -0.041002
0.472244 -0.037160
0.413995 -0.032988
0.345542 -0.028740
0.275867 -0.024614
0.210829 -0.020750
0.153479 -0.017238
0.104951 -0.014124
0.065079 -0.011425
0.033072 -0.009131
0.008300 -0.007214
-0.004643 -0.005638
0.006315 -0.004362
0.052080 -0.003341
0.134973 -0.002536
0.248147 -0.001908
0.379377 -0.001424
0.515531 -0.001054
0.645684 -0.000774
0.762073 -0.000564
0.855246 -0.000409
0.911174 -0.000253
0.918974 -0.000139
0.877472 -0.000058
0.795142 0.000000
0.685915 0.000000
0.564489 0.000000
0.443152 0.000000
0.330443 0.000000
0.231209 0.000000
0.147365 0.000000
0.078863 0.000000
0.024538 0.000000
-0.017262 0.000000
-0.048299 0.000000
-0.069871 0.000000
-0.077903 0.000000
-0.060781 0.000000
-0.008031 0.000000
0.082261 0.000000
0.202924 0.000000
0.341370 0.000000
0.483854 0.000000
0.613704 0.000000
0.710441 0.000000
0.758558 0.000000
0.754016 0.000000
0.703914 0.000000
0.621825 0.000000
0.522684 0.000000
0.419285 0.000000
0.320748 0.000000
0.232467 0.000000
0.156838 0.000000
0.094227 0.000000
0.043832 0.000000
0.004323 0.000000
-0.025760 0.000378
-0.047815 0.006719
-0.063054 0.031986
-0.072644 0.087849
-0.077574 0.176914
-0.078740 0.287343
-0.076961 0.394488
-0.072982 0.474051
-0.067468 0.512588
-0.061001 0.509391
-0.054070 0.472652
-0.047111 0.414248
-0.040370 0.345682
-0.034065 0.275925
-0.028335 0.210829
-0.023253 0.153479
-0.018843 0.104951
-0.015088 0.065079
-0.011946 0.033072
-0.008979 0.007922
-0.000536 -0.011363
0.026415 -0.025671
0.083610 -0.035769
0.174095 -0.042320
0.291671 -0.045915
0.424700 -0.047097
0.560594 -0.046369
0.688967 -0.044196
0.802830 -0.041002
0.898340 -0.037160
0.969176 -0.032988
1.003437 -0.028740
0.991471 -0.024614
0.932663 -0.020750
0.835564 -0.017238
0.714039 -0.014124
0.582558 -0.011425
0.453146 -0.009131
0.334096 -0.007214
0.230025 -0.005638
0.142639 -0.004362
0.071696 -0.003341
0.015851 -0.002536
-0.026719 -0.001908
-0.057560 -0.001424
-0.072906 -0.001054
-0.061438 -0.000774
-0.012945 -0.000564
0.073894 -0.000409
0.186093 -0.000253
0.297995 -0.000139
0.384413 -0.000058
0.431137 0.000000
0.436818 0.000000
0.409132 0.000000
0.359553 0.000000
0.299296 0.000000
0.237142 0.000000
0.178831 0.000000
0.127410 0.000000
0.083965 0.000000
0.048374 0.000000
0.019916 0.000000
-0.002332 0.000000
-0.019279 0.000000
-0.031725 0.000000
-0.040358 0.000000
-0.045769 0.000000
-0.048068 0.000000
-0.042210 0.000000
-0.015689 0.000000
0.042739 0.000000
0.135667 0.000000
0.256115 0.000000
0.386515 0.000000
0.501034 0.000000
0.577359 0.000000
0.605410 0.000000
0.587826 0.000000
0.535549 0.000000
0.462237 0.000000
0.380367 0.000000
0.299288 0.000000
0.224862 0.000000
0.160005 0.000000
0.105554 0.000000
0.061112 0.000000
0.025686 0.000000
-0.001899 0.000378
-0.022781 0.006719
-0.037974 0.031986
-0.048361 0.087849
-0.054722 0.177292
-0.057715 0.294062
-0.058037 0.426474
-0.056283 0.561900
-0.052996 0.689503
-0.048707 0.796733
-0.043788 0.867140
-0.038596 0.888299
-0.033414 0.858270
-0.028455 0.785316
-0.023865 0.683481
-0.019732 0.567727
-0.016099 0.450633
-0.012971 0.341005
-0.010328 0.243900
-0.008133 0.161401
-0.006336 0.093589
-0.004888 0.039408
-0.003734 -0.002697
-0.002827 -0.034397
-0.002122 -0.057278
-0.001580 -0.072769
-0.001167 -0.082138
-0.000478 -0.086516
0.006097 -0.086918
0.031578 -0.084258
0.087596 -0.079357
0.177153 -0.072936
0.294004 -0.065617
0.426474 -0.057911
0.561522 -0.050225
0.683161 -0.042865
0.771467 -0.036040
0.811278 -0.029881
0.798855 -0.024451
0.741500 -0.019762
0.652904 -0.015787
0.548055 -0.012472
0.439746 -0.009750
0.337061 -0.007546
0.245331 -0.005785
0.166879 -0.004395
0.101987 -0.003310
0.049773 -0.002472
0.008832 -0.001832
-0.022369 -0.000928
-0.045284 0.005806
-0.061222 0.031364
-0.071338 0.087440
-0.076660 0.177040
-0.078118 0.293545
-0.076553 0.419697
-0.072729 0.529914
-0.067328 0.602032
-0.060943 0.626161
-0.054070 0.605064
-0.047111 0.549673
-0.040370 0.473662
-0.034065 0.389498
-0.028335 0.306502
-0.023253 0.230500
-0.018843 0.164366
-0.015088 0.108895
-0.011946 0.063648
-0.009357 0.027594
-0.007255 -0.000098
-0.005571 -0.015008
-0.004239 -0.005214
-0.003197 0.040051
-0.002391 0.122601
-0.001774 0.229881
-0.001306 0.336590
-0.000913 0.417827
-0.000622 0.459592
-0.000409 0.460683
-0.000253 0.428864
-0.000139 0.375652
-0.000058 0.312267
0.000000 0.247470
0.000000 0.186963
0.000000 0.133747
0.000000 0.088852
0.000000 0.052108
0.000000 0.022743
0.000000 -0.000210
0.000000 -0.017699
0.000000 -0.030559
0.000000 -0.039125
0.000000 -0.038427
0.000000 -0.016051
0.000000 0.039171
0.000000 0.129756
0.000000 0.249011
0.000000 0.384849
0.000000 0.524331
0.000000 0.656263
0.000000 0.767854
0.000000 0.842468
0.000000 0.867549
0.000000 0.841032
0.000000 0.771192
0.000000 0.672055
0.000000 0.558596
0.000000 0.443419
0.000000 0.335367
0.000000 0.239539
0.000000 0.158060
0.000000 0.091053
0.000000 0.037500
0.000000 -0.004121
0.000378 -0.035451
0.006719 -0.058052
0.031986 -0.073333
0.087849 -0.082546
0.176914 -0.086768
0.287343 -0.087057
0.394488 -0.084316
0.474051 -0.079357
0.512588 -0.072936
0.509391 -0.065617
0.472652 -0.057911
0.414248 -0.050225
0.345682 -0.042865
0.275925 -0.036040
0.210829 -0.029881
0.153479 -0.024451
0.104951 -0.019762
0.065079 -0.015787
0.033072 -0.012472
0.007922 -0.009372
-0.011363 -0.000827
-0.025671 0.026201
-0.035769 0.083453
-0.042320 0.173604
-0.045915 0.284870
-0.047097 0.392656
-0.046369 0.472745
-0.044196 0.511675
-0.041002 0.508768
-0.037160 0.472244
-0.032988 0.413995
-0.028740 0.345542
-0.024614 0.275867
-0.020750 0.210829
-0.017238 0.153479
-0.014124 0.104951
-0.011425 0.065079
-0.009131 0.033072
-0.007214 0.007922
-0.005638 -0.011363
-0.004362 -0.025293
-0.003341 -0.029049
-0.002536 -0.010334
-0.001908 0.041933
-0.001424 0.130195
-0.001054 0.247693
-0.000774 0.382278
-0.000564 0.520898
-0.000409 0.652342
-0.000253 0.763746
-0.000139 0.838400
-0.000058 0.863685
0.000000 0.837520
0.000000 0.768078
0.000000 0.669356
0.000000 0.556301
0.000000 0.441502
0.000000 0.333791
0.000000 0.238262
0.000000 0.157040
0.000000 0.090247
0.000000 0.036872
0.000000 -0.004605
0.000000 -0.035821
0.000000 -0.058332
0.000000 -0.073543
0.000378 -0.082702
0.006719 -0.086924
0.031986 -0.087170
0.087849 -0.084397
0.177292 -0.079415
0.294062 -0.072936
0.426474 -0.065617
0.561900 -0.057911
0.689881 -0.050225
0.803453 -0.042865
0.898749 -0.036040
0.969428 -0.029881
1.003576 -0.024451
0.991530 -0.019762
0.932663 -0.015787
0.835564 -0.012472
0.714039 -0.009750
0.582558 -0.007546
0.453146 -0.005785
0.334096 -0.004395
0.230025 -0.003310
0.142639 -0.002472
0.071696 -0.001832
0.015851 -0.001306
-0.026719 -0.000913
-0.057560 -0.000622
-0.072906 -0.000409
-0.061438 -0.000253
-0.012945 -0.000139
0.074272 -0.000058
0.192434 0.000000
0.323261 0.000000
0.440275 0.000000
0.520581 0.000000
0.553588 0.000000
0.541544 0.000000
0.494979 0.000000
0.427277 0.000000
0.350714 0.000000
0.274504 0.000000
0.204432 0.000000
0.143379 0.000000
0.092190 0.000000
0.050493 0.000000
0.017339 0.000000
-0.008392 0.000378
-0.027782 0.006719
-0.041789 0.031986
-0.051247 0.087849
-0.056844 0.177292
-0.059294 0.293684
-0.059204 0.419755
-0.057138 0.529914
-0.053618 0.602032
-0.049116 0.626161
-0.044040 0.605064
-0.038735 0.549673
-0.033472 0.473662
-0.028455 0.389498
-0.023865 0.306502
-0.019732 0.230500
-0.016099 0.164366
-0.012971 0.108895
-0.010328 0.063648
-0.008133 0.027594
-0.005959 -0.000476
0.001832 -0.021727
0.028252 -0.037200
0.085021 -0.047797
0.174792 -0.054313
0.285763 -0.057462
0.393321 -0.057898
0.473196 -0.056225
0.511966 -0.052996
0.508982 -0.048707
0.472400 -0.043788
0.414108 -0.038596
0.345623 -0.033414
0.275925 -0.028455
0.210829 -0.023865
0.153479 -0.019732
0.104951 -0.016099
0.065079 -0.012971
0.033072 -0.010328
0.007922 -0.007755
-0.011363 0.000383
-0.025671 0.027099
-0.035769 0.084114
-0.042320 0.174087
-0.045915 0.285221
-0.047097 0.392908
-0.046369 0.472885
-0.044196 0.511733
-0.041002 0.508768
-0.037160 0.472244
-0.032988 0.413995
-0.028740 0.345542
-0.024614 0.275867
-0.020750 0.210829
-0.017238 0.153479
-0.014124 0.104951
-0.011425 0.065079
-0.009131 0.033072
-0.007214 0.007922
-0.005638 -0.011363
-0.004362 -0.025671
-0.003341 -0.035769
-0.002536 -0.041942
-0.001908 -0.039196
-0.001424 -0.015111
-0.001054 0.041479
-0.000774 0.133096
-0.000564 0.253060
-0.000409 0.389314
-0.000253 0.528912
-0.000139 0.661140
-0.000058 0.778838
0.000000 0.877998
0.000000 0.952190
0.000000 0.989452
0.000000 0.980104
0.000000 0.923532
0.000000 0.828351
0.000000 0.708401
0.000000 0.578196
0.000000 0.449805
0.000000 0.331560
0.000000 0.228117
0.000000 0.141215
0.000000 0.070642
0.000000 0.015077
0.000000 -0.027283
0.000000 -0.057969
0.000000 -0.073158
0.000000 -0.061578
0.000000 -0.013003
0.000000 0.074272
0.000000 0.192812
0.000000 0.329981
0.000000 0.472261
0.000000 0.608429
0.000000 0.730880
0.000000 0.835228
0.000000 0.914733
0.000000 0.957191
0.000000 0.952746
0.000000 0.900665
0.000000 0.809496
0.000000 0.693053
0.000000 0.565852
0.000000 0.439990
0.000000 0.323841
0.000000 0.222109
0.000000 0.136585
0.000000 0.067106
0.000000 0.012402
0.000000 -0.029250
0.000000 -0.059770
0.000000 -0.080554
0.000000 -0.087618
0.000000 -0.069429
0.000000 -0.015581
0.000000 0.075790
0.000000 0.197429
0.000000 0.336777
0.000000 0.480449
0.000000 0.616931
0.000000 0.733213
0.000000 0.812445
0.000000 0.841913
0.000000 0.819486
0.000000 0.753318
0.000000 0.657412
0.000000 0.546740
0.000000 0.433927
0.000000 0.327849
0.000000 0.233645
0.000000 0.153485
0.000000 0.087535
0.000000 0.034819
0.000000 -0.006147
0.000000 -0.036550
0.000000 -0.052391
0.000000 -0.042089
0.000000 0.004797
0.000000 0.090154
0.000000 0.206736
0.000000 0.341964
0.000000 0.482404
0.000000 0.616886
0.000000 0.737836
0.000000 0.840838
0.000000 0.919203
0.000000 0.960712
0.000000 0.955490
0.000000 0.902782
0.000000 0.811113
0.000000 0.694277
0.000000 0.566771
0.000000 0.440674
0.000000 0.324346
0.000000 0.222479
0.000000 0.136854
0.000000 0.067301
0.000000 0.012541
0.000000 -0.029192
0.000000 -0.059770
0.000000 -0.080931
0.000000 -0.094338
0.000000 -0.101416
0.000000 -0.103429
0.000000 -0.101503
0.000000 -0.096633
0.000000 -0.089697
0.000000 -0.081451
0.000000 -0.072572
0.000000 -0.063520
0.000000 -0.054695
0.000000 -0.046386
0.000000 -0.038784
0.000000 -0.031998
0.000000 -0.026069
0.000000 -0.020987
0.000000 -0.016706
0.000000 -0.013156
0.000000 -0.010255
0.000000 -0.007916
0.000000 -0.006054
0.000000 -0.004589
0.000000 -0.003450
0.000000 -0.002531
0.000000 -0.001832
0.000000 -0.001306
0.000000 -0.000913
0.000000 -0.000622
0.000000 -0.000409
0.000000 -0.000253
0.000000 -0.000139
0.000000 -0.000058
0.000000 0.000000
0.000000 0.000000
0.000000 0.000000
0.000000 0.000000
0.000000 0.000000
0.000000 0.000000
0.000000 0.000000
0.000000 0.000000
0.000000 0.000000
0.000000 0.000000
0.000000 0.000000
0.000000 0.000000
0.000000 0.000000
0.000000 0.000000
0.000000 0.000000
0.000000 0.000000
0.000000 0.000000
0.000000 0.000000
0.000000 0.000000
0.000000 0.000000
0.000000 0.000000
0.000000 0.000000
0.000000 0.000000
0.000000 0.000000
0.000000 0.000000
0.000000 0.000000
0.000000 0.000000
0.000000 0.000000
0.000000 0.000000
0.000000 0.000000
0.000000 0.000000
0.000000 0.000000
0.000000 0.000000
0.000000 0.000000
0.000000 0.000000
0.000000 0.000000
0.000000 0.000000
0.000000 0.000000
0.000000 0.000000
0.000000 0.000000
0.000000 0.000000
0.000000 0.000000
0.000000 0.000000
0.000000 0.000000
0.000000 0.000000
0.000000 0.000000
0.000000 0.000000
0.000000 0.000000
0.000000 0.000000
0.000000 0.000000
0.000000 0.000000
0.000000 0.000000
0.000000 0.000000
