0.000000 0.000000
0.000000 0.000000
0.000000 0.000000
0.000000 0.000000
0.000000 0.000000
0.000000 0.000000
0.000000 0.000000
0.000000 0.000000
0.000000 0.000000
0.000000 0.000000
0.000000 0.000000
0.000000 0.000000
0.000000 0.000000
0.000000 0.000000
0.000000 0.000000
0.000000 0.000378
0.000000 0.006719
0.000000 0.031986
0.000000 0.087849
0.000000 0.176914
0.000000 0.287343
0.000000 0.394488
0.000000 0.474051
0.000000 0.512588
0.000000 0.509391
0.000000 0.472652
0.000000 0.414248
0.000000 0.345682
0.000000 0.275925
0.000000 0.210829
0.000000 0.153479
0.000000 0.104951
0.000000 0.065079
0.000000 0.033072
0.000000 0.007922
0.000000 -0.011363
0.000000 -0.025671
0.000000 -0.035769
0.000378 -0.042320
0.006719 -0.045915
0.031986 -0.047097
0.087849 -0.046369
0.177292 -0.044196
0.294062 -0.041002
0.426096 -0.037160
0.555180 -0.032988
0.657895 -0.028740
0.715604 -0.024614
0.721834 -0.020750
0.682085 -0.017238
0.609088 -0.014124
0.517478 -0.011425
0.420074 -0.009131
0.326174 -0.007214
0.241387 -0.005638
0.168310 -0.004362
0.107464 -0.003341
0.058171 -0.002536
0.019196 -0.001908
-0.010463 -0.001424
-0.026536 -0.001054
-0.017242 -0.000774
0.028058 -0.000564
0.111054 -0.000409
0.219080 -0.000253
0.326735 -0.000139
0.409027 -0.000058
0.451887 0.000000
0.454056 0.000000
0.423256 0.000000
0.370978 0.000000
0.308427 0.000000
0.244355 0.000000
0.184469 0.000000
0.131772 0.000000
0.087306 0.000000
0.050910 0.000000
0.021824 0.000000
-0.000909 0.000378
-0.018225 0.006719
-0.030951 0.031986
-0.039794 0.087849
-0.045361 0.176914
-0.048193 0.287343
-0.048790 0.394488
-0.047617 0.474051
-0.045110 0.512588
-0.041625 0.509391
-0.037569 0.472652
-0.033240 0.414248
-0.028880 0.345682
-0.024673 0.275925
-0.020750 0.210829
-0.017238 0.153479
-0.014124 0.104951
-0.011425 0.065079
-0.009131 0.033072
-0.007214 0.008300
-0.005638 -0.004643
-0.004362 0.006315
-0.003341 0.052080
-0.002536 0.134973
-0.001908 0.248147
-0.001424 0.379377
-0.001054 0.515531
-0.000774 0.645307
-0.000564 0.755731
-0.000409 0.829980
-0.000253 0.855311
-0.000139 0.829530
-0.000058 0.760701
0.000000 0.662730
0.000000 0.550489
0.000000 0.436509
0.000000 0.329580
0.000000 0.234770
0.000000 0.154188
0.000000 0.087951
0.000000 0.035047
0.000000 -0.006038
0.000000 -0.036556
0.000000 -0.052467
0.000000 -0.042206
0.000000 0.004657
0.000000 0.090002
0.000000 0.206580
0.000000 0.341808
0.000000 0.482291
0.000000 0.616805
0.000000 0.737778
0.000000 0.840838
0.000000 0.919203
0.000000 0.960712
0.000000 0.955490
0.000000 0.902782
0.000000 0.811113
0.000000 0.694277
0.000000 0.566771
0.000000 0.440674
0.000000 0.324346
0.000000 0.222479
0.000000 0.136854
0.000000 0.067301
0.000000 0.012541
0.000000 -0.029192
0.000378 -0.059770
0.006719 -0.080931
0.031986 -0.094338
0.087849 -0.101416
0.177292 -0.103429
0.294062 -0.101503
0.426474 -0.096633
0.561900 -0.089697
0.689503 -0.081451
0.796733 -0.072572
0.867140 -0.063520
0.888299 -0.054695
0.858270 -0.046386
0.785316 -0.038784
0.683481 -0.031998
0.567727 -0.026069
0.450633 -0.020987
0.341005 -0.016706
0.243900 -0.013156
0.161401 -0.010255
0.093589 -0.007916
0.039408 -0.006054
-0.002697 -0.004589
-0.034397 -0.003450
-0.057278 -0.002531
-0.072769 -0.001832
-0.082138 -0.001306
-0.086138 -0.000913
-0.080198 -0.000622
-0.052272 -0.000409
0.008492 -0.000253
0.103978 -0.000139
0.221726 -0.000058
0.336577 0.000000
0.423826 0.000000
0.469724 0.000000
0.473351 0.000000
0.442771 0.000000
0.389796 0.000000
0.325919 0.000000
0.260139 0.000000
0.198357 0.000000
0.143729 0.000000
0.097405 0.000000
0.059294 0.000000
0.028677 0.000000
0.004612 0.000378
-0.013835 0.006719
-0.027503 0.031986
-0.037075 0.087849
-0.043233 0.177292
-0.046538 0.294062
-0.047506 0.426474
-0.046622 0.561522
-0.044336 0.683161
-0.041060 0.771467
-0.037160 0.811278
-0.032988 0.798855
-0.028740 0.741500
-0.024614 0.652904
-0.020750 0.548055
-0.017238 0.439746
-0.014124 0.337061
-0.011425 0.245331
-0.009131 0.166879
-0.007214 0.101987
-0.005638 0.049773
-0.004362 0.008832
-0.003341 -0.022369
-0.002536 -0.045284
-0.001908 -0.061222
-0.001424 -0.071338
-0.001054 -0.076660
-0.000774 -0.077740
-0.000564 -0.069833
-0.000409 -0.040743
-0.000253 0.020520
-0.000139 0.115972
-0.000058 0.233273
0.000000 0.347378
0.000000 0.433682
0.000000 0.478524
0.000000 0.481056
0.000000 0.449399
0.000000 0.395404
0.000000 0.330593
0.000000 0.263979
0.000000 0.201471
0.000000 0.146224
0.000000 0.099380
0.000000 0.060840
0.000000 0.029875
0.000378 0.005531
0.006719 -0.013137
0.031986 -0.026977
0.087849 -0.036682
0.177292 -0.042942
0.294062 -0.046324
0.426474 -0.047350
0.561900 -0.046509
0.689881 -0.044254
0.803453 -0.041002
0.898749 -0.037160
0.969428 -0.032988
1.003576 -0.028740
0.991530 -0.024614
0.932663 -0.020750
0.835564 -0.017238
0.714039 -0.014124
0.582558 -0.011425
0.453146 -0.009131
0.334096 -0.007214
0.230025 -0.005638
0.142639 -0.004362
0.071696 -0.003341
0.015851 -0.002536
-0.026719 -0.001908
-0.057938 -0.001046
-0.079625 0.005666
-0.093424 0.031212
-0.100793 0.087284
-0.103021 0.176506
-0.101250 0.287090
-0.096493 0.394349
-0.089639 0.473993
-0.081451 0.512588
-0.072572 0.509391
-0.063520 0.472652
-0.054695 0.414248
-0.046386 0.345682
-0.038784 0.275925
-0.031998 0.210829
-0.026069 0.153479
-0.020987 0.104951
-0.016706 0.065079
-0.013156 0.033072
-0.010255 0.008300
-0.007916 -0.004643
-0.006054 0.006315
-0.004589 0.052080
-0.003450 0.134973
-0.002531 0.248147
-0.001832 0.379377
-0.001306 0.515153
-0.000913 0.638965
-0.000622 0.730464
-0.000409 0.774117
-0.000253 0.765868
-0.000139 0.712760
-0.000058 0.628290
0.000000 0.527305
0.000000 0.422508
0.000000 0.322937
0.000000 0.233906
0.000000 0.157748
0.000000 0.094773
0.000000 0.044135
0.000000 0.004470
0.000000 -0.025332
0.000000 -0.041101
0.000000 -0.031144
0.000000 0.015087
0.000000 0.099200
0.000000 0.208451
0.000000 0.317371
0.000000 0.400914
0.000000 0.445007
0.000000 0.448308
0.000000 0.418524
0.000000 0.367137
0.000000 0.305312
0.000000 0.241861
0.000000 0.182494
0.000000 0.130226
0.000000 0.086108
0.000000 0.049991
0.000000 0.021126
0.000378 -0.001435
0.006719 -0.018618
0.031986 -0.031242
0.087849 -0.040008
0.177292 -0.045517
0.294062 -0.048306
0.426474 -0.048872
0.561900 -0.047675
0.689881 -0.045110
0.803453 -0.041625
0.898749 -0.037569
0.969428 -0.033240
1.003576 -0.028880
0.991530 -0.024673
0.932663 -0.020750
0.835564 -0.017238
0.714039 -0.014124
0.582558 -0.011425
0.453146 -0.009131
0.334096 -0.007214
0.230025 -0.005638
0.142639 -0.004362
0.071696 -0.003341
0.015851 -0.002536
-0.026719 -0.001908
-0.057560 -0.001424
-0.072906 -0.001054
-0.061438 -0.000774
-0.012945 -0.000564
0.074272 -0.000409
0.192812 -0.000253
0.329981 -0.000139
0.472261 -0.000058
0.608429 0.000000
0.730880 0.000000
0.835228 0.000000
0.914733 0.000000
0.957191 0.000000
0.952746 0.000000
0.900665 0.000000
0.809496 0.000000
0.693053 0.000000
0.565852 0.000000
0.439990 0.000000
0.323841 0.000000
0.222109 0.000000
0.136585 0.000000
0.067106 0.000000
0.012402 0.000000
-0.029250 0.000000
-0.059392 0.000000
-0.074212 0.000000
-0.062352 0.000000
-0.013567 0.000000
0.073863 0.000000
0.192560 0.000000
0.329464 0.000000
0.465484 0.000000
0.576443 0.000000
0.643032 0.000000
0.658314 0.000000
0.627390 0.000000
0.562702 0.000000
0.478694 0.000000
0.388076 0.000000
0.300105 0.000000
0.220401 0.000000
0.151604 0.000000
0.094309 0.000000
0.047916 0.000000
0.011280 0.000000
-0.016895 0.000000
-0.037845 0.000000
-0.052678 0.000000
-0.062321 0.000378
-0.067692 0.006719
-0.069569 0.031986
-0.068667 0.087849
-0.065647 0.177292
-0.061110 0.294062
-0.055587 0.426474
-0.049535 0.561900
-0.043328 0.689881
-0.037255 0.803453
-0.031570 0.898749
-0.026360 0.969428
-0.021707 1.003576
-0.017645 0.991530
-0.014169 0.932663
-0.011247 0.835564
-0.008831 0.714039
-0.006862 0.582558
-0.005280 0.453146
-0.004025 0.334096
-0.003041 0.230025
-0.002278 0.142639
-0.001693 0.071696
-0.001248 0.015851
-0.000913 -0.026719
-0.000622 -0.057560
-0.000409 -0.072906
-0.000253 -0.061438
-0.000139 -0.012945
-0.000058 0.074272
0.000000 0.192812
0.000000 0.329603
0.000000 0.465542
0.000000 0.576443
0.000000 0.643032
0.000000 0.658314
0.000000 0.627390
0.000000 0.562702
0.000000 0.478694
0.000000 0.388076
0.000000 0.300105
0.000000 0.220401
0.000000 0.151604
0.000000 0.094309
0.000000 0.047916
0.000000 0.011280
0.000000 -0.016895
0.000000 -0.037845
0.000000 -0.052678
0.000000 -0.062321
0.000000 -0.067315
0.000000 -0.062849
0.000000 -0.036681
0.000000 0.022202
0.000000 0.116183
0.000000 0.238475
0.000000 0.376939
0.000000 0.518572
0.000000 0.652248
0.000000 0.765163
0.000000 0.840780
0.000000 0.866592
0.000000 0.840625
0.000000 0.771147
0.000000 0.672233
0.000000 0.558896
0.000000 0.443771
0.000000 0.335724
0.000000 0.239875
0.000000 0.158360
0.000000 0.091311
0.000000 0.037715
0.000000 -0.003945
0.000378 -0.035311
0.006719 -0.057900
0.031986 -0.073177
0.087849 -0.082390
0.177292 -0.086655
0.294062 -0.086976
0.426474 -0.084258
0.561900 -0.079357
0.689881 -0.072936
0.803075 -0.065617
0.892407 -0.057911
0.944162 -0.050225
0.947714 -0.042865
0.902086 -0.036040
0.815893 -0.029881
0.703152 -0.024451
0.578614 -0.019762
0.454577 -0.015787
0.339574 -0.012472
0.238423 -0.009750
0.153003 -0.007546
0.083224 -0.005785
0.027880 -0.004395
-0.014725 -0.003310
-0.046391 -0.002095
-0.068825 0.004887
-0.083569 0.030680
-0.091993 0.086935
-0.095316 0.176670
-0.094623 0.293654
-0.090885 0.426222
-0.084965 0.561760
-0.077610 0.689822
-0.069458 0.803075
-0.061026 0.892407
-0.052720 0.944162
-0.044839 0.947714
-0.037586 0.902086
-0.031079 0.815893
-0.025370 0.703152
-0.020461 0.578614
-0.016313 0.454577
-0.012865 0.339574
-0.010041 0.238423
-0.007760 0.153003
-0.005941 0.083224
-0.004508 0.027880
-0.003391 -0.014725
-0.002153 -0.046391
0.004887 -0.068825
0.030680 -0.083569
0.086935 -0.091993
0.176292 -0.095316
0.286934 -0.094623
0.394236 -0.090885
0.473912 -0.084965
0.512530 -0.077610
0.509391 -0.069458
0.472652 -0.061026
0.414248 -0.052720
0.345682 -0.044839
0.275925 -0.037586
0.210829 -0.031079
0.153479 -0.025370
0.104951 -0.020461
0.065079 -0.016313
0.033072 -0.012865
0.007922 -0.010041
-0.010985 -0.007760
-0.018952 -0.005941
-0.003783 -0.004508
0.045529 -0.003391
0.131377 -0.002531
0.246965 -0.001832
0.379727 -0.001306
0.510984 -0.000913
0.616892 -0.000622
0.678444 -0.000409
0.688846 -0.000253
0.653345 -0.000139
0.584474 -0.000058
0.496728 0.000000
0.402837 0.000000
0.312050 0.000000
0.229962 0.000000
0.159179 0.000000
0.100251 0.000000
0.052533 0.000000
0.014835 0.000000
-0.014182 0.000000
-0.035792 0.000000
-0.050759 0.000000
-0.054495 0.000000
-0.034928 0.000000
0.018812 0.000000
0.108975 0.000000
0.228629 0.000000
0.365521 0.000000
0.506426 0.000000
0.640427 0.000000
0.760183 0.000000
0.861494 0.000000
0.937858 0.000000
0.977216 0.000000
0.969822 0.000000
0.915017 0.000000
0.821395 0.000000
0.702792 0.000000
0.573726 0.000000
0.446284 0.000000
0.328816 0.000000
0.226000 0.000000
0.139598 0.000000
0.069417 0.000000
0.014159 0.000000
-0.027967 0.000000
-0.058473 0.000000
-0.073528 0.000000
-0.061847 0.000000
-0.013197 0.000000
0.074132 0.000000
0.192754 0.000000
0.329603 0.000000
0.465542 0.000000
0.576443 0.000000
0.643032 0.000000
0.658314 0.000000
0.627390 0.000000
0.562702 0.000000
0.478694 0.000000
0.388076 0.000000
0.300105 0.000000
0.220401 0.000000
0.151604 0.000000
0.094309 0.000000
0.047916 0.000000
0.011280 0.000000
-0.016895 0.000378
-0.037845 0.006719
-0.052678 0.031986
-0.062321 0.087849
-0.067692 0.177292
-0.069569 0.294062
-0.068667 0.426096
-0.065647 0.555180
-0.061110 0.657895
-0.055587 0.715604
-0.049535 0.721834
-0.043328 0.682085
-0.037255 0.609088
-0.031570 0.517478
-0.026360 0.420074
-0.021707 0.326174
-0.017645 0.241387
-0.014169 0.168310
-0.011247 0.107464
-0.008831 0.058171
-0.006862 0.019196
-0.004903 -0.010840
0.002694 -0.033256
0.028945 -0.049228
0.085570 -0.059791
0.175599 -0.065860
0.292814 -0.068262
0.425561 -0.067753
0.561278 -0.065024
0.689472 -0.060701
0.803200 -0.055335
0.898609 -0.049396
0.969370 -0.043270
1.003576 -0.037255
0.991530 -0.031570
0.932663 -0.026360
0.835564 -0.021707
0.714039 -0.017645
0.582558 -0.014169
0.453146 -0.011247
0.334096 -0.008831
0.230025 -0.006862
0.142639 -0.005280
0.071696 -0.004025
0.015851 -0.003041
-0.026719 -0.002278
-0.057560 -0.001693
-0.072906 -0.001248
-0.061438 -0.000913
-0.012945 -0.000622
0.074272 -0.000409
0.192812 -0.000253
0.329981 -0.000139
0.472261 -0.000058
0.608429 0.000000
0.730503 0.000000
0.828886 0.000000
0.889467 0.000000
0.901328 0.000000
0.863302 0.000000
0.783895 0.000000
0.677084 0.000000
0.557627 0.000000
0.437871 0.000000
0.326418 0.000000
0.228168 0.000000
0.145087 0.000000
0.077170 0.000000
0.023290 0.000000
-0.018175 0.000000
-0.048544 0.000000
-0.063937 0.000000
-0.052889 0.000000
-0.005058 0.000000
0.080976 0.000000
0.192312 0.000000
0.303350 0.000000
0.388947 0.000000
0.434920 0.000000
0.439933 0.000000
0.411627 0.000000
0.361528 0.000000
0.300842 0.000000
0.238339 0.000000
0.179750 0.000000
0.128109 0.000000
0.084491 0.000000
0.048767 0.000000
0.020207 0.000000
-0.002119 0.000378
-0.019123 0.006719
-0.031612 0.031986
-0.040277 0.087849
-0.045711 0.177292
-0.048446 0.294062
-0.048930 0.426474
-0.047675 0.561900
-0.045110 0.689881
-0.041625 0.803453
-0.037569 0.898749
-0.033240 0.969428
-0.028880 1.003576
-0.024673 0.991530
-0.020750 0.932663
-0.017238 0.835564
-0.014124 0.714039
-0.011425 0.582558
-0.009131 0.453146
-0.007214 0.334096
-0.005638 0.230025
-0.004362 0.142639
-0.003341 0.071696
-0.002536 0.015851
-0.001908 -0.026719
-0.001424 -0.057938
-0.001054 -0.079625
-0.000774 -0.093424
-0.000564 -0.100415
-0.000409 -0.096301
-0.000253 -0.069264
-0.000139 -0.008645
-0.000058 0.087653
0.000000 0.212611
0.000000 0.353524
0.000000 0.491660
0.000000 0.603200
0.000000 0.669219
0.000000 0.683050
0.000000 0.650088
0.000000 0.583019
0.000000 0.496491
0.000000 0.403369
0.000000 0.313018
0.000000 0.231133
0.000000 0.160394
0.000000 0.101410
0.000000 0.053582
0.000000 0.015747
0.000378 -0.013371
0.006719 -0.035088
0.031986 -0.050534
0.087849 -0.060704
0.177292 -0.066483
0.294062 -0.068671
0.426474 -0.068006
0.561900 -0.065164
0.689881 -0.060759
0.803075 -0.055335
0.892407 -0.049396
0.944162 -0.043270
0.947714 -0.037255
0.902086 -0.031570
0.815893 -0.026360
0.703152 -0.021707
0.578614 -0.017645
0.454577 -0.014169
0.339574 -0.011247
0.238423 -0.008831
0.153003 -0.006862
0.083224 -0.005280
0.027880 -0.004025
-0.014725 -0.003041
-0.046391 -0.002278
-0.068825 -0.001693
-0.083569 -0.000870
-0.091993 0.005806
-0.095316 0.031364
-0.094623 0.087440
-0.090885 0.176662
-0.084965 0.287203
-0.077610 0.394430
-0.069458 0.474051
-0.061026 0.512588
-0.052720 0.509391
-0.044839 0.472652
-0.037586 0.414248
-0.031079 0.345682
-0.025370 0.275925
-0.020461 0.210829
-0.016313 0.153479
-0.012865 0.104951
-0.010041 0.065079
-0.007760 0.033072
-0.005563 0.007922
0.002211 -0.011363
0.028595 -0.025671
0.085318 -0.035769
0.175460 -0.042320
0.292756 -0.045915
0.425561 -0.047097
0.560900 -0.046369
0.682753 -0.044196
0.771214 -0.041002
0.811138 -0.037160
0.798797 -0.032988
0.741500 -0.028740
0.652904 -0.024614
0.548055 -0.020750
0.439746 -0.017238
0.337061 -0.014124
0.245331 -0.011425
0.166879 -0.009131
0.101987 -0.007214
0.049773 -0.005638
0.008832 -0.004362
-0.022369 -0.002964
-0.045284 0.004183
-0.061222 0.030078
-0.071338 0.086425
-0.076660 0.176238
-0.078118 0.293288
-0.076553 0.425910
-0.072729 0.561114
-0.067328 0.682909
-0.060943 0.771327
-0.054070 0.811220
-0.047111 0.798855
-0.040370 0.741500
-0.034065 0.652904
-0.028335 0.548055
-0.023253 0.439746
-0.018843 0.337061
-0.015088 0.245331
-0.011946 0.166879
-0.009357 0.101987
-0.007255 0.049773
-0.005571 0.008832
-0.004239 -0.022369
-0.003197 -0.045284
-0.002391 -0.061222
-0.001774 -0.071338
-0.001306 -0.076660
-0.000913 -0.078118
-0.000622 -0.076553
-0.000409 -0.072729
-0.000253 -0.067328
-0.000139 -0.060943
-0.000058 -0.054070
0.000000 -0.047111
0.000000 -0.040370
0.000000 -0.034065
0.000000 -0.028335
0.000000 -0.023253
0.000000 -0.018843
0.000000 -0.015088
0.000000 -0.011946
0.000000 -0.009357
0.000000 -0.007255
0.000000 -0.005571
0.000000 -0.004239
0.000000 -0.003197
0.000000 -0.002391
0.000000 -0.001774
0.000000 -0.001306
0.000000 -0.000913
0.000000 -0.000622
0.000000 -0.000409
0.000000 -0.000253
0.000000 -0.000139
0.000000 -0.000058
0.000000 0.000000
0.000000 0.000000
0.000000 0.000000
0.000000 0.000000
0.000000 0.000000
0.000000 0.000000
0.000000 0.000000
0.000000 0.000000
0.000000 0.000000
0.000000 0.000000
0.000000 0.000000
0.000000 0.000000
0.000000 0.000000
0.000000 0.000000
0.000000 0.000000
0.000000 0.000000
0.000000 0.000000
0.000000 0.000000
0.000000 0.000000
0.000000 0.000000
0.000000 0.000000
0.000000 0.000000
0.000000 0.000000
0.000000 0.000000
0.000000 0.000000
0.000000 0.000000
0.000000 0.000000
0.000000 0.000000
0.000000 0.000000
0.000000 0.000000
0.000000 0.000000
0.000000 0.000000
0.000000 0.000000
0.000000 0.000000
