0.000000 0.000000
0.000000 0.000000
0.000000 0.000000
0.000000 0.000000
0.000000 0.000000
0.000000 0.000000
0.000000 0.000000
0.000000 0.000000
0.000000 0.000000
0.000000 0.000000
0.000000 0.000000
0.000000 0.000000
0.000000 0.000000
0.000000 0.000000
0.000000 0.000000
0.000000 0.000000
0.000000 0.000000
0.000000 0.000000
0.000000 0.000000
0.000000 0.000000
0.000378 0.000000
0.006719 0.000000
0.031986 0.000000
0.087849 0.000000
0.176914 0.000000
0.287343 0.000000
0.394488 0.000000
0.474051 0.000000
0.512588 0.000000
0.509391 0.000000
0.472652 0.000000
0.414248 0.000000
0.345682 0.000000
0.275925 0.000000
0.210829 0.000000
0.153479 0.000000
0.104951 0.000000
0.065079 0.000000
0.033072 0.000000
0.007922 0.000378
-0.011363 0.006719
-0.025671 0.031986
-0.035769 0.087849
-0.042320 0.177292
-0.045915 0.294062
-0.047097 0.426474
-0.046369 0.561900
-0.044196 0.689881
-0.041002 0.803075
-0.037160 0.892407
-0.032988 0.944162
-0.028740 0.947714
-0.024614 0.902086
-0.020750 0.815893
-0.017238 0.703152
-0.014124 0.578614
-0.011425 0.454577
-0.009131 0.339574
-0.007214 0.238423
-0.005638 0.153003
-0.004362 0.083224
-0.003341 0.027880
-0.002536 -0.014725
-0.001908 -0.046013
-0.001424 -0.062105
-0.001054 -0.051583
-0.000774 -0.004145
-0.000564 0.081976
-0.000409 0.199440
-0.000253 0.335211
-0.000139 0.470216
-0.000058 0.580284
0.000000 0.646147
0.000000 0.660809
0.000000 0.629365
0.000000 0.564249
0.000000 0.479892
0.000000 0.388995
0.000000 0.300803
0.000000 0.220927
0.000000 0.151997
0.000000 0.094600
0.000000 0.048130
0.000000 0.011436
0.000000 -0.016404
0.000000 -0.031044
0.000000 -0.020633
0.000000 0.025527
0.000000 0.109600
0.000000 0.224494
0.000000 0.357808
0.000000 0.496253
0.000000 0.628771
0.000000 0.747488
0.000000 0.842871
0.000000 0.900834
0.000000 0.910459
0.000000 0.870516
0.000000 0.789533
0.000000 0.681445
0.000000 0.560968
0.000000 0.440408
0.000000 0.328326
0.000000 0.229592
0.000000 0.146141
0.000000 0.077944
0.000000 0.023855
0.000000 -0.017766
0.000378 -0.048669
0.006719 -0.070517
0.031986 -0.084817
0.087849 -0.092907
0.177292 -0.095938
0.294062 -0.095031
0.426474 -0.091138
0.561522 -0.085104
0.683161 -0.077669
0.771467 -0.069458
0.811278 -0.061026
0.798855 -0.052720
0.741500 -0.044839
0.652904 -0.037586
0.548055 -0.031079
0.439746 -0.025370
0.337061 -0.020461
0.245331 -0.016313
0.166879 -0.012865
0.101987 -0.010041
0.049773 -0.007760
0.008832 -0.005941
-0.022369 -0.004508
-0.045284 -0.003391
-0.060844 -0.002531
-0.064618 -0.001832
-0.044674 -0.001306
0.009731 -0.000913
0.100739 -0.000622
0.221333 -0.000409
0.359146 -0.000253
0.500957 -0.000139
0.635811 -0.000058
0.756342 0.000000
0.858379 0.000000
0.935363 0.000000
0.975241 0.000000
0.968276 0.000000
0.913819 0.000000
0.820476 0.000000
0.702094 0.000000
0.573200 0.000000
0.445891 0.000000
0.328525 0.000000
0.225786 0.000000
0.139442 0.000000
0.069304 0.000000
0.014077 0.000000
-0.028025 0.000000
-0.058851 0.000000
-0.080247 0.000000
-0.093833 0.000000
-0.101046 0.000000
-0.103160 0.000000
-0.101308 0.000378
-0.096493 0.006719
-0.089639 0.031986
-0.081451 0.087849
-0.072572 0.177292
-0.063520 0.294062
-0.054695 0.426474
-0.046386 0.561900
-0.038784 0.689881
-0.031998 0.803453
-0.026069 0.898749
-0.020987 0.969428
-0.016706 1.003576
-0.013156 0.991530
-0.010255 0.932663
-0.007916 0.835564
-0.006054 0.714039
-0.004589 0.582558
-0.003450 0.453146
-0.002531 0.334096
-0.001832 0.230025
-0.001306 0.142639
-0.000913 0.071696
-0.000622 0.015851
-0.000409 -0.026719
0.000125 -0.057938
0.006580 -0.079625
0.031928 -0.093424
0.087849 -0.100793
0.177292 -0.103021
0.294062 -0.101250
0.426096 -0.096493
0.555180 -0.089639
0.657895 -0.081451
0.715604 -0.072572
0.721834 -0.063520
0.682085 -0.054695
0.609088 -0.046386
0.517478 -0.038784
0.420074 -0.031998
0.326174 -0.026069
0.241387 -0.020987
0.168310 -0.016706
0.107464 -0.013156
0.058171 -0.010255
0.019196 -0.007916
-0.010840 -0.006054
-0.033256 -0.004212
-0.049228 0.003270
-0.059791 0.029455
-0.065860 0.086016
-0.068262 0.175986
-0.067753 0.292771
-0.065024 0.419132
-0.060701 0.529505
-0.055335 0.601780
-0.049396 0.626021
-0.043270 0.605006
-0.037255 0.549673
-0.031570 0.473662
-0.026360 0.389498
-0.021707 0.306502
-0.017645 0.230500
-0.014169 0.164366
-0.011247 0.108895
-0.008831 0.063648
-0.006862 0.027594
-0.005280 -0.000098
-0.004025 -0.015008
-0.003041 -0.005214
-0.002278 0.040051
-0.001693 0.122601
-0.001248 0.229881
-0.000913 0.336590
-0.000622 0.417827
-0.000409 0.459592
-0.000253 0.460683
-0.000139 0.428864
-0.000058 0.375652
0.000000 0.312267
0.000000 0.247470
0.000000 0.186963
0.000000 0.133747
0.000000 0.088852
0.000000 0.052108
0.000000 0.022743
0.000378 -0.000210
0.006719 -0.017699
0.031986 -0.030559
0.087849 -0.039503
0.177292 -0.045147
0.294062 -0.048037
0.426474 -0.048677
0.561900 -0.047536
0.689503 -0.045052
0.796733 -0.041625
0.867140 -0.037569
0.888299 -0.033240
0.858270 -0.028880
0.785316 -0.024673
0.683481 -0.020750
0.567727 -0.017238
0.450633 -0.014124
0.341005 -0.011425
0.243900 -0.009131
0.161401 -0.007214
0.093589 -0.005638
0.039408 -0.004362
-0.002697 -0.003341
-0.034019 -0.002536
-0.050558 -0.001908
-0.040783 -0.001424
0.005711 -0.001054
0.090398 -0.000774
0.200425 -0.000564
0.310230 -0.000409
0.394695 -0.000253
0.439652 -0.000139
0.443774 -0.000058
0.414741 0.000000
0.364022 0.000000
0.302817 0.000000
0.239886 0.000000
0.180948 0.000000
0.129028 0.000000
0.085189 0.000000
0.049293 0.000000
0.020600 0.000000
-0.001828 0.000378
-0.018909 0.006719
-0.031456 0.031986
-0.040164 0.087849
-0.045630 0.177292
-0.048388 0.294062
-0.048930 0.426474
-0.047675 0.561900
-0.045110 0.689881
-0.041625 0.803075
-0.037569 0.892407
-0.033240 0.944162
-0.028880 0.947714
-0.024673 0.902086
-0.020750 0.815893
-0.017238 0.703152
-0.014124 0.578614
-0.011425 0.454577
-0.009131 0.339574
-0.007214 0.238423
-0.005638 0.153003
-0.004362 0.083224
-0.003341 0.027880
-0.002536 -0.014725
-0.001530 -0.046391
0.005296 -0.068825
0.030932 -0.083569
0.087075 -0.091993
0.176728 -0.095316
0.293654 -0.094623
0.426222 -0.090885
0.561760 -0.084965
0.689822 -0.077610
0.803075 -0.069458
0.892407 -0.061026
0.944162 -0.052720
0.947714 -0.044839
0.902086 -0.037586
0.815893 -0.031079
0.703152 -0.025370
0.578614 -0.020461
0.454577 -0.016313
0.339574 -0.012865
0.238423 -0.010041
0.153003 -0.007760
0.083224 -0.005941
0.027880 -0.004508
-0.014725 -0.003391
-0.046391 -0.002531
-0.068825 -0.001832
-0.083569 -0.001306
-0.091993 -0.000913
-0.095316 -0.000622
-0.094245 -0.000409
-0.084166 -0.000253
-0.052979 -0.000139
0.010238 -0.000058
0.107835 0.000000
0.233037 0.000000
0.373754 0.000000
0.517061 0.000000
0.652295 0.000000
0.772374 0.000000
0.873378 0.000000
0.948967 0.000000
0.987263 0.000000
0.978665 0.000000
0.922622 0.000000
0.827804 0.000000
0.708098 0.000000
0.578049 0.000000
0.449754 0.000000
0.331566 0.000000
0.228193 0.000000
0.141333 0.000000
0.070782 0.000000
0.015229 0.000000
-0.027128 0.000000
-0.058190 0.000000
-0.079764 0.000000
-0.093483 0.000000
-0.100793 0.000000
-0.103021 0.000000
-0.100872 0.000000
-0.089774 0.000000
-0.057653 0.000000
0.006397 0.000000
0.104720 0.000000
0.230542 0.000000
0.371779 0.000000
0.515514 0.000000
0.651097 0.000000
0.771077 0.000000
0.866338 0.000000
0.923175 0.000000
0.931008 0.000000
0.888930 0.000000
0.805638 0.000000
0.695236 0.000000
0.572559 0.000000
0.449988 0.000000
0.336124 0.000000
0.235892 0.000000
0.151171 0.000000
0.081918 0.000000
0.026966 0.000000
-0.015348 0.000000
-0.046422 0.000000
-0.062358 0.000000
-0.051722 0.000000
-0.004203 0.000000
0.081599 0.000000
0.192720 0.000000
0.303603 0.000000
0.389087 0.000000
0.434978 0.000000
0.439933 0.000000
0.411627 0.000000
0.361528 0.000000
0.300842 0.000000
0.238339 0.000000
0.179750 0.000000
0.128109 0.000000
0.084491 0.000000
0.048767 0.000000
0.020207 0.000000
-0.001741 0.000000
-0.012403 0.000000
0.000374 0.000000
0.047572 0.000000
0.131203 0.000000
0.238897 0.000000
0.345558 0.000000
0.426376 0.000000
0.467479 0.000000
0.467766 0.000000
0.435083 0.000000
0.381007 0.000000
0.316802 0.000000
0.251253 0.000000
0.190078 0.000000
0.136241 0.000000
0.090827 0.000000
0.053654 0.000000
0.023941 0.000000
0.000709 0.000000
-0.017001 0.000000
-0.030033 0.000378
-0.039110 0.006719
-0.044856 0.031986
-0.047824 0.087849
-0.048521 0.176914
-0.047423 0.287343
-0.044970 0.394488
-0.041567 0.474051
-0.037569 0.512588
-0.033240 0.509391
-0.028880 0.472652
-0.024673 0.414248
-0.020750 0.345682
-0.017238 0.275925
-0.014124 0.210829
-0.011425 0.153479
-0.009131 0.104951
-0.007214 0.065079
-0.005638 0.033072
-0.003984 0.007922
0.003378 -0.011363
0.029450 -0.025671
0.085940 -0.035769
0.175868 -0.042320
0.293009 -0.045915
0.425700 -0.047097
0.560958 -0.046369
0.682753 -0.044196
0.771214 -0.041002
0.811138 -0.037160
0.798797 -0.032988
0.741500 -0.028740
0.652904 -0.024614
0.548055 -0.020750
0.439746 -0.017238
0.337061 -0.014124
0.245331 -0.011425
0.166879 -0.009131
0.101987 -0.007214
0.049773 -0.005638
0.008832 -0.004362
-0.022369 -0.002964
-0.045284 0.004183
-0.061222 0.030078
-0.071338 0.086425
-0.076660 0.175861
-0.078118 0.286569
-0.076553 0.393924
-0.072729 0.473643
-0.067328 0.512336
-0.060943 0.509251
-0.054070 0.472594
-0.047111 0.414248
-0.040370 0.345682
-0.034065 0.275925
-0.028335 0.210829
-0.023253 0.153479
-0.018843 0.104951
-0.015088 0.065079
-0.011946 0.033072
-0.009357 0.007922
-0.007255 -0.011363
-0.005571 -0.025293
-0.004239 -0.029049
-0.003197 -0.010334
-0.002391 0.041933
-0.001774 0.130195
-0.001306 0.247693
-0.000913 0.382278
-0.000622 0.520898
-0.000409 0.652720
-0.000253 0.770465
-0.000139 0.870008
-0.000058 0.944814
0.000000 0.982826
0.000000 0.974292
0.000000 0.918538
0.000000 0.824139
0.000000 0.704909
0.000000 0.575344
0.000000 0.447508
0.000000 0.329735
0.000000 0.226683
0.000000 0.140103
0.000000 0.069787
0.000000 0.014428
0.000000 -0.027773
0.000000 -0.058712
0.000000 -0.080189
0.000000 -0.093833
0.000378 -0.101046
0.006719 -0.103160
0.031986 -0.101308
0.087849 -0.096493
0.177292 -0.089639
0.294062 -0.081451
0.426474 -0.072572
0.561900 -0.063520
0.689881 -0.054695
0.803453 -0.046386
0.898749 -0.038784
0.969428 -0.031998
1.003576 -0.026069
0.991530 -0.020987
0.932663 -0.016706
0.835564 -0.013156
0.714039 -0.010255
0.582558 -0.007916
0.453146 -0.006054
0.334096 -0.004589
0.230025 -0.003450
0.142639 -0.002531
0.071696 -0.001832
0.015851 -0.001306
-0.026719 -0.000913
-0.057560 -0.000622
-0.072906 -0.000409
-0.061438 -0.000253
-0.012945 -0.000139
0.073894 -0.000058
0.186093 0.000000
0.297995 0.000000
0.384413 0.000000
0.431137 0.000000
0.436818 0.000000
0.409132 0.000000
0.359553 0.000000
0.299296 0.000000
0.237142 0.000000
0.178831 0.000000
0.127410 0.000000
0.083965 0.000000
0.048374 0.000000
0.019916 0.000000
-0.002332 0.000378
-0.019279 0.006719
-0.031725 0.031986
-0.040358 0.087849
-0.045769 0.176914
-0.048446 0.287343
-0.048930 0.394488
-0.047675 0.474051
-0.045110 0.512588
-0.041625 0.509391
-0.037569 0.472652
-0.033240 0.414248
-0.028880 0.345682
-0.024673 0.275925
-0.020750 0.210829
-0.017238 0.153479
-0.014124 0.104951
-0.011425 0.065079
-0.009131 0.033072
-0.007214 0.007922
-0.005638 -0.011363
-0.004362 -0.025671
-0.003341 -0.035769
-0.002158 -0.042320
0.004811 -0.045915
0.030562 -0.047097
0.086795 -0.046369
0.176518 -0.044196
0.293498 -0.041002
0.426066 -0.037160
0.561647 -0.032988
0.689741 -0.028740
0.803017 -0.024614
0.892407 -0.020750
0.944162 -0.017238
0.947714 -0.014124
0.902086 -0.011425
0.815893 -0.009131
0.703152 -0.007214
0.578614 -0.005638
0.454577 -0.004362
0.339574 -0.003341
0.238423 -0.002536
0.153003 -0.001908
0.083224 -0.001424
0.027880 -0.001054
-0.014725 -0.000774
-0.046013 -0.000564
-0.062105 -0.000409
-0.051583 -0.000253
-0.004145 -0.000139
0.081599 -0.000058
0.192720 0.000000
0.303603 0.000000
0.389087 0.000000
0.434978 0.000000
0.439933 0.000000
0.411627 0.000000
0.361528 0.000000
0.300842 0.000000
0.238339 0.000000
0.179750 0.000000
0.128109 0.000000
0.084491 0.000000
0.048767 0.000000
0.020207 0.000000
-0.002119 0.000000
-0.019123 0.000000
-0.031612 0.000378
-0.040277 0.006719
-0.045711 0.031986
-0.048446 0.087849
-0.048930 0.177292
-0.047675 0.294062
-0.045110 0.426474
-0.041625 0.561900
-0.037569 0.689881
-0.033240 0.803075
-0.028880 0.892407
-0.024673 0.944162
-0.020750 0.947714
-0.017238 0.902086
-0.014124 0.815893
-0.011425 0.703152
-0.009131 0.578614
-0.007214 0.454577
-0.005638 0.339574
-0.004362 0.238423
-0.003341 0.153003
-0.002536 0.083224
-0.001908 0.027880
-0.001424 -0.014725
-0.001054 -0.046013
-0.000774 -0.062105
-0.000564 -0.051583
-0.000409 -0.004145
-0.000253 0.081599
-0.000139 0.192720
-0.000058 0.303603
0.000000 0.389087
0.000000 0.434978
0.000000 0.439933
0.000000 0.411627
0.000000 0.361528
0.000000 0.300842
0.000000 0.238339
0.000000 0.179750
0.000000 0.128109
0.000000 0.084491
0.000000 0.048767
0.000000 0.020207
0.000378 -0.002119
0.006719 -0.019123
0.031986 -0.031612
0.087849 -0.040277
0.176914 -0.045711
0.287343 -0.048446
0.394488 -0.048930
0.474051 -0.047675
0.512588 -0.045110
0.509391 -0.041625
0.472652 -0.037569
0.414248 -0.033240
0.345682 -0.028880
0.275925 -0.024673
0.210829 -0.020750
0.153479 -0.017238
0.104951 -0.014124
0.065079 -0.011425
0.033072 -0.009131
0.007922 -0.006836
-0.011363 0.001081
-0.025671 0.027625
-0.035769 0.084507
-0.042320 0.174756
-0.045915 0.292154
-0.047097 0.425050
-0.046369 0.560846
-0.044196 0.689107
-0.041002 0.802889
-0.037160 0.898340
-0.032988 0.969176
-0.028740 1.003437
-0.024614 0.991471
-0.020750 0.932663
-0.017238 0.835564
-0.014124 0.714039
-0.011425 0.582558
-0.009131 0.453146
-0.007214 0.334096
-0.005638 0.230025
-0.004362 0.142639
-0.003341 0.071696
-0.002536 0.015851
-0.001908 -0.026719
-0.001046 -0.057938
0.005666 -0.079625
0.031212 -0.093424
0.087284 -0.100793
0.176506 -0.103021
0.287090 -0.101250
0.394349 -0.096493
0.473993 -0.089639
0.512588 -0.081451
0.509391 -0.072572
0.472652 -0.063520
0.414248 -0.054695
0.345682 -0.046386
0.275925 -0.038784
0.210829 -0.031998
0.153479 -0.026069
0.104951 -0.020987
0.065079 -0.016706
0.033072 -0.013156
0.007922 -0.009877
-0.011363 -0.001197
-0.025671 0.025932
-0.035769 0.083259
-0.042320 0.173843
-0.045915 0.291532
-0.047097 0.424642
-0.046369 0.560216
-0.044196 0.682248
-0.041002 0.770844
-0.037160 0.810869
-0.032988 0.798603
-0.028740 0.741361
-0.024614 0.652846
-0.020750 0.548055
-0.017238 0.439746
-0.014124 0.337061
-0.011425 0.245331
-0.009131 0.166879
-0.007214 0.101987
-0.005638 0.049773
-0.004362 0.008832
-0.003341 -0.021991
-0.002536 -0.038565
-0.001908 -0.029236
-0.001424 0.016511
-0.001054 0.100254
-0.000774 0.209225
-0.000564 0.317935
-0.000409 0.401322
-0.000253 0.445260
-0.000139 0.448448
-0.000058 0.418582
0.000000 0.367137
0.000000 0.305312
0.000000 0.241861
0.000000 0.182494
0.000000 0.130226
0.000000 0.086108
0.000000 0.049991
0.000000 0.021126
0.000000 -0.001057
0.000000 -0.011898
0.000000 0.000744
0.000000 0.047841
0.000000 0.131775
0.000000 0.245756
0.000000 0.377603
0.000000 0.514225
0.000000 0.644771
0.000000 0.761450
0.000000 0.854838
0.000000 0.910921
0.000000 0.918834
0.000000 0.877413
0.000000 0.795142
0.000000 0.685915
0.000000 0.564489
0.000000 0.443152
0.000000 0.330443
0.000000 0.231209
0.000000 0.147365
0.000000 0.078863
0.000000 0.024538
0.000000 -0.017262
0.000000 -0.048299
0.000000 -0.070248
0.000000 -0.084623
0.000000 -0.092767
0.000000 -0.095880
0.000000 -0.094653
0.000000 -0.084418
0.000000 -0.053118
0.000000 0.010180
0.000000 0.107457
0.000000 0.226317
0.000000 0.341768
0.000000 0.429212
0.000000 0.475003
0.000000 0.478312
0.000000 0.447282
0.000000 0.393787
0.000000 0.329369
0.000000 0.263061
0.000000 0.200788
0.000000 0.145719
0.000000 0.099010
0.000000 0.060571
0.000000 0.029680
0.000000 0.005392
0.000000 -0.013195
0.000000 -0.026977
0.000000 -0.036682
0.000000 -0.042942
0.000000 -0.046324
0.000000 -0.047350
0.000000 -0.046509
0.000000 -0.044254
0.000000 -0.041002
0.000000 -0.037160
0.000000 -0.032988
0.000000 -0.028740
0.000000 -0.024614
0.000000 -0.020750
0.000000 -0.017238
0.000000 -0.014124
0.000000 -0.011425
0.000000 -0.009131
0.000000 -0.007214
0.000000 -0.005638
0.000000 -0.004362
0.000000 -0.003341
0.000000 -0.002536
0.000000 -0.001908
0.000000 -0.001424
0.000000 -0.001054
0.000000 -0.000774
0.000000 -0.000564
0.000000 -0.000409
0.000000 -0.000253
0.000000 -0.000139
0.000000 -0.000058
0.000000 0.000000
0.000000 0.000000
0.000000 0.000000
0.000000 0.000000
0.000000 0.000000
0.000000 0.000000
0.000000 0.000000
0.000000 0.000000
0.000000 0.000000
0.000000 0.000000
0.000000 0.000000
0.000000 0.000000
0.000000 0.000000
0.000000 0.000000
0.000000 0.000000
0.000000 0.000000
0.000000 0.000000
0.000000 0.000000
0.000000 0.000000
0.000000 0.000000
0.000000 0.000000
0.000000 0.000000
0.000000 0.000000
0.000000 0.000000
0.000000 0.000000
0.000000 0.000000
0.000000 0.000000
0.000000 0.000000
0.000000 0.000000
0.000000 0.000000
0.000000 0.000000
0.000000 0.000000
0.000000 0.000000
