0.000000 0.000000
0.000000 0.000000
0.000000 0.000000
0.000000 0.000000
0.000000 0.000000
0.000000 0.000000
0.000000 0.000000
0.000000 0.000000
0.000000 0.000000
0.000000 0.000000
0.000000 0.000000
0.000000 0.000000
0.000000 0.000000
0.000000 0.000000
0.000000 0.000000
0.000378 0.000000
0.006719 0.000000
0.031986 0.000000
0.087849 0.000000
0.177292 0.000000
0.294062 0.000000
0.426474 0.000000
0.561522 0.000000
0.683161 0.000000
0.771467 0.000000
0.811278 0.000000
0.798855 0.000000
0.741500 0.000000
0.652904 0.000000
0.548055 0.000000
0.439746 0.000000
0.337061 0.000000
0.245331 0.000000
0.166879 0.000000
0.101987 0.000000
0.049773 0.000000
0.008832 0.000000
-0.022369 0.000378
-0.045284 0.006719
-0.061222 0.031986
-0.071338 0.087849
-0.076660 0.177292
-0.078118 0.294062
-0.076553 0.426096
-0.072729 0.555180
-0.067328 0.657895
-0.060943 0.715604
-0.054070 0.721834
-0.047111 0.682085
-0.040370 0.609088
-0.034065 0.517478
-0.028335 0.420074
-0.023253 0.326174
-0.018843 0.241387
-0.015088 0.168310
-0.011946 0.107464
-0.009357 0.058171
-0.007255 0.019196
-0.005571 -0.010840
-0.004239 -0.033256
-0.003197 -0.049228
-0.002391 -0.059791
-0.001774 -0.065482
-0.001306 -0.061543
-0.000913 -0.035767
-0.000622 0.022824
-0.000409 0.116213
-0.000253 0.232008
-0.000139 0.345092
-0.000058 0.430782
0.000000 0.475333
0.000000 0.477820
0.000000 0.446292
0.000000 0.392540
0.000000 0.328036
0.000000 0.261756
0.000000 0.199581
0.000000 0.144648
0.000000 0.098089
0.000000 0.059799
0.000000 0.029047
0.000378 0.004881
0.006719 -0.013641
0.031986 -0.027364
0.087849 -0.037017
0.177292 -0.043233
0.293684 -0.046538
0.419755 -0.047506
0.529914 -0.046622
0.602032 -0.044336
0.626161 -0.041060
0.605064 -0.037160
0.549673 -0.032988
0.473662 -0.028740
0.389498 -0.024614
0.306502 -0.020750
0.230500 -0.017238
0.164366 -0.014124
0.108895 -0.011425
0.063648 -0.009131
0.027594 -0.007214
-0.000098 -0.005638
-0.015008 -0.004362
-0.005214 -0.003341
0.040051 -0.002536
0.122979 -0.001908
0.236600 -0.001424
0.368576 -0.001054
0.505675 -0.000774
0.636507 -0.000564
0.748026 -0.000409
0.823352 -0.000253
0.849703 -0.000139
0.824856 -0.000058
0.756861 0.000000
0.659616 0.000000
0.547994 0.000000
0.434534 0.000000
0.328033 0.000000
0.233572 0.000000
0.153269 0.000000
0.087252 0.000000
0.034521 0.000000
-0.006431 0.000000
-0.037224 0.000378
-0.059400 0.006719
-0.074348 0.031986
-0.083305 0.087849
-0.087371 0.176914
-0.087540 0.287343
-0.084666 0.394488
-0.079609 0.474051
-0.073076 0.512588
-0.065675 0.509391
-0.057911 0.472652
-0.050225 0.414248
-0.042865 0.345682
-0.036040 0.275925
-0.029881 0.210829
-0.024451 0.153479
-0.019762 0.104951
-0.015787 0.065079
-0.012472 0.033072
-0.009750 0.008300
-0.007546 -0.004643
-0.005785 0.006315
-0.004395 0.052080
-0.003310 0.134973
-0.002472 0.248147
-0.001832 0.379377
-0.001306 0.515531
-0.000913 0.645307
-0.000622 0.755731
-0.000409 0.829980
-0.000253 0.855311
-0.000139 0.829530
-0.000058 0.760701
0.000000 0.662730
0.000000 0.550489
0.000000 0.436509
0.000000 0.329580
0.000000 0.234770
0.000000 0.154188
0.000000 0.087951
0.000000 0.035047
0.000000 -0.006038
0.000000 -0.036556
0.000000 -0.052467
0.000000 -0.042206
0.000000 0.004657
0.000000 0.090002
0.000000 0.206580
0.000000 0.341808
0.000000 0.482291
0.000000 0.616427
0.000000 0.731058
0.000000 0.809229
0.000000 0.838074
0.000000 0.815406
0.000000 0.749276
0.000000 0.653600
0.000000 0.543275
0.000000 0.430871
0.000000 0.325218
0.000000 0.231428
0.000000 0.151652
0.000000 0.086043
0.000000 0.033623
0.000000 -0.007092
0.000000 -0.037330
0.000000 -0.053031
0.000000 -0.042615
0.000000 0.004404
0.000000 0.089863
0.000000 0.206522
0.000000 0.341808
0.000000 0.482291
0.000000 0.616427
0.000000 0.731058
0.000000 0.809229
0.000000 0.838074
0.000000 0.815406
0.000000 0.749276
0.000000 0.653600
0.000000 0.543275
0.000000 0.430871
0.000000 0.325218
0.000000 0.231428
0.000000 0.151652
0.000000 0.086043
0.000000 0.033623
0.000000 -0.007092
0.000000 -0.037707
0.000000 -0.059750
0.000000 -0.074601
0.000000 -0.083444
0.000378 -0.087429
0.006719 -0.087540
0.031986 -0.084666
0.087849 -0.079609
0.177292 -0.073076
0.294062 -0.065675
0.426474 -0.057911
0.561900 -0.050225
0.689503 -0.042865
0.796733 -0.036040
0.867140 -0.029881
0.888299 -0.024451
0.858270 -0.019762
0.785316 -0.015787
0.683481 -0.012472
0.567727 -0.009750
0.450633 -0.007546
0.341005 -0.005785
0.243900 -0.004395
0.161401 -0.003310
0.093589 -0.002472
0.039408 -0.001832
-0.002697 -0.001306
-0.034397 -0.000913
-0.057278 -0.000622
-0.072769 -0.000409
-0.082138 0.000125
-0.086516 0.006580
-0.086918 0.031928
-0.084258 0.087849
-0.079357 0.176914
-0.072936 0.287343
-0.065617 0.394488
-0.057911 0.474051
-0.050225 0.512588
-0.042865 0.509391
-0.036040 0.472652
-0.029881 0.414248
-0.024451 0.345682
-0.019762 0.275925
-0.015787 0.210829
-0.012472 0.153479
-0.009750 0.104951
-0.007546 0.065079
-0.005785 0.033072
-0.004395 0.007922
-0.003310 -0.011363
-0.002472 -0.025671
-0.001832 -0.035769
-0.001306 -0.041942
-0.000913 -0.039196
-0.000622 -0.015111
-0.000409 0.041479
-0.000253 0.133096
-0.000139 0.253060
-0.000058 0.388936
0.000000 0.522193
0.000000 0.629154
0.000000 0.690990
0.000000 0.701084
0.000000 0.664848
0.000000 0.594964
0.000000 0.506053
0.000000 0.410944
0.000000 0.318960
0.000000 0.235749
0.000000 0.163948
0.000000 0.104123
0.000000 0.055635
0.000000 0.017288
0.000378 -0.012264
0.006719 -0.034310
0.031986 -0.050002
0.087849 -0.060355
0.176914 -0.066269
0.287343 -0.068515
0.394488 -0.067893
0.474051 -0.065082
0.512588 -0.060701
0.509391 -0.055335
0.472652 -0.049396
0.414248 -0.043270
0.345682 -0.037255
0.275925 -0.031570
0.210829 -0.026360
0.153479 -0.021707
0.104951 -0.017645
0.065079 -0.014169
0.033072 -0.011247
0.007922 -0.008831
-0.011363 -0.006862
-0.025671 -0.005280
-0.035769 -0.004025
-0.042320 -0.002663
-0.045915 0.004441
-0.047097 0.030293
-0.046369 0.086600
-0.044196 0.176001
-0.041002 0.286720
-0.037160 0.394080
-0.032988 0.473799
-0.028740 0.512449
-0.024614 0.509332
-0.020750 0.472652
-0.017238 0.414248
-0.014124 0.345682
-0.011425 0.275925
-0.009131 0.210829
-0.007214 0.153479
-0.005638 0.104951
-0.004362 0.065079
-0.003341 0.033072
-0.002536 0.008300
-0.001908 -0.004643
-0.001424 0.006315
-0.001054 0.052080
-0.000774 0.134973
-0.000564 0.248147
-0.000409 0.379377
-0.000253 0.515531
-0.000139 0.645684
-0.000058 0.762450
0.000000 0.861588
0.000000 0.936440
0.000000 0.974836
0.000000 0.966915
0.000000 0.911912
0.000000 0.818327
0.000000 0.699915
0.000000 0.571132
0.000000 0.444015
0.000000 0.326883
0.000000 0.224387
0.000000 0.138277
0.000000 0.068354
0.000000 0.013315
0.000000 -0.028627
0.000378 -0.059361
0.006719 -0.080679
0.031986 -0.094198
0.087849 -0.101357
0.176914 -0.103429
0.287343 -0.101503
0.394488 -0.096633
0.474051 -0.089697
0.512588 -0.081451
0.509391 -0.072572
0.472652 -0.063520
0.414248 -0.054695
0.345682 -0.046386
0.275925 -0.038784
0.210829 -0.031998
0.153479 -0.026069
0.104951 -0.020987
0.065079 -0.016706
0.033072 -0.013156
0.008300 -0.010255
-0.004643 -0.007916
0.006315 -0.006054
0.052080 -0.004589
0.134595 -0.003450
0.241427 -0.002531
0.347391 -0.001832
0.427682 -0.001306
0.468392 -0.000913
0.468388 -0.000622
0.435492 -0.000409
0.381260 -0.000253
0.316941 -0.000139
0.251311 -0.000058
0.190078 0.000000
0.136241 0.000000
0.090827 0.000000
0.053654 0.000000
0.023941 0.000000
0.001086 0.000000
-0.010281 0.000000
0.001953 0.000000
0.048738 0.000000
0.132059 0.000000
0.239519 0.000000
0.345967 0.000000
0.426629 0.000000
0.467618 0.000000
0.467824 0.000000
0.435083 0.000000
0.381007 0.000000
0.316802 0.000000
0.251253 0.000000
0.190078 0.000000
0.136241 0.000000
0.090827 0.000000
0.053654 0.000000
0.023941 0.000000
0.001086 0.000000
-0.010281 0.000000
0.001953 0.000000
0.048738 0.000000
0.132059 0.000000
0.239519 0.000000
0.345967 0.000000
0.426629 0.000000
0.467618 0.000000
0.467824 0.000000
0.435083 0.000000
0.381007 0.000000
0.316802 0.000000
0.251253 0.000000
0.190078 0.000000
0.136241 0.000000
0.090827 0.000000
0.053654 0.000000
0.023941 0.000000
0.000709 0.000000
-0.016623 0.000000
-0.023313 0.000000
-0.007124 0.000000
0.042993 0.000000
0.129469 0.000000
0.245541 0.000000
0.379051 0.000000
0.516930 0.000000
0.648314 0.000000
0.765506 0.000000
0.859167 0.000000
0.915282 0.000000
0.923041 0.000000
0.881336 0.000000
0.798655 0.000000
0.689028 0.000000
0.567188 0.000000
0.445446 0.000000
0.332360 0.000000
0.232785 0.000000
0.148642 0.000000
0.079883 0.000000
0.025343 0.000000
-0.016634 0.000000
-0.047815 0.000378
-0.069878 0.006719
-0.084343 0.031986
-0.092558 0.087849
-0.095724 0.177292
-0.094875 0.294062
-0.091025 0.426474
-0.085023 0.561900
-0.077610 0.689503
-0.069458 0.796733
-0.061026 0.867140
-0.052720 0.888299
-0.044839 0.858270
-0.037586 0.785316
-0.031079 0.683481
-0.025370 0.567727
-0.020461 0.450633
-0.016313 0.341005
-0.012865 0.243900
-0.010041 0.161401
-0.007760 0.093589
-0.005941 0.039408
-0.004508 -0.002697
-0.003014 -0.034397
0.004189 -0.057278
0.030154 -0.072769
0.086542 -0.082138
0.176379 -0.086516
0.293440 -0.086918
0.426066 -0.084258
0.561647 -0.079357
0.689363 -0.072936
0.796675 -0.065617
0.867140 -0.057911
0.888299 -0.050225
0.858270 -0.042865
0.785316 -0.036040
0.683481 -0.029881
0.567727 -0.024451
0.450633 -0.019762
0.341005 -0.015787
0.243900 -0.012472
0.161401 -0.009750
0.093589 -0.007546
0.039408 -0.005785
-0.002697 -0.004395
-0.034019 -0.003310
-0.050558 -0.002472
-0.040783 -0.001832
0.005711 -0.001306
0.090776 -0.000913
0.206767 -0.000622
0.335497 -0.000409
0.450557 -0.000253
0.529096 -0.000139
0.560544 -0.000058
0.547153 0.000000
0.499448 0.000000
0.430798 0.000000
0.353458 0.000000
0.276621 0.000000
0.206049 0.000000
0.144604 0.000000
0.093109 0.000000
0.051177 0.000000
0.017844 0.000000
-0.007644 0.000000
-0.020793 0.000000
-0.009609 0.000000
0.036741 0.000000
0.120506 0.000000
0.234768 0.000000
0.367270 0.000000
0.504762 0.000000
0.636262 0.000000
0.753959 0.000000
0.848366 0.000000
0.905426 0.000000
0.914241 0.000000
0.873631 0.000000
0.792028 0.000000
0.683420 0.000000
0.562514 0.000000
0.441606 0.000000
0.329245 0.000000
0.230290 0.000000
0.146667 0.000000
0.078337 0.000000
0.024145 0.000000
-0.017553 0.000000
-0.048513 0.000000
-0.070404 0.000000
-0.084736 0.000378
-0.092849 0.006719
-0.095938 0.031986
-0.095031 0.087849
-0.091138 0.177292
-0.085104 0.294062
-0.077669 0.426474
-0.069458 0.561900
-0.061026 0.689503
-0.052720 0.796733
-0.044839 0.867140
-0.037586 0.888299
-0.031079 0.858270
-0.025370 0.785316
-0.020461 0.683481
-0.016313 0.567727
-0.012865 0.450633
-0.010041 0.341005
-0.007760 0.243900
-0.005941 0.161401
-0.004508 0.093589
-0.003391 0.039408
-0.002531 -0.002697
-0.001832 -0.034019
-0.001306 -0.050558
-0.000913 -0.040783
-0.000622 0.005711
-0.000409 0.090398
-0.000253 0.200425
-0.000139 0.310230
-0.000058 0.394695
0.000000 0.439652
0.000000 0.443774
0.000000 0.414741
0.000000 0.364022
0.000000 0.302817
0.000000 0.239886
0.000000 0.180948
0.000000 0.129028
0.000000 0.085189
0.000000 0.049293
0.000000 0.020600
0.000000 -0.001450
0.000000 -0.012189
0.000000 0.000530
0.000000 0.047685
0.000000 0.131285
0.000000 0.238955
0.000000 0.345558
0.000000 0.426376
0.000000 0.467479
0.000000 0.467766
0.000000 0.435083
0.000000 0.381007
0.000000 0.316802
0.000000 0.251253
0.000000 0.190078
0.000000 0.136241
0.000000 0.090827
0.000000 0.053654
0.000000 0.023941
0.000000 0.001086
0.000000 -0.010281
0.000000 0.001953
0.000000 0.048738
0.000000 0.132436
0.000000 0.246239
0.000000 0.377575
0.000000 0.507758
0.000000 0.612924
0.000000 0.674038
0.000000 0.684265
0.000000 0.648845
0.000000 0.580208
0.000000 0.492806
0.000000 0.399324
0.000000 0.308936
0.000000 0.227263
0.000000 0.156885
0.000000 0.098334
0.000000 0.050957
0.000000 0.013558
0.000000 -0.015202
0.000000 -0.036597
0.000000 -0.051764
0.000378 -0.061699
0.006719 -0.067284
0.031986 -0.069316
0.087849 -0.068527
0.177292 -0.065589
0.294062 -0.061110
0.426474 -0.055587
0.561522 -0.049535
0.683161 -0.043328
0.771467 -0.037255
0.811278 -0.031570
0.798855 -0.026360
0.741500 -0.021707
0.652904 -0.017645
0.548055 -0.014169
0.439746 -0.011247
0.337061 -0.008831
0.245331 -0.006862
0.166879 -0.005280
0.101987 -0.004025
0.049773 -0.003041
0.008832 -0.002278
-0.022369 -0.001693
-0.045284 -0.000870
-0.061222 0.005806
-0.071338 0.031364
-0.076660 0.087440
-0.078118 0.176662
-0.076553 0.287203
-0.072729 0.394430
-0.067328 0.474051
-0.060943 0.512588
-0.054070 0.509391
-0.047111 0.472652
-0.040370 0.414248
-0.034065 0.345682
-0.028335 0.275925
-0.023253 0.210829
-0.018843 0.153479
-0.015088 0.104951
-0.011946 0.065079
-0.009357 0.033072
-0.007255 0.007922
-0.005571 -0.011363
-0.003861 -0.025671
0.003522 -0.035769
0.029595 -0.042320
0.086074 -0.045915
0.175986 -0.047097
0.293149 -0.046369
0.425852 -0.044196
0.561114 -0.041002
0.682909 -0.037160
0.771327 -0.032988
0.811220 -0.028740
0.798855 -0.024614
0.741500 -0.020750
0.652904 -0.017238
0.548055 -0.014124
0.439746 -0.011425
0.337061 -0.009131
0.245331 -0.007214
0.166879 -0.005638
0.101987 -0.004362
0.049773 -0.003341
0.008832 -0.002536
-0.022369 -0.001908
-0.045284 -0.001424
-0.061222 -0.001054
-0.071338 -0.000774
-0.076660 -0.000564
-0.077740 -0.000409
-0.069833 -0.000253
-0.040743 -0.000139
0.020520 -0.000058
0.116349 0.000000
0.239992 0.000000
0.378986 0.000000
0.514811 0.000000
0.623830 0.000000
0.687270 0.000000
0.698581 0.000000
0.663242 0.000000
0.594000 0.000000
0.505532 0.000000
0.410717 0.000000
0.318919 0.000000
0.235816 0.000000
0.164071 0.000000
0.104267 0.000000
0.055780 0.000000
0.017422 0.000000
-0.012146 0.000378
-0.034169 0.006719
-0.049851 0.031986
-0.060199 0.087849
-0.066113 0.176914
-0.068402 0.287343
-0.067811 0.394488
-0.065024 0.474051
-0.060701 0.512588
-0.055335 0.509391
-0.049396 0.472652
-0.043270 0.414248
-0.037255 0.345682
-0.031570 0.275925
-0.026360 0.210829
-0.021707 0.153479
-0.017645 0.104951
-0.014169 0.065079
-0.011247 0.033072
-0.008831 0.007922
-0.006485 -0.011363
0.001439 -0.025671
0.027961 -0.035769
0.084807 -0.042320
0.175014 -0.045915
0.292369 -0.047097
0.424848 -0.046369
0.554267 -0.044196
0.657272 -0.041002
0.715196 -0.037160
0.721582 -0.032988
0.681946 -0.028740
0.609030 -0.024614
0.517478 -0.020750
0.420074 -0.017238
0.326174 -0.014124
0.241387 -0.011425
0.168310 -0.009131
0.107464 -0.007214
0.058171 -0.005638
0.019196 -0.004362
-0.010463 -0.003341
-0.026536 -0.002536
-0.017242 -0.001908
0.028058 -0.001424
0.111432 -0.001054
0.225800 -0.000774
0.358721 -0.000564
0.496876 -0.000409
0.629180 -0.000253
0.748118 -0.000139
0.849353 -0.000058
0.926158 0.000000
0.966321 0.000000
0.959960 0.000000
0.906303 0.000000
0.813857 0.000000
0.696394 0.000000
0.568388 0.000000
0.441898 0.000000
0.325265 0.000000
0.223162 0.000000
0.137358 0.000000
0.067670 0.000000
0.012810 0.000000
-0.028997 0.000000
-0.059630 0.000000
-0.080873 0.000000
-0.094338 0.000000
-0.101416 0.000000
-0.103429 0.000378
-0.101503 0.006719
-0.096633 0.031986
-0.089697 0.087849
-0.081451 0.177292
-0.072572 0.293684
-0.063520 0.419755
-0.054695 0.529914
-0.046386 0.602032
-0.038784 0.626161
-0.031998 0.605064
-0.026069 0.549673
-0.020987 0.473662
-0.016706 0.389498
-0.013156 0.306502
-0.010255 0.230500
-0.007916 0.164366
-0.006054 0.108895
-0.004589 0.063648
-0.003450 0.027594
-0.002531 -0.000476
-0.001832 -0.021727
-0.001306 -0.037200
-0.000913 -0.047797
-0.000622 -0.054313
-0.000409 -0.057462
-0.000253 -0.057898
-0.000139 -0.056225
-0.000058 -0.052996
0.000000 -0.048707
0.000000 -0.043788
0.000000 -0.038596
0.000000 -0.033414
0.000000 -0.028455
0.000000 -0.023865
0.000000 -0.019732
0.000000 -0.016099
0.000000 -0.012971
0.000000 -0.010328
0.000000 -0.008133
0.000000 -0.006336
0.000000 -0.004888
0.000000 -0.003734
0.000000 -0.002827
0.000000 -0.002122
0.000000 -0.001580
0.000000 -0.001167
0.000000 -0.000855
0.000000 -0.000622
0.000000 -0.000409
0.000000 -0.000253
0.000000 -0.000139
0.000000 -0.000058
0.000000 0.000000
0.000000 0.000000
0.000000 0.000000
0.000000 0.000000
0.000000 0.000000
0.000000 0.000000
0.000000 0.000000
0.000000 0.000000
0.000000 0.000000
0.000000 0.000000
0.000000 0.000000
0.000000 0.000000
0.000000 0.000000
0.000000 0.000000
0.000000 0.000000
0.000000 0.000000
0.000000 0.000000
0.000000 0.000000
0.000000 0.000000
0.000000 0.000000
0.000000 0.000000
0.000000 0.000000
0.000000 0.000000
0.000000 0.000000
0.000000 0.000000
0.000000 0.000000
0.000000 0.000000
0.000000 0.000000
0.000000 0.000000
0.000000 0.000000
0.000000 0.000000
0.000000 0.000000
0.000000 0.000000
0.000000 0.000000
0.000000 0.000000
0.000000 0.000000
0.000000 0.000000
0.000000 0.000000
0.000000 0.000000
0.000000 0.000000
0.000000 0.000000
0.000000 0.000000
0.000000 0.000000
0.000000 0.000000
0.000000 0.000000
0.000000 0.000000
0.000000 0.000000
0.000000 0.000000
0.000000 0.000000
0.000000 0.000000
0.000000 0.000000
0.000000 0.000000
0.000000 0.000000
0.000000 0.000000
