0.000000 0.000000
0.000000 0.000000
0.000000 0.000000
0.000000 0.000000
0.000000 0.000000
0.000000 0.000000
0.000000 0.000000
0.000000 0.018566
0.000000 0.165070
0.000000 0.439405
0.000000 0.724358
0.000000 0.919408
0.000000 0.901028
0.000000 0.688090
0.000000 0.420847
0.000000 0.199099
0.000000 0.049540
0.000000 -0.037901
0.018566 -0.080612
0.165070 -0.093389
0.439405 -0.087761
0.705793 -0.072734
0.772904 -0.054899
0.626693 -0.038380
0.403137 -0.025126
0.207232 -0.015527
0.070975 -0.009116
-0.011858 -0.005112
-0.055611 -0.002750
-0.053913 -0.001333
0.093116 -0.000578
0.377687 -0.000192
0.658059 0.000000
0.738915 0.000000
0.604120 0.000000
0.389027 0.000000
0.198870 0.000000
0.066250 0.000000
-0.014417 0.000000
-0.056944 0.018566
-0.073058 0.165070
-0.072145 0.439405
-0.061718 0.705793
-0.047733 0.772904
-0.033989 0.626693
-0.022572 0.403137
-0.014110 0.207232
-0.008362 0.070975
-0.004725 -0.011858
0.016007 -0.055611
0.163737 -0.072479
0.438827 -0.071953
0.724167 -0.061718
0.937974 -0.047733
1.047532 -0.033989
0.962426 -0.022572
0.705800 -0.014110
0.412714 -0.008362
0.177664 -0.004725
0.023497 -0.002559
-0.062902 -0.001333
-0.101522 -0.000578
-0.109197 -0.000192
-0.080211 0.000000
0.085170 0.000000
0.380115 0.000000
0.664859 0.000000
0.746361 0.000000
0.610411 0.000000
0.393634 0.000000
0.201928 0.000000
0.068225 0.000000
-0.013191 0.000000
-0.037624 0.000000
0.092399 0.000000
0.367452 0.000000
0.662640 0.000000
0.871675 0.000000
0.867039 0.000000
0.665518 0.000000
0.406737 0.000000
0.190737 0.000000
0.044814 0.000000
-0.040460 0.000000
-0.063379 0.000000
0.071102 0.000000
0.351452 0.000000
0.651624 0.000000
0.864509 0.000000
0.862648 0.000000
0.662965 0.000000
0.405320 0.000000
0.189983 0.000000
0.044428 0.000000
-0.040651 0.000000
-0.081945 0.018566
-0.093967 0.165070
-0.087953 0.439405
-0.072734 0.724358
-0.054899 0.937974
-0.038380 1.047532
-0.025126 0.962426
-0.015527 0.705800
-0.009116 0.412714
-0.005112 0.177664
-0.002750 0.023497
-0.001333 -0.062902
-0.000578 -0.082956
-0.000192 0.055873
0.000000 0.322062
0.000000 0.479389
0.000000 0.439279
0.000000 0.300806
0.000000 0.162979
0.000000 0.062826
0.000000 0.000074
0.018566 -0.034872
0.165070 -0.050228
0.439405 -0.052377
0.724358 -0.046489
0.937974 -0.036909
1.047532 -0.026824
0.962426 -0.018181
0.705800 -0.011557
0.412714 -0.006945
0.177664 -0.003971
0.023497 -0.002172
-0.062902 -0.001141
-0.101522 0.017987
-0.109197 0.164878
-0.098777 0.420840
-0.079900 0.559289
-0.059290 0.498568
-0.040934 0.341739
-0.026543 0.189522
-0.016282 0.079108
-0.009503 0.009577
-0.005304 -0.011003
-0.002750 0.117591
-0.001333 0.369796
-0.000578 0.513378
-0.000192 0.461851
0.000000 0.314916
0.000000 0.171341
0.000000 0.067551
0.000000 0.002632
0.000000 -0.014973
0.000000 0.115420
0.000000 0.387220
0.000000 0.677869
0.000000 0.882499
0.000000 0.874204
0.000000 0.669909
0.000000 0.409291
0.000000 0.192154
0.000000 0.045569
0.000000 -0.040073
0.000000 -0.063188
0.000000 0.071102
0.000000 0.332886
0.000000 0.486555
0.000000 0.443670
0.000000 0.303359
0.000000 0.164396
0.000000 0.063581
0.000000 0.000461
0.018566 -0.034680
0.165070 -0.050228
0.439405 -0.052377
0.724358 -0.046489
0.919408 -0.036909
0.901028 -0.026824
0.688090 -0.018181
0.420847 -0.011557
0.199099 -0.006945
0.049540 -0.003971
-0.037901 -0.002172
-0.062046 -0.001141
0.071681 -0.000578
0.351644 -0.000192
0.633058 0.000000
0.718005 0.000000
0.588312 0.000000
0.378012 0.000000
0.191705 0.000000
0.061859 0.000000
-0.016970 0.000000
-0.058362 0.000000
-0.073812 0.000000
-0.072532 0.018566
-0.061910 0.165070
-0.047733 0.439405
-0.033989 0.724358
-0.022572 0.919408
-0.014110 0.901028
-0.008362 0.688090
-0.004725 0.420847
-0.002559 0.199099
-0.001333 0.049540
-0.000578 -0.037901
-0.000192 -0.062046
0.000000 0.071681
0.000000 0.333078
0.000000 0.486555
0.000000 0.443670
0.000000 0.303359
0.000000 0.164396
0.000000 0.063581
0.000000 0.000461
0.000000 -0.034680
0.000000 -0.050228
0.018566 -0.052377
0.165070 -0.046489
0.439405 -0.036909
0.724358 -0.026824
0.919408 -0.018181
0.901028 -0.011557
0.688090 -0.006945
0.420847 -0.003971
0.199099 -0.002172
0.049540 -0.001141
-0.037901 -0.000578
-0.062046 -0.000192
0.071681 0.000000
0.351644 0.000000
0.633058 0.000000
0.718005 0.000000
0.588312 0.000000
0.378012 0.000000
0.191705 0.000000
0.061859 0.000000
-0.016970 0.000000
-0.058362 0.018566
-0.073812 0.165070
-0.072532 0.439405
-0.061910 0.724358
-0.047733 0.919408
-0.033989 0.901028
-0.022572 0.688090
-0.014110 0.420847
-0.008362 0.199099
-0.004725 0.049540
-0.002559 -0.037901
0.017233 -0.080612
0.164491 -0.093389
0.439214 -0.087761
0.705793 -0.072734
0.772904 -0.054899
0.626693 -0.038380
0.403137 -0.025126
0.207232 -0.015527
0.070975 -0.009116
-0.011858 -0.005112
-0.037046 -0.002750
0.092591 -0.001333
0.367452 -0.000578
0.662640 -0.000192
0.890240 0.000000
1.013543 0.000000
0.939854 0.000000
0.691690 0.000000
0.404352 0.000000
0.172939 0.000000
0.020938 0.000000
-0.064235 0.000000
-0.083535 0.000000
0.055681 0.000000
0.340628 0.000000
0.644459 0.000000
0.860118 0.000000
0.860094 0.000000
0.661547 0.000000
0.404566 0.000000
0.189596 0.000000
0.044236 0.000000
-0.040651 0.000000
-0.081945 0.018566
-0.093967 0.165070
-0.087953 0.439405
-0.072734 0.705793
-0.054899 0.772904
-0.038380 0.626693
-0.025126 0.403137
-0.015527 0.207232
-0.009116 0.070975
-0.005112 -0.011858
-0.002750 -0.055611
0.017233 -0.072479
0.164491 -0.071953
0.420648 -0.061718
0.559289 -0.047733
0.498568 -0.033989
0.341739 -0.022572
0.189522 -0.014110
0.079108 -0.008362
0.009577 -0.004725
-0.029568 0.016007
-0.047478 0.163737
-0.051044 0.420261
-0.045910 0.559097
-0.036718 0.498568
-0.026824 0.341739
-0.018181 0.189522
-0.011557 0.079108
-0.006945 0.009577
-0.003971 -0.011003
-0.002172 0.117591
-0.001141 0.388361
-0.000578 0.678448
-0.000192 0.901256
0.000000 1.020708
0.000000 0.944245
0.000000 0.694244
0.000000 0.405770
0.000000 0.173693
0.000000 0.021325
0.000000 -0.064043
0.000000 -0.083535
0.000000 0.055681
0.000000 0.322062
0.000000 0.479389
0.000000 0.439279
0.000000 0.300806
0.000000 0.162979
0.000000 0.062826
0.000000 0.000074
0.000000 -0.034872
0.000000 -0.050228
0.000000 -0.052377
0.000000 -0.046489
0.000000 -0.036909
0.000000 -0.026824
0.000000 -0.018181
0.000000 -0.011557
0.000000 -0.006945
0.000000 -0.003971
0.000000 -0.002172
0.000000 -0.001141
0.000000 -0.000578
0.000000 -0.000192
0.000000 0.000000
0.000000 0.000000
0.000000 0.000000
0.000000 0.000000
0.000000 0.000000
0.000000 0.000000
0.000000 0.000000
0.000000 0.000000
0.000000 0.000000
0.000000 0.000000
0.000000 0.000000
0.000000 0.000000
0.000000 0.000000
0.000000 0.000000
0.000000 0.000000
0.000000 0.000000
0.000000 0.000000
0.000000 0.000000
0.000000 0.000000
0.000000 0.000000
0.000000 0.000000
0.000000 0.000000
0.000000 0.000000
0.000000 0.000000
0.000000 0.000000
0.000000 0.000000
0.000000 0.000000
0.000000 0.000000
0.000000 0.000000
0.000000 0.000000
0.000000 0.000000
0.000000 0.000000
0.000000 0.000000
0.000000 0.000000
0.000000 0.000000
0.000000 0.000000
0.000000 0.000000
0.000000 0.000000
0.000000 0.000000
0.000000 0.000000
0.000000 0.000000
0.000000 0.000000
0.000000 0.000000
0.000000 0.000000
0.000000 0.000000
0.000000 0.000000
0.000000 0.000000
0.000000 0.000000
0.000000 0.000000
0.000000 0.000000
0.000000 0.000000
0.000000 0.000000
0.000000 0.000000
0.000000 0.000000
0.000000 0.000000
0.000000 0.000000
0.000000 0.000000
0.000000 0.000000
0.000000 0.000000
0.000000 0.000000
0.000000 0.000000
0.000000 0.000000
0.000000 0.000000
0.000000 0.000000
