0.000000 0.000000
0.000000 0.000000
0.000000 0.000000
0.000000 0.000000
0.000000 0.000000
0.000000 0.000000
0.000000 0.000000
0.000000 0.000000
0.000000 0.000000
0.000000 0.000000
0.000000 0.000000
0.000000 0.000000
0.000000 0.000000
0.000000 0.000000
0.000000 0.000000
0.000378 0.000000
0.006719 0.000000
0.031986 0.000000
0.087849 0.000000
0.176914 0.000000
0.287343 0.000000
0.394488 0.000000
0.474051 0.000000
0.512588 0.000000
0.509391 0.000000
0.472652 0.000000
0.414248 0.000000
0.345682 0.000000
0.275925 0.000000
0.210829 0.000000
0.153479 0.000000
0.104951 0.000000
0.065079 0.000000
0.033072 0.000000
0.008300 0.000000
-0.004643 0.000000
0.006315 0.000000
0.052080 0.000000
0.134973 0.000000
0.248147 0.000000
0.378999 0.000000
0.508811 0.000000
0.613698 0.000000
0.674602 0.000000
0.684674 0.000000
0.649098 0.000000
0.580348 0.000000
0.492864 0.000000
0.399324 0.000000
0.308936 0.000000
0.227263 0.000000
0.156885 0.000000
0.098334 0.000000
0.050957 0.000000
0.013558 0.000000
-0.015202 0.000378
-0.036597 0.006719
-0.051764 0.031986
-0.061699 0.087849
-0.067284 0.177292
-0.069316 0.294062
-0.068527 0.426096
-0.065589 0.555180
-0.061110 0.657895
-0.055587 0.715604
-0.049535 0.721834
-0.043328 0.682085
-0.037255 0.609088
-0.031570 0.517478
-0.026360 0.420074
-0.021707 0.326174
-0.017645 0.241387
-0.014169 0.168310
-0.011247 0.107464
-0.008831 0.058171
-0.006862 0.019196
-0.005280 -0.010463
-0.004025 -0.026536
-0.003041 -0.017242
-0.002278 0.028058
-0.001693 0.111432
-0.001248 0.225800
-0.000913 0.358721
-0.000622 0.496876
-0.000409 0.629180
-0.000253 0.748118
-0.000139 0.849353
-0.000058 0.926158
0.000000 0.966321
0.000000 0.959960
0.000000 0.906303
0.000000 0.813857
0.000000 0.696394
0.000000 0.568388
0.000000 0.441898
0.000000 0.325265
0.000000 0.223162
0.000000 0.137358
0.000000 0.067670
0.000000 0.012810
0.000000 -0.028997
0.000378 -0.059630
0.006719 -0.080873
0.031986 -0.094338
0.087849 -0.101416
0.177292 -0.103429
0.294062 -0.101503
0.426096 -0.096633
0.555180 -0.089697
0.657895 -0.081451
0.715604 -0.072572
0.721834 -0.063520
0.682085 -0.054695
0.609088 -0.046386
0.517478 -0.038784
0.420074 -0.031998
0.326174 -0.026069
0.241387 -0.020987
0.168310 -0.016706
0.107464 -0.013156
0.058171 -0.010255
0.019196 -0.007916
-0.010840 -0.005677
-0.033256 0.002130
-0.049228 0.028536
-0.059791 0.085318
-0.065860 0.175460
-0.068262 0.292756
-0.067753 0.425561
-0.065024 0.560900
-0.060701 0.682753
-0.055335 0.771214
-0.049396 0.811138
-0.043270 0.798797
-0.037255 0.741500
-0.031570 0.652904
-0.026360 0.548055
-0.021707 0.439746
-0.017645 0.337061
-0.014169 0.245331
-0.011247 0.166879
-0.008831 0.101987
-0.006862 0.049773
-0.005280 0.008832
-0.004025 -0.022369
-0.003041 -0.045284
-0.002278 -0.061222
-0.001693 -0.071338
-0.001248 -0.076283
-0.000913 -0.071398
-0.000622 -0.044567
-0.000409 0.015119
-0.000253 0.109964
-0.000139 0.233119
-0.000058 0.372026
0.000000 0.508070
0.000000 0.617525
0.000000 0.681539
0.000000 0.693499
0.000000 0.658832
0.000000 0.590245
0.000000 0.502390
0.000000 0.408128
0.000000 0.316817
0.000000 0.234132
0.000000 0.162739
0.000000 0.103225
0.000000 0.054974
0.000000 0.016805
0.000000 -0.012237
0.000000 -0.027843
0.000000 -0.018155
0.000000 0.027435
0.000000 0.110646
0.000000 0.218828
0.000000 0.326595
0.000000 0.408969
0.000000 0.451887
0.000000 0.454056
0.000000 0.423256
0.000000 0.370978
0.000000 0.308427
0.000000 0.244355
0.000000 0.184469
0.000000 0.131772
0.000000 0.087306
0.000000 0.050910
0.000000 0.021824
0.000000 -0.000909
0.000000 -0.018225
0.000378 -0.030951
0.006719 -0.039794
0.031986 -0.045361
0.087849 -0.048193
0.177292 -0.048790
0.294062 -0.047617
0.426474 -0.045110
0.561900 -0.041625
0.689503 -0.037569
0.796733 -0.033240
0.867140 -0.028880
0.888299 -0.024673
0.858270 -0.020750
0.785316 -0.017238
0.683481 -0.014124
0.567727 -0.011425
0.450633 -0.009131
0.341005 -0.007214
0.243900 -0.005638
0.161401 -0.004362
0.093589 -0.003341
0.039408 -0.002536
-0.002697 -0.001908
-0.034397 -0.001046
-0.057278 0.005666
-0.072769 0.031212
-0.082138 0.087284
-0.086516 0.176506
-0.086918 0.287090
-0.084258 0.394349
-0.079357 0.473993
-0.072936 0.512588
-0.065617 0.509391
-0.057911 0.472652
-0.050225 0.414248
-0.042865 0.345682
-0.036040 0.275925
-0.029881 0.210829
-0.024451 0.153479
-0.019762 0.104951
-0.015787 0.065079
-0.012472 0.033072
-0.009750 0.007922
-0.007546 -0.011363
-0.005407 -0.025671
0.002324 -0.035769
0.028676 -0.042320
0.085376 -0.045915
0.175082 -0.047097
0.286037 -0.046369
0.393575 -0.044196
0.473429 -0.041002
0.512180 -0.037160
0.509138 -0.032988
0.472513 -0.028740
0.414189 -0.024614
0.345682 -0.020750
0.275925 -0.017238
0.210829 -0.014124
0.153479 -0.011425
0.104951 -0.009131
0.065079 -0.007214
0.033072 -0.005638
0.008300 -0.004362
-0.004643 -0.003341
0.006315 -0.002536
0.052080 -0.001908
0.134973 -0.001424
0.248147 -0.001054
0.379377 -0.000774
0.515531 -0.000564
0.645307 -0.000409
0.755731 -0.000253
0.829980 -0.000139
0.855311 -0.000058
0.829530 0.000000
0.760701 0.000000
0.662730 0.000000
0.550489 0.000000
0.436509 0.000000
0.329580 0.000000
0.234770 0.000000
0.154188 0.000000
0.087951 0.000000
0.035047 0.000000
-0.006038 0.000000
-0.036933 0.000378
-0.059186 0.006719
-0.074192 0.031986
-0.083192 0.087849
-0.087290 0.177292
-0.087482 0.294062
-0.084666 0.426474
-0.079609 0.561900
-0.073076 0.689881
-0.065675 0.803075
-0.057911 0.892407
-0.050225 0.944162
-0.042865 0.947714
-0.036040 0.902086
-0.029881 0.815893
-0.024451 0.703152
-0.019762 0.578614
-0.015787 0.454577
-0.012472 0.339574
-0.009750 0.238423
-0.007546 0.153003
-0.005785 0.083224
-0.004395 0.027880
-0.003310 -0.014725
-0.002472 -0.046391
-0.001454 -0.068825
0.005413 -0.083569
0.031073 -0.091993
0.087226 -0.095316
0.176506 -0.094623
0.287090 -0.090885
0.394349 -0.084965
0.473993 -0.077610
0.512588 -0.069458
0.509391 -0.061026
0.472652 -0.052720
0.414248 -0.044839
0.345682 -0.037586
0.275925 -0.031079
0.210829 -0.025370
0.153479 -0.020461
0.104951 -0.016313
0.065079 -0.012865
0.033072 -0.010041
0.008300 -0.007760
-0.004643 -0.005941
0.006315 -0.004508
0.052080 -0.003391
0.134973 -0.002531
0.248147 -0.001832
0.379377 -0.001306
0.515531 -0.000913
0.645684 -0.000622
0.762450 -0.000409
0.861588 -0.000253
0.936440 -0.000139
0.974836 -0.000058
0.966915 0.000000
0.911912 0.000000
0.818327 0.000000
0.699915 0.000000
0.571132 0.000000
0.444015 0.000000
0.326883 0.000000
0.224387 0.000000
0.138277 0.000000
0.068354 0.000000
0.013315 0.000000
-0.028627 0.000000
-0.059361 0.000378
-0.080679 0.006719
-0.094198 0.031986
-0.101357 0.087849
-0.103429 0.176914
-0.101503 0.287343
-0.096633 0.394488
-0.089697 0.474051
-0.081451 0.512588
-0.072572 0.509391
-0.063520 0.472652
-0.054695 0.414248
-0.046386 0.345682
-0.038784 0.275925
-0.031998 0.210829
-0.026069 0.153479
-0.020987 0.104951
-0.016706 0.065079
-0.013156 0.033072
-0.010255 0.008300
-0.007916 -0.004643
-0.006054 0.006315
-0.004589 0.052080
-0.003450 0.134595
-0.002531 0.241427
-0.001832 0.347391
-0.001306 0.427682
-0.000913 0.468392
-0.000622 0.468388
-0.000409 0.435492
-0.000253 0.381260
-0.000139 0.316941
-0.000058 0.251311
0.000000 0.190078
0.000000 0.136241
0.000000 0.090827
0.000000 0.053654
0.000000 0.023941
0.000378 0.000709
0.006719 -0.017001
0.031986 -0.030033
0.087849 -0.039110
0.177292 -0.044856
0.294062 -0.047824
0.426474 -0.048521
0.561900 -0.047423
0.689881 -0.044970
0.803453 -0.041567
0.898749 -0.037569
0.969428 -0.033240
1.003576 -0.028880
0.991530 -0.024673
0.932663 -0.020750
0.835564 -0.017238
0.714039 -0.014124
0.582558 -0.011425
0.453146 -0.009131
0.334096 -0.007214
0.230025 -0.005638
0.142639 -0.004362
0.071696 -0.003341
0.015851 -0.002536
-0.026719 -0.001908
-0.057560 -0.001424
-0.072906 -0.001054
-0.061438 -0.000774
-0.012945 -0.000564
0.074272 -0.000409
0.192812 -0.000253
0.329603 -0.000139
0.465542 -0.000058
0.576443 0.000000
0.643032 0.000000
0.658314 0.000000
0.627390 0.000000
0.562702 0.000000
0.478694 0.000000
0.388076 0.000000
0.300105 0.000000
0.220401 0.000000
0.151604 0.000000
0.094309 0.000000
0.047916 0.000000
0.011280 0.000000
-0.016895 0.000378
-0.037845 0.006719
-0.052678 0.031986
-0.062321 0.087849
-0.067692 0.177292
-0.069569 0.294062
-0.068667 0.426474
-0.065647 0.561900
-0.061110 0.689881
-0.055587 0.803453
-0.049535 0.898749
-0.043328 0.969428
-0.037255 1.003576
-0.031570 0.991530
-0.026360 0.932663
-0.021707 0.835564
-0.017645 0.714039
-0.014169 0.582558
-0.011247 0.453146
-0.008831 0.334096
-0.006862 0.230025
-0.005280 0.142639
-0.004025 0.071696
-0.003041 0.015851
-0.002278 -0.026719
-0.001693 -0.057938
-0.001248 -0.079625
-0.000913 -0.093424
-0.000622 -0.100793
-0.000031 -0.103021
0.006467 -0.101250
0.031847 -0.096493
0.087790 -0.089639
0.176914 -0.081451
0.287343 -0.072572
0.394488 -0.063520
0.474051 -0.054695
0.512588 -0.046386
0.509391 -0.038784
0.472652 -0.031998
0.414248 -0.026069
0.345682 -0.020987
0.275925 -0.016706
0.210829 -0.013156
0.153479 -0.010255
0.104951 -0.007916
0.065079 -0.006054
0.033072 -0.004589
0.008300 -0.003450
-0.004643 -0.002531
0.006315 -0.001832
0.052080 -0.001306
0.134595 -0.000913
0.241427 -0.000622
0.347391 -0.000409
0.427682 -0.000253
0.468392 -0.000139
0.468388 -0.000058
0.435492 0.000000
0.381260 0.000000
0.316941 0.000000
0.251311 0.000000
0.190078 0.000000
0.136241 0.000000
0.090827 0.000000
0.053654 0.000000
0.023941 0.000000
0.000709 0.000000
-0.017001 0.000000
-0.030033 0.000000
-0.038732 0.000000
-0.038136 0.000000
-0.015837 0.000000
0.039327 0.000000
0.129492 0.000000
0.242373 0.000000
0.352922 0.000000
0.436482 0.000000
0.479348 0.000000
0.480511 0.000000
0.447980 0.000000
0.393497 0.000000
0.328444 0.000000
0.261801 0.000000
0.199403 0.000000
0.144349 0.000000
0.097738 0.000000
0.059441 0.000000
0.028710 0.000000
0.004959 0.000000
-0.007179 0.000000
0.004407 0.000000
0.050656 0.000000
0.133919 0.000000
0.247373 0.000000
0.378812 0.000000
0.515122 0.000000
0.645432 0.000000
0.761933 0.000000
0.855188 0.000000
0.911174 0.000000
0.918974 0.000000
0.877472 0.000000
0.795142 0.000000
0.685915 0.000000
0.564489 0.000000
0.443152 0.000000
0.330443 0.000000
0.231209 0.000000
0.147365 0.000000
0.078863 0.000000
0.024538 0.000000
-0.017262 0.000000
-0.048299 0.000378
-0.070248 0.006719
-0.084623 0.031986
-0.092767 0.087849
-0.095880 0.176914
-0.095031 0.287343
-0.091138 0.394488
-0.085104 0.474051
-0.077669 0.512588
-0.069458 0.509391
-0.061026 0.472652
-0.052720 0.414248
-0.044839 0.345682
-0.037586 0.275925
-0.031079 0.210829
-0.025370 0.153479
-0.020461 0.104951
-0.016313 0.065079
-0.012865 0.033072
-0.010041 0.007922
-0.007760 -0.011363
-0.005941 -0.025671
-0.004508 -0.035391
-0.003391 -0.035600
-0.002531 -0.013929
-0.001832 0.040751
-0.001306 0.130545
-0.000913 0.243146
-0.000622 0.353486
-0.000409 0.436891
-0.000253 0.479601
-0.000139 0.480650
-0.000058 0.448038
0.000000 0.393497
0.000000 0.328444
0.000000 0.261801
0.000000 0.199403
0.000000 0.144349
0.000000 0.097738
0.000000 0.059441
0.000000 0.028710
0.000378 0.004581
0.006719 -0.013899
0.031986 -0.027579
0.087849 -0.037192
0.177292 -0.043373
0.294062 -0.046689
0.426474 -0.047662
0.561900 -0.046778
0.689881 -0.044449
0.803453 -0.041142
0.898749 -0.037219
0.969428 -0.032988
1.003576 -0.028740
0.991530 -0.024614
0.932663 -0.020750
0.835564 -0.017238
0.714039 -0.014124
0.582558 -0.011425
0.453146 -0.009131
0.334096 -0.007214
0.230025 -0.005638
0.142639 -0.004362
0.071696 -0.003341
0.015851 -0.002536
-0.026719 -0.001908
-0.057938 -0.001424
-0.079625 -0.001054
-0.093424 -0.000774
-0.100793 -0.000564
-0.102643 -0.000409
-0.094531 -0.000253
-0.064507 -0.000139
-0.001790 -0.000058
0.095463 0.000000
0.214770 0.000000
0.330968 0.000000
0.419357 0.000000
0.466203 0.000000
0.470607 0.000000
0.440654 0.000000
0.388179 0.000000
0.324695 0.000000
0.259220 0.000000
0.197673 0.000000
0.143224 0.000000
0.097035 0.000000
0.059025 0.000000
0.028482 0.000000
0.004473 0.000378
-0.013893 0.006719
-0.027503 0.031986
-0.037075 0.087849
-0.043233 0.177292
-0.046538 0.294062
-0.047506 0.426474
-0.046622 0.561900
-0.044336 0.689881
-0.041060 0.803075
-0.037160 0.892407
-0.032988 0.944162
-0.028740 0.947714
-0.024614 0.902086
-0.020750 0.815893
-0.017238 0.703152
-0.014124 0.578614
-0.011425 0.454577
-0.009131 0.339574
-0.007214 0.238423
-0.005638 0.153003
-0.004362 0.083224
-0.003341 0.027880
-0.002536 -0.014725
-0.001908 -0.046391
-0.001424 -0.068825
-0.000676 -0.083569
0.005946 -0.091993
0.031422 -0.095316
0.087440 -0.094623
0.177040 -0.090885
0.293923 -0.084965
0.426416 -0.077610
0.561900 -0.069458
0.689881 -0.061026
0.803075 -0.052720
0.892407 -0.044839
0.944162 -0.037586
0.947714 -0.031079
0.902086 -0.025370
0.815893 -0.020461
0.703152 -0.016313
0.578614 -0.012865
0.454577 -0.010041
0.339574 -0.007760
0.238423 -0.005941
0.153003 -0.004508
0.083224 -0.003391
0.027880 -0.002531
-0.014725 -0.001832
-0.046391 -0.001306
-0.068447 -0.000913
-0.076849 -0.000622
-0.060007 -0.000409
-0.007467 -0.000253
0.082670 -0.000139
0.202799 -0.000058
0.334790 0.000000
0.452303 0.000000
0.532574 0.000000
0.565135 0.000000
0.552344 0.000000
0.504834 0.000000
0.436076 0.000000
0.358419 0.000000
0.281132 0.000000
0.210040 0.000000
0.148053 0.000000
0.096031 0.000000
0.053607 0.000000
0.019834 0.000000
-0.006417 0.000378
-0.026235 0.006719
-0.040591 0.031986
-0.050328 0.087849
-0.056146 0.176914
-0.058768 0.287343
-0.058811 0.394488
-0.056847 0.474051
-0.053405 0.512588
-0.048960 0.509391
-0.043927 0.472652
-0.038654 0.414248
-0.033414 0.345682
-0.028455 0.275925
-0.023865 0.210829
-0.019732 0.153479
-0.016099 0.104951
-0.012971 0.065079
-0.010328 0.033072
-0.008133 0.008300
-0.006336 -0.004643
-0.004888 0.006315
-0.003734 0.052080
-0.002827 0.134973
-0.002122 0.247769
-0.001580 0.372657
-0.001167 0.483545
-0.000855 0.557836
-0.000622 0.585158
-0.000409 0.567904
-0.000253 0.516686
-0.000139 0.444922
-0.000058 0.364883
0.000000 0.285752
0.000000 0.213263
0.000000 0.150242
0.000000 0.097470
0.000000 0.054518
0.000000 0.020380
0.000000 -0.006114
0.000000 -0.026089
0.000000 -0.040163
0.000000 -0.043614
0.000000 -0.024236
0.000000 0.028963
0.000000 0.117963
0.000000 0.230344
0.000000 0.340928
0.000000 0.424936
0.000000 0.468548
0.000000 0.470655
0.000000 0.439180
0.000000 0.385792
0.000000 0.321817
0.000000 0.256193
0.000000 0.194729
0.000000 0.140508
0.000000 0.094623
0.000000 0.056947
0.000000 0.026735
0.000000 0.003413
0.000000 -0.008377
0.000000 0.003488
0.000000 0.049958
0.000000 0.133393
0.000000 0.246980
0.000000 0.378521
0.000000 0.514908
0.000000 0.645276
0.000000 0.761820
0.000000 0.855107
0.000000 0.911116
0.000000 0.918974
0.000000 0.877472
0.000000 0.795142
0.000000 0.685915
0.000000 0.564489
0.000000 0.443152
0.000000 0.330443
0.000000 0.231209
0.000000 0.147365
0.000000 0.078863
0.000000 0.024538
0.000000 -0.017262
0.000000 -0.047921
0.000000 -0.063529
0.000000 -0.052637
0.000000 -0.004919
0.000000 0.081412
0.000000 0.199031
0.000000 0.335336
0.000000 0.476796
0.000000 0.612212
0.000000 0.733617
0.000000 0.831381
0.000000 0.891442
0.000000 0.902874
0.000000 0.864500
0.000000 0.784814
0.000000 0.677782
0.000000 0.558153
0.000000 0.438264
0.000000 0.326709
0.000000 0.228382
0.000000 0.145243
0.000000 0.077283
0.000000 0.023372
0.000000 -0.018117
0.000000 -0.048922
0.000000 -0.070657
0.000000 -0.084875
0.000000 -0.092907
0.000000 -0.095938
0.000000 -0.095031
0.000000 -0.091138
0.000000 -0.085104
0.000000 -0.077669
0.000000 -0.069458
0.000000 -0.061026
0.000000 -0.052720
0.000000 -0.044839
0.000000 -0.037586
0.000000 -0.031079
0.000000 -0.025370
0.000000 -0.020461
0.000000 -0.016313
0.000000 -0.012865
0.000000 -0.010041
0.000000 -0.007760
0.000000 -0.005941
0.000000 -0.004508
0.000000 -0.003391
0.000000 -0.002531
0.000000 -0.001832
0.000000 -0.001306
0.000000 -0.000913
0.000000 -0.000622
0.000000 -0.000409
0.000000 -0.000253
0.000000 -0.000139
0.000000 -0.000058
0.000000 0.000000
0.000000 0.000000
0.000000 0.000000
0.000000 0.000000
0.000000 0.000000
0.000000 0.000000
0.000000 0.000000
0.000000 0.000000
0.000000 0.000000
0.000000 0.000000
0.000000 0.000000
0.000000 0.000000
0.000000 0.000000
0.000000 0.000000
0.000000 0.000000
0.000000 0.000000
0.000000 0.000000
0.000000 0.000000
0.000000 0.000000
0.000000 0.000000
0.000000 0.000000
0.000000 0.000000
0.000000 0.000000
0.000000 0.000000
0.000000 0.000000
0.000000 0.000000
0.000000 0.000000
0.000000 0.000000
0.000000 0.000000
0.000000 0.000000
0.000000 0.000000
0.000000 0.000000
0.000000 0.000000
0.000000 0.000000
0.000000 0.000000
0.000000 0.000000
0.000000 0.000000
0.000000 0.000000
0.000000 0.000000
0.000000 0.000000
0.000000 0.000000
0.000000 0.000000
0.000000 0.000000
0.000000 0.000000
0.000000 0.000000
0.000000 0.000000
0.000000 0.000000
0.000000 0.000000
0.000000 0.000000
0.000000 0.000000
0.000000 0.000000
0.000000 0.000000
0.000000 0.000000
0.000000 0.000000
0.000000 0.000000
0.000000 0.000000
0.000000 0.000000
