0.000000 0.000000
0.000000 0.000000
0.000000 0.000000
0.000000 0.000000
0.000000 0.000000
0.000000 0.000000
0.000000 0.000000
0.000000 0.000000
0.000000 0.000000
0.000000 0.000000
0.000000 0.000000
0.000000 0.000000
0.000000 0.000000
0.000000 0.000000
0.000000 0.000000
0.000000 0.000000
0.000378 0.000000
0.006719 0.000000
0.031986 0.000000
0.087849 0.000000
0.177292 0.000000
0.294062 0.000000
0.426096 0.000000
0.555180 0.000000
0.657895 0.000000
0.715604 0.000000
0.721834 0.000000
0.682085 0.000000
0.609088 0.000000
0.517478 0.000000
0.420074 0.000000
0.326174 0.000000
0.241387 0.000000
0.168310 0.000000
0.107464 0.000000
0.058171 0.000000
0.019196 0.000000
-0.010840 0.000000
-0.033256 0.000000
-0.049228 0.000000
-0.059791 0.000000
-0.065860 0.000378
-0.068262 0.006719
-0.067753 0.031986
-0.065024 0.087849
-0.060701 0.177292
-0.055335 0.294062
-0.049396 0.426474
-0.043270 0.561522
-0.037255 0.683161
-0.031570 0.771467
-0.026360 0.811278
-0.021707 0.798855
-0.017645 0.741500
-0.014169 0.652904
-0.011247 0.548055
-0.008831 0.439746
-0.006862 0.337061
-0.005280 0.245331
-0.004025 0.166879
-0.003041 0.101987
-0.002278 0.049773
-0.001693 0.008832
-0.001248 -0.022369
-0.000913 -0.045284
-0.000622 -0.060844
-0.000409 -0.064618
-0.000253 -0.044674
-0.000139 0.009731
-0.000058 0.100739
0.000000 0.221333
0.000000 0.359146
0.000000 0.500579
0.000000 0.629091
0.000000 0.724356
0.000000 0.770908
0.000000 0.764791
0.000000 0.713165
0.000000 0.629651
0.000000 0.529212
0.000000 0.424658
0.000000 0.325115
0.000000 0.235974
0.000000 0.159624
0.000000 0.096416
0.000000 0.045534
0.000000 0.005634
0.000000 -0.024760
0.000000 -0.047058
0.000000 -0.062528
0.000000 -0.072251
0.000378 -0.077283
0.006719 -0.078526
0.031986 -0.076805
0.087849 -0.072869
0.177292 -0.067387
0.294062 -0.060943
0.426474 -0.054070
0.561522 -0.047111
0.683161 -0.040370
0.771467 -0.034065
0.811278 -0.028335
0.798855 -0.023253
0.741500 -0.018843
0.652904 -0.015088
0.548055 -0.011946
0.439746 -0.009357
0.337061 -0.007255
0.245331 -0.005571
0.166879 -0.004239
0.101987 -0.003197
0.049773 -0.002391
0.008832 -0.001774
-0.021991 -0.001306
-0.038565 -0.000913
-0.029236 -0.000622
0.016511 -0.000409
0.100632 -0.000253
0.215944 -0.000139
0.349543 -0.000058
0.482451 0.000000
0.590566 0.000000
0.654662 0.000000
0.667764 0.000000
0.634975 0.000000
0.568718 0.000000
0.483413 0.000000
0.391740 0.000000
0.302920 0.000000
0.222544 0.000000
0.153222 0.000000
0.095518 0.000000
0.048814 0.000000
0.011941 0.000000
-0.016034 0.000000
-0.030775 0.000000
-0.020439 0.000000
0.025667 0.000000
0.109658 0.000000
0.224494 0.000000
0.357808 0.000000
0.496253 0.000000
0.628393 0.000000
0.741146 0.000000
0.817605 0.000000
0.844971 0.000000
0.821015 0.000000
0.753746 0.000000
0.657121 0.000000
0.546019 0.000000
0.432988 0.000000
0.326835 0.000000
0.232653 0.000000
0.152570 0.000000
0.086726 0.000000
0.034128 0.000000
-0.006722 0.000000
-0.037061 0.000000
-0.052837 0.000000
-0.042475 0.000000
0.004463 0.000000
0.089485 0.000000
0.199803 0.000000
0.309822 0.000000
0.394442 0.000000
0.439513 0.000000
0.443716 0.000000
0.414741 0.000000
0.364022 0.000000
0.302817 0.000000
0.239886 0.000000
0.180948 0.000000
0.129028 0.000000
0.085189 0.000000
0.049293 0.000000
0.020600 0.000000
-0.001828 0.000378
-0.018909 0.006719
-0.031456 0.031986
-0.040164 0.087849
-0.045630 0.177292
-0.048388 0.294062
-0.048930 0.426474
-0.047675 0.561900
-0.045110 0.689503
-0.041625 0.796733
-0.037569 0.867140
-0.033240 0.888299
-0.028880 0.858270
-0.024673 0.785316
-0.020750 0.683481
-0.017238 0.567727
-0.014124 0.450633
-0.011425 0.341005
-0.009131 0.243900
-0.007214 0.161401
-0.005638 0.093589
-0.004362 0.039408
-0.003341 -0.002697
-0.002536 -0.034019
-0.001908 -0.050558
-0.001424 -0.040783
-0.001054 0.005711
-0.000774 0.090776
-0.000564 0.207145
-0.000409 0.342216
-0.000253 0.482165
-0.000139 0.610225
-0.000058 0.705850
0.000000 0.753367
0.000000 0.748630
0.000000 0.698635
0.000000 0.616864
0.000000 0.518174
0.000000 0.415295
0.000000 0.317299
0.000000 0.229545
0.000000 0.154407
0.000000 0.092237
0.000000 0.042227
0.000000 0.003046
0.000378 -0.026764
0.006719 -0.048594
0.031986 -0.063694
0.087849 -0.073170
0.176914 -0.077967
0.287343 -0.079031
0.394488 -0.077175
0.474051 -0.073138
0.512588 -0.067581
0.509391 -0.061082
0.472652 -0.054128
0.414248 -0.047111
0.345682 -0.040370
0.275925 -0.034065
0.210829 -0.028335
0.153479 -0.023253
0.104951 -0.018843
0.065079 -0.015088
0.033072 -0.011946
0.007922 -0.008979
-0.011363 -0.000536
-0.025671 0.026415
-0.035769 0.083610
-0.042320 0.174095
-0.045915 0.291293
-0.047097 0.417981
-0.046369 0.528608
-0.044196 0.601119
-0.041002 0.625538
-0.037160 0.604656
-0.032988 0.549421
-0.028740 0.473523
-0.024614 0.389439
-0.020750 0.306502
-0.017238 0.230500
-0.014124 0.164366
-0.011425 0.108895
-0.009131 0.063648
-0.007214 0.027594
-0.005638 -0.000476
-0.003984 -0.021727
0.003378 -0.037200
0.029450 -0.047797
0.085940 -0.054313
0.175491 -0.057462
0.286289 -0.057898
0.393714 -0.056225
0.473487 -0.052996
0.512180 -0.048707
0.509138 -0.043788
0.472513 -0.038596
0.414189 -0.033414
0.345682 -0.028455
0.275925 -0.023865
0.210829 -0.019732
0.153479 -0.016099
0.104951 -0.012971
0.065079 -0.010328
0.033072 -0.008133
0.008300 -0.006336
-0.004643 -0.004888
0.006315 -0.003734
0.052080 -0.002827
0.134595 -0.002122
0.241427 -0.001580
0.347391 -0.001167
0.427682 -0.000855
0.468392 -0.000622
0.468388 -0.000409
0.435492 -0.000253
0.381260 -0.000139
0.316941 -0.000058
0.251311 0.000000
0.190078 0.000000
0.136241 0.000000
0.090827 0.000000
0.053654 0.000000
0.023941 0.000000
0.000709 0.000000
-0.017001 0.000000
-0.030033 0.000000
-0.039110 0.000000
-0.044856 0.000000
-0.047446 0.000000
-0.041802 0.000000
-0.015437 0.000000
0.042878 0.000000
0.135348 0.000000
0.249774 0.000000
0.361248 0.000000
0.445172 0.000000
0.487916 0.000000
0.488640 0.000000
0.455414 0.000000
0.400123 0.000000
0.334256 0.000000
0.266795 0.000000
0.203615 0.000000
0.147841 0.000000
0.100590 0.000000
0.061738 0.000000
0.030536 0.000000
0.006014 0.000378
-0.012786 0.006719
-0.026725 0.031986
-0.036543 0.087849
-0.042884 0.177292
-0.046324 0.294062
-0.047350 0.426474
-0.046509 0.561522
-0.044254 0.683161
-0.041002 0.771467
-0.037160 0.811278
-0.032988 0.798855
-0.028740 0.741500
-0.024614 0.652904
-0.020750 0.548055
-0.017238 0.439746
-0.014124 0.337061
-0.011425 0.245331
-0.009131 0.166879
-0.007214 0.101987
-0.005638 0.049773
-0.004362 0.008832
-0.003341 -0.022369
-0.002536 -0.045284
-0.001908 -0.061222
-0.001424 -0.071338
-0.001054 -0.076660
-0.000396 -0.078118
0.006155 -0.076553
0.031578 -0.072729
0.087596 -0.067328
0.177153 -0.060943
0.294004 -0.054070
0.426096 -0.047111
0.555180 -0.040370
0.657895 -0.034065
0.715604 -0.028335
0.721834 -0.023253
0.682085 -0.018843
0.609088 -0.015088
0.517478 -0.011946
0.420074 -0.009357
0.326174 -0.007255
0.241387 -0.005571
0.168310 -0.004239
0.107464 -0.003197
0.058171 -0.002391
0.019196 -0.001774
-0.010463 -0.001306
-0.026536 -0.000913
-0.017242 -0.000622
0.028058 -0.000409
0.111432 -0.000253
0.225422 -0.000139
0.352001 -0.000058
0.464890 0.000000
0.541331 0.000000
0.570826 0.000000
0.555668 0.000000
0.506404 0.000000
0.436407 0.000000
0.357927 0.000000
0.280142 0.000000
0.208793 0.000000
0.146721 0.000000
0.094726 0.000000
0.052401 0.000000
0.018763 0.000000
-0.007338 0.000000
-0.027008 0.000000
-0.041225 0.000378
-0.050838 0.006719
-0.056591 0.031986
-0.059155 0.087849
-0.059146 0.177292
-0.057138 0.294062
-0.053618 0.426474
-0.049116 0.561900
-0.044040 0.689503
-0.038735 0.796733
-0.033472 0.867140
-0.028455 0.888299
-0.023865 0.858270
-0.019732 0.785316
-0.016099 0.683481
-0.012971 0.567727
-0.010328 0.450633
-0.008133 0.341005
-0.006336 0.243900
-0.004888 0.161401
-0.003734 0.093589
-0.002827 0.039408
-0.002122 -0.002697
-0.001580 -0.034019
-0.001167 -0.050558
-0.000855 -0.040783
-0.000622 0.005711
-0.000409 0.090398
-0.000253 0.200425
-0.000139 0.310230
-0.000058 0.394695
0.000000 0.439652
0.000000 0.443774
0.000000 0.414741
0.000000 0.364022
0.000000 0.302817
0.000000 0.239886
0.000000 0.180948
0.000000 0.129028
0.000000 0.085189
0.000000 0.049293
0.000000 0.020600
0.000000 -0.001450
0.000000 -0.012189
0.000000 0.000530
0.000000 0.047685
0.000000 0.131662
0.000000 0.245674
0.000000 0.377167
0.000000 0.507505
0.000000 0.612785
0.000000 0.673980
0.000000 0.684265
0.000000 0.648845
0.000000 0.580208
0.000000 0.492806
0.000000 0.399324
0.000000 0.308936
0.000000 0.227263
0.000000 0.156885
0.000000 0.098334
0.000000 0.050957
0.000000 0.013558
0.000000 -0.015202
0.000000 -0.036597
0.000000 -0.051764
0.000378 -0.061699
0.006719 -0.067284
0.031986 -0.069316
0.087849 -0.068527
0.177292 -0.065589
0.294062 -0.061110
0.426474 -0.055587
0.561900 -0.049535
0.689881 -0.043328
0.803453 -0.037255
0.898749 -0.031570
0.969428 -0.026360
1.003576 -0.021707
0.991530 -0.017645
0.932663 -0.014169
0.835564 -0.011247
0.714039 -0.008831
0.582558 -0.006862
0.453146 -0.005280
0.334096 -0.004025
0.230025 -0.003041
0.142639 -0.002278
0.071696 -0.001693
0.015851 -0.001248
-0.026719 -0.000913
-0.057560 -0.000622
-0.072906 -0.000409
-0.061438 -0.000253
-0.012945 -0.000139
0.073894 -0.000058
0.186093 0.000000
0.297995 0.000000
0.384413 0.000000
0.431137 0.000000
0.436818 0.000000
0.409132 0.000000
0.359553 0.000000
0.299296 0.000000
0.237142 0.000000
0.178831 0.000000
0.127410 0.000000
0.083965 0.000000
0.048374 0.000000
0.019916 0.000000
-0.001955 0.000000
-0.012559 0.000000
0.000261 0.000000
0.047490 0.000000
0.131145 0.000000
0.238897 0.000000
0.345558 0.000000
0.426376 0.000000
0.467479 0.000000
0.467766 0.000000
0.435083 0.000000
0.381007 0.000000
0.316802 0.000000
0.251253 0.000000
0.190078 0.000000
0.136241 0.000000
0.090827 0.000000
0.053654 0.000000
0.023941 0.000000
0.000709 0.000378
-0.017001 0.006719
-0.030033 0.031986
-0.039110 0.087849
-0.044856 0.177292
-0.047824 0.294062
-0.048521 0.426474
-0.047423 0.561522
-0.044970 0.683161
-0.041567 0.771467
-0.037569 0.811278
-0.033240 0.798855
-0.028880 0.741500
-0.024673 0.652904
-0.020750 0.548055
-0.017238 0.439746
-0.014124 0.337061
-0.011425 0.245331
-0.009131 0.166879
-0.007214 0.101987
-0.005638 0.049773
-0.004362 0.008832
-0.002964 -0.022369
0.004183 -0.045284
0.030078 -0.061222
0.086425 -0.071338
0.175861 -0.076660
0.286569 -0.078118
0.393924 -0.076553
0.473643 -0.072729
0.512336 -0.067328
0.509251 -0.060943
0.472594 -0.054070
0.414248 -0.047111
0.345682 -0.040370
0.275925 -0.034065
0.210829 -0.028335
0.153479 -0.023253
0.104951 -0.018843
0.065079 -0.015088
0.033072 -0.011946
0.008300 -0.009357
-0.004643 -0.007255
0.006315 -0.005571
0.052080 -0.004239
0.134973 -0.003197
0.248147 -0.002391
0.379377 -0.001774
0.515531 -0.001306
0.645684 -0.000913
0.762450 -0.000622
0.861588 -0.000409
0.936440 -0.000253
0.974836 -0.000139
0.966915 -0.000058
0.911912 0.000000
0.818327 0.000000
0.699915 0.000000
0.571132 0.000000
0.444015 0.000000
0.326883 0.000000
0.224387 0.000000
0.138277 0.000000
0.068354 0.000000
0.013315 0.000000
-0.028627 0.000000
-0.058984 0.000000
-0.073959 0.000000
-0.062212 0.000000
-0.013509 0.000000
0.073863 0.000000
0.192560 0.000000
0.329841 0.000000
0.472203 0.000000
0.608429 0.000000
0.730880 0.000000
0.835228 0.000000
0.914733 0.000000
0.957191 0.000000
0.952746 0.000000
0.900665 0.000000
0.809496 0.000000
0.693053 0.000000
0.565852 0.000000
0.439990 0.000000
0.323841 0.000000
0.222109 0.000000
0.136585 0.000000
0.067106 0.000000
0.012402 0.000000
-0.029250 0.000000
-0.059770 0.000378
-0.080931 0.006719
-0.094338 0.031986
-0.101416 0.087849
-0.103429 0.177292
-0.101503 0.294062
-0.096633 0.426474
-0.089697 0.561900
-0.081451 0.689881
-0.072572 0.803075
-0.063520 0.892407
-0.054695 0.944162
-0.046386 0.947714
-0.038784 0.902086
-0.031998 0.815893
-0.026069 0.703152
-0.020987 0.578614
-0.016706 0.454577
-0.013156 0.339574
-0.010255 0.238423
-0.007916 0.153003
-0.006054 0.083224
-0.004589 0.027880
-0.003450 -0.014725
-0.002153 -0.046391
0.004887 -0.068825
0.030680 -0.083569
0.086935 -0.091993
0.176670 -0.095316
0.293654 -0.094623
0.426222 -0.090885
0.561760 -0.084965
0.689445 -0.077610
0.796733 -0.069458
0.867140 -0.061026
0.888299 -0.052720
0.858270 -0.044839
0.785316 -0.037586
0.683481 -0.031079
0.567727 -0.025370
0.450633 -0.020461
0.341005 -0.016313
0.243900 -0.012865
0.161401 -0.010041
0.093589 -0.007760
0.039408 -0.005941
-0.002697 -0.004508
-0.034397 -0.003014
-0.057278 0.004189
-0.072769 0.030154
-0.082138 0.086542
-0.086516 0.176379
-0.086918 0.293440
-0.084258 0.426066
-0.079357 0.561647
-0.072936 0.689363
-0.065617 0.796675
-0.057911 0.867140
-0.050225 0.888299
-0.042865 0.858270
-0.036040 0.785316
-0.029881 0.683481
-0.024451 0.567727
-0.019762 0.450633
-0.015787 0.341005
-0.012472 0.243900
-0.009750 0.161401
-0.007546 0.093589
-0.005785 0.039408
-0.004395 -0.002697
-0.003310 -0.034019
-0.002472 -0.050558
-0.001832 -0.040783
-0.001306 0.005711
-0.000913 0.090776
-0.000622 0.207145
-0.000409 0.341838
-0.000253 0.475824
-0.000139 0.584958
-0.000058 0.649988
0.000000 0.663923
0.000000 0.631860
0.000000 0.566224
0.000000 0.481438
0.000000 0.390193
0.000000 0.301722
0.000000 0.221625
0.000000 0.152523
0.000000 0.094992
0.000000 0.048421
0.000000 0.011650
0.000000 -0.016625
0.000000 -0.037651
0.000000 -0.052160
0.000000 -0.055544
0.000000 -0.035706
0.000000 0.018280
0.000000 0.108626
0.000000 0.228038
0.000000 0.358645
0.000000 0.474327
0.000000 0.552497
0.000000 0.582833
0.000000 0.567809
0.000000 0.518103
0.000000 0.447302
0.000000 0.367790
0.000000 0.288857
0.000000 0.216331
0.000000 0.153119
0.000000 0.100064
0.000000 0.056786
0.000000 0.022314
0.000000 -0.004123
0.000000 -0.018049
0.000000 -0.007492
0.000000 0.038359
0.000000 0.121353
0.000000 0.228967
0.000000 0.335968
0.000000 0.417418
0.000000 0.459340
0.000000 0.460544
0.000000 0.428806
0.000000 0.375652
0.000000 0.312267
0.000000 0.247470
0.000000 0.186963
0.000000 0.133747
0.000000 0.088852
0.000000 0.052108
0.000000 0.022743
0.000000 -0.000210
0.000000 -0.017699
0.000000 -0.030559
0.000000 -0.039503
0.000000 -0.045147
0.000000 -0.047660
0.000000 -0.041958
0.000000 -0.015550
0.000000 0.042797
0.000000 0.135290
0.000000 0.249774
0.000000 0.361248
0.000000 0.445172
0.000000 0.487916
0.000000 0.488640
0.000000 0.455414
0.000000 0.400123
0.000000 0.334256
0.000000 0.266795
0.000000 0.203615
0.000000 0.147841
0.000000 0.100590
0.000000 0.061738
0.000000 0.030536
0.000000 0.006014
0.000000 -0.012786
0.000000 -0.026725
0.000000 -0.036543
0.000000 -0.042506
0.000000 -0.039604
0.000000 -0.015364
0.000000 0.041340
0.000000 0.132660
0.000000 0.246340
0.000000 0.357328
0.000000 0.441064
0.000000 0.483848
0.000000 0.484776
0.000000 0.451902
0.000000 0.397010
0.000000 0.331557
0.000000 0.264500
0.000000 0.201698
0.000000 0.146265
0.000000 0.099313
0.000000 0.060718
0.000000 0.029730
0.000000 0.005764
0.000000 -0.006551
0.000000 0.004891
0.000000 0.051026
0.000000 0.134199
0.000000 0.247583
0.000000 0.378968
0.000000 0.514901
0.000000 0.638825
0.000000 0.730406
0.000000 0.774117
0.000000 0.765868
0.000000 0.712760
0.000000 0.628290
0.000000 0.527305
0.000000 0.422508
0.000000 0.322937
0.000000 0.233906
0.000000 0.157748
0.000000 0.094773
0.000000 0.044135
0.000000 0.004470
0.000000 -0.025710
0.000000 -0.047820
0.000000 -0.063130
0.000000 -0.072761
0.000000 -0.077714
0.000000 -0.078892
0.000000 -0.077117
0.000000 -0.073138
0.000000 -0.067581
0.000000 -0.061082
0.000000 -0.054128
0.000000 -0.047111
0.000000 -0.040370
0.000000 -0.034065
0.000000 -0.028335
0.000000 -0.023253
0.000000 -0.018843
0.000000 -0.015088
0.000000 -0.011946
0.000000 -0.009357
0.000000 -0.007255
0.000000 -0.005571
0.000000 -0.004239
0.000000 -0.003197
0.000000 -0.002391
0.000000 -0.001774
0.000000 -0.001306
0.000000 -0.000913
0.000000 -0.000622
0.000000 -0.000409
0.000000 -0.000253
0.000000 -0.000139
0.000000 -0.000058
0.000000 0.000000
0.000000 0.000000
0.000000 0.000000
0.000000 0.000000
0.000000 0.000000
0.000000 0.000000
0.000000 0.000000
0.000000 0.000000
0.000000 0.000000
0.000000 0.000000
0.000000 0.000000
0.000000 0.000000
0.000000 0.000000
0.000000 0.000000
0.000000 0.000000
0.000000 0.000000
0.000000 0.000000
0.000000 0.000000
0.000000 0.000000
0.000000 0.000000
0.000000 0.000000
0.000000 0.000000
0.000000 0.000000
0.000000 0.000000
0.000000 0.000000
0.000000 0.000000
0.000000 0.000000
0.000000 0.000000
0.000000 0.000000
0.000000 0.000000
0.000000 0.000000
0.000000 0.000000
0.000000 0.000000
0.000000 0.000000
0.000000 0.000000
0.000000 0.000000
0.000000 0.000000
0.000000 0.000000
0.000000 0.000000
0.000000 0.000000
0.000000 0.000000
0.000000 0.000000
0.000000 0.000000
0.000000 0.000000
0.000000 0.000000
0.000000 0.000000
0.000000 0.000000
0.000000 0.000000
0.000000 0.000000
0.000000 0.000000
0.000000 0.000000
0.000000 0.000000
0.000000 0.000000
