0.000000 0.000000
0.000000 0.000000
0.000000 0.000000
0.000000 0.000000
0.000000 0.000000
0.000000 0.000000
0.000000 0.000000
0.000000 0.000000
0.000000 0.000000
0.000000 0.000000
0.000000 0.000000
0.000000 0.000000
0.000000 0.000000
0.000000 0.000000
0.000000 0.000000
0.000000 0.000378
0.000000 0.006719
0.000000 0.031986
0.000000 0.087849
0.000000 0.176914
0.000000 0.287343
0.000000 0.394488
0.000000 0.474051
0.000000 0.512588
0.000000 0.509391
0.000000 0.472652
0.000000 0.414248
0.000000 0.345682
0.000000 0.275925
0.000000 0.210829
0.000000 0.153479
0.000000 0.104951
0.000000 0.065079
0.000000 0.033072
0.000378 0.007922
0.006719 -0.011363
0.031986 -0.025671
0.087849 -0.035769
0.177292 -0.042320
0.294062 -0.045915
0.426096 -0.047097
0.555180 -0.046369
0.657895 -0.044196
0.715604 -0.041002
0.721834 -0.037160
0.682085 -0.032988
0.609088 -0.028740
0.517478 -0.024614
0.420074 -0.020750
0.326174 -0.017238
0.241387 -0.014124
0.168310 -0.011425
0.107464 -0.009131
0.058171 -0.007214
0.019196 -0.005638
-0.010840 -0.003984
-0.033256 0.003378
-0.049228 0.029450
-0.059791 0.085940
-0.065860 0.175868
-0.068262 0.293009
-0.067753 0.425323
-0.065024 0.554616
-0.060701 0.657486
-0.055335 0.715352
-0.049396 0.721695
-0.043270 0.682027
-0.037255 0.609088
-0.031570 0.517478
-0.026360 0.420074
-0.021707 0.326174
-0.017645 0.241387
-0.014169 0.168310
-0.011247 0.107464
-0.008831 0.058171
-0.006862 0.019196
-0.005280 -0.010840
-0.004025 -0.032878
-0.003041 -0.042509
-0.002278 -0.027805
-0.001693 0.021988
-0.001248 0.109030
-0.000913 0.226309
-0.000622 0.361450
-0.000409 0.501199
-0.000253 0.634546
-0.000139 0.753679
-0.000058 0.849137
0.000000 0.906906
0.000000 0.916144
0.000000 0.875726
0.000000 0.794185
0.000000 0.685507
0.000000 0.564444
0.000000 0.443329
0.000000 0.330743
0.000000 0.231560
0.000000 0.147723
0.000000 0.079199
0.000000 0.024839
0.000000 -0.017004
0.000000 -0.048084
0.000000 -0.070073
0.000000 -0.084482
0.000000 -0.092616
0.000000 -0.095724
0.000378 -0.094875
0.006719 -0.091025
0.031986 -0.085023
0.087849 -0.077610
0.176914 -0.069458
0.287343 -0.061026
0.394488 -0.052720
0.474051 -0.044839
0.512588 -0.037586
0.509391 -0.031079
0.472652 -0.025370
0.414248 -0.020461
0.345682 -0.016313
0.275925 -0.012865
0.210829 -0.010041
0.153479 -0.007760
0.104951 -0.005941
0.065079 -0.004508
0.033072 -0.003391
0.008300 -0.002531
-0.004643 -0.001832
0.006315 -0.001306
0.052080 -0.000913
0.134973 -0.000622
0.248147 -0.000409
0.379377 -0.000253
0.515531 -0.000139
0.645684 -0.000058
0.762073 0.000000
0.855246 0.000000
0.911174 0.000000
0.918974 0.000000
0.877472 0.000000
0.795142 0.000000
0.685915 0.000000
0.564489 0.000000
0.443152 0.000000
0.330443 0.000000
0.231209 0.000000
0.147365 0.000000
0.078863 0.000000
0.024538 0.000000
-0.017262 0.000000
-0.047921 0.000000
-0.063529 0.000000
-0.052637 0.000000
-0.004919 0.000000
0.081412 0.000000
0.199031 0.000000
0.334959 0.000000
0.470076 0.000000
0.580226 0.000000
0.646147 0.000000
0.660809 0.000000
0.629365 0.000000
0.564249 0.000000
0.479892 0.000000
0.388995 0.000000
0.300803 0.000000
0.220927 0.000000
0.151997 0.000000
0.094600 0.000000
0.048130 0.000000
0.011436 0.000000
-0.016404 0.000000
-0.031044 0.000000
-0.020633 0.000000
0.025527 0.000000
0.109222 0.000000
0.217774 0.000000
0.325821 0.000000
0.408405 0.000000
0.451479 0.000000
0.453803 0.000000
0.423117 0.000000
0.370920 0.000000
0.308427 0.000000
0.244355 0.000000
0.184469 0.000000
0.131772 0.000000
0.087306 0.000000
0.050910 0.000000
0.021824 0.000000
-0.000531 0.000000
-0.011506 0.000000
0.001035 0.000000
0.048055 0.000000
0.131554 0.000000
0.239149 0.000000
0.345698 0.000000
0.426434 0.000000
0.467479 0.000000
0.467766 0.000000
0.435083 0.000000
0.381007 0.000000
0.316802 0.000000
0.251253 0.000000
0.190078 0.000000
0.136241 0.000000
0.090827 0.000000
0.053654 0.000000
0.023941 0.000000
0.000709 0.000378
-0.017001 0.006719
-0.030033 0.031986
-0.039110 0.087849
-0.044856 0.176914
-0.047824 0.287343
-0.048521 0.394488
-0.047423 0.474051
-0.044970 0.512588
-0.041567 0.509391
-0.037569 0.472652
-0.033240 0.414248
-0.028880 0.345682
-0.024673 0.275925
-0.020750 0.210829
-0.017238 0.153479
-0.014124 0.104951
-0.011425 0.065079
-0.009131 0.033072
-0.007214 0.007922
-0.005638 -0.011363
-0.004362 -0.025671
-0.003341 -0.035769
-0.002158 -0.042320
0.004811 -0.045915
0.030562 -0.047097
0.086795 -0.046369
0.176141 -0.044196
0.286778 -0.041002
0.394080 -0.037160
0.473799 -0.032988
0.512449 -0.028740
0.509332 -0.024614
0.472652 -0.020750
0.414248 -0.017238
0.345682 -0.014124
0.275925 -0.011425
0.210829 -0.009131
0.153479 -0.007214
0.104951 -0.005638
0.065079 -0.004362
0.033072 -0.003341
0.007922 -0.002536
-0.010985 -0.001908
-0.018952 -0.001424
-0.003783 -0.001054
0.045529 -0.000774
0.131377 -0.000564
0.246587 -0.000409
0.373386 -0.000253
0.485718 -0.000139
0.561030 -0.000058
0.589000 0.000000
0.572076 0.000000
0.520933 0.000000
0.449048 0.000000
0.368747 0.000000
0.289264 0.000000
0.216376 0.000000
0.152941 0.000000
0.099765 0.000000
0.056435 0.000000
0.021956 0.000000
-0.004459 0.000000
-0.018349 0.000000
-0.007750 0.000000
0.038143 0.000000
0.121555 0.000000
0.235546 0.000000
0.367802 0.000000
0.504733 0.000000
0.629757 0.000000
0.722507 0.000000
0.767350 0.000000
0.760202 0.000000
0.708086 0.000000
0.624449 0.000000
0.524190 0.000000
0.420014 0.000000
0.320962 0.000000
0.232360 0.000000
0.156550 0.000000
0.093854 0.000000
0.043436 0.000000
0.003944 0.000000
-0.026103 0.000378
-0.048111 0.006719
-0.063344 0.031986
-0.072917 0.087849
-0.077827 0.176914
-0.078973 0.287343
-0.077175 0.394488
-0.073138 0.474051
-0.067581 0.512588
-0.061082 0.509391
-0.054128 0.472652
-0.047111 0.414248
-0.040370 0.345682
-0.034065 0.275925
-0.028335 0.210829
-0.023253 0.153479
-0.018843 0.104951
-0.015088 0.065079
-0.011946 0.033072
-0.008979 0.007922
-0.000536 -0.011363
0.026415 -0.025671
0.083610 -0.035769
0.173717 -0.042320
0.284952 -0.045915
0.392714 -0.047097
0.472745 -0.046369
0.511675 -0.044196
0.508768 -0.041002
0.472244 -0.037160
0.413995 -0.032988
0.345542 -0.028740
0.275867 -0.024614
0.210829 -0.020750
0.153479 -0.017238
0.104951 -0.014124
0.065079 -0.011425
0.033072 -0.009131
0.008300 -0.007214
-0.004643 -0.005638
0.006315 -0.004362
0.052080 -0.003341
0.134973 -0.002536
0.248147 -0.001908
0.379377 -0.001424
0.515531 -0.001054
0.645307 -0.000774
0.755731 -0.000564
0.829980 -0.000409
0.855311 -0.000253
0.829530 -0.000139
0.760701 -0.000058
0.662730 0.000000
0.550489 0.000000
0.436509 0.000000
0.329580 0.000000
0.234770 0.000000
0.154188 0.000000
0.087951 0.000000
0.035047 0.000000
-0.006038 0.000000
-0.036933 0.000378
-0.059186 0.006719
-0.074192 0.031986
-0.083192 0.087849
-0.087290 0.177292
-0.087482 0.294062
-0.084666 0.426474
-0.079609 0.561900
-0.073076 0.689503
-0.065675 0.796733
-0.057911 0.867140
-0.050225 0.888299
-0.042865 0.858270
-0.036040 0.785316
-0.029881 0.683481
-0.024451 0.567727
-0.019762 0.450633
-0.015787 0.341005
-0.012472 0.243900
-0.009750 0.161401
-0.007546 0.093589
-0.005785 0.039408
-0.004395 -0.002697
-0.002932 -0.034397
0.004247 -0.057278
0.030154 -0.072769
0.086542 -0.082138
0.176379 -0.086516
0.293440 -0.086918
0.425688 -0.084258
0.554928 -0.079357
0.657755 -0.072936
0.715546 -0.065617
0.721834 -0.057911
0.682085 -0.050225
0.609088 -0.042865
0.517478 -0.036040
0.420074 -0.029881
0.326174 -0.024451
0.241387 -0.019762
0.168310 -0.015787
0.107464 -0.012472
0.058171 -0.009750
0.019196 -0.007546
-0.010840 -0.005785
-0.033256 -0.004395
-0.049228 -0.003310
-0.059791 -0.002472
-0.065482 -0.001832
-0.061543 -0.001306
-0.035767 -0.000913
0.022824 -0.000622
0.116213 -0.000409
0.232008 -0.000253
0.345092 -0.000139
0.430782 -0.000058
0.475333 0.000000
0.477820 0.000000
0.446292 0.000000
0.392540 0.000000
0.328036 0.000000
0.261756 0.000000
0.199581 0.000000
0.144648 0.000000
0.098089 0.000000
0.059799 0.000000
0.029047 0.000000
0.004881 0.000378
-0.013641 0.006719
-0.027364 0.031986
-0.037017 0.087849
-0.043233 0.177292
-0.046538 0.294062
-0.047506 0.426474
-0.046622 0.561900
-0.044336 0.689881
-0.041060 0.803453
-0.037160 0.898749
-0.032988 0.969428
-0.028740 1.003576
-0.024614 0.991530
-0.020750 0.932663
-0.017238 0.835564
-0.014124 0.714039
-0.011425 0.582558
-0.009131 0.453146
-0.007214 0.334096
-0.005638 0.230025
-0.004362 0.142639
-0.003341 0.071696
-0.002536 0.015851
-0.001908 -0.026719
-0.001424 -0.057938
-0.001054 -0.079625
-0.000774 -0.093424
-0.000564 -0.100793
-0.000409 -0.103021
0.000125 -0.101250
0.006580 -0.096493
0.031928 -0.089639
0.087849 -0.081451
0.177292 -0.072572
0.294062 -0.063520
0.426474 -0.054695
0.561522 -0.046386
0.683161 -0.038784
0.771467 -0.031998
0.811278 -0.026069
0.798855 -0.020987
0.741500 -0.016706
0.652904 -0.013156
0.548055 -0.010255
0.439746 -0.007916
0.337061 -0.006054
0.245331 -0.004589
0.166879 -0.003450
0.101987 -0.002531
0.049773 -0.001832
0.008832 -0.001306
-0.022369 -0.000536
-0.045284 0.006097
-0.061222 0.031578
-0.071338 0.087596
-0.076660 0.177153
-0.078118 0.294004
-0.076553 0.426474
-0.072729 0.561900
-0.067328 0.689881
-0.060943 0.803075
-0.054070 0.892407
-0.047111 0.944162
-0.040370 0.947714
-0.034065 0.902086
-0.028335 0.815893
-0.023253 0.703152
-0.018843 0.578614
-0.015088 0.454577
-0.011946 0.339574
-0.009357 0.238423
-0.007255 0.153003
-0.005571 0.083224
-0.004239 0.027880
-0.003197 -0.014725
-0.002013 -0.046391
0.004945 -0.068825
0.030680 -0.083569
0.086935 -0.091993
0.176292 -0.095316
0.286934 -0.094623
0.394236 -0.090885
0.473912 -0.084965
0.512530 -0.077610
0.509391 -0.069458
0.472652 -0.061026
0.414248 -0.052720
0.345682 -0.044839
0.275925 -0.037586
0.210829 -0.031079
0.153479 -0.025370
0.104951 -0.020461
0.065079 -0.016313
0.033072 -0.012865
0.008300 -0.010041
-0.004643 -0.007760
0.006315 -0.005941
0.052080 -0.004508
0.134595 -0.003391
0.241427 -0.002531
0.347391 -0.001832
0.427682 -0.001306
0.468392 -0.000913
0.468388 -0.000622
0.435492 -0.000409
0.381260 -0.000253
0.316941 -0.000139
0.251311 -0.000058
0.190078 0.000000
0.136241 0.000000
0.090827 0.000000
0.053654 0.000000
0.023941 0.000000
0.000709 0.000378
-0.017001 0.006719
-0.030033 0.031986
-0.039110 0.087849
-0.044856 0.176914
-0.047824 0.287343
-0.048521 0.394488
-0.047423 0.474051
-0.044970 0.512588
-0.041567 0.509391
-0.037569 0.472652
-0.033240 0.414248
-0.028880 0.345682
-0.024673 0.275925
-0.020750 0.210829
-0.017238 0.153479
-0.014124 0.104951
-0.011425 0.065079
-0.009131 0.033072
-0.007214 0.007922
-0.005638 -0.011363
-0.004362 -0.025671
-0.003341 -0.035769
-0.002536 -0.042320
-0.001530 -0.045915
0.005296 -0.047097
0.030932 -0.046369
0.087075 -0.044196
0.176350 -0.041002
0.286934 -0.037160
0.394236 -0.032988
0.473912 -0.028740
0.512530 -0.024614
0.509391 -0.020750
0.472652 -0.017238
0.414248 -0.014124
0.345682 -0.011425
0.275925 -0.009131
0.210829 -0.007214
0.153479 -0.005638
0.104951 -0.004362
0.065079 -0.003341
0.033072 -0.002536
0.007922 -0.001908
-0.011363 -0.001424
-0.025671 -0.001054
-0.035769 -0.000396
-0.042320 0.006155
-0.045915 0.031578
-0.047097 0.087596
-0.046369 0.177153
-0.044196 0.294004
-0.041002 0.426474
-0.037160 0.561900
-0.032988 0.689503
-0.028740 0.796733
-0.024614 0.867140
-0.020750 0.888299
-0.017238 0.858270
-0.014124 0.785316
-0.011425 0.683481
-0.009131 0.567727
-0.007214 0.450633
-0.005638 0.341005
-0.004362 0.243900
-0.003341 0.161401
-0.002536 0.093589
-0.001908 0.039408
-0.001424 -0.002697
-0.000676 -0.034397
0.005946 -0.057278
0.031422 -0.072769
0.087440 -0.082138
0.177040 -0.086516
0.293923 -0.086918
0.426416 -0.084258
0.561900 -0.079357
0.689503 -0.072936
0.796733 -0.065617
0.867140 -0.057911
0.888299 -0.050225
0.858270 -0.042865
0.785316 -0.036040
0.683481 -0.029881
0.567727 -0.024451
0.450633 -0.019762
0.341005 -0.015787
0.243900 -0.012472
0.161401 -0.009750
0.093589 -0.007546
0.039408 -0.005785
-0.002697 -0.004395
-0.034397 -0.002932
-0.057278 0.004247
-0.072769 0.030154
-0.082138 0.086542
-0.086516 0.176001
-0.086918 0.286720
-0.084258 0.394080
-0.079357 0.473799
-0.072936 0.512449
-0.065617 0.509332
-0.057911 0.472652
-0.050225 0.414248
-0.042865 0.345682
-0.036040 0.275925
-0.029881 0.210829
-0.024451 0.153479
-0.019762 0.104951
-0.015787 0.065079
-0.012472 0.033072
-0.009750 0.008300
-0.007546 -0.004643
-0.005785 0.006315
-0.004395 0.052080
-0.003310 0.134973
-0.002472 0.248147
-0.001832 0.379377
-0.001306 0.515153
-0.000913 0.638965
-0.000622 0.730464
-0.000409 0.774117
-0.000253 0.765868
-0.000139 0.712760
-0.000058 0.628290
0.000000 0.527305
0.000000 0.422508
0.000000 0.322937
0.000000 0.233906
0.000000 0.157748
0.000000 0.094773
0.000000 0.044135
0.000000 0.004470
0.000000 -0.025332
0.000000 -0.041101
0.000000 -0.031144
0.000000 0.015087
0.000000 0.099200
0.000000 0.208451
0.000000 0.317371
0.000000 0.400914
0.000000 0.445007
0.000000 0.448308
0.000000 0.418524
0.000000 0.367137
0.000000 0.305312
0.000000 0.241861
0.000000 0.182494
0.000000 0.130226
0.000000 0.086108
0.000000 0.049991
0.000000 0.021126
0.000000 -0.001057
0.000000 -0.011898
0.000000 0.000744
0.000000 0.047841
0.000000 0.131775
0.000000 0.245378
0.000000 0.370883
0.000000 0.482239
0.000000 0.556922
0.000000 0.584536
0.000000 0.567495
0.000000 0.516433
0.000000 0.444783
0.000000 0.364825
0.000000 0.285752
0.000000 0.213263
0.000000 0.150242
0.000000 0.097470
0.000000 0.054518
0.000000 0.020380
0.000000 -0.005736
0.000000 -0.019369
0.000000 -0.008555
0.000000 0.037515
0.000000 0.120693
0.000000 0.228457
0.000000 0.335537
0.000000 0.417053
0.000000 0.459028
0.000000 0.460275
0.000000 0.428612
0.000000 0.375512
0.000000 0.312209
0.000000 0.247470
0.000000 0.186963
0.000000 0.133747
0.000000 0.088852
0.000000 0.052108
0.000000 0.022743
0.000000 -0.000210
0.000000 -0.017699
0.000000 -0.030181
0.000000 -0.032783
0.000000 -0.013161
0.000000 0.039811
0.000000 0.128615
0.000000 0.246526
0.000000 0.381045
0.000000 0.513556
0.000000 0.620326
0.000000 0.682364
0.000000 0.692954
0.000000 0.657413
0.000000 0.588338
0.000000 0.500241
0.000000 0.405950
0.000000 0.314749
0.000000 0.232257
0.000000 0.161096
0.000000 0.101826
0.000000 0.053809
0.000000 0.015855
0.000000 -0.013376
0.000000 -0.034786
0.000000 -0.043932
0.000000 -0.028858
0.000000 0.021214
0.000000 0.108088
0.000000 0.219181
0.000000 0.329211
0.000000 0.413211
0.000000 0.457196
0.000000 0.459995
0.000000 0.429382
0.000000 0.376993
0.000000 0.314112
0.000000 0.249566
0.000000 0.189121
0.000000 0.135834
0.000000 0.090782
0.000000 0.053832
0.000000 0.024241
0.000000 0.001438
0.000000 -0.009923
0.000000 0.002290
0.000000 0.049039
0.000000 0.132694
0.000000 0.246454
0.000000 0.378129
0.000000 0.514617
0.000000 0.645062
0.000000 0.762042
0.000000 0.861336
0.000000 0.936301
0.000000 0.974778
0.000000 0.966915
0.000000 0.911912
0.000000 0.818327
0.000000 0.699915
0.000000 0.571132
0.000000 0.444015
0.000000 0.326883
0.000000 0.224387
0.000000 0.138277
0.000000 0.068354
0.000000 0.013315
0.000000 -0.028627
0.000000 -0.059361
0.000000 -0.080679
0.000000 -0.094198
0.000000 -0.101357
0.000000 -0.103429
0.000000 -0.101503
0.000000 -0.096633
0.000000 -0.089697
0.000000 -0.081451
0.000000 -0.072572
0.000000 -0.063520
0.000000 -0.054695
0.000000 -0.046386
0.000000 -0.038784
0.000000 -0.031998
0.000000 -0.026069
0.000000 -0.020987
0.000000 -0.016706
0.000000 -0.013156
0.000000 -0.010255
0.000000 -0.007916
0.000000 -0.006054
0.000000 -0.004589
0.000000 -0.003450
0.000000 -0.002531
0.000000 -0.001832
0.000000 -0.001306
0.000000 -0.000913
0.000000 -0.000622
0.000000 -0.000409
0.000000 -0.000253
0.000000 -0.000139
0.000000 -0.000058
0.000000 0.000000
0.000000 0.000000
0.000000 0.000000
0.000000 0.000000
0.000000 0.000000
0.000000 0.000000
0.000000 0.000000
0.000000 0.000000
0.000000 0.000000
0.000000 0.000000
0.000000 0.000000
0.000000 0.000000
0.000000 0.000000
0.000000 0.000000
0.000000 0.000000
0.000000 0.000000
0.000000 0.000000
0.000000 0.000000
0.000000 0.000000
0.000000 0.000000
0.000000 0.000000
0.000000 0.000000
0.000000 0.000000
0.000000 0.000000
0.000000 0.000000
0.000000 0.000000
0.000000 0.000000
0.000000 0.000000
0.000000 0.000000
0.000000 0.000000
0.000000 0.000000
0.000000 0.000000
0.000000 0.000000
0.000000 0.000000
0.000000 0.000000
0.000000 0.000000
0.000000 0.000000
0.000000 0.000000
0.000000 0.000000
0.000000 0.000000
0.000000 0.000000
0.000000 0.000000
0.000000 0.000000
0.000000 0.000000
0.000000 0.000000
0.000000 0.000000
0.000000 0.000000
0.000000 0.000000
0.000000 0.000000
0.000000 0.000000
0.000000 0.000000
0.000000 0.000000
0.000000 0.000000
0.000000 0.000000
0.000000 0.000000
0.000000 0.000000
0.000000 0.000000
0.000000 0.000000
0.000000 0.000000
0.000000 0.000000
0.000000 0.000000
0.000000 0.000000
0.000000 0.000000
0.000000 0.000000
0.000000 0.000000
0.000000 0.000000
0.000000 0.000000
0.000000 0.000000
0.000000 0.000000
0.000000 0.000000
0.000000 0.000000
0.000000 0.000000
0.000000 0.000000
