0.000000 0.000000
0.000000 0.000000
0.000000 0.000000
0.000000 0.000000
0.000000 0.000000
0.000000 0.000000
0.000000 0.000000
0.000000 0.018566
0.000000 0.165070
0.000000 0.439405
0.000000 0.705793
0.000000 0.772904
0.000000 0.626693
0.000000 0.403137
0.000000 0.207232
0.000000 0.070975
0.000000 -0.011858
0.000000 -0.055611
0.018566 -0.072479
0.165070 -0.071953
0.420840 -0.061718
0.559289 -0.047733
0.498568 -0.033989
0.341739 -0.022572
0.189522 -0.014110
0.079108 -0.008362
0.009577 -0.004725
-0.029568 -0.002559
-0.047478 -0.001333
-0.032478 -0.000578
0.119159 -0.000192
0.402688 0.000000
0.697535 0.000000
0.919792 0.000000
1.035975 0.000000
0.955481 0.000000
0.701830 0.000000
0.410543 0.000000
0.176522 0.000000
0.022918 0.000000
-0.063094 0.000000
-0.082956 0.000000
0.055873 0.000000
0.340628 0.000000
0.644459 0.000000
0.860118 0.000000
0.860094 0.000000
0.661547 0.000000
0.404566 0.000000
0.189596 0.000000
0.044236 0.000000
-0.040651 0.000000
-0.063379 0.000000
0.071102 0.000000
0.351452 0.000000
0.651624 0.000000
0.883075 0.000000
1.009152 0.000000
0.937300 0.000000
0.690273 0.000000
0.403598 0.000000
0.172552 0.000000
0.020746 0.000000
-0.064235 0.000000
-0.083535 0.000000
0.055681 0.000000
0.322062 0.000000
0.479389 0.000000
0.439279 0.000000
0.300806 0.000000
0.162979 0.000000
0.062826 0.000000
0.000074 0.000000
-0.034872 0.000000
-0.050228 0.000000
-0.052377 0.018566
-0.046489 0.165070
-0.036909 0.420840
-0.026824 0.559289
-0.018181 0.498568
-0.011557 0.341739
-0.006945 0.189522
-0.003971 0.079108
-0.002172 0.009577
-0.001141 -0.011003
-0.000578 0.117591
-0.000192 0.369796
0.000000 0.513378
0.000000 0.461851
0.000000 0.314916
0.000000 0.171341
0.000000 0.067551
0.000000 0.002632
0.000000 -0.033539
0.000000 -0.049650
0.018566 -0.052185
0.165070 -0.046489
0.420840 -0.036909
0.559289 -0.026824
0.498568 -0.018181
0.341739 -0.011557
0.189522 -0.006945
0.079108 -0.003971
0.009577 -0.002172
-0.029568 -0.001141
-0.047478 -0.000578
-0.032478 -0.000192
0.119159 0.000000
0.384122 0.000000
0.532465 0.000000
0.480387 0.000000
0.330183 0.000000
0.182578 0.000000
0.075137 0.000000
0.007405 0.000000
-0.012144 0.000000
0.117013 0.000000
0.369604 0.000000
0.513378 0.000000
0.461851 0.000000
0.314916 0.000000
0.171341 0.000000
0.067551 0.000000
0.002632 0.000000
-0.033539 0.018566
-0.049650 0.165070
-0.052185 0.420840
-0.046489 0.559289
-0.036909 0.498568
-0.026824 0.341739
-0.018181 0.189522
-0.011557 0.079108
-0.006945 0.009577
0.014595 -0.029568
0.162898 -0.047478
0.419698 -0.051044
0.558710 -0.045910
0.498377 -0.036718
0.341739 -0.026824
0.189522 -0.018181
0.079108 -0.011557
0.009577 -0.006945
-0.011003 -0.003971
0.117591 -0.002172
0.388361 -0.001141
0.659882 -0.000578
0.736186 -0.000192
0.599869 0.000000
0.384956 0.000000
0.195676 0.000000
0.064030 0.000000
-0.015829 0.000000
-0.039217 0.000000
0.091449 0.000000
0.366873 0.000000
0.662448 0.000000
0.890240 0.000000
1.013543 0.000000
0.939854 0.000000
0.691690 0.000000
0.404352 0.000000
0.172939 0.000000
0.020938 0.000000
-0.064235 0.000000
-0.102100 0.000000
-0.109388 0.000000
-0.098777 0.018566
-0.079900 0.165070
-0.059290 0.439405
-0.040934 0.724358
-0.026543 0.937974
-0.016282 1.047532
-0.009503 0.962426
-0.005304 0.705800
-0.002750 0.412714
-0.001333 0.177664
-0.000578 0.023497
-0.000192 -0.062902
0.000000 -0.082956
0.000000 0.055873
0.000000 0.340628
0.000000 0.644459
0.000000 0.878684
0.000000 1.006598
0.000000 0.935883
0.000000 0.689519
0.000000 0.403211
0.000000 0.172360
0.000000 0.020746
0.000000 -0.064235
0.000000 -0.102100
0.018566 -0.109388
0.165070 -0.098777
0.439405 -0.079900
0.705793 -0.059290
0.772904 -0.040934
0.626693 -0.026543
0.403137 -0.016282
0.207232 -0.009503
0.070975 -0.005304
-0.011858 -0.002750
-0.037046 -0.001333
0.092591 -0.000578
0.348886 -0.000192
0.497570 0.000000
0.450835 0.000000
0.307750 0.000000
0.166950 0.000000
0.064998 0.000000
0.001215 0.000000
-0.034294 0.018566
-0.050037 0.165070
-0.052377 0.439405
-0.046489 0.705793
-0.036909 0.772904
-0.026824 0.626693
-0.018181 0.403137
-0.011557 0.207232
-0.006945 0.070975
-0.003971 -0.011858
0.016394 -0.055611
0.163928 -0.072479
0.420261 -0.071953
0.559097 -0.061718
0.498568 -0.047733
0.341739 -0.033989
0.189522 -0.022572
0.079108 -0.014110
0.009577 -0.008362
-0.011003 -0.004725
0.117591 -0.002559
0.369796 -0.001333
0.513378 -0.000578
0.461851 -0.000192
0.314916 0.000000
0.171341 0.000000
0.067551 0.000000
0.002632 0.000000
-0.033539 0.018566
-0.049650 0.165070
-0.052185 0.439405
-0.046489 0.705793
-0.036909 0.772904
-0.026824 0.626693
-0.018181 0.403137
-0.011557 0.207232
-0.006945 0.070975
-0.003971 -0.011858
-0.002172 -0.037046
-0.001141 0.092591
-0.000578 0.367452
-0.000192 0.644074
0.000000 0.725171
0.000000 0.592703
0.000000 0.380565
0.000000 0.193122
0.000000 0.062613
0.000000 -0.016584
0.000000 -0.039604
0.000000 0.091258
0.000000 0.366873
0.000000 0.662448
0.000000 0.890240
0.000000 1.013543
0.000000 0.939854
0.000000 0.691690
0.000000 0.404352
0.000000 0.172939
0.000000 0.020938
0.000000 -0.064235
0.000000 -0.083535
0.000000 0.055681
0.000000 0.340628
0.000000 0.644459
0.000000 0.860118
0.000000 0.860094
0.000000 0.661547
0.000000 0.404566
0.000000 0.189596
0.000000 0.044236
0.000000 -0.040651
0.000000 -0.063379
0.000000 0.071102
0.000000 0.351452
0.000000 0.633058
0.000000 0.718005
0.000000 0.588312
0.000000 0.378012
0.000000 0.191705
0.000000 0.061859
0.000000 -0.016970
0.000000 -0.058362
0.000000 -0.055246
0.000000 0.092538
0.000000 0.358929
0.000000 0.511555
0.000000 0.464579
0.000000 0.319167
0.000000 0.175412
0.000000 0.070746
0.000000 0.004852
0.000000 -0.013561
0.000000 0.116258
0.000000 0.387783
0.000000 0.678256
0.000000 0.882690
0.000000 0.874204
0.000000 0.669909
0.000000 0.409291
0.000000 0.192154
0.000000 0.045569
0.000000 -0.040073
0.000000 -0.063188
0.000000 0.071102
0.000000 0.351452
0.000000 0.633058
0.000000 0.718005
0.000000 0.588312
0.000000 0.378012
0.000000 0.191705
0.000000 0.061859
0.000000 -0.016970
0.000000 -0.058362
0.000000 -0.073812
0.000000 -0.072532
0.000000 -0.061910
0.000000 -0.047733
0.000000 -0.033989
0.000000 -0.022572
0.000000 -0.014110
0.000000 -0.008362
0.000000 -0.004725
0.000000 -0.002559
0.000000 -0.001333
0.000000 -0.000578
0.000000 -0.000192
0.000000 0.000000
0.000000 0.000000
0.000000 0.000000
0.000000 0.000000
0.000000 0.000000
0.000000 0.000000
0.000000 0.000000
0.000000 0.000000
0.000000 0.000000
0.000000 0.000000
0.000000 0.000000
0.000000 0.000000
0.000000 0.000000
0.000000 0.000000
0.000000 0.000000
0.000000 0.000000
0.000000 0.000000
0.000000 0.000000
0.000000 0.000000
0.000000 0.000000
0.000000 0.000000
0.000000 0.000000
0.000000 0.000000
0.000000 0.000000
0.000000 0.000000
0.000000 0.000000
0.000000 0.000000
0.000000 0.000000
0.000000 0.000000
0.000000 0.000000
0.000000 0.000000
0.000000 0.000000
0.000000 0.000000
0.000000 0.000000
0.000000 0.000000
0.000000 0.000000
0.000000 0.000000
0.000000 0.000000
0.000000 0.000000
0.000000 0.000000
0.000000 0.000000
0.000000 0.000000
0.000000 0.000000
0.000000 0.000000
0.000000 0.000000
0.000000 0.000000
0.000000 0.000000
0.000000 0.000000
0.000000 0.000000
0.000000 0.000000
0.000000 0.000000
0.000000 0.000000
0.000000 0.000000
0.000000 0.000000
0.000000 0.000000
0.000000 0.000000
0.000000 0.000000
0.000000 0.000000
0.000000 0.000000
0.000000 0.000000
0.000000 0.000000
0.000000 0.000000
0.000000 0.000000
0.000000 0.000000
0.000000 0.000000
0.000000 0.000000
0.000000 0.000000
0.000000 0.000000
