0.000000 0.000000
0.000000 0.000000
0.000000 0.000000
0.000000 0.000000
0.000000 0.000000
0.000000 0.000000
0.000000 0.000000
0.018566 0.000000
0.165070 0.000000
0.420840 0.000000
0.559289 0.000000
0.498568 0.000000
0.341739 0.000000
0.189522 0.000000
0.079108 0.000000
0.009577 0.000000
-0.011003 0.000000
0.117591 0.000000
0.388361 0.000000
0.678448 0.000000
0.882690 0.000000
0.874204 0.000000
0.669909 0.000000
0.409291 0.000000
0.192154 0.000000
0.045569 0.000000
-0.040073 0.000000
-0.081753 0.000000
-0.075401 0.000000
0.077117 0.000000
0.366671 0.000000
0.650894 0.000000
0.734524 0.000000
0.601567 0.000000
0.387610 0.000000
0.198116 0.000000
0.065863 0.000000
-0.014609 0.000000
-0.056944 0.018566
-0.073058 0.165070
-0.072145 0.439405
-0.061718 0.705793
-0.047733 0.772904
-0.033989 0.626693
-0.022572 0.403137
-0.014110 0.207232
-0.008362 0.070975
-0.004725 -0.011858
-0.002559 -0.055611
-0.001333 -0.053913
-0.000578 0.093116
-0.000192 0.377687
0.000000 0.676625
0.000000 0.903984
0.000000 1.024960
0.000000 0.948316
0.000000 0.697439
0.000000 0.407989
0.000000 0.175105
0.000000 0.022164
0.000000 -0.063481
0.000000 -0.101713
0.000000 -0.090631
0.000000 0.066293
0.000000 0.340940
0.000000 0.499999
0.000000 0.457635
0.000000 0.315196
0.000000 0.173240
0.000000 0.069605
0.000000 0.004273
0.000000 -0.013753
0.000000 0.116258
0.000000 0.369217
0.000000 0.513187
0.000000 0.461851
0.000000 0.314916
0.000000 0.171341
0.000000 0.067551
0.000000 0.002632
0.018566 -0.033539
0.165070 -0.049650
0.420840 -0.052185
0.559289 -0.046489
0.498568 -0.036909
0.341739 -0.026824
0.189522 -0.018181
0.079108 -0.011557
0.009577 -0.006945
-0.029568 -0.003971
-0.028913 -0.002172
0.114026 -0.001141
0.374929 -0.000578
0.522571 -0.000192
0.471745 0.000000
0.323558 0.000000
0.177965 0.000000
0.072163 0.000000
0.005606 0.000000
-0.031740 0.018566
-0.048620 0.165070
-0.051622 0.439405
-0.046102 0.705793
-0.036718 0.772904
-0.026824 0.626693
-0.018181 0.403137
-0.011557 0.207232
-0.006945 0.070975
-0.003971 -0.011858
-0.002172 -0.055611
-0.001141 -0.072479
-0.000578 -0.053388
-0.000192 0.103351
0.000000 0.391672
0.000000 0.671803
0.000000 0.750332
0.000000 0.612583
0.000000 0.394776
0.000000 0.202507
0.000000 0.068416
0.000000 -0.013191
0.000000 -0.056190
0.018566 -0.072671
0.165070 -0.071953
0.439405 -0.061718
0.705793 -0.047733
0.772904 -0.033989
0.626693 -0.022572
0.403137 -0.014110
0.207232 -0.008362
0.070975 -0.004725
-0.011858 -0.002559
-0.055611 0.017233
-0.072479 0.164491
-0.071953 0.439214
-0.061718 0.705793
-0.047733 0.772904
-0.033989 0.626693
-0.022572 0.403137
-0.014110 0.207232
-0.008362 0.070975
-0.004725 -0.011858
0.016007 -0.055611
0.163737 -0.072479
0.420261 -0.071953
0.559097 -0.061718
0.498568 -0.047733
0.341739 -0.033989
0.189522 -0.022572
0.079108 -0.014110
0.009577 -0.008362
-0.029568 0.013841
-0.047478 0.162511
-0.051044 0.419507
-0.045910 0.558710
-0.036718 0.498377
-0.026824 0.341739
-0.018181 0.189522
-0.011557 0.079108
-0.006945 0.009577
0.014595 -0.029568
0.162898 -0.047478
0.438264 -0.051044
0.723780 -0.045910
0.937782 -0.036718
1.047532 -0.026824
0.962426 -0.018181
0.705800 -0.011557
0.412714 -0.006945
0.177664 -0.003971
0.023497 -0.002172
-0.062902 -0.001141
-0.101522 -0.000578
-0.090631 -0.000192
0.066293 0.000000
0.359506 0.000000
0.665068 0.000000
0.897040 0.000000
1.020989 0.000000
0.946144 0.000000
0.696297 0.000000
0.407411 0.000000
0.174913 0.000000
0.022164 0.000000
-0.063481 0.000000
-0.101713 0.000000
-0.090631 0.000000
0.066293 0.000000
0.359506 0.000000
0.665068 0.000000
0.878474 0.000000
0.874485 0.000000
0.671809 0.000000
0.411344 0.000000
0.193795 0.000000
0.046789 0.000000
-0.039234 0.000000
-0.062625 0.000000
0.071489 0.000000
0.351644 0.000000
0.651624 0.000000
0.864509 0.000000
0.862648 0.000000
0.662965 0.000000
0.405320 0.000000
0.189983 0.000000
0.044428 0.000000
-0.040651 0.000000
-0.081945 0.000000
-0.093967 0.018566
-0.087953 0.165070
-0.072734 0.420840
-0.054899 0.559289
-0.038380 0.498568
-0.025126 0.341739
-0.015527 0.189522
-0.009116 0.079108
-0.005112 0.009577
-0.002750 -0.011003
-0.001333 0.117591
-0.000578 0.369796
-0.000192 0.513378
0.000000 0.461851
0.000000 0.314916
0.000000 0.171341
0.000000 0.067551
0.000000 0.002632
0.018566 -0.033539
0.165070 -0.049650
0.420840 -0.052185
0.559289 -0.046489
0.498568 -0.036909
0.341739 -0.026824
0.189522 -0.018181
0.079108 -0.011557
0.009577 -0.006945
-0.029568 0.014595
-0.047478 0.162898
-0.051044 0.419698
-0.045910 0.558710
-0.036718 0.498377
-0.026824 0.341739
-0.018181 0.189522
-0.011557 0.079108
-0.006945 0.009577
-0.003971 -0.029568
0.016394 -0.047478
0.163928 -0.051044
0.438827 -0.045910
0.724167 -0.036718
0.937974 -0.026824
1.047532 -0.018181
0.962426 -0.011557
0.705800 -0.006945
0.412714 -0.003971
0.177664 -0.002172
0.023497 -0.001141
-0.062902 -0.000578
-0.082956 -0.000192
0.055873 0.000000
0.322062 0.000000
0.479389 0.000000
0.439279 0.000000
0.300806 0.000000
0.162979 0.000000
0.062826 0.000000
0.000074 0.000000
-0.034872 0.018566
-0.050228 0.165070
-0.052377 0.439405
-0.046489 0.705793
-0.036909 0.772904
-0.026824 0.626693
-0.018181 0.403137
-0.011557 0.207232
-0.006945 0.070975
-0.003971 -0.011858
-0.002172 -0.037046
-0.001141 0.092591
-0.000578 0.367452
-0.000192 0.644074
0.000000 0.725171
0.000000 0.592703
0.000000 0.380565
0.000000 0.193122
0.000000 0.062613
0.000000 -0.016584
0.000000 -0.058170
0.000000 -0.073812
0.018566 -0.072532
0.165070 -0.061910
0.439405 -0.047733
0.724358 -0.033989
0.919408 -0.022572
0.901028 -0.014110
0.688090 -0.008362
0.420847 -0.004725
0.199099 -0.002559
0.049540 -0.001333
-0.037901 -0.000578
-0.080612 -0.000192
-0.093389 0.018566
-0.087761 0.165070
-0.072734 0.439405
-0.054899 0.724358
-0.038380 0.937974
-0.025126 1.047532
-0.015527 0.962426
-0.009116 0.705800
-0.005112 0.412714
-0.002750 0.177664
-0.001333 0.023497
-0.000578 -0.062902
-0.000192 -0.101522
0.000000 -0.090631
0.000000 0.066293
0.000000 0.340940
0.000000 0.499999
0.000000 0.457635
0.000000 0.315196
0.000000 0.173240
0.000000 0.069605
0.000000 0.004273
0.000000 -0.032319
0.000000 -0.048811
0.000000 -0.051622
0.000000 -0.046102
0.000000 -0.036718
0.000000 -0.026824
0.000000 -0.018181
0.000000 -0.011557
0.000000 -0.006945
0.000000 -0.003971
0.000000 -0.002172
0.000000 -0.001141
0.000000 -0.000578
0.000000 -0.000192
0.000000 0.000000
0.000000 0.000000
0.000000 0.000000
0.000000 0.000000
0.000000 0.000000
0.000000 0.000000
0.000000 0.000000
0.000000 0.000000
0.000000 0.000000
0.000000 0.000000
0.000000 0.000000
0.000000 0.000000
0.000000 0.000000
0.000000 0.000000
0.000000 0.000000
0.000000 0.000000
0.000000 0.000000
0.000000 0.000000
0.000000 0.000000
0.000000 0.000000
0.000000 0.000000
0.000000 0.000000
0.000000 0.000000
0.000000 0.000000
0.000000 0.000000
0.000000 0.000000
0.000000 0.000000
0.000000 0.000000
0.000000 0.000000
0.000000 0.000000
0.000000 0.000000
0.000000 0.000000
0.000000 0.000000
0.000000 0.000000
0.000000 0.000000
0.000000 0.000000
0.000000 0.000000
0.000000 0.000000
0.000000 0.000000
0.000000 0.000000
0.000000 0.000000
0.000000 0.000000
0.000000 0.000000
0.000000 0.000000
0.000000 0.000000
0.000000 0.000000
0.000000 0.000000
0.000000 0.000000
0.000000 0.000000
0.000000 0.000000
0.000000 0.000000
0.000000 0.000000
0.000000 0.000000
0.000000 0.000000
0.000000 0.000000
0.000000 0.000000
0.000000 0.000000
0.000000 0.000000
0.000000 0.000000
0.000000 0.000000
0.000000 0.000000
0.000000 0.000000
0.000000 0.000000
0.000000 0.000000
0.000000 0.000000
0.000000 0.000000
0.000000 0.000000
