0.000000 0.000000
0.000000 0.000000
0.000000 0.000000
0.000000 0.000000
0.000000 0.000000
0.000000 0.000000
0.000000 0.000000
0.000000 0.000000
0.000000 0.000000
0.000000 0.000000
0.000000 0.000000
0.000000 0.000000
0.000000 0.000000
0.000000 0.000000
0.000000 0.000000
0.000000 0.000378
0.000000 0.006719
0.000000 0.031986
0.000000 0.087849
0.000000 0.177292
0.000000 0.294062
0.000000 0.426096
0.000000 0.555180
0.000000 0.657895
0.000000 0.715604
0.000000 0.721834
0.000000 0.682085
0.000000 0.609088
0.000000 0.517478
0.000000 0.420074
0.000000 0.326174
0.000000 0.241387
0.000000 0.168310
0.000000 0.107464
0.000000 0.058171
0.000000 0.019196
0.000000 -0.010463
0.000000 -0.026536
0.000000 -0.017242
0.000000 0.028058
0.000000 0.111432
0.000000 0.225800
0.000000 0.358343
0.000000 0.490156
0.000000 0.597194
0.000000 0.660270
0.000000 0.672438
0.000000 0.638816
0.000000 0.571833
0.000000 0.485908
0.000000 0.393714
0.000000 0.304467
0.000000 0.223742
0.000000 0.154141
0.000000 0.096217
0.000000 0.049340
0.000000 0.012334
0.000000 -0.015743
0.000000 -0.030562
0.000000 -0.020283
0.000000 0.025780
0.000000 0.109739
0.000000 0.224552
0.000000 0.357808
0.000000 0.496253
0.000000 0.628393
0.000000 0.741146
0.000000 0.817605
0.000000 0.844971
0.000000 0.821015
0.000000 0.753746
0.000000 0.657121
0.000000 0.546019
0.000000 0.432988
0.000000 0.326835
0.000000 0.232653
0.000000 0.152570
0.000000 0.086726
0.000000 0.034128
0.000000 -0.006722
0.000000 -0.037438
0.000000 -0.059556
0.000000 -0.074461
0.000378 -0.083386
0.006719 -0.087429
0.031986 -0.087540
0.087849 -0.084666
0.177292 -0.079609
0.293684 -0.073076
0.419755 -0.065675
0.529914 -0.057911
0.602032 -0.050225
0.626161 -0.042865
0.605064 -0.036040
0.549673 -0.029881
0.473662 -0.024451
0.389498 -0.019762
0.306502 -0.015787
0.230500 -0.012472
0.164366 -0.009750
0.108895 -0.007546
0.063648 -0.005785
0.027594 -0.004395
-0.000476 -0.002932
-0.021727 0.004247
-0.037200 0.030154
-0.047797 0.086542
-0.054313 0.176001
-0.057462 0.286720
-0.057898 0.394080
-0.056225 0.473799
-0.052996 0.512449
-0.048707 0.509332
-0.043788 0.472652
-0.038596 0.414248
-0.033414 0.345682
-0.028455 0.275925
-0.023865 0.210829
-0.019732 0.153479
-0.016099 0.104951
-0.012971 0.065079
-0.010328 0.033072
-0.007755 0.007922
0.000383 -0.011363
0.027099 -0.025671
0.084114 -0.035769
0.174087 -0.042320
0.285221 -0.045915
0.392908 -0.047097
0.472885 -0.046369
0.511733 -0.044196
0.508768 -0.041002
0.472244 -0.037160
0.413995 -0.032988
0.345542 -0.028740
0.275867 -0.024614
0.210829 -0.020750
0.153479 -0.017238
0.104951 -0.014124
0.065079 -0.011425
0.033072 -0.009131
0.007922 -0.007214
-0.011363 -0.005260
-0.025671 0.002358
-0.035769 0.028645
-0.042320 0.085312
-0.045915 0.175384
-0.047097 0.292639
-0.046369 0.425043
-0.044196 0.554407
-0.041002 0.657330
-0.037160 0.715196
-0.032988 0.721582
-0.028740 0.681946
-0.024614 0.609030
-0.020750 0.517478
-0.017238 0.420074
-0.014124 0.326174
-0.011425 0.241387
-0.009131 0.168310
-0.007214 0.107464
-0.005638 0.058171
-0.004362 0.019196
-0.002964 -0.010840
0.004183 -0.033256
0.030078 -0.049228
0.086425 -0.059791
0.176238 -0.065860
0.293288 -0.068262
0.425532 -0.067753
0.554772 -0.065024
0.657642 -0.060701
0.715465 -0.055335
0.721776 -0.049396
0.682085 -0.043270
0.609088 -0.037255
0.517478 -0.031570
0.420074 -0.026360
0.326174 -0.021707
0.241387 -0.017645
0.168310 -0.014169
0.107464 -0.011247
0.058171 -0.008831
0.019196 -0.006862
-0.010840 -0.005280
-0.033256 -0.004025
-0.048850 -0.003041
-0.053071 -0.002278
-0.033874 -0.001693
0.019586 -0.001248
0.109539 -0.000913
0.229038 -0.000622
0.365773 -0.000409
0.506565 -0.000253
0.640107 -0.000139
0.753464 -0.000058
0.829885 0.000000
0.856729 0.000000
0.831910 0.000000
0.763609 0.000000
0.665835 0.000000
0.553557 0.000000
0.439386 0.000000
0.332174 0.000000
0.237038 0.000000
0.156121 0.000000
0.089564 0.000000
0.036367 0.000000
-0.004975 0.000000
-0.036090 0.000000
-0.058526 0.000000
-0.073682 0.000000
-0.082760 0.000000
-0.086547 0.000000
-0.080451 0.000000
-0.052411 0.000000
0.008434 0.000000
0.104356 0.000000
0.228445 0.000000
0.368563 0.000000
0.511675 0.000000
0.646638 0.000000
0.760694 0.000000
0.837259 0.000000
0.863848 0.000000
0.838508 0.000000
0.769529 0.000000
0.671009 0.000000
0.557977 0.000000
0.443087 0.000000
0.335220 0.000000
0.239505 0.000000
0.158091 0.000000
0.091116 0.000000
0.037576 0.000000
-0.004003 0.000000
-0.035311 0.000000
-0.057900 0.000000
-0.073177 0.000000
-0.082390 0.000000
-0.086278 0.000000
-0.080256 0.000000
-0.052272 0.000000
0.008492 0.000000
0.104356 0.000000
0.228445 0.000000
0.368563 0.000000
0.511297 0.000000
0.640297 0.000000
0.735427 0.000000
0.781397 0.000000
0.774404 0.000000
0.721738 0.000000
0.637117 0.000000
0.535583 0.000000
0.429996 0.000000
0.329515 0.000000
0.239546 0.000000
0.162484 0.000000
0.098677 0.000000
0.047300 0.000000
0.006999 0.000000
-0.023297 0.000000
-0.039478 0.000000
-0.029858 0.000000
0.016102 0.000000
0.100379 0.000000
0.215805 0.000000
0.349863 0.000000
0.488793 0.000000
0.615833 0.000000
0.710524 0.000000
0.757208 0.000000
0.751745 0.000000
0.701130 0.000000
0.618839 0.000000
0.519720 0.000000
0.416493 0.000000
0.318218 0.000000
0.230243 0.000000
0.154933 0.000000
0.092630 0.000000
0.042518 0.000000
0.003260 0.000000
-0.026608 0.000378
-0.048481 0.006719
-0.063613 0.031986
-0.073112 0.087849
-0.077967 0.176914
-0.079031 0.287343
-0.077175 0.394488
-0.073138 0.474051
-0.067581 0.512588
-0.061082 0.509391
-0.054128 0.472652
-0.047111 0.414248
-0.040370 0.345682
-0.034065 0.275925
-0.028335 0.210829
-0.023253 0.153479
-0.018843 0.104951
-0.015088 0.065079
-0.011946 0.033072
-0.008979 0.007922
-0.000536 -0.011363
0.026415 -0.025671
0.083610 -0.035769
0.174095 -0.042320
0.291671 -0.045915
0.424700 -0.047097
0.560594 -0.046369
0.688967 -0.044196
0.802453 -0.041002
0.891998 -0.037160
0.943909 -0.032988
0.947574 -0.028740
0.902028 -0.024614
0.815893 -0.020750
0.703152 -0.017238
0.578614 -0.014124
0.454577 -0.011425
0.339574 -0.009131
0.238423 -0.007214
0.153003 -0.005638
0.083224 -0.004362
0.027880 -0.003341
-0.014725 -0.002536
-0.046391 -0.001530
-0.068825 0.005296
-0.083569 0.030932
-0.091993 0.087075
-0.095316 0.176350
-0.094623 0.286934
-0.090885 0.394236
-0.084965 0.473912
-0.077610 0.512530
-0.069458 0.509391
-0.061026 0.472652
-0.052720 0.414248
-0.044839 0.345682
-0.037586 0.275925
-0.031079 0.210829
-0.025370 0.153479
-0.020461 0.104951
-0.016313 0.065079
-0.012865 0.033072
-0.010041 0.008300
-0.007760 -0.004643
-0.005941 0.006315
-0.004508 0.052080
-0.003391 0.134973
-0.002531 0.248147
-0.001832 0.379377
-0.001306 0.515531
-0.000913 0.645684
-0.000622 0.762450
-0.000409 0.861588
-0.000253 0.936440
-0.000139 0.974836
-0.000058 0.966915
0.000000 0.911912
0.000000 0.818327
0.000000 0.699915
0.000000 0.571132
0.000000 0.444015
0.000000 0.326883
0.000000 0.224387
0.000000 0.138277
0.000000 0.068354
0.000000 0.013315
0.000000 -0.028627
0.000000 -0.058984
0.000000 -0.073959
0.000000 -0.062212
0.000000 -0.013509
0.000000 0.073863
0.000000 0.192560
0.000000 0.329841
0.000000 0.472203
0.000000 0.608429
0.000000 0.730880
0.000000 0.835228
0.000000 0.914733
0.000000 0.957191
0.000000 0.952746
0.000000 0.900665
0.000000 0.809496
0.000000 0.693053
0.000000 0.565852
0.000000 0.439990
0.000000 0.323841
0.000000 0.222109
0.000000 0.136585
0.000000 0.067106
0.000000 0.012402
0.000000 -0.029250
0.000000 -0.059392
0.000000 -0.074212
0.000000 -0.062352
0.000000 -0.013567
0.000000 0.073485
0.000000 0.185840
0.000000 0.297855
0.000000 0.384354
0.000000 0.431137
0.000000 0.436818
0.000000 0.409132
0.000000 0.359553
0.000000 0.299296
0.000000 0.237142
0.000000 0.178831
0.000000 0.127410
0.000000 0.083965
0.000000 0.048374
0.000000 0.019916
0.000000 -0.001955
0.000000 -0.012559
0.000000 0.000261
0.000000 0.047490
0.000000 0.131145
0.000000 0.238897
0.000000 0.345558
0.000000 0.426376
0.000000 0.467479
0.000000 0.467766
0.000000 0.435083
0.000000 0.381007
0.000000 0.316802
0.000000 0.251253
0.000000 0.190078
0.000000 0.136241
0.000000 0.090827
0.000000 0.053654
0.000000 0.023941
0.000378 0.000709
0.006719 -0.017001
0.031986 -0.030033
0.087849 -0.039110
0.176914 -0.044856
0.287343 -0.047824
0.394488 -0.048521
0.474051 -0.047423
0.512588 -0.044970
0.509391 -0.041567
0.472652 -0.037569
0.414248 -0.033240
0.345682 -0.028880
0.275925 -0.024673
0.210829 -0.020750
0.153479 -0.017238
0.104951 -0.014124
0.065079 -0.011425
0.033072 -0.009131
0.008300 -0.007214
-0.004643 -0.005638
0.006315 -0.004362
0.052080 -0.003341
0.134595 -0.002536
0.241427 -0.001908
0.347391 -0.001424
0.427682 -0.001054
0.468392 -0.000774
0.468388 -0.000564
0.435492 -0.000409
0.381260 -0.000253
0.316941 -0.000139
0.251311 -0.000058
0.190078 0.000000
0.136241 0.000000
0.090827 0.000000
0.053654 0.000000
0.023941 0.000000
0.000709 0.000378
-0.017001 0.006719
-0.030033 0.031986
-0.039110 0.087849
-0.044856 0.177292
-0.047824 0.294062
-0.048521 0.426474
-0.047423 0.561900
-0.044970 0.689881
-0.041567 0.803075
-0.037569 0.892407
-0.033240 0.944162
-0.028880 0.947714
-0.024673 0.902086
-0.020750 0.815893
-0.017238 0.703152
-0.014124 0.578614
-0.011425 0.454577
-0.009131 0.339574
-0.007214 0.238423
-0.005638 0.153003
-0.004362 0.083224
-0.003341 0.027880
-0.002536 -0.014725
-0.001908 -0.046013
-0.001424 -0.062105
-0.001054 -0.051583
-0.000774 -0.004145
-0.000564 0.081599
-0.000409 0.192720
-0.000253 0.303603
-0.000139 0.389087
-0.000058 0.434978
0.000000 0.439933
0.000000 0.411627
0.000000 0.361528
0.000000 0.300842
0.000000 0.238339
0.000000 0.179750
0.000000 0.128109
0.000000 0.084491
0.000000 0.048767
0.000000 0.020207
0.000000 -0.002119
0.000378 -0.019123
0.006719 -0.031612
0.031986 -0.040277
0.087849 -0.045711
0.176914 -0.048446
0.287343 -0.048930
0.394488 -0.047675
0.474051 -0.045110
0.512588 -0.041625
0.509391 -0.037569
0.472652 -0.033240
0.414248 -0.028880
0.345682 -0.024673
0.275925 -0.020750
0.210829 -0.017238
0.153479 -0.014124
0.104951 -0.011425
0.065079 -0.009131
0.033072 -0.007214
0.007922 -0.005260
-0.011363 0.002358
-0.025671 0.028645
-0.035769 0.085312
-0.042320 0.175384
-0.045915 0.292639
-0.047097 0.425420
-0.046369 0.561126
-0.044196 0.689316
-0.041002 0.802667
-0.037160 0.892154
-0.032988 0.944022
-0.028740 0.947656
-0.024614 0.902086
-0.020750 0.815893
-0.017238 0.703152
-0.014124 0.578614
-0.011425 0.454577
-0.009131 0.339574
-0.007214 0.238423
-0.005638 0.153003
-0.004362 0.083224
-0.003341 0.027880
-0.002536 -0.014725
-0.001530 -0.046391
0.005296 -0.068825
0.030932 -0.083569
0.087075 -0.091993
0.176728 -0.095316
0.293654 -0.094623
0.426222 -0.090885
0.561383 -0.084965
0.683103 -0.077610
0.771467 -0.069458
0.811278 -0.061026
0.798855 -0.052720
0.741500 -0.044839
0.652904 -0.037586
0.548055 -0.031079
0.439746 -0.025370
0.337061 -0.020461
0.245331 -0.016313
0.166879 -0.012865
0.101987 -0.010041
0.049773 -0.007760
0.008832 -0.005941
-0.021991 -0.004508
-0.038565 -0.003391
-0.029236 -0.002531
0.016511 -0.001832
0.100632 -0.001306
0.215944 -0.000913
0.349921 -0.000622
0.489171 -0.000409
0.622552 -0.000253
0.742510 -0.000139
0.844679 -0.000058
0.922318 0.000000
0.963206 0.000000
0.957465 0.000000
0.904328 0.000000
0.812311 0.000000
0.695196 0.000000
0.567469 0.000000
0.441200 0.000000
0.324739 0.000000
0.222770 0.000000
0.137067 0.000000
0.067457 0.000000
0.012654 0.000000
-0.029110 0.000000
-0.059712 0.000378
-0.080931 0.006719
-0.094338 0.031986
-0.101416 0.087849
-0.103429 0.177292
-0.101503 0.294062
-0.096633 0.426474
-0.089697 0.561900
-0.081451 0.689881
-0.072572 0.803075
-0.063520 0.892407
-0.054695 0.944162
-0.046386 0.947714
-0.038784 0.902086
-0.031998 0.815893
-0.026069 0.703152
-0.020987 0.578614
-0.016706 0.454577
-0.013156 0.339574
-0.010255 0.238423
-0.007916 0.153003
-0.006054 0.083224
-0.004589 0.027880
-0.003450 -0.014725
-0.002153 -0.046391
0.004887 -0.068825
0.030680 -0.083569
0.086935 -0.091993
0.176670 -0.095316
0.293654 -0.094623
0.425844 -0.090885
0.555041 -0.084965
0.657836 -0.077610
0.715604 -0.069458
0.721834 -0.061026
0.682085 -0.052720
0.609088 -0.044839
0.517478 -0.037586
0.420074 -0.031079
0.326174 -0.025370
0.241387 -0.020461
0.168310 -0.016313
0.107464 -0.012865
0.058171 -0.010041
0.019196 -0.007760
-0.010840 -0.005563
-0.033256 0.002211
-0.049228 0.028595
-0.059791 0.085318
-0.065860 0.175460
-0.068262 0.292378
-0.067753 0.418841
-0.065024 0.529291
-0.060701 0.601624
-0.055335 0.625908
-0.049396 0.604925
-0.043270 0.549615
-0.037255 0.473662
-0.031570 0.389498
-0.026360 0.306502
-0.021707 0.230500
-0.017645 0.164366
-0.014169 0.108895
-0.011247 0.063648
-0.008831 0.027594
-0.006862 -0.000476
-0.005280 -0.021727
-0.004025 -0.037200
-0.003041 -0.047797
-0.001900 -0.054313
0.005027 -0.057462
0.030738 -0.057898
0.086935 -0.056225
0.176670 -0.052996
0.293654 -0.048707
0.426222 -0.043788
0.561760 -0.038596
0.689822 -0.033414
0.803075 -0.028455
0.892407 -0.023865
0.944162 -0.019732
0.947714 -0.016099
0.902086 -0.012971
0.815893 -0.010328
0.703152 -0.008133
0.578614 -0.006336
0.454577 -0.004888
0.339574 -0.003734
0.238423 -0.002827
0.153003 -0.002122
0.083224 -0.001580
0.027880 -0.001167
-0.014725 -0.000855
-0.046391 -0.000245
-0.068825 0.006311
-0.083569 0.031734
-0.091993 0.087709
-0.095316 0.176856
-0.094623 0.287343
-0.090885 0.394488
-0.084965 0.474051
-0.077610 0.512588
-0.069458 0.509391
-0.061026 0.472652
-0.052720 0.414248
-0.044839 0.345682
-0.037586 0.275925
-0.031079 0.210829
-0.025370 0.153479
-0.020461 0.104951
-0.016313 0.065079
-0.012865 0.033072
-0.009663 0.007922
-0.001041 -0.011363
0.026045 -0.025671
0.083340 -0.035769
0.173901 -0.042320
0.291154 -0.045915
0.417922 -0.047097
0.528608 -0.046369
0.601119 -0.044196
0.625538 -0.041002
0.604656 -0.037160
0.549421 -0.032988
0.473523 -0.028740
0.389439 -0.024614
0.306502 -0.020750
0.230500 -0.017238
0.164366 -0.014124
0.108895 -0.011425
0.063648 -0.009131
0.027594 -0.007214
-0.000476 -0.005638
-0.021727 -0.004362
-0.037200 -0.003341
-0.047797 -0.002536
-0.054313 -0.001530
-0.057462 0.005296
-0.057898 0.030932
-0.056225 0.087075
-0.052996 0.176728
-0.048707 0.293654
-0.043788 0.426222
-0.038596 0.561760
-0.033414 0.689822
-0.028455 0.803075
-0.023865 0.892407
-0.019732 0.944162
-0.016099 0.947714
-0.012971 0.902086
-0.010328 0.815893
-0.008133 0.703152
-0.006336 0.578614
-0.004888 0.454577
-0.003734 0.339574
-0.002827 0.238423
-0.002122 0.153003
-0.001580 0.083224
-0.001167 0.027880
-0.000855 -0.014725
-0.000245 -0.046391
0.006311 -0.068825
0.031734 -0.083569
0.087709 -0.091993
0.176856 -0.095316
0.287343 -0.094623
0.394488 -0.090885
0.474051 -0.084965
0.512588 -0.077610
0.509391 -0.069458
0.472652 -0.061026
0.414248 -0.052720
0.345682 -0.044839
0.275925 -0.037586
0.210829 -0.031079
0.153479 -0.025370
0.104951 -0.020461
0.065079 -0.016313
0.033072 -0.012865
0.008300 -0.010041
-0.004643 -0.007760
0.006315 -0.005941
0.052080 -0.004508
0.134595 -0.003391
0.241427 -0.002531
0.347391 -0.001832
0.427682 -0.001306
0.468392 -0.000913
0.468388 -0.000622
0.435492 -0.000409
0.381260 -0.000253
0.316941 -0.000139
0.251311 -0.000058
0.190078 0.000000
0.136241 0.000000
0.090827 0.000000
0.053654 0.000000
0.023941 0.000000
0.000709 0.000000
-0.017001 0.000000
-0.030033 0.000000
-0.039110 0.000000
-0.044856 0.000000
-0.047824 0.000000
-0.048521 0.000000
-0.047423 0.000000
-0.044970 0.000000
-0.041567 0.000000
-0.037569 0.000000
-0.033240 0.000000
-0.028880 0.000000
-0.024673 0.000000
-0.020750 0.000000
-0.017238 0.000000
-0.014124 0.000000
-0.011425 0.000000
-0.009131 0.000000
-0.007214 0.000000
-0.005638 0.000000
-0.004362 0.000000
-0.003341 0.000000
-0.002536 0.000000
-0.001908 0.000000
-0.001424 0.000000
-0.001054 0.000000
-0.000774 0.000000
-0.000564 0.000000
-0.000409 0.000000
-0.000253 0.000000
-0.000139 0.000000
-0.000058 0.000000
0.000000 0.000000
0.000000 0.000000
0.000000 0.000000
0.000000 0.000000
0.000000 0.000000
0.000000 0.000000
0.000000 0.000000
0.000000 0.000000
0.000000 0.000000
0.000000 0.000000
0.000000 0.000000
0.000000 0.000000
0.000000 0.000000
0.000000 0.000000
0.000000 0.000000
0.000000 0.000000
0.000000 0.000000
0.000000 0.000000
0.000000 0.000000
0.000000 0.000000
0.000000 0.000000
0.000000 0.000000
0.000000 0.000000
0.000000 0.000000
0.000000 0.000000
0.000000 0.000000
0.000000 0.000000
0.000000 0.000000
0.000000 0.000000
0.000000 0.000000
0.000000 0.000000
0.000000 0.000000
0.000000 0.000000
0.000000 0.000000
0.000000 0.000000
0.000000 0.000000
0.000000 0.000000
0.000000 0.000000
0.000000 0.000000
0.000000 0.000000
0.000000 0.000000
0.000000 0.000000
0.000000 0.000000
0.000000 0.000000
0.000000 0.000000
0.000000 0.000000
0.000000 0.000000
0.000000 0.000000
0.000000 0.000000
0.000000 0.000000
0.000000 0.000000
0.000000 0.000000
0.000000 0.000000
0.000000 0.000000
0.000000 0.000000
0.000000 0.000000
0.000000 0.000000
0.000000 0.000000
0.000000 0.000000
0.000000 0.000000
0.000000 0.000000
0.000000 0.000000
0.000000 0.000000
