0.000000 0.000000
0.000000 0.000000
0.000000 0.000000
0.000000 0.000000
0.000000 0.000000
0.000000 0.000000
0.000000 0.000000
0.018566 0.000000
0.165070 0.000000
0.439405 0.000000
0.724358 0.000000
0.919408 0.000000
0.901028 0.000000
0.688090 0.000000
0.420847 0.000000
0.199099 0.000000
0.049540 0.000000
-0.037901 0.000000
-0.080612 0.018566
-0.093389 0.165070
-0.087761 0.439405
-0.072734 0.705793
-0.054899 0.772904
-0.038380 0.626693
-0.025126 0.403137
-0.015527 0.207232
-0.009116 0.070975
-0.005112 -0.011858
-0.002750 -0.055611
0.017233 -0.072479
0.164491 -0.071953
0.420648 -0.061718
0.559289 -0.047733
0.498568 -0.033989
0.341739 -0.022572
0.189522 -0.014110
0.079108 -0.008362
0.009577 -0.004725
-0.011003 -0.002559
0.117591 -0.001333
0.369796 -0.000578
0.513378 -0.000192
0.461851 0.000000
0.314916 0.000000
0.171341 0.000000
0.067551 0.000000
0.002632 0.000000
-0.014973 0.000000
0.115420 0.000000
0.387220 0.000000
0.677869 0.000000
0.882499 0.000000
0.874204 0.000000
0.669909 0.000000
0.409291 0.000000
0.192154 0.000000
0.045569 0.000000
-0.040073 0.000000
-0.081753 0.018566
-0.093967 0.165070
-0.087953 0.439405
-0.072734 0.724358
-0.054899 0.919408
-0.038380 0.901028
-0.025126 0.688090
-0.015527 0.420847
-0.009116 0.199099
-0.005112 0.049540
-0.002750 -0.037901
-0.001333 -0.080612
-0.000578 -0.093389
0.018374 -0.087761
0.165070 -0.072734
0.439405 -0.054899
0.724358 -0.038380
0.937974 -0.025126
1.047532 -0.015527
0.962426 -0.009116
0.705800 -0.005112
0.412714 -0.002750
0.177664 -0.001333
0.023497 -0.000578
-0.062902 -0.000192
-0.082956 0.000000
0.055873 0.000000
0.322062 0.000000
0.479389 0.000000
0.439279 0.000000
0.300806 0.000000
0.162979 0.000000
0.062826 0.000000
0.000074 0.000000
-0.034872 0.018566
-0.050228 0.165070
-0.052377 0.420840
-0.046489 0.559289
-0.036909 0.498568
-0.026824 0.341739
-0.018181 0.189522
-0.011557 0.079108
-0.006945 0.009577
-0.003971 -0.011003
-0.002172 0.117591
-0.001141 0.388361
-0.000578 0.659882
-0.000192 0.736186
0.000000 0.599869
0.000000 0.384956
0.000000 0.195676
0.000000 0.064030
0.000000 -0.015829
0.018566 -0.057783
0.165070 -0.073620
0.420840 -0.072532
0.559289 -0.061910
0.498568 -0.047733
0.341739 -0.033989
0.189522 -0.022572
0.079108 -0.014110
0.009577 -0.008362
-0.029568 -0.004725
-0.028913 -0.002559
0.114026 -0.001333
0.393495 -0.000578
0.687641 -0.000192
0.911150 0.000000
1.029351 0.000000
0.950869 0.000000
0.698856 0.000000
0.408744 0.000000
0.175492 0.000000
0.022355 0.000000
-0.063481 0.000000
-0.083148 0.000000
0.055873 0.000000
0.322062 0.000000
0.479389 0.000000
0.439279 0.000000
0.300806 0.000000
0.162979 0.000000
0.062826 0.000000
0.000074 0.000000
-0.034872 0.018566
-0.050228 0.165070
-0.052377 0.420840
-0.046489 0.559289
-0.036909 0.498568
-0.026824 0.341739
-0.018181 0.189522
-0.011557 0.079108
-0.006945 0.009577
-0.003971 -0.011003
-0.002172 0.117591
-0.001141 0.369796
-0.000578 0.513378
-0.000192 0.461851
0.000000 0.314916
0.000000 0.171341
0.000000 0.067551
0.000000 0.002632
0.000000 -0.014973
0.000000 0.115420
0.000000 0.387220
0.000000 0.659304
0.000000 0.735995
0.000000 0.599869
0.000000 0.384956
0.000000 0.195676
0.000000 0.064030
0.000000 -0.015829
0.000000 -0.039217
0.000000 0.091449
0.000000 0.348308
0.000000 0.497379
0.000000 0.450835
0.000000 0.307750
0.000000 0.166950
0.000000 0.064998
0.000000 0.001215
0.000000 -0.034294
0.018566 -0.050037
0.165070 -0.052377
0.420840 -0.046489
0.559289 -0.036909
0.498568 -0.026824
0.341739 -0.018181
0.189522 -0.011557
0.079108 -0.006945
0.009577 -0.003971
-0.011003 -0.002172
0.117591 -0.001141
0.388361 -0.000578
0.659882 -0.000192
0.736186 0.000000
0.599869 0.000000
0.384956 0.000000
0.195676 0.000000
0.064030 0.000000
-0.015829 0.000000
-0.057783 0.000000
-0.073620 0.000000
-0.072532 0.018566
-0.061910 0.165070
-0.047733 0.439405
-0.033989 0.724358
-0.022572 0.919408
-0.014110 0.901028
-0.008362 0.688090
-0.004725 0.420847
-0.002559 0.199099
-0.001333 0.049540
-0.000578 -0.037901
-0.000192 -0.080612
0.000000 -0.093389
0.018566 -0.087761
0.165070 -0.072734
0.420840 -0.054899
0.559289 -0.038380
0.498568 -0.025126
0.341739 -0.015527
0.189522 -0.009116
0.079108 -0.005112
0.009577 -0.002750
-0.011003 -0.001333
0.117591 -0.000578
0.388361 -0.000192
0.678448 0.000000
0.901256 0.000000
1.020708 0.000000
0.944245 0.000000
0.694244 0.000000
0.405770 0.000000
0.173693 0.000000
0.021325 0.000000
-0.064043 0.000000
-0.083535 0.000000
0.055681 0.000000
0.340628 0.000000
0.644459 0.000000
0.860118 0.000000
0.860094 0.000000
0.661547 0.000000
0.404566 0.000000
0.189596 0.000000
0.044236 0.000000
-0.040651 0.000000
-0.063379 0.000000
0.071102 0.000000
0.332886 0.000000
0.486555 0.000000
0.443670 0.000000
0.303359 0.000000
0.164396 0.000000
0.063581 0.000000
0.000461 0.000000
-0.034680 0.018566
-0.050228 0.165070
-0.052377 0.439405
-0.046489 0.724358
-0.036909 0.937974
-0.026824 1.047532
-0.018181 0.962426
-0.011557 0.705800
-0.006945 0.412714
-0.003971 0.177664
-0.002172 0.023497
-0.001141 -0.062902
-0.000578 -0.082956
-0.000192 0.055873
0.000000 0.340628
0.000000 0.644459
0.000000 0.878684
0.000000 1.006598
0.000000 0.935883
0.000000 0.689519
0.000000 0.403211
0.000000 0.172360
0.000000 0.020746
0.000000 -0.064235
0.000000 -0.083535
0.000000 0.055681
0.000000 0.322062
0.000000 0.479389
0.000000 0.439279
0.000000 0.300806
0.000000 0.162979
0.000000 0.062826
0.000000 0.000074
0.000000 -0.016306
0.000000 0.114841
0.000000 0.368463
0.000000 0.512800
0.000000 0.461659
0.000000 0.314916
0.000000 0.171341
0.000000 0.067551
0.000000 0.002632
0.000000 -0.033539
0.000000 -0.031084
0.000000 0.112885
0.000000 0.374351
0.000000 0.522379
0.000000 0.471745
0.000000 0.323558
0.000000 0.177965
0.000000 0.072163
0.000000 0.005606
0.000000 -0.013174
0.000000 0.116450
0.000000 0.369217
0.000000 0.513187
0.000000 0.461851
0.000000 0.314916
0.000000 0.171341
0.000000 0.067551
0.000000 0.002632
0.000000 -0.033539
0.000000 -0.049650
0.000000 -0.052185
0.000000 -0.046489
0.000000 -0.036909
0.000000 -0.026824
0.000000 -0.018181
0.000000 -0.011557
0.000000 -0.006945
0.000000 -0.003971
0.000000 -0.002172
0.000000 -0.001141
0.000000 -0.000578
0.000000 -0.000192
0.000000 0.000000
0.000000 0.000000
0.000000 0.000000
0.000000 0.000000
0.000000 0.000000
0.000000 0.000000
0.000000 0.000000
0.000000 0.000000
0.000000 0.000000
0.000000 0.000000
0.000000 0.000000
0.000000 0.000000
0.000000 0.000000
0.000000 0.000000
0.000000 0.000000
0.000000 0.000000
0.000000 0.000000
0.000000 0.000000
0.000000 0.000000
0.000000 0.000000
0.000000 0.000000
0.000000 0.000000
0.000000 0.000000
0.000000 0.000000
0.000000 0.000000
0.000000 0.000000
0.000000 0.000000
0.000000 0.000000
0.000000 0.000000
0.000000 0.000000
0.000000 0.000000
0.000000 0.000000
0.000000 0.000000
0.000000 0.000000
0.000000 0.000000
0.000000 0.000000
0.000000 0.000000
0.000000 0.000000
0.000000 0.000000
0.000000 0.000000
0.000000 0.000000
0.000000 0.000000
0.000000 0.000000
0.000000 0.000000
0.000000 0.000000
0.000000 0.000000
0.000000 0.000000
0.000000 0.000000
0.000000 0.000000
0.000000 0.000000
0.000000 0.000000
0.000000 0.000000
0.000000 0.000000
0.000000 0.000000
0.000000 0.000000
0.000000 0.000000
0.000000 0.000000
0.000000 0.000000
0.000000 0.000000
0.000000 0.000000
0.000000 0.000000
0.000000 0.000000
0.000000 0.000000
0.000000 0.000000
0.000000 0.000000
0.000000 0.000000
0.000000 0.000000
0.000000 0.000000
0.000000 0.000000
0.000000 0.000000
0.000000 0.000000
0.000000 0.000000
0.000000 0.000000
0.000000 0.000000
