0.000000 0.000000
0.000000 0.000000
0.000000 0.000000
0.000000 0.000000
0.000000 0.000000
0.000000 0.000000
0.000000 0.000000
0.000000 0.000000
0.000000 0.000000
0.000000 0.000000
0.000000 0.000000
0.000000 0.000000
0.000000 0.000000
0.000000 0.000000
0.000000 0.000000
0.000000 0.000378
0.000000 0.006719
0.000000 0.031986
0.000000 0.087849
0.000000 0.177292
0.000000 0.294062
0.000000 0.426474
0.000000 0.561900
0.000000 0.689881
0.000000 0.803075
0.000000 0.892407
0.000000 0.944162
0.000000 0.947714
0.000000 0.902086
0.000000 0.815893
0.000000 0.703152
0.000000 0.578614
0.000000 0.454577
0.000000 0.339574
0.000000 0.238423
0.000000 0.153003
0.000000 0.083224
0.000000 0.027880
0.000000 -0.014725
0.000000 -0.046013
0.000000 -0.062105
0.000000 -0.051583
0.000000 -0.004145
0.000000 0.081599
0.000000 0.192720
0.000000 0.303603
0.000000 0.389087
0.000000 0.434978
0.000000 0.439933
0.000000 0.411627
0.000000 0.361528
0.000000 0.300842
0.000000 0.238339
0.000000 0.179750
0.000000 0.128109
0.000000 0.084491
0.000000 0.048767
0.000000 0.020207
0.000000 -0.001741
0.000000 -0.012403
0.000000 0.000374
0.000000 0.047572
0.000000 0.131203
0.000000 0.238897
0.000000 0.345558
0.000000 0.426376
0.000000 0.467479
0.000000 0.467766
0.000000 0.435083
0.000000 0.381007
0.000000 0.316802
0.000000 0.251253
0.000000 0.190078
0.000000 0.136241
0.000000 0.090827
0.000000 0.053654
0.000000 0.023941
0.000000 0.000709
0.000000 -0.017001
0.000000 -0.029655
0.000000 -0.032391
0.000000 -0.012870
0.000000 0.040025
0.000000 0.128393
0.000000 0.239920
0.000000 0.349518
0.000000 0.432485
0.000000 0.475019
0.000000 0.476150
0.000000 0.443772
0.000000 0.389575
0.000000 0.324931
0.000000 0.258688
0.000000 0.196704
0.000000 0.142054
0.000000 0.095821
0.000000 0.057866
0.000000 0.027434
0.000378 0.003561
0.006719 -0.014704
0.031986 -0.028207
0.087849 -0.037677
0.176914 -0.043743
0.287343 -0.046969
0.394488 -0.047871
0.474051 -0.046933
0.512588 -0.044605
0.509391 -0.041255
0.472652 -0.037300
0.414248 -0.033046
0.345682 -0.028740
0.275925 -0.024614
0.210829 -0.020750
0.153479 -0.017238
0.104951 -0.014124
0.065079 -0.011425
0.033072 -0.009131
0.007922 -0.006836
-0.011363 0.001081
-0.025671 0.027625
-0.035769 0.084507
-0.042320 0.174756
-0.045915 0.291776
-0.047097 0.418331
-0.046369 0.528860
-0.044196 0.601258
-0.041002 0.625596
-0.037160 0.604656
-0.032988 0.549421
-0.028740 0.473523
-0.024614 0.389439
-0.020750 0.306502
-0.017238 0.230500
-0.014124 0.164366
-0.011425 0.108895
-0.009131 0.063648
-0.007214 0.027594
-0.005260 -0.000476
0.002358 -0.021727
0.028645 -0.037200
0.085312 -0.047797
0.175384 -0.054313
0.292639 -0.057462
0.425420 -0.057898
0.561126 -0.056225
0.689316 -0.052996
0.803044 -0.048707
0.898496 -0.043788
0.969289 -0.038596
1.003518 -0.033414
0.991530 -0.028455
0.932663 -0.023865
0.835564 -0.019732
0.714039 -0.016099
0.582558 -0.012971
0.453146 -0.010328
0.334096 -0.008133
0.230025 -0.006336
0.142639 -0.004888
0.071696 -0.003734
0.015851 -0.002827
-0.026719 -0.002122
-0.057938 -0.001580
-0.079625 -0.000789
-0.093424 0.005864
-0.100793 0.031364
-0.103021 0.087440
-0.101250 0.176662
-0.096493 0.287203
-0.089639 0.394430
-0.081451 0.474051
-0.072572 0.512588
-0.063520 0.509391
-0.054695 0.472652
-0.046386 0.414248
-0.038784 0.345682
-0.031998 0.275925
-0.026069 0.210829
-0.020987 0.153479
-0.016706 0.104951
-0.013156 0.065079
-0.010255 0.033072
-0.007916 0.008300
-0.006054 -0.004643
-0.004589 0.006315
-0.003450 0.052080
-0.002531 0.134973
-0.001832 0.248147
-0.001306 0.379377
-0.000913 0.515531
-0.000622 0.645684
-0.000409 0.762450
-0.000253 0.861588
-0.000139 0.936440
-0.000058 0.974836
0.000000 0.966915
0.000000 0.911912
0.000000 0.818327
0.000000 0.699915
0.000000 0.571132
0.000000 0.444015
0.000000 0.326883
0.000000 0.224387
0.000000 0.138277
0.000000 0.068354
0.000000 0.013315
0.000000 -0.028627
0.000378 -0.059361
0.006719 -0.080679
0.031986 -0.094198
0.087849 -0.101357
0.177292 -0.103429
0.294062 -0.101503
0.426474 -0.096633
0.561900 -0.089697
0.689881 -0.081451
0.803453 -0.072572
0.898749 -0.063520
0.969428 -0.054695
1.003576 -0.046386
0.991530 -0.038784
0.932663 -0.031998
0.835564 -0.026069
0.714039 -0.020987
0.582558 -0.016706
0.453146 -0.013156
0.334096 -0.010255
0.230025 -0.007916
0.142639 -0.006054
0.071696 -0.004589
0.015851 -0.003450
-0.026719 -0.002531
-0.057560 -0.001832
-0.072906 -0.001306
-0.061438 -0.000913
-0.012945 -0.000622
0.074272 -0.000409
0.192812 -0.000253
0.329981 -0.000139
0.472261 -0.000058
0.608052 0.000000
0.724161 0.000000
0.803620 0.000000
0.833604 0.000000
0.811884 0.000000
0.746532 0.000000
0.651483 0.000000
0.541658 0.000000
0.429646 0.000000
0.324299 0.000000
0.230745 0.000000
0.151147 0.000000
0.085673 0.000000
0.033354 0.000000
-0.007286 0.000000
-0.037469 0.000000
-0.053089 0.000000
-0.042615 0.000000
0.004404 0.000000
0.089863 0.000000
0.206522 0.000000
0.341430 0.000000
0.475571 0.000000
0.584819 0.000000
0.649929 0.000000
0.663923 0.000000
0.631860 0.000000
0.566224 0.000000
0.481438 0.000000
0.390193 0.000000
0.301722 0.000000
0.221625 0.000000
0.152523 0.000000
0.094992 0.000000
0.048421 0.000000
0.011650 0.000000
-0.016248 0.000000
-0.030931 0.000000
-0.020552 0.000000
0.025585 0.000000
0.109222 0.000000
0.217774 0.000000
0.325821 0.000000
0.408405 0.000000
0.451479 0.000000
0.453803 0.000000
0.423117 0.000000
0.370920 0.000000
0.308427 0.000000
0.244355 0.000000
0.184469 0.000000
0.131772 0.000000
0.087306 0.000000
0.050910 0.000000
0.021824 0.000000
-0.000909 0.000378
-0.018225 0.006719
-0.030951 0.031986
-0.039794 0.087849
-0.045361 0.177292
-0.048193 0.294062
-0.048790 0.426474
-0.047617 0.561522
-0.045110 0.683161
-0.041625 0.771467
-0.037569 0.811278
-0.033240 0.798855
-0.028880 0.741500
-0.024673 0.652904
-0.020750 0.548055
-0.017238 0.439746
-0.014124 0.337061
-0.011425 0.245331
-0.009131 0.166879
-0.007214 0.101987
-0.005638 0.049773
-0.004362 0.008832
-0.003341 -0.022369
-0.002536 -0.044906
-0.001908 -0.054502
-0.001424 -0.039352
-0.001054 0.011188
-0.000774 0.098797
-0.000564 0.210790
-0.000409 0.321759
-0.000253 0.406723
-0.000139 0.451646
-0.000058 0.455321
0.000000 0.425542
0.000000 0.373878
0.000000 0.311617
0.000000 0.247591
0.000000 0.187575
0.000000 0.134636
0.000000 0.089863
0.000000 0.053134
0.000000 0.023715
0.000000 0.001045
0.000000 -0.010214
0.000000 0.002076
0.000000 0.048883
0.000000 0.132581
0.000000 0.246373
0.000000 0.378070
0.000000 0.514617
0.000000 0.645062
0.000000 0.761664
0.000000 0.854994
0.000000 0.911034
0.000000 0.918915
0.000000 0.877472
0.000000 0.795142
0.000000 0.685915
0.000000 0.564489
0.000000 0.443152
0.000000 0.330443
0.000000 0.231209
0.000000 0.147365
0.000000 0.078863
0.000000 0.024538
0.000000 -0.017262
0.000000 -0.047921
0.000000 -0.063529
0.000000 -0.052637
0.000000 -0.004919
0.000000 0.081412
0.000000 0.199031
0.000000 0.334959
0.000000 0.470076
0.000000 0.580226
0.000000 0.646147
0.000000 0.660809
0.000000 0.629365
0.000000 0.564249
0.000000 0.479892
0.000000 0.388995
0.000000 0.300803
0.000000 0.220927
0.000000 0.151997
0.000000 0.094600
0.000000 0.048130
0.000000 0.011436
0.000378 -0.016782
0.006719 -0.037764
0.031986 -0.052620
0.087849 -0.062321
0.176914 -0.067692
0.287343 -0.069569
0.394488 -0.068667
0.474051 -0.065647
0.512588 -0.061110
0.509391 -0.055587
0.472652 -0.049535
0.414248 -0.043328
0.345682 -0.037255
0.275925 -0.031570
0.210829 -0.026360
0.153479 -0.021707
0.104951 -0.017645
0.065079 -0.014169
0.033072 -0.011247
0.007922 -0.008453
-0.011363 -0.000143
-0.025671 0.026706
-0.035769 0.083823
-0.042320 0.173873
-0.045915 0.285065
-0.047097 0.392795
-0.046369 0.472803
-0.044196 0.511675
-0.041002 0.508768
-0.037160 0.472244
-0.032988 0.413995
-0.028740 0.345542
-0.024614 0.275867
-0.020750 0.210829
-0.017238 0.153479
-0.014124 0.104951
-0.011425 0.065079
-0.009131 0.033072
-0.006836 0.007922
0.001081 -0.011363
0.027625 -0.025671
0.084507 -0.035769
0.174378 -0.042320
0.285435 -0.045915
0.393064 -0.047097
0.472998 -0.046369
0.511815 -0.044196
0.508826 -0.041002
0.472244 -0.037160
0.413995 -0.032988
0.345542 -0.028740
0.275867 -0.024614
0.210829 -0.020750
0.153479 -0.017238
0.104951 -0.014124
0.065079 -0.011425
0.033072 -0.009131
0.007922 -0.007214
-0.011363 -0.005638
-0.025671 -0.004362
-0.035769 -0.003341
-0.042320 -0.002158
-0.045915 0.004811
-0.047097 0.030562
-0.046369 0.086795
-0.044196 0.176518
-0.041002 0.293498
-0.037160 0.425688
-0.032988 0.554928
-0.028740 0.657755
-0.024614 0.715546
-0.020750 0.721834
-0.017238 0.682085
-0.014124 0.609088
-0.011425 0.517478
-0.009131 0.420074
-0.007214 0.326174
-0.005638 0.241387
-0.004362 0.168310
-0.003341 0.107464
-0.002536 0.058171
-0.001908 0.019196
-0.001046 -0.010840
0.005666 -0.033256
0.031212 -0.049228
0.087284 -0.059791
0.176884 -0.065860
0.293810 -0.068262
0.426335 -0.067753
0.561842 -0.065024
0.689881 -0.060701
0.803453 -0.055335
0.898749 -0.049396
0.969428 -0.043270
1.003576 -0.037255
0.991530 -0.031570
0.932663 -0.026360
0.835564 -0.021707
0.714039 -0.017645
0.582558 -0.014169
0.453146 -0.011247
0.334096 -0.008831
0.230025 -0.006862
0.142639 -0.005280
0.071696 -0.004025
0.015851 -0.003041
-0.026719 -0.002278
-0.057938 -0.001693
-0.079625 -0.001248
-0.093424 -0.000913
-0.100415 -0.000622
-0.096301 -0.000409
-0.069264 -0.000253
-0.008645 -0.000139
0.087653 -0.000058
0.212611 0.000000
0.353902 0.000000
0.498380 0.000000
0.634808 0.000000
0.750348 0.000000
0.828356 0.000000
0.856301 0.000000
0.832201 0.000000
0.764329 0.000000
0.666775 0.000000
0.554571 0.000000
0.440378 0.000000
0.333089 0.000000
0.237846 0.000000
0.156812 0.000000
0.090139 0.000000
0.036878 0.000000
-0.004529 0.000000
-0.035703 0.000000
-0.058191 0.000000
-0.073391 0.000000
-0.082546 0.000000
-0.086768 0.000378
-0.087057 0.006719
-0.084316 0.031986
-0.079357 0.087849
-0.072936 0.177292
-0.065617 0.294062
-0.057911 0.426474
-0.050225 0.561900
-0.042865 0.689881
-0.036040 0.803453
-0.029881 0.898749
-0.024451 0.969428
-0.019762 1.003576
-0.015787 0.991530
-0.012472 0.932663
-0.009750 0.835564
-0.007546 0.714039
-0.005785 0.582558
-0.004395 0.453146
-0.003310 0.334096
-0.002472 0.230025
-0.001832 0.142639
-0.001306 0.071696
-0.000913 0.015851
-0.000622 -0.026719
-0.000409 -0.057938
-0.000253 -0.079625
0.000238 -0.093424
0.006661 -0.100793
0.031986 -0.103021
0.087849 -0.101250
0.177292 -0.096493
0.294062 -0.089639
0.426474 -0.081451
0.561900 -0.072572
0.689881 -0.063520
0.803453 -0.054695
0.898749 -0.046386
0.969428 -0.038784
1.003576 -0.031998
0.991530 -0.026069
0.932663 -0.020987
0.835564 -0.016706
0.714039 -0.013156
0.582558 -0.010255
0.453146 -0.007916
0.334096 -0.006054
0.230025 -0.004589
0.142639 -0.003450
0.071696 -0.002531
0.015851 -0.001832
-0.026719 -0.001306
-0.057938 -0.000913
-0.079625 -0.000622
-0.093424 -0.000409
-0.100793 -0.000253
-0.103021 0.000238
-0.101250 0.006661
-0.096493 0.031986
-0.089639 0.087849
-0.081451 0.176914
-0.072572 0.287343
-0.063520 0.394488
-0.054695 0.474051
-0.046386 0.512588
-0.038784 0.509391
-0.031998 0.472652
-0.026069 0.414248
-0.020987 0.345682
-0.016706 0.275925
-0.013156 0.210829
-0.010255 0.153479
-0.007916 0.104951
-0.006054 0.065079
-0.004589 0.033072
-0.003450 0.008300
-0.002531 -0.004643
-0.001832 0.006315
-0.001306 0.052080
-0.000913 0.134595
-0.000622 0.241427
-0.000409 0.347391
-0.000253 0.427682
-0.000139 0.468392
-0.000058 0.468388
0.000000 0.435492
0.000000 0.381260
0.000000 0.316941
0.000000 0.251311
0.000000 0.190078
0.000000 0.136241
0.000000 0.090827
0.000000 0.053654
0.000000 0.023941
0.000000 0.000709
0.000000 -0.017001
0.000000 -0.030033
0.000000 -0.039110
0.000000 -0.044856
0.000000 -0.047446
0.000000 -0.041802
0.000000 -0.015437
0.000000 0.042878
0.000000 0.135726
0.000000 0.256493
0.000000 0.393234
0.000000 0.533020
0.000000 0.665208
0.000000 0.782325
0.000000 0.875169
0.000000 0.930037
0.000000 0.936288
0.000000 0.892955
0.000000 0.808679
0.000000 0.697514
0.000000 0.574252
0.000000 0.451236
0.000000 0.337038
0.000000 0.236515
0.000000 0.151580
0.000000 0.082170
0.000000 0.027106
0.000000 -0.015290
0.000000 -0.046800
0.000000 -0.069077
0.000000 -0.083708
0.000378 -0.092052
0.006719 -0.095316
0.031986 -0.094623
0.087849 -0.090885
0.177292 -0.084965
0.294062 -0.077610
0.426474 -0.069458
0.561900 -0.061026
0.689881 -0.052720
0.803075 -0.044839
0.892407 -0.037586
0.944162 -0.031079
0.947714 -0.025370
0.902086 -0.020461
0.815893 -0.016313
0.703152 -0.012865
0.578614 -0.010041
0.454577 -0.007760
0.339574 -0.005941
0.238423 -0.004508
0.153003 -0.003391
0.083224 -0.002531
0.027880 -0.001832
-0.014725 -0.001306
-0.046013 -0.000913
-0.062105 -0.000622
-0.051583 -0.000409
-0.004145 -0.000253
0.081976 -0.000139
0.199440 -0.000058
0.335589 0.000000
0.476935 0.000000
0.612270 0.000000
0.733995 0.000000
0.837723 0.000000
0.916708 0.000000
0.958737 0.000000
0.953944 0.000000
0.901584 0.000000
0.810194 0.000000
0.693579 0.000000
0.566245 0.000000
0.440281 0.000000
0.324055 0.000000
0.222265 0.000000
0.136698 0.000000
0.067187 0.000000
0.012460 0.000000
-0.029250 0.000000
-0.059770 0.000000
-0.080931 0.000000
-0.094338 0.000000
-0.101038 0.000000
-0.096710 0.000000
-0.069516 0.000000
-0.008784 0.000000
0.087217 0.000000
0.205891 0.000000
0.321916 0.000000
0.410531 0.000000
0.457894 0.000000
0.463005 0.000000
0.433868 0.000000
0.382250 0.000000
0.319613 0.000000
0.254939 0.000000
0.194123 0.000000
0.140323 0.000000
0.094697 0.000000
0.057163 0.000000
0.027017 0.000000
0.003333 0.000378
-0.014812 0.006719
-0.028202 0.031986
-0.037601 0.087849
-0.043626 0.176914
-0.046829 0.287343
-0.047720 0.394488
-0.046778 0.474051
-0.044449 0.512588
-0.041142 0.509391
-0.037219 0.472652
-0.032988 0.414248
-0.028740 0.345682
-0.024614 0.275925
-0.020750 0.210829
-0.017238 0.153479
-0.014124 0.104951
-0.011425 0.065079
-0.009131 0.033072
-0.006836 0.007922
0.001081 -0.011363
0.027625 -0.025671
0.084507 -0.035769
0.174756 -0.042320
0.292154 -0.045915
0.425050 -0.047097
0.560846 -0.046369
0.689107 -0.044196
0.802889 -0.041002
0.898340 -0.037160
0.969176 -0.032988
1.003437 -0.028740
0.991471 -0.024614
0.932663 -0.020750
0.835564 -0.017238
0.714039 -0.014124
0.582558 -0.011425
0.453146 -0.009131
0.334096 -0.007214
0.230025 -0.005638
0.142639 -0.004362
0.071696 -0.003341
0.015851 -0.002536
-0.026719 -0.001908
-0.057560 -0.001424
-0.072906 -0.001054
-0.061438 -0.000774
-0.012945 -0.000564
0.074272 -0.000409
0.192812 -0.000253
0.329981 -0.000139
0.472261 -0.000058
0.608052 0.000000
0.724161 0.000000
0.803620 0.000000
0.833604 0.000000
0.811884 0.000000
0.746532 0.000000
0.651483 0.000000
0.541658 0.000000
0.429646 0.000000
0.324299 0.000000
0.230745 0.000000
0.151147 0.000000
0.085673 0.000000
0.033354 0.000000
-0.007286 0.000000
-0.037847 0.000000
-0.059809 0.000000
-0.074223 0.000000
-0.076725 0.000000
-0.055443 0.000000
0.000309 0.000000
0.092248 0.000000
0.207733 0.000000
0.321412 0.000000
0.408377 0.000000
0.454678 0.000000
0.459165 0.000000
0.429788 0.000000
0.378208 0.000000
0.315801 0.000000
0.251474 0.000000
0.191066 0.000000
0.137692 0.000000
0.092480 0.000000
0.055329 0.000000
0.025526 0.000000
0.002515 0.000000
-0.009038 0.000000
0.003005 0.000000
0.049607 0.000000
0.133140 0.000000
0.246841 0.000000
0.378463 0.000000
0.514908 0.000000
0.644898 0.000000
0.755479 0.000000
0.829840 0.000000
0.855253 0.000000
0.829530 0.000000
0.760701 0.000000
0.662730 0.000000
0.550489 0.000000
0.436509 0.000000
0.329580 0.000000
0.234770 0.000000
0.154188 0.000000
0.087951 0.000000
0.035047 0.000000
-0.006038 0.000000
-0.036933 0.000000
-0.059186 0.000000
-0.074192 0.000000
-0.083192 0.000000
-0.087290 0.000000
-0.087482 0.000000
-0.084666 0.000000
-0.079609 0.000000
-0.073076 0.000000
-0.065675 0.000000
-0.057911 0.000000
-0.050225 0.000000
-0.042865 0.000000
-0.036040 0.000000
-0.029881 0.000000
-0.024451 0.000000
-0.019762 0.000000
-0.015787 0.000000
-0.012472 0.000000
-0.009750 0.000000
-0.007546 0.000000
-0.005785 0.000000
-0.004395 0.000000
-0.003310 0.000000
-0.002472 0.000000
-0.001832 0.000000
-0.001306 0.000000
-0.000913 0.000000
-0.000622 0.000000
-0.000409 0.000000
-0.000253 0.000000
-0.000139 0.000000
-0.000058 0.000000
0.000000 0.000000
0.000000 0.000000
0.000000 0.000000
0.000000 0.000000
0.000000 0.000000
0.000000 0.000000
0.000000 0.000000
0.000000 0.000000
0.000000 0.000000
0.000000 0.000000
0.000000 0.000000
0.000000 0.000000
0.000000 0.000000
0.000000 0.000000
0.000000 0.000000
0.000000 0.000000
0.000000 0.000000
0.000000 0.000000
0.000000 0.000000
0.000000 0.000000
0.000000 0.000000
0.000000 0.000000
0.000000 0.000000
0.000000 0.000000
0.000000 0.000000
0.000000 0.000000
0.000000 0.000000
0.000000 0.000000
0.000000 0.000000
0.000000 0.000000
0.000000 0.000000
0.000000 0.000000
0.000000 0.000000
0.000000 0.000000
0.000000 0.000000
0.000000 0.000000
0.000000 0.000000
0.000000 0.000000
0.000000 0.000000
0.000000 0.000000
