0.000000 0.000000
0.000000 0.000000
0.000000 0.000000
0.000000 0.000000
0.000000 0.000000
0.000000 0.000000
0.000000 0.000000
0.000000 0.000000
0.000000 0.000000
0.000000 0.000000
0.000000 0.000000
0.000000 0.000000
0.000000 0.000000
0.000000 0.000000
0.000000 0.000000
0.000000 0.000378
0.000000 0.006719
0.000000 0.031986
0.000000 0.087849
0.000000 0.176914
0.000000 0.287343
0.000000 0.394488
0.000000 0.474051
0.000000 0.512588
0.000000 0.509391
0.000000 0.472652
0.000000 0.414248
0.000000 0.345682
0.000000 0.275925
0.000000 0.210829
0.000000 0.153479
0.000000 0.104951
0.000000 0.065079
0.000000 0.033072
0.000000 0.007922
0.000000 -0.011363
0.000000 -0.025671
0.000000 -0.035769
0.000000 -0.041942
0.000000 -0.039196
0.000000 -0.015111
0.000000 0.041479
0.000000 0.133096
0.000000 0.252682
0.000000 0.382594
0.000000 0.496926
0.000000 0.573292
0.000000 0.601546
0.000000 0.584314
0.000000 0.532436
0.000000 0.459538
0.000000 0.378072
0.000000 0.297372
0.000000 0.223287
0.000000 0.158728
0.000000 0.104534
0.000000 0.060307
0.000000 0.025058
0.000000 -0.002006
0.000000 -0.016431
0.000000 -0.006267
0.000000 0.039277
0.000000 0.122037
0.000000 0.229472
0.000000 0.336338
0.000000 0.417687
0.000000 0.459534
0.000000 0.460683
0.000000 0.428864
0.000000 0.375652
0.000000 0.312267
0.000000 0.247470
0.000000 0.186963
0.000000 0.133747
0.000000 0.088852
0.000000 0.052108
0.000000 0.022743
0.000000 0.000167
0.000000 -0.010980
0.000000 0.001427
0.000000 0.048346
0.000000 0.132145
0.000000 0.246025
0.000000 0.377797
0.000000 0.514364
0.000000 0.644451
0.000000 0.755109
0.000000 0.829571
0.000000 0.855059
0.000000 0.829390
0.000000 0.760643
0.000000 0.662730
0.000000 0.550489
0.000000 0.436509
0.000000 0.329580
0.000000 0.234770
0.000000 0.154188
0.000000 0.087951
0.000000 0.035047
0.000000 -0.006038
0.000000 -0.036556
0.000000 -0.052467
0.000000 -0.042206
0.000000 0.004657
0.000000 0.090002
0.000000 0.206580
0.000000 0.341808
0.000000 0.482291
0.000000 0.616805
0.000000 0.737778
0.000000 0.840838
0.000000 0.919203
0.000000 0.960712
0.000000 0.955490
0.000000 0.902782
0.000000 0.811113
0.000000 0.694277
0.000000 0.566771
0.000000 0.440674
0.000000 0.324346
0.000000 0.222479
0.000000 0.136854
0.000000 0.067301
0.000000 0.012541
0.000000 -0.029192
0.000000 -0.059392
0.000000 -0.074212
0.000000 -0.062352
0.000000 -0.013567
0.000000 0.073485
0.000000 0.185840
0.000000 0.297855
0.000000 0.384354
0.000000 0.431137
0.000000 0.436818
0.000000 0.409132
0.000000 0.359553
0.000000 0.299296
0.000000 0.237142
0.000000 0.178831
0.000000 0.127410
0.000000 0.083965
0.000000 0.048374
0.000000 0.019916
0.000378 -0.002332
0.006719 -0.019279
0.031986 -0.031725
0.087849 -0.040358
0.176914 -0.045769
0.287343 -0.048446
0.394488 -0.048930
0.474051 -0.047675
0.512588 -0.045110
0.509391 -0.041625
0.472652 -0.037569
0.414248 -0.033240
0.345682 -0.028880
0.275925 -0.024673
0.210829 -0.020750
0.153479 -0.017238
0.104951 -0.014124
0.065079 -0.011425
0.033072 -0.009131
0.007922 -0.007214
-0.011363 -0.005638
-0.025671 -0.004362
-0.035391 -0.003341
-0.035600 -0.002536
-0.013929 -0.001908
0.040751 -0.001424
0.130923 -0.001054
0.249866 -0.000774
0.385472 -0.000564
0.524739 -0.000409
0.656893 -0.000253
0.774713 -0.000139
0.874134 -0.000058
0.948678 0.000000
0.986339 0.000000
0.977405 0.000000
0.921237 0.000000
0.826434 0.000000
0.706826 0.000000
0.576920 0.000000
0.448784 0.000000
0.330755 0.000000
0.227489 0.000000
0.140731 0.000000
0.070272 0.000000
0.014798 0.000000
-0.027493 0.000000
-0.058124 0.000000
-0.073314 0.000000
-0.061691 0.000000
-0.013084 0.000000
0.073836 0.000000
0.186093 0.000000
0.297995 0.000000
0.384413 0.000000
0.431137 0.000000
0.436818 0.000000
0.409132 0.000000
0.359553 0.000000
0.299296 0.000000
0.237142 0.000000
0.178831 0.000000
0.127410 0.000000
0.083965 0.000000
0.048374 0.000000
0.019916 0.000000
-0.002332 0.000378
-0.019279 0.006719
-0.031725 0.031986
-0.040358 0.087849
-0.045769 0.177292
-0.048446 0.294062
-0.048930 0.426474
-0.047675 0.561522
-0.045110 0.683161
-0.041625 0.771467
-0.037569 0.811278
-0.033240 0.798855
-0.028880 0.741500
-0.024673 0.652904
-0.020750 0.548055
-0.017238 0.439746
-0.014124 0.337061
-0.011425 0.245331
-0.009131 0.166879
-0.007214 0.101987
-0.005638 0.049773
-0.004362 0.008832
-0.002964 -0.022369
0.004183 -0.045284
0.030078 -0.061222
0.086425 -0.071338
0.176238 -0.076660
0.293288 -0.078118
0.425910 -0.076553
0.561491 -0.072729
0.689628 -0.067328
0.803313 -0.060943
0.898690 -0.054070
0.969428 -0.047111
1.003576 -0.040370
0.991530 -0.034065
0.932663 -0.028335
0.835564 -0.023253
0.714039 -0.018843
0.582558 -0.015088
0.453146 -0.011946
0.334096 -0.009357
0.230025 -0.007255
0.142639 -0.005571
0.071696 -0.004239
0.015851 -0.003197
-0.026719 -0.002391
-0.057938 -0.001396
-0.079625 0.005413
-0.093424 0.031073
-0.100793 0.087226
-0.103021 0.176506
-0.101250 0.287090
-0.096493 0.394349
-0.089639 0.473993
-0.081451 0.512588
-0.072572 0.509391
-0.063520 0.472652
-0.054695 0.414248
-0.046386 0.345682
-0.038784 0.275925
-0.031998 0.210829
-0.026069 0.153479
-0.020987 0.104951
-0.016706 0.065079
-0.013156 0.033072
-0.010255 0.008300
-0.007916 -0.004643
-0.006054 0.006315
-0.004589 0.052080
-0.003450 0.134595
-0.002531 0.241427
-0.001832 0.347391
-0.001306 0.427682
-0.000913 0.468392
-0.000622 0.468388
-0.000409 0.435492
-0.000253 0.381260
-0.000139 0.316941
-0.000058 0.251311
0.000000 0.190078
0.000000 0.136241
0.000000 0.090827
0.000000 0.053654
0.000000 0.023941
0.000000 0.001086
0.000000 -0.010281
0.000000 0.001953
0.000000 0.048738
0.000000 0.132436
0.000000 0.246239
0.000000 0.377953
0.000000 0.514477
0.000000 0.644533
0.000000 0.755167
0.000000 0.829571
0.000000 0.855059
0.000000 0.829390
0.000000 0.760643
0.000000 0.662730
0.000000 0.550489
0.000000 0.436509
0.000000 0.329580
0.000000 0.234770
0.000000 0.154188
0.000000 0.087951
0.000000 0.035047
0.000000 -0.006038
0.000378 -0.036933
0.006719 -0.059186
0.031986 -0.074192
0.087849 -0.083192
0.177292 -0.087290
0.294062 -0.087482
0.426474 -0.084666
0.561900 -0.079609
0.689503 -0.073076
0.796733 -0.065675
0.867140 -0.057911
0.888299 -0.050225
0.858270 -0.042865
0.785316 -0.036040
0.683481 -0.029881
0.567727 -0.024451
0.450633 -0.019762
0.341005 -0.015787
0.243900 -0.012472
0.161401 -0.009750
0.093589 -0.007546
0.039408 -0.005785
-0.002697 -0.004395
-0.034397 -0.003310
-0.057278 -0.002472
-0.072769 -0.001832
-0.082138 -0.001306
-0.086516 -0.000536
-0.086918 0.006097
-0.084258 0.031578
-0.079357 0.087596
-0.072936 0.176775
-0.065617 0.287285
-0.057911 0.394488
-0.050225 0.474051
-0.042865 0.512588
-0.036040 0.509391
-0.029881 0.472652
-0.024451 0.414248
-0.019762 0.345682
-0.015787 0.275925
-0.012472 0.210829
-0.009750 0.153479
-0.007546 0.104951
-0.005785 0.065079
-0.004395 0.033072
-0.002932 0.007922
0.004247 -0.011363
0.030154 -0.025671
0.086542 -0.035769
0.176379 -0.042320
0.293440 -0.045915
0.426066 -0.047097
0.561647 -0.046369
0.689741 -0.044196
0.803017 -0.041002
0.892407 -0.037160
0.944162 -0.032988
0.947714 -0.028740
0.902086 -0.024614
0.815893 -0.020750
0.703152 -0.017238
0.578614 -0.014124
0.454577 -0.011425
0.339574 -0.009131
0.238423 -0.007214
0.153003 -0.005638
0.083224 -0.004362
0.027880 -0.003341
-0.014725 -0.002536
-0.046391 -0.001530
-0.068825 0.005296
-0.083569 0.030932
-0.091993 0.087075
-0.095316 0.176728
-0.094623 0.293654
-0.090885 0.426222
-0.084965 0.561760
-0.077610 0.689822
-0.069458 0.803075
-0.061026 0.892407
-0.052720 0.944162
-0.044839 0.947714
-0.037586 0.902086
-0.031079 0.815893
-0.025370 0.703152
-0.020461 0.578614
-0.016313 0.454577
-0.012865 0.339574
-0.010041 0.238423
-0.007760 0.153003
-0.005941 0.083224
-0.004508 0.027880
-0.003391 -0.014725
-0.002531 -0.046391
-0.001832 -0.068825
-0.001306 -0.083191
-0.000913 -0.085274
-0.000622 -0.063330
-0.000409 -0.006774
-0.000253 0.086029
-0.000139 0.202378
-0.000058 0.316878
0.000000 0.404594
0.000000 0.451563
0.000000 0.456671
0.000000 0.427813
0.000000 0.376662
0.000000 0.314603
0.000000 0.250555
0.000000 0.190368
0.000000 0.137166
0.000000 0.092087
0.000000 0.055038
0.000000 0.025312
0.000378 0.001981
0.006719 -0.015871
0.031986 -0.029063
0.087849 -0.038299
0.177292 -0.044152
0.294062 -0.047222
0.426474 -0.048011
0.561900 -0.046992
0.689503 -0.044605
0.796733 -0.041255
0.867140 -0.037300
0.888299 -0.033046
0.858270 -0.028740
0.785316 -0.024614
0.683481 -0.020750
0.567727 -0.017238
0.450633 -0.014124
0.341005 -0.011425
0.243900 -0.009131
0.161401 -0.007214
0.093589 -0.005638
0.039408 -0.004362
-0.002697 -0.003341
-0.034019 -0.002536
-0.050558 -0.001908
-0.040783 -0.001424
0.005711 -0.001054
0.090776 -0.000774
0.207145 -0.000564
0.342216 -0.000409
0.482543 -0.000253
0.616566 -0.000139
0.731117 -0.000058
0.809229 0.000000
0.838074 0.000000
0.815406 0.000000
0.749276 0.000000
0.653600 0.000000
0.543275 0.000000
0.430871 0.000000
0.325218 0.000000
0.231428 0.000000
0.151652 0.000000
0.086043 0.000000
0.033623 0.000000
-0.007092 0.000000
-0.037330 0.000000
-0.053031 0.000000
-0.042615 0.000000
0.004404 0.000000
0.089485 0.000000
0.199803 0.000000
0.309822 0.000000
0.394442 0.000000
0.439513 0.000000
0.443716 0.000000
0.414741 0.000000
0.364022 0.000000
0.302817 0.000000
0.239886 0.000000
0.180948 0.000000
0.129028 0.000000
0.085189 0.000000
0.049293 0.000000
0.020600 0.000000
-0.001450 0.000000
-0.012189 0.000000
0.000530 0.000000
0.047685 0.000000
0.131662 0.000000
0.245674 0.000000
0.377544 0.000000
0.513847 0.000000
0.638051 0.000000
0.729842 0.000000
0.773709 0.000000
0.765615 0.000000
0.712620 0.000000
0.628231 0.000000
0.527305 0.000000
0.422508 0.000000
0.322937 0.000000
0.233906 0.000000
0.157748 0.000000
0.094773 0.000000
0.044135 0.000000
0.004470 0.000000
-0.025710 0.000378
-0.047820 0.006719
-0.063130 0.031986
-0.072761 0.087849
-0.077714 0.177292
-0.078892 0.294062
-0.077117 0.426096
-0.073138 0.555180
-0.067581 0.657895
-0.061082 0.715604
-0.054128 0.721834
-0.047111 0.682085
-0.040370 0.609088
-0.034065 0.517478
-0.028335 0.420074
-0.023253 0.326174
-0.018843 0.241387
-0.015088 0.168310
-0.011946 0.107464
-0.009357 0.058171
-0.007255 0.019196
-0.005571 -0.010463
-0.004239 -0.026536
-0.003197 -0.017242
-0.002391 0.028058
-0.001774 0.111054
-0.001306 0.219080
-0.000913 0.326735
-0.000622 0.409027
-0.000409 0.451887
-0.000253 0.454056
-0.000139 0.423256
-0.000058 0.370978
0.000000 0.308427
0.000000 0.244355
0.000000 0.184469
0.000000 0.131772
0.000000 0.087306
0.000000 0.050910
0.000000 0.021824
0.000000 -0.000909
0.000000 -0.018225
0.000000 -0.030574
0.000000 -0.033074
0.000000 -0.013375
0.000000 0.039655
0.000000 0.128502
0.000000 0.246445
0.000000 0.381364
0.000000 0.520275
0.000000 0.651934
0.000000 0.763493
0.000000 0.838261
0.000000 0.863626
0.000000 0.837520
0.000000 0.768078
0.000000 0.669356
0.000000 0.556301
0.000000 0.441502
0.000000 0.333791
0.000000 0.238262
0.000000 0.157040
0.000000 0.090247
0.000000 0.036872
0.000000 -0.004605
0.000378 -0.035821
0.006719 -0.058332
0.031986 -0.073543
0.087849 -0.082702
0.176914 -0.086924
0.287343 -0.087170
0.394488 -0.084397
0.474051 -0.079415
0.512588 -0.072936
0.509391 -0.065617
0.472652 -0.057911
0.414248 -0.050225
0.345682 -0.042865
0.275925 -0.036040
0.210829 -0.029881
0.153479 -0.024451
0.104951 -0.019762
0.065079 -0.015787
0.033072 -0.012472
0.008300 -0.009750
-0.004643 -0.007546
0.006315 -0.005785
0.052080 -0.004395
0.134973 -0.003310
0.248147 -0.002472
0.379377 -0.001832
0.515531 -0.001306
0.645684 -0.000913
0.762073 -0.000622
0.855246 -0.000409
0.911174 -0.000253
0.918974 -0.000139
0.877472 -0.000058
0.795142 0.000000
0.685915 0.000000
0.564489 0.000000
0.443152 0.000000
0.330443 0.000000
0.231209 0.000000
0.147365 0.000000
0.078863 0.000000
0.024538 0.000000
-0.017262 0.000000
-0.048299 0.000000
-0.070248 0.000378
-0.084623 0.006719
-0.092767 0.031986
-0.095880 0.087849
-0.095031 0.176914
-0.091138 0.287343
-0.085104 0.394488
-0.077669 0.474051
-0.069458 0.512588
-0.061026 0.509391
-0.052720 0.472652
-0.044839 0.414248
-0.037586 0.345682
-0.031079 0.275925
-0.025370 0.210829
-0.020461 0.153479
-0.016313 0.104951
-0.012865 0.065079
-0.010041 0.033072
-0.007760 0.007922
-0.005941 -0.011363
-0.004508 -0.025671
-0.003391 -0.035391
-0.002531 -0.035600
-0.001832 -0.013929
-0.001306 0.040751
-0.000913 0.130545
-0.000622 0.243146
-0.000409 0.353486
-0.000253 0.436891
-0.000139 0.479601
-0.000058 0.480650
0.000000 0.448038
0.000000 0.393497
0.000000 0.328444
0.000000 0.261801
0.000000 0.199403
0.000000 0.144349
0.000000 0.097738
0.000000 0.059441
0.000000 0.028710
0.000378 0.004581
0.006719 -0.013899
0.031986 -0.027579
0.087849 -0.037192
0.177292 -0.043373
0.294062 -0.046689
0.426474 -0.047662
0.561900 -0.046778
0.689503 -0.044449
0.796733 -0.041142
0.867140 -0.037219
0.888299 -0.032988
0.858270 -0.028740
0.785316 -0.024614
0.683481 -0.020750
0.567727 -0.017238
0.450633 -0.014124
0.341005 -0.011425
0.243900 -0.009131
0.161401 -0.007214
0.093589 -0.005638
0.039408 -0.004362
-0.002697 -0.003341
-0.034019 -0.002536
-0.050558 -0.001908
-0.040783 -0.001424
0.005711 -0.001054
0.090398 -0.000774
0.200425 -0.000564
0.310230 -0.000409
0.394695 -0.000253
0.439652 -0.000139
0.443774 -0.000058
0.414741 0.000000
0.364022 0.000000
0.302817 0.000000
0.239886 0.000000
0.180948 0.000000
0.129028 0.000000
0.085189 0.000000
0.049293 0.000000
0.020600 0.000000
-0.001450 0.000000
-0.012189 0.000000
0.000530 0.000000
0.047685 0.000000
0.131662 0.000000
0.245674 0.000000
0.377544 0.000000
0.514225 0.000000
0.644393 0.000000
0.755109 0.000000
0.829571 0.000000
0.855059 0.000000
0.829390 0.000000
0.760643 0.000000
0.662730 0.000000
0.550489 0.000000
0.436509 0.000000
0.329580 0.000000
0.234770 0.000000
0.154188 0.000000
0.087951 0.000000
0.035047 0.000000
-0.006038 0.000000
-0.036556 0.000000
-0.052467 0.000000
-0.042206 0.000000
0.004657 0.000000
0.090002 0.000000
0.206580 0.000000
0.341808 0.000000
0.482291 0.000000
0.616427 0.000000
0.731058 0.000000
0.809229 0.000000
0.838074 0.000000
0.815406 0.000000
0.749276 0.000000
0.653600 0.000000
0.543275 0.000000
0.430871 0.000000
0.325218 0.000000
0.231428 0.000000
0.151652 0.000000
0.086043 0.000000
0.033623 0.000000
-0.007092 0.000000
-0.037330 0.000000
-0.053031 0.000000
-0.042615 0.000000
0.004404 0.000000
0.089485 0.000000
0.199803 0.000000
0.309822 0.000000
0.394442 0.000000
0.439513 0.000000
0.443716 0.000000
0.414741 0.000000
0.364022 0.000000
0.302817 0.000000
0.239886 0.000000
0.180948 0.000000
0.129028 0.000000
0.085189 0.000000
0.049293 0.000000
0.020600 0.000000
-0.001828 0.000000
-0.018909 0.000000
-0.031079 0.000000
-0.033444 0.000000
-0.013644 0.000000
0.039461 0.000000
0.127985 0.000000
0.239667 0.000000
0.349378 0.000000
0.432427 0.000000
0.475019 0.000000
0.476150 0.000000
0.443772 0.000000
0.389575 0.000000
0.324931 0.000000
0.258688 0.000000
0.196704 0.000000
0.142054 0.000000
0.095821 0.000000
0.057866 0.000000
0.027434 0.000000
0.003561 0.000000
-0.014704 0.000000
-0.028207 0.000000
-0.037677 0.000000
-0.043743 0.000000
-0.046969 0.000000
-0.047871 0.000000
-0.046933 0.000000
-0.044605 0.000000
-0.041255 0.000000
-0.037300 0.000000
-0.033046 0.000000
-0.028740 0.000000
-0.024614 0.000000
-0.020750 0.000000
-0.017238 0.000000
-0.014124 0.000000
-0.011425 0.000000
-0.009131 0.000000
-0.007214 0.000000
-0.005638 0.000000
-0.004362 0.000000
-0.003341 0.000000
-0.002536 0.000000
-0.001908 0.000000
-0.001424 0.000000
-0.001054 0.000000
-0.000774 0.000000
-0.000564 0.000000
-0.000409 0.000000
-0.000253 0.000000
-0.000139 0.000000
-0.000058 0.000000
0.000000 0.000000
0.000000 0.000000
0.000000 0.000000
0.000000 0.000000
0.000000 0.000000
0.000000 0.000000
0.000000 0.000000
0.000000 0.000000
0.000000 0.000000
0.000000 0.000000
0.000000 0.000000
0.000000 0.000000
0.000000 0.000000
0.000000 0.000000
0.000000 0.000000
0.000000 0.000000
0.000000 0.000000
0.000000 0.000000
0.000000 0.000000
0.000000 0.000000
0.000000 0.000000
0.000000 0.000000
0.000000 0.000000
0.000000 0.000000
0.000000 0.000000
0.000000 0.000000
0.000000 0.000000
0.000000 0.000000
0.000000 0.000000
0.000000 0.000000
0.000000 0.000000
0.000000 0.000000
0.000000 0.000000
0.000000 0.000000
0.000000 0.000000
0.000000 0.000000
0.000000 0.000000
0.000000 0.000000
0.000000 0.000000
0.000000 0.000000
0.000000 0.000000
0.000000 0.000000
0.000000 0.000000
0.000000 0.000000
0.000000 0.000000
0.000000 0.000000
0.000000 0.000000
0.000000 0.000000
0.000000 0.000000
0.000000 0.000000
0.000000 0.000000
0.000000 0.000000
0.000000 0.000000
0.000000 0.000000
0.000000 0.000000
0.000000 0.000000
0.000000 0.000000
0.000000 0.000000
0.000000 0.000000
0.000000 0.000000
0.000000 0.000000
0.000000 0.000000
0.000000 0.000000
0.000000 0.000000
0.000000 0.000000
0.000000 0.000000
0.000000 0.000000
0.000000 0.000000
0.000000 0.000000
