0.000000 0.000000
0.000000 0.000000
0.000000 0.000000
0.000000 0.000000
0.000000 0.000000
0.000000 0.000000
0.000000 0.000000
0.000000 0.018566
0.000000 0.165070
0.000000 0.420840
0.000000 0.559289
0.000000 0.498568
0.000000 0.341739
0.000000 0.189522
0.000000 0.079108
0.000000 0.009577
0.000000 -0.029568
0.018566 -0.047478
0.165070 -0.051044
0.420840 -0.045910
0.559289 -0.036718
0.498568 -0.026824
0.341739 -0.018181
0.189522 -0.011557
0.079108 -0.006945
0.009577 -0.003971
-0.011003 -0.002172
0.117591 -0.001141
0.388361 -0.000578
0.678448 -0.000192
0.882690 0.000000
0.874204 0.000000
0.669909 0.000000
0.409291 0.000000
0.192154 0.000000
0.045569 0.000000
-0.040073 0.000000
-0.063188 0.000000
0.071102 0.000000
0.351452 0.000000
0.651624 0.000000
0.864509 0.000000
0.862648 0.000000
0.662965 0.000000
0.405320 0.000000
0.189983 0.000000
0.044428 0.000000
-0.040651 0.000000
-0.081945 0.018566
-0.093967 0.165070
-0.087953 0.420840
-0.072734 0.559289
-0.054899 0.498568
-0.038380 0.341739
-0.025126 0.189522
-0.015527 0.079108
-0.009116 0.009577
-0.005112 -0.011003
-0.002750 0.117591
-0.001333 0.369796
-0.000578 0.513378
-0.000192 0.461851
0.000000 0.314916
0.000000 0.171341
0.000000 0.067551
0.000000 0.002632
0.000000 -0.014973
0.000000 0.115420
0.000000 0.387220
0.000000 0.659304
0.000000 0.735995
0.000000 0.599869
0.000000 0.384956
0.000000 0.195676
0.000000 0.064030
0.000000 -0.015829
0.018566 -0.057783
0.165070 -0.073620
0.420840 -0.072532
0.559289 -0.061910
0.498568 -0.047733
0.341739 -0.033989
0.189522 -0.022572
0.079108 -0.014110
0.009577 -0.008362
-0.029568 0.013841
-0.047478 0.162511
-0.051044 0.438072
-0.045910 0.705214
-0.036718 0.772712
-0.026824 0.626693
-0.018181 0.403137
-0.011557 0.207232
-0.006945 0.070975
-0.003971 -0.011858
-0.002172 -0.055611
-0.001141 -0.072479
-0.000578 -0.053388
-0.000192 0.103351
0.000000 0.373106
0.000000 0.525299
0.000000 0.475996
0.000000 0.327629
0.000000 0.181160
0.000000 0.074383
0.000000 0.007018
0.000000 -0.012336
0.000000 0.117013
0.000000 0.388170
0.000000 0.678448
0.000000 0.901256
0.000000 1.020708
0.000000 0.944245
0.000000 0.694244
0.000000 0.405770
0.000000 0.173693
0.000000 0.021325
0.000000 -0.064043
0.000000 -0.083535
0.000000 0.055681
0.000000 0.322062
0.000000 0.479389
0.000000 0.439279
0.000000 0.300806
0.000000 0.162979
0.000000 0.062826
0.000000 0.000074
0.000000 -0.034872
0.000000 -0.050228
0.000000 -0.033811
0.000000 0.118581
0.000000 0.402496
0.000000 0.678969
0.000000 0.754723
0.000000 0.615136
0.000000 0.396193
0.000000 0.203261
0.000000 0.068803
0.000000 -0.013000
0.018566 -0.056190
0.165070 -0.072671
0.439405 -0.071953
0.705793 -0.061718
0.772904 -0.047733
0.626693 -0.033989
0.403137 -0.022572
0.207232 -0.014110
0.070975 -0.008362
-0.011858 -0.004725
-0.055611 -0.002559
-0.072479 -0.001333
-0.071953 0.017987
-0.061718 0.164878
-0.047733 0.420840
-0.033989 0.559289
-0.022572 0.498568
-0.014110 0.341739
-0.008362 0.189522
-0.004725 0.079108
-0.002559 0.009577
-0.001333 -0.011003
-0.000578 0.117591
-0.000192 0.388361
0.000000 0.678448
0.000000 0.882690
0.000000 0.874204
0.000000 0.669909
0.000000 0.409291
0.000000 0.192154
0.000000 0.045569
0.000000 -0.040073
0.000000 -0.063188
0.000000 0.071102
0.000000 0.351452
0.000000 0.651624
0.000000 0.883075
0.000000 1.009152
0.000000 0.937300
0.000000 0.690273
0.000000 0.403598
0.000000 0.172552
0.000000 0.020746
0.000000 -0.064235
0.000000 -0.083535
0.000000 0.055681
0.000000 0.340628
0.000000 0.644459
0.000000 0.860118
0.000000 0.860094
0.000000 0.661547
0.000000 0.404566
0.000000 0.189596
0.000000 0.044236
0.000000 -0.040651
0.000000 -0.063379
0.000000 0.071102
0.000000 0.332886
0.000000 0.486555
0.000000 0.443670
0.000000 0.303359
0.000000 0.164396
0.000000 0.063581
0.000000 0.000461
0.000000 -0.016115
0.000000 0.114841
0.000000 0.387028
0.000000 0.677869
0.000000 0.882499
0.000000 0.874204
0.000000 0.669909
0.000000 0.409291
0.000000 0.192154
0.000000 0.045569
0.000000 -0.040073
0.000000 -0.081753
0.018566 -0.093967
0.165070 -0.087953
0.420840 -0.072734
0.559289 -0.054899
0.498568 -0.038380
0.341739 -0.025126
0.189522 -0.015527
0.079108 -0.009116
0.009577 -0.005112
-0.011003 -0.002750
0.117591 -0.001333
0.388361 -0.000578
0.659882 -0.000192
0.736186 0.000000
0.599869 0.000000
0.384956 0.000000
0.195676 0.000000
0.064030 0.000000
-0.015829 0.000000
-0.039217 0.000000
0.091449 0.000000
0.366873 0.000000
0.662448 0.000000
0.871675 0.000000
0.867039 0.000000
0.665518 0.000000
0.406737 0.000000
0.190737 0.000000
0.044814 0.000000
-0.040460 0.000000
-0.063379 0.000000
0.071102 0.000000
0.332886 0.000000
0.486555 0.000000
0.443670 0.000000
0.303359 0.000000
0.164396 0.000000
0.063581 0.000000
0.000461 0.000000
-0.016115 0.000000
0.114841 0.000000
0.368463 0.000000
0.512800 0.000000
0.461659 0.000000
0.314916 0.000000
0.171341 0.000000
0.067551 0.000000
0.002632 0.000000
-0.033539 0.000000
-0.031084 0.000000
0.112885 0.000000
0.392916 0.000000
0.668883 0.000000
0.746080 0.000000
0.608511 0.000000
0.391581 0.000000
0.200288 0.000000
0.067004 0.000000
-0.014030 0.000000
-0.056753 0.000000
-0.054492 0.000000
0.092925 0.000000
0.377687 0.000000
0.676625 0.000000
0.903984 0.000000
1.024960 0.000000
0.948316 0.000000
0.697439 0.000000
0.407989 0.000000
0.175105 0.000000
0.022164 0.000000
-0.063481 0.000000
-0.083148 0.000000
0.055873 0.000000
0.340628 0.000000
0.625893 0.000000
0.713614 0.000000
0.585759 0.000000
0.376594 0.000000
0.190950 0.000000
0.061472 0.000000
-0.017162 0.000000
-0.058362 0.000000
-0.055246 0.000000
0.092538 0.000000
0.377495 0.000000
0.676625 0.000000
0.903984 0.000000
1.024960 0.000000
0.948316 0.000000
0.697439 0.000000
0.407989 0.000000
0.175105 0.000000
0.022164 0.000000
-0.063481 0.000000
-0.083148 0.000000
0.055873 0.000000
0.340628 0.000000
0.625893 0.000000
0.713614 0.000000
0.585759 0.000000
0.376594 0.000000
0.190950 0.000000
0.061472 0.000000
-0.017162 0.000000
-0.058362 0.000000
-0.073812 0.000000
-0.072532 0.000000
-0.061910 0.000000
-0.047733 0.000000
-0.033989 0.000000
-0.022572 0.000000
-0.014110 0.000000
-0.008362 0.000000
-0.004725 0.000000
-0.002559 0.000000
-0.001333 0.000000
-0.000578 0.000000
-0.000192 0.000000
0.000000 0.000000
0.000000 0.000000
0.000000 0.000000
0.000000 0.000000
0.000000 0.000000
0.000000 0.000000
0.000000 0.000000
0.000000 0.000000
0.000000 0.000000
0.000000 0.000000
0.000000 0.000000
0.000000 0.000000
0.000000 0.000000
0.000000 0.000000
0.000000 0.000000
0.000000 0.000000
0.000000 0.000000
0.000000 0.000000
0.000000 0.000000
0.000000 0.000000
0.000000 0.000000
0.000000 0.000000
0.000000 0.000000
0.000000 0.000000
0.000000 0.000000
0.000000 0.000000
0.000000 0.000000
0.000000 0.000000
0.000000 0.000000
0.000000 0.000000
0.000000 0.000000
0.000000 0.000000
0.000000 0.000000
0.000000 0.000000
0.000000 0.000000
0.000000 0.000000
0.000000 0.000000
0.000000 0.000000
0.000000 0.000000
0.000000 0.000000
0.000000 0.000000
0.000000 0.000000
0.000000 0.000000
0.000000 0.000000
0.000000 0.000000
0.000000 0.000000
0.000000 0.000000
0.000000 0.000000
0.000000 0.000000
0.000000 0.000000
0.000000 0.000000
0.000000 0.000000
0.000000 0.000000
0.000000 0.000000
0.000000 0.000000
0.000000 0.000000
0.000000 0.000000
0.000000 0.000000
0.000000 0.000000
0.000000 0.000000
0.000000 0.000000
0.000000 0.000000
0.000000 0.000000
0.000000 0.000000
0.000000 0.000000
0.000000 0.000000
0.000000 0.000000
0.000000 0.000000
0.000000 0.000000
0.000000 0.000000
