0.000000 0.000000
0.000000 0.000000
0.000000 0.000000
0.000000 0.000000
0.000000 0.000000
0.000000 0.000000
0.000000 0.000000
0.000000 0.000000
0.018566 0.000000
0.165070 0.000000
0.439405 0.000000
0.724358 0.000000
0.919408 0.000000
0.901028 0.000000
0.688090 0.000000
0.420847 0.000000
0.199099 0.000000
0.049540 0.000000
-0.037901 0.000000
-0.062046 0.000000
0.071681 0.000000
0.351644 0.000000
0.651624 0.000000
0.883075 0.000000
1.009152 0.000000
0.937300 0.000000
0.690273 0.000000
0.403598 0.000000
0.172552 0.000000
0.020746 0.000000
-0.064235 0.000000
-0.083535 0.000000
0.055681 0.000000
0.322062 0.000000
0.479389 0.000000
0.439279 0.000000
0.300806 0.000000
0.162979 0.000000
0.062826 0.000000
0.000074 0.000000
-0.034872 0.000000
-0.031663 0.000000
0.112693 0.000000
0.392916 0.000000
0.687449 0.000000
0.892584 0.000000
0.882847 0.000000
0.676534 0.000000
0.413903 0.000000
0.195128 0.000000
0.047368 0.000000
-0.039043 0.000000
-0.062625 0.000000
0.071489 0.000000
0.351644 0.000000
0.651624 0.000000
0.864509 0.000000
0.862648 0.000000
0.662965 0.000000
0.405320 0.000000
0.189983 0.000000
0.044428 0.000000
-0.040651 0.000000
-0.081945 0.018566
-0.093967 0.165070
-0.087953 0.439405
-0.072734 0.705793
-0.054899 0.772904
-0.038380 0.626693
-0.025126 0.403137
-0.015527 0.207232
-0.009116 0.070975
-0.005112 -0.011858
-0.002750 -0.055611
0.017233 -0.072479
0.164491 -0.071953
0.439214 -0.061718
0.724358 -0.047733
0.919408 -0.033989
0.901028 -0.022572
0.688090 -0.014110
0.420847 -0.008362
0.199099 -0.004725
0.049540 -0.002559
-0.037901 -0.001333
-0.080612 0.017987
-0.093389 0.164878
-0.087761 0.439405
-0.072734 0.724358
-0.054899 0.919408
-0.038380 0.901028
-0.025126 0.688090
-0.015527 0.420847
-0.009116 0.199099
-0.005112 0.049540
-0.002750 -0.037901
0.017233 -0.080612
0.164491 -0.093389
0.420648 -0.087761
0.559289 -0.072734
0.498568 -0.054899
0.341739 -0.038380
0.189522 -0.025126
0.079108 -0.015527
0.009577 -0.009116
-0.029568 0.013454
-0.047478 0.162319
-0.051044 0.438072
-0.045910 0.723780
-0.036718 0.937782
-0.026824 1.047532
-0.018181 0.962426
-0.011557 0.705800
-0.006945 0.412714
-0.003971 0.177664
-0.002172 0.023497
-0.001141 -0.062902
-0.000578 -0.082956
-0.000192 0.055873
0.000000 0.322062
0.000000 0.479389
0.000000 0.439279
0.000000 0.300806
0.000000 0.162979
0.000000 0.062826
0.000000 0.000074
0.000000 -0.034872
0.018566 -0.050228
0.165070 -0.052377
0.420840 -0.046489
0.559289 -0.036909
0.498568 -0.026824
0.341739 -0.018181
0.189522 -0.011557
0.079108 -0.006945
0.009577 -0.003971
-0.029568 -0.002172
-0.047478 -0.001141
-0.051044 0.017987
-0.045910 0.164878
-0.036718 0.420840
-0.026824 0.559289
-0.018181 0.498568
-0.011557 0.341739
-0.006945 0.189522
-0.003971 0.079108
-0.002172 0.009577
-0.001141 -0.011003
-0.000578 0.117591
-0.000192 0.369796
0.000000 0.513378
0.000000 0.461851
0.000000 0.314916
0.000000 0.171341
0.000000 0.067551
0.000000 0.002632
0.000000 -0.014973
0.000000 0.115420
0.000000 0.387220
0.000000 0.659304
0.000000 0.735995
0.000000 0.599869
0.000000 0.384956
0.000000 0.195676
0.000000 0.064030
0.000000 -0.015829
0.000000 -0.039217
0.000000 0.091449
0.000000 0.348308
0.000000 0.497379
0.000000 0.450835
0.000000 0.307750
0.000000 0.166950
0.000000 0.064998
0.000000 0.001215
0.000000 -0.015728
0.000000 0.115033
0.000000 0.368463
0.000000 0.512800
0.000000 0.461659
0.000000 0.314916
0.000000 0.171341
0.000000 0.067551
0.000000 0.002632
0.018566 -0.033539
0.165070 -0.049650
0.439405 -0.052185
0.705793 -0.046489
0.772904 -0.036909
0.626693 -0.026824
0.403137 -0.018181
0.207232 -0.011557
0.070975 -0.006945
-0.011858 -0.003971
-0.055611 0.016394
-0.072479 0.163928
-0.071953 0.438827
-0.061718 0.724167
-0.047733 0.919408
-0.033989 0.901028
-0.022572 0.688090
-0.014110 0.420847
-0.008362 0.199099
-0.004725 0.049540
-0.002559 -0.037901
-0.001333 -0.062046
-0.000578 0.071681
-0.000192 0.351644
0.000000 0.633058
0.000000 0.718005
0.000000 0.588312
0.000000 0.378012
0.000000 0.191705
0.000000 0.061859
0.000000 -0.016970
0.000000 -0.039796
0.000000 0.091258
0.000000 0.366873
0.000000 0.662448
0.000000 0.871675
0.000000 0.867039
0.000000 0.665518
0.000000 0.406737
0.000000 0.190737
0.000000 0.044814
0.000000 -0.040460
0.000000 -0.063379
0.000000 0.071102
0.000000 0.351452
0.000000 0.651624
0.000000 0.883075
0.000000 1.009152
0.000000 0.937300
0.000000 0.690273
0.000000 0.403598
0.000000 0.172552
0.000000 0.020746
0.000000 -0.064235
0.018566 -0.102100
0.165070 -0.109388
0.439405 -0.098777
0.705793 -0.079900
0.772904 -0.059290
0.626693 -0.040934
0.403137 -0.026543
0.207232 -0.016282
0.070975 -0.009503
-0.011858 -0.005304
-0.037046 -0.002750
0.092591 -0.001333
0.348886 -0.000578
0.497570 -0.000192
0.450835 0.000000
0.307750 0.000000
0.166950 0.000000
0.064998 0.000000
0.001215 0.000000
-0.015728 0.000000
0.115033 0.000000
0.368463 0.000000
0.512800 0.000000
0.461659 0.000000
0.314916 0.000000
0.171341 0.000000
0.067551 0.000000
0.002632 0.000000
-0.033539 0.018566
-0.049650 0.165070
-0.052185 0.439405
-0.046489 0.724358
-0.036909 0.937974
-0.026824 1.047532
-0.018181 0.962426
-0.011557 0.705800
-0.006945 0.412714
-0.003971 0.177664
-0.002172 0.023497
-0.001141 -0.062902
0.017987 -0.101522
0.164878 -0.109197
0.420840 -0.098777
0.559289 -0.079900
0.498568 -0.059290
0.341739 -0.040934
0.189522 -0.026543
0.079108 -0.016282
0.009577 -0.009503
-0.029568 0.013262
-0.047478 0.162319
-0.051044 0.438072
-0.045910 0.723780
-0.036718 0.937782
-0.026824 1.047532
-0.018181 0.962426
-0.011557 0.705800
-0.006945 0.412714
-0.003971 0.177664
-0.002172 0.023497
-0.001141 -0.062902
0.017987 -0.101522
0.164878 -0.109197
0.420840 -0.098777
0.559289 -0.079900
0.498568 -0.059290
0.341739 -0.040934
0.189522 -0.026543
0.079108 -0.016282
0.009577 -0.009503
-0.011003 -0.005304
0.117591 -0.002750
0.388361 -0.001333
0.678448 -0.000578
0.901256 -0.000192
1.020708 0.000000
0.944245 0.000000
0.694244 0.000000
0.405770 0.000000
0.173693 0.000000
0.021325 0.000000
-0.064043 0.000000
-0.102100 0.000000
-0.109388 0.000000
-0.098777 0.000000
-0.079900 0.000000
-0.059290 0.000000
-0.040934 0.000000
-0.026543 0.000000
-0.016282 0.000000
-0.009503 0.000000
-0.005304 0.000000
-0.002750 0.000000
-0.001333 0.000000
-0.000578 0.000000
-0.000192 0.000000
0.000000 0.000000
0.000000 0.000000
0.000000 0.000000
0.000000 0.000000
0.000000 0.000000
0.000000 0.000000
0.000000 0.000000
0.000000 0.000000
0.000000 0.000000
0.000000 0.000000
0.000000 0.000000
0.000000 0.000000
0.000000 0.000000
0.000000 0.000000
0.000000 0.000000
0.000000 0.000000
0.000000 0.000000
0.000000 0.000000
0.000000 0.000000
0.000000 0.000000
0.000000 0.000000
0.000000 0.000000
0.000000 0.000000
0.000000 0.000000
0.000000 0.000000
0.000000 0.000000
0.000000 0.000000
0.000000 0.000000
0.000000 0.000000
0.000000 0.000000
0.000000 0.000000
0.000000 0.000000
0.000000 0.000000
0.000000 0.000000
0.000000 0.000000
0.000000 0.000000
0.000000 0.000000
0.000000 0.000000
0.000000 0.000000
0.000000 0.000000
0.000000 0.000000
0.000000 0.000000
0.000000 0.000000
0.000000 0.000000
0.000000 0.000000
0.000000 0.000000
0.000000 0.000000
0.000000 0.000000
0.000000 0.000000
0.000000 0.000000
0.000000 0.000000
0.000000 0.000000
0.000000 0.000000
0.000000 0.000000
0.000000 0.000000
0.000000 0.000000
0.000000 0.000000
0.000000 0.000000
0.000000 0.000000
0.000000 0.000000
0.000000 0.000000
0.000000 0.000000
0.000000 0.000000
0.000000 0.000000
0.000000 0.000000
0.000000 0.000000
0.000000 0.000000
0.000000 0.000000
0.000000 0.000000
0.000000 0.000000
