0.000000 0.000000
0.000000 0.000000
0.000000 0.000000
0.000000 0.000000
0.000000 0.000000
0.000000 0.000000
0.000000 0.000000
0.018566 0.000000
0.165070 0.000000
0.439405 0.000000
0.724358 0.000000
0.937974 0.000000
1.047532 0.000000
0.962426 0.000000
0.705800 0.000000
0.412714 0.000000
0.177664 0.000000
0.023497 0.000000
-0.062902 0.000000
-0.101522 0.018566
-0.109197 0.165070
-0.098777 0.439405
-0.079900 0.705793
-0.059290 0.772904
-0.040934 0.626693
-0.026543 0.403137
-0.016282 0.207232
-0.009503 0.070975
-0.005304 -0.011858
0.015816 -0.055611
0.163737 -0.072479
0.438827 -0.071953
0.724167 -0.061718
0.937974 -0.047733
1.047532 -0.033989
0.962426 -0.022572
0.705800 -0.014110
0.412714 -0.008362
0.177664 -0.004725
0.023497 -0.002559
-0.062902 -0.001333
-0.082956 -0.000578
0.055873 -0.000192
0.340628 0.000000
0.644459 0.000000
0.860118 0.000000
0.860094 0.000000
0.661547 0.000000
0.404566 0.000000
0.189596 0.000000
0.044236 0.000000
-0.040651 0.000000
-0.081945 0.000000
-0.075401 0.000000
0.077117 0.000000
0.348105 0.000000
0.504390 0.000000
0.460188 0.000000
0.316614 0.000000
0.173995 0.000000
0.069992 0.000000
0.004465 0.000000
-0.032319 0.000000
-0.030245 0.000000
0.113447 0.000000
0.393303 0.000000
0.669075 0.000000
0.746080 0.000000
0.608511 0.000000
0.391581 0.000000
0.200288 0.000000
0.067004 0.000000
-0.014030 0.000000
-0.056753 0.018566
-0.073058 0.165070
-0.072145 0.439405
-0.061718 0.705793
-0.047733 0.772904
-0.033989 0.626693
-0.022572 0.403137
-0.014110 0.207232
-0.008362 0.070975
-0.004725 -0.011858
0.016007 -0.055611
0.163737 -0.072479
0.438827 -0.071953
0.724167 -0.061718
0.919408 -0.047733
0.901028 -0.033989
0.688090 -0.022572
0.420847 -0.014110
0.199099 -0.008362
0.049540 -0.004725
-0.037901 -0.002559
-0.062046 -0.001333
0.071681 -0.000578
0.351644 -0.000192
0.651624 0.000000
0.883075 0.000000
1.009152 0.000000
0.937300 0.000000
0.690273 0.000000
0.403598 0.000000
0.172552 0.000000
0.020746 0.000000
-0.064235 0.000000
-0.102100 0.018566
-0.109388 0.165070
-0.098777 0.439405
-0.079900 0.724358
-0.059290 0.937974
-0.040934 1.047532
-0.026543 0.962426
-0.016282 0.705800
-0.009503 0.412714
-0.005304 0.177664
-0.002750 0.023497
-0.001333 -0.062902
-0.000578 -0.101522
-0.000192 -0.109197
0.000000 -0.080211
0.000000 0.085170
0.000000 0.361550
0.000000 0.518355
0.000000 0.472025
0.000000 0.325458
0.000000 0.180019
0.000000 0.073804
0.000000 0.006827
0.000000 -0.030901
0.000000 -0.029491
0.000000 0.113834
0.000000 0.374929
0.000000 0.522571
0.000000 0.471745
0.000000 0.323558
0.000000 0.177965
0.000000 0.072163
0.000000 0.005606
0.018566 -0.031740
0.165070 -0.048620
0.439405 -0.051622
0.705793 -0.046102
0.772904 -0.036718
0.626693 -0.026824
0.403137 -0.018181
0.207232 -0.011557
0.070975 -0.006945
-0.011858 -0.003971
-0.055611 0.016394
-0.072479 0.163928
-0.071953 0.438827
-0.061718 0.705601
-0.047733 0.772904
-0.033989 0.626693
-0.022572 0.403137
-0.014110 0.207232
-0.008362 0.070975
-0.004725 -0.011858
-0.002559 -0.055611
0.017233 -0.072479
0.164491 -0.071953
0.420648 -0.061718
0.559289 -0.047733
0.498568 -0.033989
0.341739 -0.022572
0.189522 -0.014110
0.079108 -0.008362
0.009577 -0.004725
-0.011003 -0.002559
0.117591 -0.001333
0.369796 -0.000578
0.513378 -0.000192
0.461851 0.000000
0.314916 0.000000
0.171341 0.000000
0.067551 0.000000
0.002632 0.000000
-0.014973 0.000000
0.115420 0.000000
0.368654 0.000000
0.512800 0.000000
0.461659 0.000000
0.314916 0.000000
0.171341 0.000000
0.067551 0.000000
0.002632 0.000000
-0.033539 0.000000
-0.031084 0.000000
0.112885 0.000000
0.392916 0.000000
0.687449 0.000000
0.892584 0.000000
0.882847 0.000000
0.676534 0.000000
0.413903 0.000000
0.195128 0.000000
0.047368 0.000000
-0.039043 0.000000
-0.081191 0.000000
-0.093580 0.000000
-0.087761 0.018566
-0.072734 0.165070
-0.054899 0.439405
-0.038380 0.724358
-0.025126 0.919408
-0.015527 0.901028
-0.009116 0.688090
-0.005112 0.420847
-0.002750 0.199099
-0.001333 0.049540
-0.000578 -0.037901
0.018374 -0.080612
0.165070 -0.093389
0.420840 -0.087761
0.559289 -0.072734
0.498568 -0.054899
0.341739 -0.038380
0.189522 -0.025126
0.079108 -0.015527
0.009577 -0.009116
-0.011003 -0.005112
0.117591 -0.002750
0.369796 -0.001333
0.513378 -0.000578
0.461851 -0.000192
0.314916 0.000000
0.171341 0.000000
0.067551 0.000000
0.002632 0.000000
-0.033539 0.018566
-0.049650 0.165070
-0.052185 0.420840
-0.046489 0.559289
-0.036909 0.498568
-0.026824 0.341739
-0.018181 0.189522
-0.011557 0.079108
-0.006945 0.009577
0.014595 -0.029568
0.162898 -0.047478
0.438264 -0.051044
0.723780 -0.045910
0.937782 -0.036718
1.047532 -0.026824
0.962426 -0.018181
0.705800 -0.011557
0.412714 -0.006945
0.177664 -0.003971
0.023497 -0.002172
-0.062902 -0.001141
-0.101522 0.017987
-0.109197 0.164878
-0.098777 0.439405
-0.079900 0.724358
-0.059290 0.937974
-0.040934 1.047532
-0.026543 0.962426
-0.016282 0.705800
-0.009503 0.412714
-0.005304 0.177664
-0.002750 0.023497
-0.001333 -0.062902
-0.000578 -0.082956
-0.000192 0.055873
0.000000 0.340628
0.000000 0.625893
0.000000 0.713614
0.000000 0.585759
0.000000 0.376594
0.000000 0.190950
0.000000 0.061472
0.000000 -0.017162
0.000000 -0.039796
0.000000 0.091258
0.000000 0.348308
0.000000 0.497379
0.000000 0.450835
0.000000 0.307750
0.000000 0.166950
0.000000 0.064998
0.000000 0.001215
0.000000 -0.015728
0.000000 0.115033
0.000000 0.387028
0.000000 0.677869
0.000000 0.882499
0.000000 0.874204
0.000000 0.669909
0.000000 0.409291
0.000000 0.192154
0.000000 0.045569
0.000000 -0.040073
0.000000 -0.063188
0.000000 0.071102
0.000000 0.351452
0.000000 0.651624
0.000000 0.883075
0.000000 1.009152
0.000000 0.937300
0.000000 0.690273
0.000000 0.403598
0.000000 0.172552
0.000000 0.020746
0.000000 -0.064235
0.000000 -0.083535
0.000000 0.055681
0.000000 0.340628
0.000000 0.644459
0.000000 0.860118
0.000000 0.860094
0.000000 0.661547
0.000000 0.404566
0.000000 0.189596
0.000000 0.044236
0.000000 -0.040651
0.000000 -0.063379
0.000000 0.071102
0.000000 0.351452
0.000000 0.651624
0.000000 0.883075
0.000000 1.009152
0.000000 0.937300
0.000000 0.690273
0.000000 0.403598
0.000000 0.172552
0.000000 0.020746
0.000000 -0.064235
0.000000 -0.102100
0.000000 -0.109388
0.000000 -0.098777
0.000000 -0.079900
0.000000 -0.059290
0.000000 -0.040934
0.000000 -0.026543
0.000000 -0.016282
0.000000 -0.009503
0.000000 -0.005304
0.000000 -0.002750
0.000000 -0.001333
0.000000 -0.000578
0.000000 -0.000192
0.000000 0.000000
0.000000 0.000000
0.000000 0.000000
0.000000 0.000000
0.000000 0.000000
0.000000 0.000000
0.000000 0.000000
0.000000 0.000000
0.000000 0.000000
0.000000 0.000000
0.000000 0.000000
0.000000 0.000000
0.000000 0.000000
0.000000 0.000000
0.000000 0.000000
0.000000 0.000000
0.000000 0.000000
0.000000 0.000000
0.000000 0.000000
0.000000 0.000000
0.000000 0.000000
0.000000 0.000000
0.000000 0.000000
0.000000 0.000000
0.000000 0.000000
0.000000 0.000000
0.000000 0.000000
0.000000 0.000000
0.000000 0.000000
0.000000 0.000000
0.000000 0.000000
0.000000 0.000000
0.000000 0.000000
0.000000 0.000000
0.000000 0.000000
0.000000 0.000000
0.000000 0.000000
0.000000 0.000000
0.000000 0.000000
0.000000 0.000000
0.000000 0.000000
0.000000 0.000000
0.000000 0.000000
0.000000 0.000000
0.000000 0.000000
0.000000 0.000000
0.000000 0.000000
0.000000 0.000000
0.000000 0.000000
0.000000 0.000000
0.000000 0.000000
0.000000 0.000000
0.000000 0.000000
0.000000 0.000000
0.000000 0.000000
0.000000 0.000000
0.000000 0.000000
0.000000 0.000000
0.000000 0.000000
0.000000 0.000000
0.000000 0.000000
0.000000 0.000000
