0.000000 0.000000
0.000000 0.000000
0.000000 0.000000
0.000000 0.000000
0.000000 0.000000
0.000000 0.000000
0.000000 0.000000
0.018566 0.000000
0.165070 0.000000
0.439405 0.000000
0.724358 0.000000
0.937974 0.000000
1.047532 0.000000
0.962426 0.000000
0.705800 0.000000
0.412714 0.000000
0.177664 0.000000
0.023497 0.000000
-0.062902 0.000000
-0.101522 0.018566
-0.109197 0.165070
-0.098777 0.420840
-0.079900 0.559289
-0.059290 0.498568
-0.040934 0.341739
-0.026543 0.189522
-0.016282 0.079108
-0.009503 0.009577
-0.005304 -0.011003
-0.002750 0.117591
-0.001333 0.388361
-0.000578 0.678448
-0.000192 0.901256
0.000000 1.020708
0.000000 0.944245
0.000000 0.694244
0.000000 0.405770
0.000000 0.173693
0.000000 0.021325
0.000000 -0.064043
0.000000 -0.102100
0.000000 -0.109388
0.000000 -0.080211
0.000000 0.085170
0.000000 0.380115
0.000000 0.683425
0.000000 0.892865
0.000000 0.884746
0.000000 0.678587
0.000000 0.415544
0.000000 0.196349
0.000000 0.048207
0.000000 -0.038480
0.000000 -0.062238
0.000000 0.071681
0.000000 0.333078
0.000000 0.486555
0.000000 0.443670
0.000000 0.303359
0.000000 0.164396
0.000000 0.063581
0.000000 0.000461
0.000000 -0.016115
0.000000 0.114841
0.000000 0.387028
0.000000 0.677869
0.000000 0.882499
0.000000 0.874204
0.000000 0.669909
0.000000 0.409291
0.000000 0.192154
0.000000 0.045569
0.000000 -0.040073
0.018566 -0.081753
0.165070 -0.093967
0.439405 -0.087953
0.724358 -0.072734
0.919408 -0.054899
0.901028 -0.038380
0.688090 -0.025126
0.420847 -0.015527
0.199099 -0.009116
0.049540 -0.005112
-0.037901 -0.002750
-0.062046 -0.001333
0.071681 -0.000578
0.333078 -0.000192
0.486555 0.000000
0.443670 0.000000
0.303359 0.000000
0.164396 0.000000
0.063581 0.000000
0.000461 0.000000
-0.016115 0.000000
0.114841 0.000000
0.387028 0.000000
0.659304 0.000000
0.735995 0.000000
0.599869 0.000000
0.384956 0.000000
0.195676 0.000000
0.064030 0.000000
-0.015829 0.000000
-0.039217 0.000000
0.091449 0.000000
0.366873 0.000000
0.662448 0.000000
0.871675 0.000000
0.867039 0.000000
0.665518 0.000000
0.406737 0.000000
0.190737 0.000000
0.044814 0.000000
-0.040460 0.000000
-0.063379 0.000000
0.071102 0.000000
0.332886 0.000000
0.486555 0.000000
0.443670 0.000000
0.303359 0.000000
0.164396 0.000000
0.063581 0.000000
0.000461 0.000000
-0.034680 0.018566
-0.050228 0.165070
-0.052377 0.439405
-0.046489 0.724358
-0.036909 0.919408
-0.026824 0.901028
-0.018181 0.688090
-0.011557 0.420847
-0.006945 0.199099
-0.003971 0.049540
-0.002172 -0.037901
0.017424 -0.080612
0.164491 -0.093389
0.439214 -0.087761
0.724358 -0.072734
0.919408 -0.054899
0.901028 -0.038380
0.688090 -0.025126
0.420847 -0.015527
0.199099 -0.009116
0.049540 -0.005112
-0.037901 -0.002750
-0.062046 -0.001333
0.071681 -0.000578
0.333078 -0.000192
0.486555 0.000000
0.443670 0.000000
0.303359 0.000000
0.164396 0.000000
0.063581 0.000000
0.000461 0.000000
-0.034680 0.018566
-0.050228 0.165070
-0.052377 0.439405
-0.046489 0.724358
-0.036909 0.919408
-0.026824 0.901028
-0.018181 0.688090
-0.011557 0.420847
-0.006945 0.199099
-0.003971 0.049540
-0.002172 -0.037901
0.017424 -0.080612
0.164491 -0.093389
0.439214 -0.087761
0.724358 -0.072734
0.937974 -0.054899
1.047532 -0.038380
0.962426 -0.025126
0.705800 -0.015527
0.412714 -0.009116
0.177664 -0.005112
0.023497 -0.002750
-0.062902 -0.001333
-0.101522 0.017987
-0.109197 0.164878
-0.098777 0.439405
-0.079900 0.724358
-0.059290 0.919408
-0.040934 0.901028
-0.026543 0.688090
-0.016282 0.420847
-0.009503 0.199099
-0.005304 0.049540
-0.002750 -0.037901
-0.001333 -0.062046
-0.000578 0.071681
-0.000192 0.351644
0.000000 0.633058
0.000000 0.718005
0.000000 0.588312
0.000000 0.378012
0.000000 0.191705
0.000000 0.061859
0.000000 -0.016970
0.000000 -0.039796
0.000000 0.091258
0.000000 0.366873
0.000000 0.643883
0.000000 0.725171
0.000000 0.592703
0.000000 0.380565
0.000000 0.193122
0.000000 0.062613
0.000000 -0.016584
0.018566 -0.058170
0.165070 -0.073812
0.420840 -0.072532
0.559289 -0.061910
0.498568 -0.047733
0.341739 -0.033989
0.189522 -0.022572
0.079108 -0.014110
0.009577 -0.008362
-0.011003 -0.004725
0.117591 -0.002559
0.388361 -0.001333
0.678448 -0.000578
0.901256 -0.000192
1.020708 0.000000
0.944245 0.000000
0.694244 0.000000
0.405770 0.000000
0.173693 0.000000
0.021325 0.000000
-0.064043 0.000000
-0.083535 0.000000
0.055681 0.000000
0.322062 0.000000
0.479389 0.000000
0.439279 0.000000
0.300806 0.000000
0.162979 0.000000
0.062826 0.000000
0.000074 0.000000
-0.034872 0.000000
-0.050228 0.018566
-0.052377 0.165070
-0.046489 0.439405
-0.036909 0.724358
-0.026824 0.937974
-0.018181 1.047532
-0.011557 0.962426
-0.006945 0.705800
-0.003971 0.412714
-0.002172 0.177664
-0.001141 0.023497
-0.000578 -0.062902
0.018374 -0.101522
0.165070 -0.109197
0.420840 -0.098777
0.559289 -0.079900
0.498568 -0.059290
0.341739 -0.040934
0.189522 -0.026543
0.079108 -0.016282
0.009577 -0.009503
-0.029568 0.013262
-0.047478 0.162319
-0.051044 0.438072
-0.045910 0.705214
-0.036718 0.772712
-0.026824 0.626693
-0.018181 0.403137
-0.011557 0.207232
-0.006945 0.070975
-0.003971 -0.011858
-0.002172 -0.055611
0.017424 -0.072479
0.164491 -0.071953
0.439214 -0.061718
0.724358 -0.047733
0.919408 -0.033989
0.901028 -0.022572
0.688090 -0.014110
0.420847 -0.008362
0.199099 -0.004725
0.049540 -0.002559
-0.037901 -0.001333
-0.080612 -0.000578
-0.093389 -0.000192
-0.087761 0.018566
-0.072734 0.165070
-0.054899 0.420840
-0.038380 0.559289
-0.025126 0.498568
-0.015527 0.341739
-0.009116 0.189522
-0.005112 0.079108
-0.002750 0.009577
-0.001333 -0.029568
-0.000578 -0.047478
0.018374 -0.051044
0.165070 -0.045910
0.439405 -0.036718
0.724358 -0.026824
0.937974 -0.018181
1.047532 -0.011557
0.962426 -0.006945
0.705800 -0.003971
0.412714 -0.002172
0.177664 -0.001141
0.023497 -0.000578
-0.062902 -0.000192
-0.101522 0.018566
-0.109197 0.165070
-0.098777 0.420840
-0.079900 0.559289
-0.059290 0.498568
-0.040934 0.341739
-0.026543 0.189522
-0.016282 0.079108
-0.009503 0.009577
-0.005304 -0.029568
-0.002750 -0.047478
-0.001333 -0.032478
-0.000578 0.119159
-0.000192 0.402688
0.000000 0.697535
0.000000 0.901227
0.000000 0.889472
0.000000 0.681146
0.000000 0.416877
0.000000 0.196927
0.000000 0.048398
0.000000 -0.038480
0.000000 -0.080804
0.000000 -0.093389
0.000000 -0.087761
0.000000 -0.072734
0.000000 -0.054899
0.000000 -0.038380
0.000000 -0.025126
0.000000 -0.015527
0.000000 -0.009116
0.000000 -0.005112
0.000000 -0.002750
0.000000 -0.001333
0.000000 -0.000578
0.000000 -0.000192
0.000000 0.000000
0.000000 0.000000
0.000000 0.000000
0.000000 0.000000
0.000000 0.000000
0.000000 0.000000
0.000000 0.000000
0.000000 0.000000
0.000000 0.000000
0.000000 0.000000
0.000000 0.000000
0.000000 0.000000
0.000000 0.000000
0.000000 0.000000
0.000000 0.000000
0.000000 0.000000
0.000000 0.000000
0.000000 0.000000
0.000000 0.000000
0.000000 0.000000
0.000000 0.000000
0.000000 0.000000
0.000000 0.000000
0.000000 0.000000
0.000000 0.000000
0.000000 0.000000
0.000000 0.000000
0.000000 0.000000
0.000000 0.000000
0.000000 0.000000
0.000000 0.000000
0.000000 0.000000
0.000000 0.000000
0.000000 0.000000
0.000000 0.000000
0.000000 0.000000
0.000000 0.000000
0.000000 0.000000
0.000000 0.000000
0.000000 0.000000
0.000000 0.000000
0.000000 0.000000
0.000000 0.000000
0.000000 0.000000
0.000000 0.000000
0.000000 0.000000
0.000000 0.000000
0.000000 0.000000
0.000000 0.000000
0.000000 0.000000
0.000000 0.000000
0.000000 0.000000
0.000000 0.000000
0.000000 0.000000
0.000000 0.000000
0.000000 0.000000
0.000000 0.000000
0.000000 0.000000
0.000000 0.000000
0.000000 0.000000
0.000000 0.000000
