0.000000 0.000000
0.000000 0.000000
0.000000 0.000000
0.000000 0.000000
0.000000 0.000000
0.000000 0.000000
0.000000 0.000000
0.000000 0.000000
0.000000 0.000000
0.000000 0.000000
0.000000 0.000000
0.000000 0.000000
0.000000 0.000000
0.000000 0.000000
0.000000 0.000000
0.000000 0.000000
0.000378 0.000000
0.006719 0.000000
0.031986 0.000000
0.087849 0.000000
0.177292 0.000000
0.293684 0.000000
0.419755 0.000000
0.529914 0.000000
0.602032 0.000000
0.626161 0.000000
0.605064 0.000000
0.549673 0.000000
0.473662 0.000000
0.389498 0.000000
0.306502 0.000000
0.230500 0.000000
0.164366 0.000000
0.108895 0.000000
0.063648 0.000000
0.027594 0.000000
-0.000476 0.000378
-0.021727 0.006719
-0.037200 0.031986
-0.047797 0.087849
-0.054313 0.177292
-0.057462 0.294062
-0.057898 0.426474
-0.056225 0.561900
-0.052996 0.689503
-0.048707 0.796733
-0.043788 0.867140
-0.038596 0.888299
-0.033414 0.858270
-0.028455 0.785316
-0.023865 0.683481
-0.019732 0.567727
-0.016099 0.450633
-0.012971 0.341005
-0.010328 0.243900
-0.008133 0.161401
-0.006336 0.093589
-0.004888 0.039408
-0.003734 -0.002697
-0.002827 -0.034019
-0.002122 -0.050558
-0.001580 -0.040783
-0.001167 0.005711
-0.000855 0.090776
-0.000622 0.206767
-0.000409 0.335497
-0.000253 0.450557
-0.000139 0.529096
-0.000058 0.560544
0.000000 0.547153
0.000000 0.499448
0.000000 0.430798
0.000000 0.353458
0.000000 0.276621
0.000000 0.206049
0.000000 0.144604
0.000000 0.093109
0.000000 0.051177
0.000000 0.017844
0.000378 -0.008022
0.006719 -0.027512
0.031986 -0.041595
0.087849 -0.051107
0.177292 -0.056786
0.294062 -0.059294
0.426474 -0.059204
0.561900 -0.057138
0.689881 -0.053618
0.803075 -0.049116
0.892407 -0.044040
0.944162 -0.038735
0.947714 -0.033472
0.902086 -0.028455
0.815893 -0.023865
0.703152 -0.019732
0.578614 -0.016099
0.454577 -0.012971
0.339574 -0.010328
0.238423 -0.008133
0.153003 -0.006336
0.083224 -0.004888
0.027880 -0.003734
-0.014725 -0.002827
-0.046013 -0.002122
-0.062105 -0.001580
-0.051583 -0.001167
-0.004145 -0.000855
0.081976 -0.000622
0.199440 -0.000409
0.335589 -0.000253
0.476557 -0.000139
0.605551 -0.000058
0.702009 0.000000
0.750252 0.000000
0.746135 0.000000
0.696661 0.000000
0.615318 0.000000
0.516976 0.000000
0.414376 0.000000
0.316600 0.000000
0.229018 0.000000
0.154014 0.000000
0.091946 0.000000
0.042013 0.000000
0.002890 0.000000
-0.026499 0.000000
-0.041956 0.000000
-0.031766 0.000000
0.014679 0.000000
0.099326 0.000000
0.215031 0.000000
0.349299 0.000000
0.488384 0.000000
0.615580 0.000000
0.710384 0.000000
0.757150 0.000000
0.751745 0.000000
0.701130 0.000000
0.618839 0.000000
0.519720 0.000000
0.416493 0.000000
0.318218 0.000000
0.230243 0.000000
0.154933 0.000000
0.092630 0.000000
0.042518 0.000000
0.003260 0.000000
-0.026230 0.000000
-0.041762 0.000000
-0.031627 0.000000
0.014737 0.000000
0.099326 0.000000
0.214653 0.000000
0.342579 0.000000
0.456776 0.000000
0.534451 0.000000
0.565078 0.000000
0.550936 0.000000
0.502563 0.000000
0.433292 0.000000
0.355433 0.000000
0.278167 0.000000
0.207247 0.000000
0.145523 0.000000
0.093807 0.000000
0.051703 0.000000
0.018237 0.000000
-0.007353 0.000000
-0.020579 0.000000
-0.009453 0.000000
0.036854 0.000000
0.120588 0.000000
0.234826 0.000000
0.366892 0.000000
0.498042 0.000000
0.604276 0.000000
0.666488 0.000000
0.677794 0.000000
0.643350 0.000000
0.575616 0.000000
0.489023 0.000000
0.396209 0.000000
0.306442 0.000000
0.225288 0.000000
0.155339 0.000000
0.097136 0.000000
0.050038 0.000000
0.012860 0.000000
-0.015728 0.000378
-0.036990 0.006719
-0.052055 0.031986
-0.061913 0.087849
-0.067440 0.177292
-0.069429 0.294062
-0.068608 0.426474
-0.065647 0.561900
-0.061110 0.689503
-0.055587 0.796733
-0.049535 0.867140
-0.043328 0.888299
-0.037255 0.858270
-0.031570 0.785316
-0.026360 0.683481
-0.021707 0.567727
-0.017645 0.450633
-0.014169 0.341005
-0.011247 0.243900
-0.008831 0.161401
-0.006862 0.093589
-0.005280 0.039408
-0.004025 -0.002697
-0.003041 -0.034019
-0.002278 -0.050558
-0.001693 -0.040783
-0.001248 0.005711
-0.000913 0.090776
-0.000622 0.207145
-0.000409 0.341838
-0.000253 0.475824
-0.000139 0.584958
-0.000058 0.649988
0.000000 0.663923
0.000000 0.631860
0.000000 0.566224
0.000000 0.481438
0.000000 0.390193
0.000000 0.301722
0.000000 0.221625
0.000000 0.152523
0.000000 0.094992
0.000000 0.048421
0.000000 0.011650
0.000000 -0.016625
0.000000 -0.037651
0.000000 -0.052538
0.000000 -0.062263
0.000000 -0.067692
0.000000 -0.069191
0.000000 -0.061947
0.000000 -0.033661
0.000000 0.026739
0.000000 0.121327
0.000000 0.237807
0.000000 0.351160
0.000000 0.436796
0.000000 0.481018
0.000000 0.483031
0.000000 0.450945
0.000000 0.396602
0.000000 0.331512
0.000000 0.264678
0.000000 0.201997
0.000000 0.146617
0.000000 0.099671
0.000000 0.061054
0.000000 0.030031
0.000000 0.005644
0.000000 -0.013055
0.000378 -0.026919
0.006719 -0.036682
0.031986 -0.042942
0.087849 -0.046324
0.176914 -0.047350
0.287343 -0.046509
0.394488 -0.044254
0.474051 -0.041002
0.512588 -0.037160
0.509391 -0.032988
0.472652 -0.028740
0.414248 -0.024614
0.345682 -0.020750
0.275925 -0.017238
0.210829 -0.014124
0.153479 -0.011425
0.104951 -0.009131
0.065079 -0.007214
0.033072 -0.005638
0.007922 -0.003984
-0.011363 0.003378
-0.025671 0.029450
-0.035769 0.085940
-0.042320 0.175868
-0.045915 0.293009
-0.047097 0.425700
-0.046369 0.561336
-0.044196 0.689472
-0.041002 0.802823
-0.037160 0.892267
-0.032988 0.944103
-0.028740 0.947714
-0.024614 0.902086
-0.020750 0.815893
-0.017238 0.703152
-0.014124 0.578614
-0.011425 0.454577
-0.009131 0.339574
-0.007214 0.238423
-0.005638 0.153003
-0.004362 0.083224
-0.003341 0.027880
-0.002536 -0.014725
-0.001908 -0.046013
-0.001424 -0.062105
-0.001054 -0.051583
-0.000774 -0.004145
-0.000564 0.081976
-0.000409 0.199440
-0.000253 0.335589
-0.000139 0.476935
-0.000058 0.612270
0.000000 0.733617
0.000000 0.831381
0.000000 0.891442
0.000000 0.902874
0.000000 0.864500
0.000000 0.784814
0.000000 0.677782
0.000000 0.558153
0.000000 0.438264
0.000000 0.326709
0.000000 0.228382
0.000000 0.145243
0.000000 0.077283
0.000000 0.023372
0.000000 -0.018117
0.000000 -0.048544
0.000000 -0.063937
0.000000 -0.052889
0.000000 -0.005058
0.000000 0.080976
0.000000 0.192312
0.000000 0.303350
0.000000 0.388947
0.000000 0.434920
0.000000 0.439933
0.000000 0.411627
0.000000 0.361528
0.000000 0.300842
0.000000 0.238339
0.000000 0.179750
0.000000 0.128109
0.000000 0.084491
0.000000 0.048767
0.000000 0.020207
0.000378 -0.002119
0.006719 -0.019123
0.031986 -0.031612
0.087849 -0.040277
0.177292 -0.045711
0.294062 -0.048446
0.426474 -0.048930
0.561900 -0.047675
0.689503 -0.045110
0.796733 -0.041625
0.867140 -0.037569
0.888299 -0.033240
0.858270 -0.028880
0.785316 -0.024673
0.683481 -0.020750
0.567727 -0.017238
0.450633 -0.014124
0.341005 -0.011425
0.243900 -0.009131
0.161401 -0.007214
0.093589 -0.005638
0.039408 -0.004362
-0.002697 -0.003341
-0.034019 -0.002536
-0.050558 -0.001908
-0.040783 -0.001424
0.005711 -0.001054
0.090776 -0.000774
0.207145 -0.000564
0.342216 -0.000409
0.482543 -0.000253
0.616566 -0.000139
0.731117 -0.000058
0.809229 0.000000
0.838074 0.000000
0.815406 0.000000
0.749276 0.000000
0.653600 0.000000
0.543275 0.000000
0.430871 0.000000
0.325218 0.000000
0.231428 0.000000
0.151652 0.000000
0.086043 0.000000
0.033623 0.000000
-0.007092 0.000000
-0.037330 0.000000
-0.053031 0.000000
-0.042615 0.000000
0.004404 0.000000
0.089863 0.000000
0.206522 0.000000
0.341808 0.000000
0.482291 0.000000
0.616805 0.000000
0.737778 0.000000
0.840838 0.000000
0.919203 0.000000
0.960712 0.000000
0.955490 0.000000
0.902782 0.000000
0.811113 0.000000
0.694277 0.000000
0.566771 0.000000
0.440674 0.000000
0.324346 0.000000
0.222479 0.000000
0.136854 0.000000
0.067301 0.000000
0.012541 0.000000
-0.029192 0.000000
-0.059770 0.000000
-0.080931 0.000000
-0.094338 0.000000
-0.101416 0.000000
-0.103051 0.000000
-0.094783 0.000000
-0.064647 0.000000
-0.001848 0.000000
0.095841 0.000000
0.221490 0.000000
0.362954 0.000000
0.507205 0.000000
0.643495 0.000000
0.764291 0.000000
0.860409 0.000000
0.918093 0.000000
0.926727 0.000000
0.885380 0.000000
0.802737 0.000000
0.692898 0.000000
0.570698 0.000000
0.448523 0.000000
0.334984 0.000000
0.234973 0.000000
0.150473 0.000000
0.081392 0.000000
0.026573 0.000000
-0.015639 0.000000
-0.047013 0.000378
-0.069233 0.006719
-0.083821 0.031986
-0.092133 0.087849
-0.095374 0.177292
-0.094623 0.294062
-0.090885 0.426474
-0.084965 0.561522
-0.077610 0.683161
-0.069458 0.771467
-0.061026 0.811278
-0.052720 0.798855
-0.044839 0.741500
-0.037586 0.652904
-0.031079 0.548055
-0.025370 0.439746
-0.020461 0.337061
-0.016313 0.245331
-0.012865 0.166879
-0.010041 0.101987
-0.007760 0.049773
-0.005941 0.008832
-0.004508 -0.021991
-0.003391 -0.038565
-0.002531 -0.029236
-0.001832 0.016511
-0.001306 0.100632
-0.000913 0.215944
-0.000622 0.349921
-0.000409 0.488793
-0.000253 0.615833
-0.000139 0.710524
-0.000058 0.757208
0.000000 0.751745
0.000000 0.701130
0.000000 0.618839
0.000000 0.519720
0.000000 0.416493
0.000000 0.318218
0.000000 0.230243
0.000000 0.154933
0.000000 0.092630
0.000000 0.042518
0.000000 0.003260
0.000000 -0.026608
0.000000 -0.048481
0.000000 -0.063613
0.000000 -0.073112
0.000000 -0.077589
0.000000 -0.072312
0.000000 -0.045189
0.000000 0.014711
0.000000 0.109333
0.000000 0.226261
0.000000 0.340360
0.000000 0.426941
0.000000 0.472219
0.000000 0.475326
0.000000 0.444317
0.000000 0.390994
0.000000 0.326838
0.000000 0.260837
0.000000 0.198883
0.000000 0.144122
0.000000 0.097696
0.000000 0.059508
0.000000 0.028833
0.000000 0.005103
0.000000 -0.007034
0.000000 0.004541
0.000000 0.050774
0.000000 0.133681
0.000000 0.240805
0.000000 0.346982
0.000000 0.427430
0.000000 0.468253
0.000000 0.468330
0.000000 0.435492
0.000000 0.381260
0.000000 0.316941
0.000000 0.251311
0.000000 0.190078
0.000000 0.136241
0.000000 0.090827
0.000000 0.053654
0.000000 0.023941
0.000000 0.001086
0.000000 -0.010281
0.000000 0.001953
0.000000 0.048738
0.000000 0.132436
0.000000 0.246239
0.000000 0.377575
0.000000 0.507758
0.000000 0.612924
0.000000 0.674038
0.000000 0.684265
0.000000 0.648845
0.000000 0.580208
0.000000 0.492806
0.000000 0.399324
0.000000 0.308936
0.000000 0.227263
0.000000 0.156885
0.000000 0.098334
0.000000 0.050957
0.000000 0.013558
0.000378 -0.015202
0.006719 -0.036597
0.031986 -0.051764
0.087849 -0.061699
0.176914 -0.067284
0.287343 -0.069316
0.394488 -0.068527
0.474051 -0.065589
0.512588 -0.061110
0.509391 -0.055587
0.472652 -0.049535
0.414248 -0.043328
0.345682 -0.037255
0.275925 -0.031570
0.210829 -0.026360
0.153479 -0.021707
0.104951 -0.017645
0.065079 -0.014169
0.033072 -0.011247
0.008300 -0.008831
-0.004643 -0.006862
0.006315 -0.005280
0.052080 -0.004025
0.134973 -0.003041
0.248147 -0.002278
0.378999 -0.001693
0.508811 -0.001248
0.613698 -0.000913
0.674602 -0.000622
0.684674 -0.000409
0.649098 -0.000253
0.580348 -0.000139
0.492864 -0.000058
0.399324 0.000000
0.308936 0.000000
0.227263 0.000000
0.156885 0.000000
0.098334 0.000000
0.050957 0.000000
0.013558 0.000000
-0.014824 0.000000
-0.029878 0.000000
-0.019778 0.000000
0.026149 0.000000
0.110008 0.000000
0.224746 0.000000
0.357947 0.000000
0.496311 0.000000
0.628771 0.000000
0.747488 0.000000
0.842871 0.000000
0.900834 0.000000
0.910459 0.000000
0.870516 0.000000
0.789533 0.000000
0.681445 0.000000
0.560968 0.000000
0.440408 0.000000
0.328326 0.000000
0.229592 0.000000
0.146141 0.000000
0.077944 0.000000
0.023855 0.000000
-0.017766 0.000000
-0.048291 0.000000
-0.063798 0.000000
-0.052831 0.000000
-0.005058 0.000000
0.081354 0.000000
0.198653 0.000000
0.328617 0.000000
0.444810 0.000000
0.524363 0.000000
0.556703 0.000000
0.544038 0.000000
0.496953 0.000000
0.428823 0.000000
0.351912 0.000000
0.275423 0.000000
0.205130 0.000000
0.143905 0.000000
0.092583 0.000000
0.050784 0.000000
0.017553 0.000000
-0.007858 0.000000
-0.020949 0.000000
-0.009722 0.000000
0.036660 0.000000
0.120448 0.000000
0.234768 0.000000
0.367270 0.000000
0.504762 0.000000
0.636262 0.000000
0.753959 0.000000
0.848366 0.000000
0.905426 0.000000
0.914241 0.000000
0.873631 0.000000
0.792028 0.000000
0.683420 0.000000
0.562514 0.000000
0.441606 0.000000
0.329245 0.000000
0.230290 0.000000
0.146667 0.000000
0.078337 0.000000
0.024145 0.000000
-0.017553 0.000000
-0.048513 0.000378
-0.070404 0.006719
-0.084736 0.031986
-0.092849 0.087849
-0.095938 0.177292
-0.095031 0.293684
-0.091138 0.419755
-0.085104 0.529914
-0.077669 0.602032
-0.069458 0.626161
-0.061026 0.605064
-0.052720 0.549673
-0.044839 0.473662
-0.037586 0.389498
-0.031079 0.306502
-0.025370 0.230500
-0.020461 0.164366
-0.016313 0.108895
-0.012865 0.063648
-0.010041 0.027594
-0.007760 -0.000476
-0.005941 -0.021727
-0.004508 -0.036822
-0.003391 -0.041078
-0.002531 -0.022327
-0.001832 0.030386
-0.001306 0.119394
-0.000913 0.237838
-0.000622 0.373478
-0.000409 0.512815
-0.000253 0.639373
-0.000139 0.732871
-0.000058 0.777864
0.000000 0.770400
0.000000 0.717635
0.000000 0.633172
0.000000 0.531956
0.000000 0.426775
0.000000 0.326732
0.000000 0.237199
0.000000 0.160543
0.000000 0.097099
0.000000 0.046039
0.000000 0.006004
0.000000 -0.024113
0.000000 -0.040144
0.000000 -0.030402
0.000000 0.015656
0.000000 0.100009
0.000000 0.215536
0.000000 0.349669
0.000000 0.489031
0.000000 0.622494
0.000000 0.742510
0.000000 0.844679
0.000000 0.922318
0.000000 0.963206
0.000000 0.957465
0.000000 0.904328
0.000000 0.812311
0.000000 0.695196
0.000000 0.567469
0.000000 0.441200
0.000000 0.324739
0.000000 0.222770
0.000000 0.137067
0.000000 0.067457
0.000000 0.012654
0.000000 -0.029110
0.000000 -0.059334
0.000000 -0.074212
0.000000 -0.062352
0.000000 -0.013567
0.000000 0.073485
0.000000 0.185840
0.000000 0.297855
0.000000 0.384354
0.000000 0.431137
0.000000 0.436818
0.000000 0.409132
0.000000 0.359553
0.000000 0.299296
0.000000 0.237142
0.000000 0.178831
0.000000 0.127410
0.000000 0.083965
0.000000 0.048374
0.000000 0.019916
0.000000 -0.002332
0.000000 -0.019279
0.000000 -0.031348
0.000000 -0.033639
0.000000 -0.013783
0.000000 0.039403
0.000000 0.128362
0.000000 0.246387
0.000000 0.381364
0.000000 0.520275
0.000000 0.652312
0.000000 0.769835
0.000000 0.863527
0.000000 0.919489
0.000000 0.926963
0.000000 0.884848
0.000000 0.801768
0.000000 0.691727
0.000000 0.569483
0.000000 0.447363
0.000000 0.333936
0.000000 0.234061
0.000000 0.149662
0.000000 0.080688
0.000000 0.025971
0.000000 -0.016149
0.000378 -0.047445
0.006719 -0.069599
0.031986 -0.084133
0.087849 -0.092402
0.176914 -0.095568
0.287343 -0.094762
0.394488 -0.090944
0.474051 -0.084965
0.512588 -0.077610
0.509391 -0.069458
0.472652 -0.061026
0.414248 -0.052720
0.345682 -0.044839
0.275925 -0.037586
0.210829 -0.031079
0.153479 -0.025370
0.104951 -0.020461
0.065079 -0.016313
0.033072 -0.012865
0.008300 -0.010041
-0.004643 -0.007760
0.006315 -0.005941
0.052080 -0.004508
0.134973 -0.003391
0.248147 -0.002531
0.379377 -0.001832
0.515531 -0.001306
0.645684 -0.000913
0.762073 -0.000622
0.855246 -0.000409
0.911174 -0.000253
0.918974 -0.000139
0.877472 -0.000058
0.795142 0.000000
0.685915 0.000000
0.564489 0.000000
0.443152 0.000000
0.330443 0.000000
0.231209 0.000000
0.147365 0.000000
0.078863 0.000000
0.024538 0.000000
-0.017262 0.000000
-0.048299 0.000000
-0.070248 0.000000
-0.084623 0.000000
-0.092767 0.000000
-0.095880 0.000000
-0.095031 0.000000
-0.091138 0.000000
-0.085104 0.000000
-0.077669 0.000000
-0.069458 0.000000
-0.061026 0.000000
-0.052720 0.000000
-0.044839 0.000000
-0.037586 0.000000
-0.031079 0.000000
-0.025370 0.000000
-0.020461 0.000000
-0.016313 0.000000
-0.012865 0.000000
-0.010041 0.000000
-0.007760 0.000000
-0.005941 0.000000
-0.004508 0.000000
-0.003391 0.000000
-0.002531 0.000000
-0.001832 0.000000
-0.001306 0.000000
-0.000913 0.000000
-0.000622 0.000000
-0.000409 0.000000
-0.000253 0.000000
-0.000139 0.000000
-0.000058 0.000000
0.000000 0.000000
0.000000 0.000000
0.000000 0.000000
0.000000 0.000000
0.000000 0.000000
0.000000 0.000000
0.000000 0.000000
0.000000 0.000000
0.000000 0.000000
0.000000 0.000000
0.000000 0.000000
0.000000 0.000000
0.000000 0.000000
0.000000 0.000000
0.000000 0.000000
0.000000 0.000000
0.000000 0.000000
0.000000 0.000000
0.000000 0.000000
0.000000 0.000000
0.000000 0.000000
0.000000 0.000000
0.000000 0.000000
0.000000 0.000000
0.000000 0.000000
0.000000 0.000000
0.000000 0.000000
0.000000 0.000000
0.000000 0.000000
0.000000 0.000000
0.000000 0.000000
0.000000 0.000000
0.000000 0.000000
0.000000 0.000000
0.000000 0.000000
0.000000 0.000000
0.000000 0.000000
0.000000 0.000000
0.000000 0.000000
0.000000 0.000000
0.000000 0.000000
0.000000 0.000000
0.000000 0.000000
0.000000 0.000000
0.000000 0.000000
0.000000 0.000000
0.000000 0.000000
0.000000 0.000000
0.000000 0.000000
0.000000 0.000000
0.000000 0.000000
0.000000 0.000000
