0.000000 0.000000
0.000000 0.000000
0.000000 0.000000
0.000000 0.000000
0.000000 0.000000
0.000000 0.000000
0.000000 0.000000
0.000000 0.000000
0.000000 0.000000
0.000000 0.000000
0.000000 0.000000
0.000000 0.000000
0.000000 0.000000
0.000000 0.000000
0.000000 0.000000
0.000000 0.000378
0.000000 0.006719
0.000000 0.031986
0.000000 0.087849
0.000000 0.177292
0.000000 0.294062
0.000000 0.426474
0.000000 0.561522
0.000000 0.683161
0.000000 0.771467
0.000000 0.811278
0.000000 0.798855
0.000000 0.741500
0.000000 0.652904
0.000000 0.548055
0.000000 0.439746
0.000000 0.337061
0.000000 0.245331
0.000000 0.166879
0.000000 0.101987
0.000000 0.049773
0.000000 0.008832
0.000000 -0.022369
0.000000 -0.045284
0.000378 -0.061222
0.006719 -0.071338
0.031986 -0.076660
0.087849 -0.078118
0.176914 -0.076553
0.287343 -0.072729
0.394488 -0.067328
0.474051 -0.060943
0.512588 -0.054070
0.509391 -0.047111
0.472652 -0.040370
0.414248 -0.034065
0.345682 -0.028335
0.275925 -0.023253
0.210829 -0.018843
0.153479 -0.015088
0.104951 -0.011946
0.065079 -0.009357
0.033072 -0.007255
0.007922 -0.005571
-0.011363 -0.003861
-0.025671 0.003522
-0.035769 0.029595
-0.042320 0.086074
-0.045915 0.175986
-0.047097 0.292771
-0.046369 0.419132
-0.044196 0.529505
-0.041002 0.601780
-0.037160 0.626021
-0.032988 0.605006
-0.028740 0.549673
-0.024614 0.473662
-0.020750 0.389498
-0.017238 0.306502
-0.014124 0.230500
-0.011425 0.164366
-0.009131 0.108895
-0.007214 0.063648
-0.005638 0.027594
-0.003984 -0.000476
0.003378 -0.021727
0.029450 -0.037200
0.085940 -0.047797
0.175491 -0.054313
0.286289 -0.057462
0.393714 -0.057898
0.473487 -0.056225
0.512180 -0.052996
0.509138 -0.048707
0.472513 -0.043788
0.414189 -0.038596
0.345682 -0.033414
0.275925 -0.028455
0.210829 -0.023865
0.153479 -0.019732
0.104951 -0.016099
0.065079 -0.012971
0.033072 -0.010328
0.007922 -0.007755
-0.011363 0.000383
-0.025671 0.027099
-0.035769 0.084114
-0.042320 0.174087
-0.045915 0.285221
-0.047097 0.392908
-0.046369 0.472885
-0.044196 0.511733
-0.041002 0.508768
-0.037160 0.472244
-0.032988 0.413995
-0.028740 0.345542
-0.024614 0.275867
-0.020750 0.210829
-0.017238 0.153479
-0.014124 0.104951
-0.011425 0.065079
-0.009131 0.033072
-0.006836 0.007922
0.001081 -0.011363
0.027625 -0.025671
0.084507 -0.035769
0.174756 -0.042320
0.291776 -0.045915
0.418331 -0.047097
0.528860 -0.046369
0.601258 -0.044196
0.625596 -0.041002
0.604656 -0.037160
0.549421 -0.032988
0.473523 -0.028740
0.389439 -0.024614
0.306502 -0.020750
0.230500 -0.017238
0.164366 -0.014124
0.108895 -0.011425
0.063648 -0.009131
0.027594 -0.007214
-0.000476 -0.005638
-0.021350 -0.004362
-0.030480 -0.003341
-0.015811 -0.002536
0.033535 -0.001908
0.119452 -0.001424
0.229445 -0.001054
0.338263 -0.000774
0.421055 -0.000564
0.463881 -0.000409
0.465603 -0.000253
0.434056 -0.000139
0.380833 -0.000058
0.317226 0.000000
0.252060 0.000000
0.191096 0.000000
0.137380 0.000000
0.091980 0.000000
0.054751 0.000000
0.024939 0.000000
0.001964 0.000000
-0.009531 0.000000
0.002581 0.000000
0.049253 0.000000
0.132850 0.000000
0.246567 0.000000
0.378210 0.000000
0.514676 0.000000
0.645062 0.000000
0.761664 0.000000
0.854994 0.000000
0.911034 0.000000
0.918915 0.000000
0.877472 0.000000
0.795142 0.000000
0.685915 0.000000
0.564489 0.000000
0.443152 0.000000
0.330443 0.000000
0.231209 0.000000
0.147365 0.000000
0.078863 0.000000
0.024538 0.000000
-0.017262 0.000000
-0.048299 0.000000
-0.070248 0.000000
-0.084623 0.000000
-0.092767 0.000000
-0.095880 0.000378
-0.095031 0.006719
-0.091138 0.031986
-0.085104 0.087849
-0.077669 0.176914
-0.069458 0.287343
-0.061026 0.394488
-0.052720 0.474051
-0.044839 0.512588
-0.037586 0.509391
-0.031079 0.472652
-0.025370 0.414248
-0.020461 0.345682
-0.016313 0.275925
-0.012865 0.210829
-0.010041 0.153479
-0.007760 0.104951
-0.005941 0.065079
-0.004508 0.033072
-0.003014 0.007922
0.004189 -0.011363
0.030154 -0.025671
0.086542 -0.035769
0.176379 -0.042320
0.293440 -0.045915
0.426066 -0.047097
0.561647 -0.046369
0.689741 -0.044196
0.803395 -0.041002
0.898749 -0.037160
0.969428 -0.032988
1.003576 -0.028740
0.991530 -0.024614
0.932663 -0.020750
0.835564 -0.017238
0.714039 -0.014124
0.582558 -0.011425
0.453146 -0.009131
0.334096 -0.007214
0.230025 -0.005638
0.142639 -0.004362
0.071696 -0.003341
0.015851 -0.002536
-0.026719 -0.001908
-0.057938 -0.001424
-0.079625 -0.001054
-0.093424 -0.000774
-0.100793 -0.000187
-0.103021 0.006311
-0.101250 0.031734
-0.096493 0.087709
-0.089639 0.176856
-0.081451 0.287343
-0.072572 0.394488
-0.063520 0.474051
-0.054695 0.512588
-0.046386 0.509391
-0.038784 0.472652
-0.031998 0.414248
-0.026069 0.345682
-0.020987 0.275925
-0.016706 0.210829
-0.013156 0.153479
-0.010255 0.104951
-0.007916 0.065079
-0.006054 0.033072
-0.004589 0.008300
-0.003450 -0.004643
-0.002531 0.006315
-0.001832 0.052080
-0.001306 0.134973
-0.000913 0.248147
-0.000622 0.379377
-0.000409 0.515531
-0.000253 0.645307
-0.000139 0.755731
-0.000058 0.829980
0.000000 0.855311
0.000000 0.829530
0.000000 0.760701
0.000000 0.662730
0.000000 0.550489
0.000000 0.436509
0.000000 0.329580
0.000000 0.234770
0.000000 0.154188
0.000000 0.087951
0.000000 0.035047
0.000000 -0.006038
0.000000 -0.036933
0.000000 -0.059186
0.000000 -0.074192
0.000000 -0.083192
0.000378 -0.087290
0.006719 -0.087482
0.031986 -0.084666
0.087849 -0.079609
0.177292 -0.073076
0.294062 -0.065675
0.426474 -0.057911
0.561522 -0.050225
0.683161 -0.042865
0.771467 -0.036040
0.811278 -0.029881
0.798855 -0.024451
0.741500 -0.019762
0.652904 -0.015787
0.548055 -0.012472
0.439746 -0.009750
0.337061 -0.007546
0.245331 -0.005785
0.166879 -0.004395
0.101987 -0.003310
0.049773 -0.002472
0.008832 -0.001832
-0.021991 -0.001306
-0.038565 -0.000913
-0.029236 -0.000622
0.016511 -0.000409
0.100632 -0.000253
0.215944 -0.000139
0.349921 -0.000058
0.489171 0.000000
0.622552 0.000000
0.742132 0.000000
0.838337 0.000000
0.897051 0.000000
0.907344 0.000000
0.868021 0.000000
0.787558 0.000000
0.679899 0.000000
0.559770 0.000000
0.439489 0.000000
0.327628 0.000000
0.229066 0.000000
0.145748 0.000000
0.077653 0.000000
0.023641 0.000000
-0.017922 0.000000
-0.048404 0.000000
-0.063879 0.000000
-0.052889 0.000000
-0.005058 0.000000
0.080976 0.000000
0.192312 0.000000
0.303350 0.000000
0.388947 0.000000
0.434920 0.000000
0.439933 0.000000
0.411627 0.000000
0.361528 0.000000
0.300842 0.000000
0.238339 0.000000
0.179750 0.000000
0.128109 0.000000
0.084491 0.000000
0.048767 0.000000
0.020207 0.000000
-0.001741 0.000000
-0.012403 0.000000
0.000374 0.000000
0.047572 0.000000
0.131203 0.000000
0.238897 0.000000
0.345558 0.000000
0.426376 0.000000
0.467479 0.000000
0.467766 0.000000
0.435083 0.000000
0.381007 0.000000
0.316802 0.000000
0.251253 0.000000
0.190078 0.000000
0.136241 0.000000
0.090827 0.000000
0.053654 0.000000
0.023941 0.000000
0.000709 0.000378
-0.017001 0.006719
-0.030033 0.031986
-0.039110 0.087849
-0.044856 0.176914
-0.047824 0.287343
-0.048521 0.394488
-0.047423 0.474051
-0.044970 0.512588
-0.041567 0.509391
-0.037569 0.472652
-0.033240 0.414248
-0.028880 0.345682
-0.024673 0.275925
-0.020750 0.210829
-0.017238 0.153479
-0.014124 0.104951
-0.011425 0.065079
-0.009131 0.033072
-0.007214 0.007922
-0.005638 -0.010985
-0.004362 -0.018952
-0.003341 -0.003783
-0.002536 0.045529
-0.001908 0.130999
-0.001424 0.240245
-0.001054 0.348119
-0.000774 0.429855
-0.000564 0.471586
-0.000409 0.472230
-0.000253 0.439664
-0.000139 0.385507
-0.000058 0.321067
0.000000 0.255175
0.000000 0.193591
0.000000 0.139355
0.000000 0.093526
0.000000 0.055949
0.000000 0.025858
0.000000 0.002662
0.000000 -0.009005
0.000000 0.002974
0.000000 0.049544
0.000000 0.132687
0.000000 0.240004
0.000000 0.346337
0.000000 0.426908
0.000000 0.467828
0.000000 0.467980
0.000000 0.435239
0.000000 0.381121
0.000000 0.316883
0.000000 0.251311
0.000000 0.190078
0.000000 0.136241
0.000000 0.090827
0.000000 0.053654
0.000000 0.023941
0.000000 0.001086
0.000000 -0.010281
0.000000 0.001953
0.000000 0.048738
0.000000 0.132059
0.000000 0.239519
0.000000 0.345967
0.000000 0.426629
0.000000 0.467618
0.000000 0.467824
0.000000 0.435083
0.000000 0.381007
0.000000 0.316802
0.000000 0.251253
0.000000 0.190078
0.000000 0.136241
0.000000 0.090827
0.000000 0.053654
0.000000 0.023941
0.000000 0.000709
0.000000 -0.017001
0.000000 -0.030033
0.000378 -0.039110
0.006719 -0.044856
0.031986 -0.047824
0.087849 -0.048521
0.177292 -0.047423
0.294062 -0.044970
0.426474 -0.041567
0.561522 -0.037569
0.683161 -0.033240
0.771467 -0.028880
0.811278 -0.024673
0.798855 -0.020750
0.741500 -0.017238
0.652904 -0.014124
0.548055 -0.011425
0.439746 -0.009131
0.337061 -0.007214
0.245331 -0.005638
0.166879 -0.004362
0.101987 -0.003341
0.049773 -0.002536
0.008832 -0.001908
-0.022369 -0.001046
-0.045284 0.005666
-0.061222 0.031212
-0.071338 0.087284
-0.076660 0.176884
-0.078118 0.293810
-0.076553 0.426335
-0.072729 0.561842
-0.067328 0.689503
-0.060943 0.796733
-0.054070 0.867140
-0.047111 0.888299
-0.040370 0.858270
-0.034065 0.785316
-0.028335 0.683481
-0.023253 0.567727
-0.018843 0.450633
-0.015088 0.341005
-0.011946 0.243900
-0.009357 0.161401
-0.007255 0.093589
-0.005571 0.039408
-0.004239 -0.002697
-0.003197 -0.034397
-0.002391 -0.057278
-0.001774 -0.072769
-0.001306 -0.082138
-0.000913 -0.086516
-0.000622 -0.086540
-0.000409 -0.077538
-0.000253 -0.047371
-0.000139 0.014912
-0.000058 0.111675
0.000000 0.235774
0.000000 0.369529
0.000000 0.487049
0.000000 0.565992
0.000000 0.596280
0.000000 0.580613
0.000000 0.529911
0.000000 0.457876
0.000000 0.377026
0.000000 0.296752
0.000000 0.222954
0.000000 0.158581
0.000000 0.104500
0.000000 0.060338
0.000000 0.025122
0.000000 -0.002308
0.000378 -0.023033
0.006719 -0.038113
0.031986 -0.048420
0.087849 -0.054722
0.177292 -0.057715
0.294062 -0.058037
0.426474 -0.056283
0.561900 -0.052996
0.689881 -0.048707
0.803075 -0.043788
0.892407 -0.038596
0.944162 -0.033414
0.947714 -0.028455
0.902086 -0.023865
0.815893 -0.019732
0.703152 -0.016099
0.578614 -0.012971
0.454577 -0.010328
0.339574 -0.008133
0.238423 -0.006336
0.153003 -0.004888
0.083224 -0.003734
0.027880 -0.002827
-0.014725 -0.002122
-0.046391 -0.001202
-0.068825 0.005553
-0.083569 0.031131
-0.091993 0.087226
-0.095316 0.176506
-0.094623 0.287090
-0.090885 0.394349
-0.084965 0.473993
-0.077610 0.512588
-0.069458 0.509391
-0.061026 0.472652
-0.052720 0.414248
-0.044839 0.345682
-0.037586 0.275925
-0.031079 0.210829
-0.025370 0.153479
-0.020461 0.104951
-0.016313 0.065079
-0.012865 0.033072
-0.010041 0.008300
-0.007760 -0.004643
-0.005941 0.006315
-0.004508 0.052080
-0.003391 0.134973
-0.002531 0.247769
-0.001832 0.372657
-0.001306 0.483545
-0.000913 0.557836
-0.000622 0.585158
-0.000409 0.567904
-0.000253 0.516686
-0.000139 0.444922
-0.000058 0.364883
0.000000 0.285752
0.000000 0.213263
0.000000 0.150242
0.000000 0.097470
0.000000 0.054518
0.000000 0.020380
0.000378 -0.006114
0.006719 -0.026089
0.031986 -0.040541
0.087849 -0.050333
0.176914 -0.056222
0.287343 -0.058886
0.394488 -0.058951
0.474051 -0.056999
0.512588 -0.053560
0.509391 -0.049116
0.472652 -0.044040
0.414248 -0.038735
0.345682 -0.033472
0.275925 -0.028455
0.210829 -0.023865
0.153479 -0.019732
0.104951 -0.016099
0.065079 -0.012971
0.033072 -0.010328
0.008300 -0.008133
-0.004643 -0.006336
0.006315 -0.004888
0.052080 -0.003734
0.134973 -0.002827
0.247769 -0.002122
0.372657 -0.001580
0.483545 -0.001167
0.557836 -0.000855
0.585158 -0.000622
0.567904 -0.000409
0.516686 -0.000253
0.444922 -0.000139
0.364883 -0.000058
0.285752 0.000000
0.213263 0.000000
0.150242 0.000000
0.097470 0.000000
0.054518 0.000000
0.020380 0.000000
-0.005736 0.000000
-0.019369 0.000000
-0.008555 0.000000
0.037515 0.000000
0.121071 0.000000
0.235176 0.000000
0.367145 0.000000
0.498182 0.000000
0.604334 0.000000
0.666488 0.000000
0.677794 0.000000
0.643350 0.000000
0.575616 0.000000
0.489023 0.000000
0.396209 0.000000
0.306442 0.000000
0.225288 0.000000
0.155339 0.000000
0.097136 0.000000
0.050038 0.000000
0.012860 0.000000
-0.015728 0.000378
-0.036990 0.006719
-0.052055 0.031986
-0.061913 0.087849
-0.067440 0.176914
-0.069429 0.287343
-0.068608 0.394488
-0.065647 0.474051
-0.061110 0.512588
-0.055587 0.509391
-0.049535 0.472652
-0.043328 0.414248
-0.037255 0.345682
-0.031570 0.275925
-0.026360 0.210829
-0.021707 0.153479
-0.017645 0.104951
-0.014169 0.065079
-0.011247 0.033072
-0.008831 0.007922
-0.006862 -0.011363
-0.005280 -0.025671
-0.004025 -0.035769
-0.003041 -0.042320
-0.001900 -0.045915
0.005027 -0.047097
0.030738 -0.046369
0.086935 -0.044196
0.176670 -0.041002
0.293654 -0.037160
0.426222 -0.032988
0.561760 -0.028740
0.689822 -0.024614
0.803453 -0.020750
0.898749 -0.017238
0.969428 -0.014124
1.003576 -0.011425
0.991530 -0.009131
0.932663 -0.007214
0.835564 -0.005638
0.714039 -0.004362
0.582558 -0.003341
0.453146 -0.002536
0.334096 -0.001908
0.230025 -0.001424
0.142639 -0.001054
0.071696 -0.000774
0.015851 -0.000564
-0.026719 -0.000409
-0.057938 0.000125
-0.079625 0.006580
-0.093424 0.031928
-0.100793 0.087849
-0.103021 0.177292
-0.101250 0.294062
-0.096493 0.426096
-0.089639 0.555180
-0.081451 0.657895
-0.072572 0.715604
-0.063520 0.721834
-0.054695 0.682085
-0.046386 0.609088
-0.038784 0.517478
-0.031998 0.420074
-0.026069 0.326174
-0.020987 0.241387
-0.016706 0.168310
-0.013156 0.107464
-0.010255 0.058171
-0.007916 0.019196
-0.006054 -0.010840
-0.004589 -0.033256
-0.003450 -0.049228
-0.002531 -0.059791
-0.001454 -0.065860
0.005413 -0.068262
0.031073 -0.067753
0.087226 -0.065024
0.176884 -0.060701
0.293810 -0.055335
0.426335 -0.049396
0.561842 -0.043270
0.689881 -0.037255
0.803075 -0.031570
0.892407 -0.026360
0.944162 -0.021707
0.947714 -0.017645
0.902086 -0.014169
0.815893 -0.011247
0.703152 -0.008831
0.578614 -0.006862
0.454577 -0.005280
0.339574 -0.004025
0.238423 -0.003041
0.153003 -0.002278
0.083224 -0.001693
0.027880 -0.001248
-0.014725 -0.000913
-0.046391 -0.000622
-0.068825 -0.000409
-0.083569 -0.000253
-0.091993 0.000238
-0.095316 0.006661
-0.094623 0.031986
-0.090885 0.087849
-0.084965 0.177292
-0.077610 0.294062
-0.069458 0.426474
-0.061026 0.561900
-0.052720 0.689881
-0.044839 0.803453
-0.037586 0.898749
-0.031079 0.969428
-0.025370 1.003576
-0.020461 0.991530
-0.016313 0.932663
-0.012865 0.835564
-0.010041 0.714039
-0.007760 0.582558
-0.005941 0.453146
-0.004508 0.334096
-0.003391 0.230025
-0.002531 0.142639
-0.001832 0.071696
-0.001306 0.015851
-0.000913 -0.026719
-0.000245 -0.057938
0.006311 -0.079625
0.031734 -0.093424
0.087709 -0.100793
0.176856 -0.103021
0.287343 -0.101250
0.394488 -0.096493
0.474051 -0.089639
0.512588 -0.081451
0.509391 -0.072572
0.472652 -0.063520
0.414248 -0.054695
0.345682 -0.046386
0.275925 -0.038784
0.210829 -0.031998
0.153479 -0.026069
0.104951 -0.020987
0.065079 -0.016706
0.033072 -0.013156
0.007922 -0.009877
-0.011363 -0.001197
-0.025671 0.025932
-0.035769 0.083259
-0.042320 0.173843
-0.045915 0.291532
-0.047097 0.424642
-0.046369 0.560594
-0.044196 0.688589
-0.041002 0.796111
-0.037160 0.866732
-0.032988 0.888047
-0.028740 0.858131
-0.024614 0.785258
-0.020750 0.683481
-0.017238 0.567727
-0.014124 0.450633
-0.011425 0.341005
-0.009131 0.243900
-0.007214 0.161401
-0.005638 0.093589
-0.004362 0.039408
-0.003341 -0.002697
-0.002536 -0.034397
-0.001908 -0.057278
-0.001424 -0.072769
-0.001054 -0.082138
-0.000774 -0.086516
-0.000564 -0.086918
-0.000409 -0.084258
-0.000253 -0.079357
-0.000139 -0.072936
-0.000058 -0.065617
0.000000 -0.057911
0.000000 -0.050225
0.000000 -0.042865
0.000000 -0.036040
0.000000 -0.029881
0.000000 -0.024451
0.000000 -0.019762
0.000000 -0.015787
0.000000 -0.012472
0.000000 -0.009750
0.000000 -0.007546
0.000000 -0.005785
0.000000 -0.004395
0.000000 -0.003310
0.000000 -0.002472
0.000000 -0.001832
0.000000 -0.001306
0.000000 -0.000913
0.000000 -0.000622
0.000000 -0.000409
0.000000 -0.000253
0.000000 -0.000139
0.000000 -0.000058
0.000000 0.000000
0.000000 0.000000
0.000000 0.000000
0.000000 0.000000
0.000000 0.000000
0.000000 0.000000
0.000000 0.000000
0.000000 0.000000
0.000000 0.000000
0.000000 0.000000
0.000000 0.000000
0.000000 0.000000
0.000000 0.000000
0.000000 0.000000
0.000000 0.000000
0.000000 0.000000
0.000000 0.000000
0.000000 0.000000
0.000000 0.000000
0.000000 0.000000
0.000000 0.000000
0.000000 0.000000
0.000000 0.000000
0.000000 0.000000
0.000000 0.000000
0.000000 0.000000
0.000000 0.000000
0.000000 0.000000
0.000000 0.000000
0.000000 0.000000
0.000000 0.000000
0.000000 0.000000
0.000000 0.000000
0.000000 0.000000
0.000000 0.000000
0.000000 0.000000
0.000000 0.000000
0.000000 0.000000
0.000000 0.000000
0.000000 0.000000
0.000000 0.000000
0.000000 0.000000
0.000000 0.000000
0.000000 0.000000
0.000000 0.000000
0.000000 0.000000
0.000000 0.000000
0.000000 0.000000
0.000000 0.000000
0.000000 0.000000
0.000000 0.000000
0.000000 0.000000
0.000000 0.000000
0.000000 0.000000
0.000000 0.000000
0.000000 0.000000
0.000000 0.000000
0.000000 0.000000
0.000000 0.000000
0.000000 0.000000
0.000000 0.000000
0.000000 0.000000
0.000000 0.000000
