0.000000 0.000000
0.000000 0.000000
0.000000 0.000000
0.000000 0.000000
0.000000 0.000000
0.000000 0.000000
0.000000 0.000000
0.000000 0.000000
0.000000 0.000000
0.000000 0.000000
0.000000 0.000000
0.000000 0.000000
0.000000 0.000000
0.000000 0.000000
0.000000 0.000000
0.000000 0.000378
0.000000 0.006719
0.000000 0.031986
0.000000 0.087849
0.000000 0.176914
0.000000 0.287343
0.000000 0.394488
0.000000 0.474051
0.000000 0.512588
0.000000 0.509391
0.000000 0.472652
0.000000 0.414248
0.000000 0.345682
0.000000 0.275925
0.000000 0.210829
0.000000 0.153479
0.000000 0.104951
0.000000 0.065079
0.000000 0.033072
0.000000 0.008300
0.000000 -0.004643
0.000000 0.006315
0.000000 0.052080
0.000000 0.134973
0.000000 0.248147
0.000000 0.379377
0.000000 0.515531
0.000000 0.645684
0.000000 0.762073
0.000000 0.855246
0.000000 0.911174
0.000000 0.918974
0.000000 0.877472
0.000000 0.795142
0.000000 0.685915
0.000000 0.564489
0.000000 0.443152
0.000000 0.330443
0.000000 0.231209
0.000000 0.147365
0.000000 0.078863
0.000000 0.024538
0.000000 -0.017262
0.000000 -0.047921
0.000000 -0.063529
0.000000 -0.052637
0.000000 -0.004919
0.000000 0.081412
0.000000 0.199031
0.000000 0.335336
0.000000 0.476418
0.000000 0.605492
0.000000 0.702009
0.000000 0.750252
0.000000 0.746135
0.000000 0.696661
0.000000 0.615318
0.000000 0.516976
0.000000 0.414376
0.000000 0.316600
0.000000 0.229018
0.000000 0.154014
0.000000 0.091946
0.000000 0.042013
0.000000 0.002890
0.000000 -0.026877
0.000000 -0.048676
0.000000 -0.063375
0.000000 -0.066450
0.000000 -0.045981
0.000000 0.008817
0.000000 0.100117
0.000000 0.220924
0.000000 0.358893
0.000000 0.500440
0.000000 0.629033
0.000000 0.724356
0.000000 0.770908
0.000000 0.764791
0.000000 0.713165
0.000000 0.629651
0.000000 0.529212
0.000000 0.424658
0.000000 0.325115
0.000000 0.235974
0.000000 0.159624
0.000000 0.096416
0.000000 0.045534
0.000000 0.005634
0.000000 -0.024382
0.000000 -0.040339
0.000000 -0.030542
0.000000 0.015597
0.000000 0.100009
0.000000 0.215536
0.000000 0.349669
0.000000 0.489031
0.000000 0.622494
0.000000 0.742510
0.000000 0.844679
0.000000 0.922318
0.000000 0.963206
0.000000 0.957465
0.000000 0.904328
0.000000 0.812311
0.000000 0.695196
0.000000 0.567469
0.000000 0.441200
0.000000 0.324739
0.000000 0.222770
0.000000 0.137067
0.000000 0.067457
0.000000 0.012654
0.000000 -0.029110
0.000000 -0.059334
0.000000 -0.074212
0.000000 -0.062352
0.000000 -0.013567
0.000000 0.073863
0.000000 0.192560
0.000000 0.329841
0.000000 0.471825
0.000000 0.601710
0.000000 0.698894
0.000000 0.747757
0.000000 0.744161
0.000000 0.695114
0.000000 0.614120
0.000000 0.516057
0.000000 0.413677
0.000000 0.316074
0.000000 0.228626
0.000000 0.153723
0.000000 0.091732
0.000000 0.041857
0.000000 0.002777
0.000000 -0.026581
0.000000 -0.042014
0.000000 -0.031766
0.000000 0.014679
0.000000 0.099326
0.000000 0.215031
0.000000 0.349299
0.000000 0.488762
0.000000 0.622300
0.000000 0.741993
0.000000 0.838279
0.000000 0.897051
0.000000 0.907344
0.000000 0.868021
0.000000 0.787558
0.000000 0.679899
0.000000 0.559770
0.000000 0.439489
0.000000 0.327628
0.000000 0.229066
0.000000 0.145748
0.000000 0.077653
0.000000 0.023641
0.000000 -0.017922
0.000000 -0.048404
0.000000 -0.063879
0.000000 -0.052889
0.000000 -0.005058
0.000000 0.081354
0.000000 0.199031
0.000000 0.335336
0.000000 0.476796
0.000000 0.611834
0.000000 0.727276
0.000000 0.806115
0.000000 0.835579
0.000000 0.813431
0.000000 0.747730
0.000000 0.652402
0.000000 0.542356
0.000000 0.430172
0.000000 0.324692
0.000000 0.231036
0.000000 0.151361
0.000000 0.085829
0.000000 0.033467
0.000000 -0.007205
0.000378 -0.037789
0.006719 -0.059809
0.031986 -0.074601
0.087849 -0.083444
0.177292 -0.087429
0.294062 -0.087540
0.426474 -0.084666
0.561900 -0.079609
0.689503 -0.073076
0.796733 -0.065675
0.867140 -0.057911
0.888299 -0.050225
0.858270 -0.042865
0.785316 -0.036040
0.683481 -0.029881
0.567727 -0.024451
0.450633 -0.019762
0.341005 -0.015787
0.243900 -0.012472
0.161401 -0.009750
0.093589 -0.007546
0.039408 -0.005785
-0.002697 -0.004395
-0.034397 -0.002932
-0.057278 0.004247
-0.072769 0.030154
-0.082138 0.086542
-0.086516 0.176001
-0.086918 0.286720
-0.084258 0.394080
-0.079357 0.473799
-0.072936 0.512449
-0.065617 0.509332
-0.057911 0.472652
-0.050225 0.414248
-0.042865 0.345682
-0.036040 0.275925
-0.029881 0.210829
-0.024451 0.153479
-0.019762 0.104951
-0.015787 0.065079
-0.012472 0.033072
-0.009372 0.007922
-0.000827 -0.011363
0.026201 -0.025671
0.083453 -0.035769
0.173982 -0.042320
0.291590 -0.045915
0.424642 -0.047097
0.560594 -0.046369
0.688589 -0.044196
0.796111 -0.041002
0.866732 -0.037160
0.888047 -0.032988
0.858131 -0.028740
0.785258 -0.024614
0.683481 -0.020750
0.567727 -0.017238
0.450633 -0.014124
0.341005 -0.011425
0.243900 -0.009131
0.161401 -0.007214
0.093589 -0.005638
0.039408 -0.004362
-0.002697 -0.003341
-0.034019 -0.002536
-0.050558 -0.001908
-0.040783 -0.001424
0.005711 -0.001054
0.090398 -0.000774
0.200425 -0.000564
0.310230 -0.000409
0.394695 -0.000253
0.439652 -0.000139
0.443774 -0.000058
0.414741 0.000000
0.364022 0.000000
0.302817 0.000000
0.239886 0.000000
0.180948 0.000000
0.129028 0.000000
0.085189 0.000000
0.049293 0.000000
0.020600 0.000000
-0.001828 0.000000
-0.018909 0.000000
-0.031079 0.000000
-0.033444 0.000000
-0.013644 0.000000
0.039461 0.000000
0.128362 0.000000
0.246387 0.000000
0.380987 0.000000
0.513556 0.000000
0.620326 0.000000
0.682364 0.000000
0.692954 0.000000
0.657413 0.000000
0.588338 0.000000
0.500241 0.000000
0.405950 0.000000
0.314749 0.000000
0.232257 0.000000
0.161096 0.000000
0.101826 0.000000
0.053809 0.000000
0.015855 0.000000
-0.013376 0.000378
-0.035164 0.006719
-0.050652 0.031986
-0.060845 0.087849
-0.066634 0.177292
-0.068827 0.294062
-0.068162 0.426474
-0.065277 0.561900
-0.060840 0.689503
-0.055393 0.796733
-0.049396 0.867140
-0.043270 0.888299
-0.037255 0.858270
-0.031570 0.785316
-0.026360 0.683481
-0.021707 0.567727
-0.017645 0.450633
-0.014169 0.341005
-0.011247 0.243900
-0.008831 0.161401
-0.006862 0.093589
-0.005280 0.039408
-0.004025 -0.002697
-0.002663 -0.034397
0.004441 -0.057278
0.030293 -0.072769
0.086600 -0.082138
0.176001 -0.086516
0.286720 -0.086918
0.394080 -0.084258
0.473799 -0.079357
0.512449 -0.072936
0.509332 -0.065617
0.472652 -0.057911
0.414248 -0.050225
0.345682 -0.042865
0.275925 -0.036040
0.210829 -0.029881
0.153479 -0.024451
0.104951 -0.019762
0.065079 -0.015787
0.033072 -0.012472
0.008300 -0.009750
-0.004643 -0.007546
0.006315 -0.005785
0.052080 -0.004395
0.134973 -0.003310
0.248147 -0.002472
0.379377 -0.001832
0.515531 -0.001306
0.645684 -0.000913
0.762450 -0.000622
0.861588 -0.000409
0.936440 -0.000253
0.974836 -0.000139
0.966915 -0.000058
0.911912 0.000000
0.818327 0.000000
0.699915 0.000000
0.571132 0.000000
0.444015 0.000000
0.326883 0.000000
0.224387 0.000000
0.138277 0.000000
0.068354 0.000000
0.013315 0.000000
-0.028627 0.000000
-0.059361 0.000000
-0.080301 0.000000
-0.087479 0.000000
-0.069371 0.000000
-0.015581 0.000000
0.075412 0.000000
0.190710 0.000000
0.304791 0.000000
0.392600 0.000000
0.440016 0.000000
0.445870 0.000000
0.417957 0.000000
0.367862 0.000000
0.306898 0.000000
0.243928 0.000000
0.184760 0.000000
0.132492 0.000000
0.088246 0.000000
0.051924 0.000000
0.022817 0.000000
0.000006 0.000000
-0.017417 0.000378
-0.030261 0.006719
-0.039218 0.031986
-0.044850 0.087849
-0.047748 0.177292
-0.048404 0.294062
-0.047283 0.426474
-0.044819 0.561522
-0.041411 0.683161
-0.037413 0.771467
-0.033127 0.811278
-0.028798 0.798855
-0.024614 0.741500
-0.020750 0.652904
-0.017238 0.548055
-0.014124 0.439746
-0.011425 0.337061
-0.009131 0.245331
-0.007214 0.166879
-0.005638 0.101987
-0.004362 0.049773
-0.003341 0.008832
-0.002158 -0.022369
0.004811 -0.045284
0.030562 -0.061222
0.086795 -0.071338
0.176141 -0.076660
0.286778 -0.078118
0.394080 -0.076553
0.473799 -0.072729
0.512449 -0.067328
0.509332 -0.060943
0.472652 -0.054070
0.414248 -0.047111
0.345682 -0.040370
0.275925 -0.034065
0.210829 -0.028335
0.153479 -0.023253
0.104951 -0.018843
0.065079 -0.015088
0.033072 -0.011946
0.008300 -0.009357
-0.004643 -0.007255
0.006315 -0.005571
0.052080 -0.004239
0.134595 -0.003197
0.241427 -0.002391
0.347391 -0.001774
0.427682 -0.001306
0.468392 -0.000913
0.468388 -0.000622
0.435492 -0.000409
0.381260 -0.000253
0.316941 -0.000139
0.251311 -0.000058
0.190078 0.000000
0.136241 0.000000
0.090827 0.000000
0.053654 0.000000
0.023941 0.000000
0.001086 0.000000
-0.010281 0.000000
0.001953 0.000000
0.048738 0.000000
0.132436 0.000000
0.245861 0.000000
0.371234 0.000000
0.482491 0.000000
0.557062 0.000000
0.584594 0.000000
0.567495 0.000000
0.516433 0.000000
0.444783 0.000000
0.364825 0.000000
0.285752 0.000000
0.213263 0.000000
0.150242 0.000000
0.097470 0.000000
0.054518 0.000000
0.020380 0.000000
-0.006114 0.000000
-0.026089 0.000378
-0.040541 0.006719
-0.050333 0.031986
-0.056222 0.087849
-0.058886 0.176914
-0.058951 0.287343
-0.056999 0.394488
-0.053560 0.474051
-0.049116 0.512588
-0.044040 0.509391
-0.038735 0.472652
-0.033472 0.414248
-0.028455 0.345682
-0.023865 0.275925
-0.019732 0.210829
-0.016099 0.153479
-0.012971 0.104951
-0.010328 0.065079
-0.008133 0.033072
-0.005959 0.007922
0.001832 -0.011363
0.028252 -0.025671
0.085021 -0.035769
0.175170 -0.042320
0.292483 -0.045915
0.424930 -0.047097
0.554325 -0.046369
0.657272 -0.044196
0.715196 -0.041002
0.721582 -0.037160
0.681946 -0.032988
0.609030 -0.028740
0.517478 -0.024614
0.420074 -0.020750
0.326174 -0.017238
0.241387 -0.014124
0.168310 -0.011425
0.107464 -0.009131
0.058171 -0.007214
0.019196 -0.005638
-0.010463 -0.004362
-0.026536 -0.003341
-0.017242 -0.002536
0.028058 -0.001908
0.111432 -0.001424
0.225422 -0.001054
0.352001 -0.000774
0.464890 -0.000564
0.541331 -0.000409
0.570826 -0.000253
0.555668 -0.000139
0.506404 -0.000058
0.436407 0.000000
0.357927 0.000000
0.280142 0.000000
0.208793 0.000000
0.146721 0.000000
0.094726 0.000000
0.052401 0.000000
0.018763 0.000000
-0.007338 0.000000
-0.027008 0.000000
-0.041225 0.000000
-0.050838 0.000000
-0.056591 0.000378
-0.059155 0.006719
-0.059146 0.031986
-0.057138 0.087849
-0.053618 0.176914
-0.049116 0.287343
-0.044040 0.394488
-0.038735 0.474051
-0.033472 0.512588
-0.028455 0.509391
-0.023865 0.472652
-0.019732 0.414248
-0.016099 0.345682
-0.012971 0.275925
-0.010328 0.210829
-0.008133 0.153479
-0.006336 0.104951
-0.004888 0.065079
-0.003734 0.033072
-0.002827 0.007922
-0.001744 -0.011363
0.005140 -0.025671
0.030819 -0.035769
0.086993 -0.042320
0.176292 -0.045915
0.286934 -0.047097
0.394236 -0.046369
0.473912 -0.044196
0.512530 -0.041002
0.509391 -0.037160
0.472652 -0.032988
0.414248 -0.028740
0.345682 -0.024614
0.275925 -0.020750
0.210829 -0.017238
0.153479 -0.014124
0.104951 -0.011425
0.065079 -0.009131
0.033072 -0.007214
0.007922 -0.005638
-0.011363 -0.004362
-0.025671 -0.003341
-0.035769 -0.002536
-0.042320 -0.001908
-0.045538 -0.001424
-0.040378 -0.001054
-0.014383 -0.000774
0.043652 -0.000564
0.135912 -0.000409
0.250182 -0.000253
0.361500 -0.000139
0.445311 -0.000058
0.487974 0.000000
0.488640 0.000000
0.455414 0.000000
0.400123 0.000000
0.334256 0.000000
0.266795 0.000000
0.203615 0.000000
0.147841 0.000000
0.100590 0.000000
0.061738 0.000000
0.030536 0.000000
0.006014 0.000378
-0.012786 0.006719
-0.026725 0.031986
-0.036543 0.087849
-0.042884 0.177292
-0.046324 0.294062
-0.047350 0.426474
-0.046509 0.561900
-0.044254 0.689881
-0.041002 0.803453
-0.037160 0.898749
-0.032988 0.969428
-0.028740 1.003576
-0.024614 0.991530
-0.020750 0.932663
-0.017238 0.835564
-0.014124 0.714039
-0.011425 0.582558
-0.009131 0.453146
-0.007214 0.334096
-0.005638 0.230025
-0.004362 0.142639
-0.003341 0.071696
-0.002536 0.015851
-0.001908 -0.026719
-0.001424 -0.057560
-0.001054 -0.072906
-0.000774 -0.061438
-0.000564 -0.012945
-0.000409 0.074272
-0.000253 0.192812
-0.000139 0.329981
-0.000058 0.472261
0.000000 0.608429
0.000000 0.730880
0.000000 0.835228
0.000000 0.914733
0.000000 0.957191
0.000000 0.952746
0.000000 0.900665
0.000000 0.809496
0.000000 0.693053
0.000000 0.565852
0.000000 0.439990
0.000000 0.323841
0.000000 0.222109
0.000000 0.136585
0.000000 0.067106
0.000000 0.012402
0.000000 -0.029250
0.000000 -0.059392
0.000000 -0.074212
0.000000 -0.062352
0.000000 -0.013567
0.000000 0.073863
0.000000 0.192560
0.000000 0.329464
0.000000 0.465484
0.000000 0.576443
0.000000 0.643032
0.000000 0.658314
0.000000 0.627390
0.000000 0.562702
0.000000 0.478694
0.000000 0.388076
0.000000 0.300105
0.000000 0.220401
0.000000 0.151604
0.000000 0.094309
0.000000 0.047916
0.000000 0.011280
0.000378 -0.016895
0.006719 -0.037845
0.031986 -0.052678
0.087849 -0.062321
0.177292 -0.067692
0.294062 -0.069569
0.426096 -0.068667
0.555180 -0.065647
0.657895 -0.061110
0.715604 -0.055587
0.721834 -0.049535
0.682085 -0.043328
0.609088 -0.037255
0.517478 -0.031570
0.420074 -0.026360
0.326174 -0.021707
0.241387 -0.017645
0.168310 -0.014169
0.107464 -0.011247
0.058171 -0.008831
0.019196 -0.006862
-0.010840 -0.005280
-0.033256 -0.004025
-0.048850 -0.003041
-0.053071 -0.002278
-0.033874 -0.001693
0.019586 -0.001248
0.109161 -0.000913
0.222318 -0.000622
0.333787 -0.000409
0.418717 -0.000253
0.463192 -0.000139
0.466121 -0.000058
0.435397 0.000000
0.382678 0.000000
0.319322 0.000000
0.254218 0.000000
0.193183 0.000000
0.139310 0.000000
0.093704 0.000000
0.056248 0.000000
0.026209 0.000000
0.002642 0.000378
-0.015388 0.006719
-0.028712 0.031986
-0.038047 0.087849
-0.044012 0.177292
-0.047163 0.294062
-0.048011 0.426096
-0.046992 0.555180
-0.044605 0.657895
-0.041255 0.715604
-0.037300 0.721834
-0.033046 0.682085
-0.028740 0.609088
-0.024614 0.517478
-0.020750 0.420074
-0.017238 0.326174
-0.014124 0.241387
-0.011425 0.168310
-0.009131 0.107464
-0.007214 0.058171
-0.005638 0.019196
-0.004362 -0.010840
-0.002964 -0.033256
0.004183 -0.049228
0.030078 -0.059791
0.086425 -0.065860
0.176238 -0.068262
0.293288 -0.067753
0.425910 -0.065024
0.561491 -0.060701
0.689628 -0.055335
0.802936 -0.049396
0.892349 -0.043270
0.944162 -0.037255
0.947714 -0.031570
0.902086 -0.026360
0.815893 -0.021707
0.703152 -0.017645
0.578614 -0.014169
0.454577 -0.011247
0.339574 -0.008831
0.238423 -0.006862
0.153003 -0.005280
0.083224 -0.004025
0.027880 -0.003041
-0.014725 -0.002278
-0.046391 -0.001315
-0.068825 0.005471
-0.083569 0.031073
-0.091993 0.087226
-0.095316 0.176884
-0.094623 0.293810
-0.090885 0.426335
-0.084965 0.561464
-0.077610 0.683161
-0.069458 0.771467
-0.061026 0.811278
-0.052720 0.798855
-0.044839 0.741500
-0.037586 0.652904
-0.031079 0.548055
-0.025370 0.439746
-0.020461 0.337061
-0.016313 0.245331
-0.012865 0.166879
-0.010041 0.101987
-0.007760 0.049773
-0.005941 0.008832
-0.004130 -0.022369
0.003328 -0.045284
0.029455 -0.061222
0.086016 -0.071338
0.175986 -0.076660
0.293149 -0.078118
0.425474 -0.076553
0.554772 -0.072729
0.657642 -0.067328
0.715465 -0.060943
0.721776 -0.054070
0.682085 -0.047111
0.609088 -0.040370
0.517478 -0.034065
0.420074 -0.028335
0.326174 -0.023253
0.241387 -0.018843
0.168310 -0.015088
0.107464 -0.011946
0.058171 -0.009357
0.019196 -0.007255
-0.010840 -0.005571
-0.033256 -0.004239
-0.049228 -0.003197
-0.059791 -0.002391
-0.065860 -0.001774
-0.068262 -0.001306
-0.067753 -0.000913
-0.065024 -0.000622
-0.060701 -0.000409
-0.055335 -0.000253
-0.049396 -0.000139
-0.043270 -0.000058
-0.037255 0.000000
-0.031570 0.000000
-0.026360 0.000000
-0.021707 0.000000
-0.017645 0.000000
-0.014169 0.000000
-0.011247 0.000000
-0.008831 0.000000
-0.006862 0.000000
-0.005280 0.000000
-0.004025 0.000000
-0.003041 0.000000
-0.002278 0.000000
-0.001693 0.000000
-0.001248 0.000000
-0.000913 0.000000
-0.000622 0.000000
-0.000409 0.000000
-0.000253 0.000000
-0.000139 0.000000
-0.000058 0.000000
0.000000 0.000000
0.000000 0.000000
0.000000 0.000000
0.000000 0.000000
0.000000 0.000000
0.000000 0.000000
0.000000 0.000000
0.000000 0.000000
0.000000 0.000000
0.000000 0.000000
0.000000 0.000000
0.000000 0.000000
0.000000 0.000000
0.000000 0.000000
0.000000 0.000000
0.000000 0.000000
0.000000 0.000000
0.000000 0.000000
0.000000 0.000000
0.000000 0.000000
0.000000 0.000000
0.000000 0.000000
0.000000 0.000000
0.000000 0.000000
0.000000 0.000000
0.000000 0.000000
0.000000 0.000000
0.000000 0.000000
0.000000 0.000000
0.000000 0.000000
0.000000 0.000000
0.000000 0.000000
0.000000 0.000000
0.000000 0.000000
0.000000 0.000000
0.000000 0.000000
0.000000 0.000000
0.000000 0.000000
0.000000 0.000000
0.000000 0.000000
0.000000 0.000000
0.000000 0.000000
0.000000 0.000000
0.000000 0.000000
0.000000 0.000000
0.000000 0.000000
0.000000 0.000000
0.000000 0.000000
0.000000 0.000000
0.000000 0.000000
0.000000 0.000000
0.000000 0.000000
0.000000 0.000000
0.000000 0.000000
0.000000 0.000000
0.000000 0.000000
0.000000 0.000000
0.000000 0.000000
0.000000 0.000000
0.000000 0.000000
0.000000 0.000000
0.000000 0.000000
0.000000 0.000000
0.000000 0.000000
