0.000000 0.000000
0.000000 0.000000
0.000000 0.000000
0.000000 0.000000
0.000000 0.000000
0.000000 0.000000
0.000000 0.000000
0.000000 0.000000
0.000000 0.000000
0.000000 0.000000
0.000000 0.000000
0.000000 0.000000
0.000000 0.000000
0.000000 0.000000
0.000000 0.000000
0.000378 0.000000
0.006719 0.000000
0.031986 0.000000
0.087849 0.000000
0.177292 0.000000
0.294062 0.000000
0.426474 0.000000
0.561900 0.000000
0.689503 0.000000
0.796733 0.000000
0.867140 0.000000
0.888299 0.000000
0.858270 0.000000
0.785316 0.000000
0.683481 0.000000
0.567727 0.000000
0.450633 0.000000
0.341005 0.000000
0.243900 0.000000
0.161401 0.000000
0.093589 0.000000
0.039408 0.000000
-0.002697 0.000000
-0.034397 0.000378
-0.057278 0.006719
-0.072769 0.031986
-0.082138 0.087849
-0.086516 0.176914
-0.086918 0.287343
-0.084258 0.394488
-0.079357 0.474051
-0.072936 0.512588
-0.065617 0.509391
-0.057911 0.472652
-0.050225 0.414248
-0.042865 0.345682
-0.036040 0.275925
-0.029881 0.210829
-0.024451 0.153479
-0.019762 0.104951
-0.015787 0.065079
-0.012472 0.033072
-0.009372 0.007922
-0.000827 -0.011363
0.026201 -0.025671
0.083453 -0.035769
0.173604 -0.042320
0.284870 -0.045915
0.392656 -0.047097
0.472745 -0.046369
0.511675 -0.044196
0.508768 -0.041002
0.472244 -0.037160
0.413995 -0.032988
0.345542 -0.028740
0.275867 -0.024614
0.210829 -0.020750
0.153479 -0.017238
0.104951 -0.014124
0.065079 -0.011425
0.033072 -0.009131
0.007922 -0.006836
-0.011363 0.001081
-0.025671 0.027625
-0.035769 0.084507
-0.042320 0.174756
-0.045915 0.292154
-0.047097 0.425050
-0.046369 0.560469
-0.044196 0.682387
-0.041002 0.770902
-0.037160 0.810869
-0.032988 0.798603
-0.028740 0.741361
-0.024614 0.652846
-0.020750 0.548055
-0.017238 0.439746
-0.014124 0.337061
-0.011425 0.245331
-0.009131 0.166879
-0.007214 0.101987
-0.005638 0.049773
-0.004362 0.008832
-0.002964 -0.022369
0.004183 -0.045284
0.030078 -0.061222
0.086425 -0.071338
0.176238 -0.076660
0.293288 -0.078118
0.425532 -0.076553
0.554772 -0.072729
0.657642 -0.067328
0.715465 -0.060943
0.721776 -0.054070
0.682085 -0.047111
0.609088 -0.040370
0.517478 -0.034065
0.420074 -0.028335
0.326174 -0.023253
0.241387 -0.018843
0.168310 -0.015088
0.107464 -0.011946
0.058171 -0.009357
0.019196 -0.007255
-0.010840 -0.005194
-0.033256 0.002480
-0.049228 0.028789
-0.059791 0.085457
-0.065860 0.175140
-0.068262 0.286037
-0.067753 0.393575
-0.065024 0.473429
-0.060701 0.512180
-0.055335 0.509138
-0.049396 0.472513
-0.043270 0.414189
-0.037255 0.345682
-0.031570 0.275925
-0.026360 0.210829
-0.021707 0.153479
-0.017645 0.104951
-0.014169 0.065079
-0.011247 0.033072
-0.008831 0.008300
-0.006862 -0.004643
-0.005280 0.006315
-0.004025 0.052080
-0.003041 0.134595
-0.002278 0.241427
-0.001693 0.347391
-0.001248 0.427682
-0.000913 0.468392
-0.000622 0.468388
-0.000409 0.435492
-0.000253 0.381260
-0.000139 0.316941
-0.000058 0.251311
0.000000 0.190078
0.000000 0.136241
0.000000 0.090827
0.000000 0.053654
0.000000 0.023941
0.000378 0.000709
0.006719 -0.017001
0.031986 -0.030033
0.087849 -0.039110
0.176914 -0.044856
0.287343 -0.047824
0.394488 -0.048521
0.474051 -0.047423
0.512588 -0.044970
0.509391 -0.041567
0.472652 -0.037569
0.414248 -0.033240
0.345682 -0.028880
0.275925 -0.024673
0.210829 -0.020750
0.153479 -0.017238
0.104951 -0.014124
0.065079 -0.011425
0.033072 -0.009131
0.008300 -0.007214
-0.004643 -0.005638
0.006315 -0.004362
0.052080 -0.003341
0.134595 -0.002536
0.241427 -0.001908
0.347391 -0.001424
0.427682 -0.001054
0.468392 -0.000774
0.468388 -0.000564
0.435492 -0.000409
0.381260 -0.000253
0.316941 -0.000139
0.251311 -0.000058
0.190078 0.000000
0.136241 0.000000
0.090827 0.000000
0.053654 0.000000
0.023941 0.000000
0.000709 0.000000
-0.017001 0.000000
-0.030033 0.000000
-0.038732 0.000000
-0.038136 0.000000
-0.015837 0.000000
0.039327 0.000000
0.129869 0.000000
0.249092 0.000000
0.384908 0.000000
0.524331 0.000000
0.656263 0.000000
0.767854 0.000000
0.842468 0.000000
0.867549 0.000000
0.841032 0.000000
0.771192 0.000000
0.672055 0.000000
0.558596 0.000000
0.443419 0.000000
0.335367 0.000000
0.239539 0.000000
0.158060 0.000000
0.091053 0.000000
0.037500 0.000000
-0.004121 0.000000
-0.035451 0.000378
-0.058052 0.006719
-0.073333 0.031986
-0.082546 0.087849
-0.086768 0.177292
-0.087057 0.294062
-0.084316 0.426474
-0.079357 0.561900
-0.072936 0.689881
-0.065617 0.803453
-0.057911 0.898749
-0.050225 0.969428
-0.042865 1.003576
-0.036040 0.991530
-0.029881 0.932663
-0.024451 0.835564
-0.019762 0.714039
-0.015787 0.582558
-0.012472 0.453146
-0.009750 0.334096
-0.007546 0.230025
-0.005785 0.142639
-0.004395 0.071696
-0.003310 0.015851
-0.002472 -0.026719
-0.001832 -0.057938
-0.001306 -0.079625
-0.000536 -0.093424
0.006097 -0.100793
0.031578 -0.103021
0.087596 -0.101250
0.176775 -0.096493
0.287285 -0.089639
0.394488 -0.081451
0.474051 -0.072572
0.512588 -0.063520
0.509391 -0.054695
0.472652 -0.046386
0.414248 -0.038784
0.345682 -0.031998
0.275925 -0.026069
0.210829 -0.020987
0.153479 -0.016706
0.104951 -0.013156
0.065079 -0.010255
0.033072 -0.007916
0.007922 -0.006054
-0.011363 -0.004589
-0.025293 -0.003450
-0.029049 -0.002531
-0.010334 -0.001832
0.041933 -0.001306
0.130195 -0.000913
0.247693 -0.000622
0.382278 -0.000409
0.520898 -0.000253
0.652342 -0.000139
0.763746 -0.000058
0.838400 0.000000
0.863685 0.000000
0.837520 0.000000
0.768078 0.000000
0.669356 0.000000
0.556301 0.000000
0.441502 0.000000
0.333791 0.000000
0.238262 0.000000
0.157040 0.000000
0.090247 0.000000
0.036872 0.000000
-0.004605 0.000000
-0.035821 0.000000
-0.058332 0.000000
-0.073543 0.000000
-0.082702 0.000000
-0.086924 0.000000
-0.086792 0.000000
-0.077678 0.000000
-0.047429 0.000000
0.014912 0.000000
0.111675 0.000000
0.236151 0.000000
0.375871 0.000000
0.512316 0.000000
0.621855 0.000000
0.685723 0.000000
0.697383 0.000000
0.662323 0.000000
0.593301 0.000000
0.505006 0.000000
0.410324 0.000000
0.318628 0.000000
0.235602 0.000000
0.163915 0.000000
0.104154 0.000000
0.055698 0.000000
0.017364 0.000000
-0.011769 0.000000
-0.027450 0.000000
-0.017864 0.000000
0.027649 0.000000
0.111179 0.000000
0.225660 0.000000
0.358663 0.000000
0.496876 0.000000
0.628802 0.000000
0.741399 0.000000
0.817744 0.000000
0.845029 0.000000
0.821015 0.000000
0.753746 0.000000
0.657121 0.000000
0.546019 0.000000
0.432988 0.000000
0.326835 0.000000
0.232653 0.000000
0.152570 0.000000
0.086726 0.000000
0.034128 0.000000
-0.006722 0.000000
-0.037061 0.000000
-0.052837 0.000000
-0.042475 0.000000
0.004463 0.000000
0.089863 0.000000
0.206522 0.000000
0.341808 0.000000
0.481913 0.000000
0.610085 0.000000
0.705792 0.000000
0.753367 0.000000
0.748630 0.000000
0.698635 0.000000
0.616864 0.000000
0.518174 0.000000
0.415295 0.000000
0.317299 0.000000
0.229545 0.000000
0.154407 0.000000
0.092237 0.000000
0.042227 0.000000
0.003046 0.000000
-0.026764 0.000378
-0.048594 0.006719
-0.063694 0.031986
-0.073170 0.087849
-0.077967 0.176914
-0.079031 0.287343
-0.077175 0.394488
-0.073138 0.474051
-0.067581 0.512588
-0.061082 0.509391
-0.054128 0.472652
-0.047111 0.414248
-0.040370 0.345682
-0.034065 0.275925
-0.028335 0.210829
-0.023253 0.153479
-0.018843 0.104951
-0.015088 0.065079
-0.011946 0.033072
-0.009357 0.008300
-0.007255 -0.004643
-0.005571 0.006315
-0.004239 0.052080
-0.003197 0.134973
-0.002391 0.248147
-0.001774 0.378999
-0.001306 0.508811
-0.000913 0.613698
-0.000622 0.674602
-0.000409 0.684674
-0.000253 0.649098
-0.000139 0.580348
-0.000058 0.492864
0.000000 0.399324
0.000000 0.308936
0.000000 0.227263
0.000000 0.156885
0.000000 0.098334
0.000000 0.050957
0.000000 0.013558
0.000378 -0.015202
0.006719 -0.036597
0.031986 -0.051764
0.087849 -0.061699
0.177292 -0.067284
0.294062 -0.069316
0.426474 -0.068527
0.561900 -0.065589
0.689503 -0.061110
0.796733 -0.055587
0.867140 -0.049535
0.888299 -0.043328
0.858270 -0.037255
0.785316 -0.031570
0.683481 -0.026360
0.567727 -0.021707
0.450633 -0.017645
0.341005 -0.014169
0.243900 -0.011247
0.161401 -0.008831
0.093589 -0.006862
0.039408 -0.005280
-0.002697 -0.004025
-0.034397 -0.002663
-0.057278 0.004441
-0.072769 0.030293
-0.082138 0.086600
-0.086516 0.176379
-0.086918 0.293440
-0.084258 0.425688
-0.079357 0.554928
-0.072936 0.657755
-0.065617 0.715546
-0.057911 0.721834
-0.050225 0.682085
-0.042865 0.609088
-0.036040 0.517478
-0.029881 0.420074
-0.024451 0.326174
-0.019762 0.241387
-0.015787 0.168310
-0.012472 0.107464
-0.009750 0.058171
-0.007546 0.019196
-0.005407 -0.010840
0.002324 -0.033256
0.028676 -0.049228
0.085376 -0.059791
0.175460 -0.065860
0.292756 -0.068262
0.425183 -0.067753
0.554558 -0.065024
0.657486 -0.060701
0.715352 -0.055335
0.721695 -0.049396
0.682027 -0.043270
0.609088 -0.037255
0.517478 -0.031570
0.420074 -0.026360
0.326174 -0.021707
0.241387 -0.017645
0.168310 -0.014169
0.107464 -0.011247
0.058171 -0.008831
0.019196 -0.006862
-0.010840 -0.004903
-0.033256 0.002694
-0.049228 0.028945
-0.059791 0.085570
-0.065860 0.175222
-0.068262 0.286095
-0.067753 0.393575
-0.065024 0.473429
-0.060701 0.512180
-0.055335 0.509138
-0.049396 0.472513
-0.043270 0.414189
-0.037255 0.345682
-0.031570 0.275925
-0.026360 0.210829
-0.021707 0.153479
-0.017645 0.104951
-0.014169 0.065079
-0.011247 0.033072
-0.008831 0.008300
-0.006862 -0.004643
-0.005280 0.006315
-0.004025 0.052080
-0.003041 0.134973
-0.002278 0.248147
-0.001693 0.379377
-0.001248 0.515531
-0.000913 0.645684
-0.000622 0.762450
-0.000409 0.861588
-0.000253 0.936440
-0.000139 0.974836
-0.000058 0.966915
0.000000 0.911912
0.000000 0.818327
0.000000 0.699915
0.000000 0.571132
0.000000 0.444015
0.000000 0.326883
0.000000 0.224387
0.000000 0.138277
0.000000 0.068354
0.000000 0.013315
0.000000 -0.028627
0.000000 -0.058984
0.000000 -0.073959
0.000000 -0.062212
0.000000 -0.013509
0.000000 0.073863
0.000000 0.192560
0.000000 0.329841
0.000000 0.471825
0.000000 0.601710
0.000000 0.698894
0.000000 0.747757
0.000000 0.744161
0.000000 0.695114
0.000000 0.614120
0.000000 0.516057
0.000000 0.413677
0.000000 0.316074
0.000000 0.228626
0.000000 0.153723
0.000000 0.091732
0.000000 0.041857
0.000000 0.002777
0.000000 -0.026958
0.000000 -0.048734
0.000000 -0.063752
0.000000 -0.073170
0.000000 -0.077589
0.000000 -0.072312
0.000000 -0.045189
0.000000 0.014711
0.000000 0.109711
0.000000 0.232980
0.000000 0.372346
0.000000 0.514412
0.000000 0.642791
0.000000 0.737402
0.000000 0.782943
0.000000 0.775602
0.000000 0.722657
0.000000 0.637816
0.000000 0.536109
0.000000 0.430389
0.000000 0.329806
0.000000 0.239760
0.000000 0.162640
0.000000 0.098790
0.000000 0.047382
0.000000 0.007057
0.000000 -0.023297
0.000000 -0.039478
0.000000 -0.029858
0.000000 0.016102
0.000000 0.100001
0.000000 0.209085
0.000000 0.317877
0.000000 0.401322
0.000000 0.445260
0.000000 0.448448
0.000000 0.418582
0.000000 0.367137
0.000000 0.305312
0.000000 0.241861
0.000000 0.182494
0.000000 0.130226
0.000000 0.086108
0.000000 0.049991
0.000000 0.021126
0.000378 -0.001435
0.006719 -0.018618
0.031986 -0.031242
0.087849 -0.040008
0.177292 -0.045517
0.293684 -0.048306
0.419755 -0.048872
0.529914 -0.047675
0.602032 -0.045110
0.626161 -0.041625
0.605064 -0.037569
0.549673 -0.033240
0.473662 -0.028880
0.389498 -0.024673
0.306502 -0.020750
0.230500 -0.017238
0.164366 -0.014124
0.108895 -0.011425
0.063648 -0.009131
0.027594 -0.007214
-0.000098 -0.005638
-0.015008 -0.004362
-0.005214 -0.003341
0.040051 -0.002536
0.122979 -0.001908
0.236222 -0.001424
0.361857 -0.001054
0.473689 -0.000774
0.549036 -0.000564
0.577453 -0.000409
0.561276 -0.000253
0.511078 -0.000139
0.440248 -0.000058
0.361042 0.000000
0.282637 0.000000
0.210768 0.000000
0.148267 0.000000
0.095924 0.000000
0.053320 0.000000
0.019462 0.000000
-0.006812 0.000000
-0.026615 0.000000
-0.040934 0.000378
-0.050624 0.006719
-0.056435 0.031986
-0.059042 0.087849
-0.059064 0.176914
-0.057080 0.287343
-0.053618 0.394488
-0.049116 0.474051
-0.044040 0.512588
-0.038735 0.509391
-0.033472 0.472652
-0.028455 0.414248
-0.023865 0.345682
-0.019732 0.275925
-0.016099 0.210829
-0.012971 0.153479
-0.010328 0.104951
-0.008133 0.065079
-0.006336 0.033072
-0.004888 0.007922
-0.003734 -0.011363
-0.002827 -0.025671
-0.002122 -0.035769
-0.001580 -0.041942
-0.001167 -0.039196
-0.000855 -0.015111
-0.000622 0.041479
-0.000409 0.133096
-0.000253 0.253060
-0.000139 0.388936
-0.000058 0.522193
0.000000 0.629154
0.000000 0.690990
0.000000 0.701084
0.000000 0.664848
0.000000 0.594964
0.000000 0.506053
0.000000 0.410944
0.000000 0.318960
0.000000 0.235749
0.000000 0.163948
0.000000 0.104123
0.000000 0.055635
0.000000 0.017288
0.000000 -0.011886
0.000000 -0.027590
0.000000 -0.018016
0.000000 0.027493
0.000000 0.111023
0.000000 0.225170
0.000000 0.351862
0.000000 0.464831
0.000000 0.541331
0.000000 0.570826
0.000000 0.555668
0.000000 0.506404
0.000000 0.436407
0.000000 0.357927
0.000000 0.280142
0.000000 0.208793
0.000000 0.146721
0.000000 0.094726
0.000000 0.052401
0.000000 0.018763
0.000000 -0.006960
0.000000 -0.020288
0.000000 -0.009239
0.000000 0.037010
0.000000 0.120701
0.000000 0.234907
0.000000 0.367328
0.000000 0.504762
0.000000 0.635884
0.000000 0.747617
0.000000 0.823100
0.000000 0.849564
0.000000 0.824798
0.000000 0.756861
0.000000 0.659616
0.000000 0.547994
0.000000 0.434534
0.000000 0.328033
0.000000 0.233572
0.000000 0.153269
0.000000 0.087252
0.000000 0.034521
0.000000 -0.006431
0.000000 -0.036847
0.000000 -0.052681
0.000000 -0.042362
0.000000 0.004544
0.000000 0.089921
0.000000 0.206144
0.000000 0.335088
0.000000 0.450305
0.000000 0.528956
0.000000 0.560486
0.000000 0.547153
0.000000 0.499448
0.000000 0.430798
0.000000 0.353458
0.000000 0.276621
0.000000 0.206049
0.000000 0.144604
0.000000 0.093109
0.000000 0.051177
0.000000 0.017844
0.000378 -0.008022
0.006719 -0.027512
0.031986 -0.041595
0.087849 -0.051107
0.177292 -0.056786
0.294062 -0.059294
0.426474 -0.059204
0.561522 -0.057138
0.683161 -0.053618
0.771467 -0.049116
0.811278 -0.044040
0.798855 -0.038735
0.741500 -0.033472
0.652904 -0.028455
0.548055 -0.023865
0.439746 -0.019732
0.337061 -0.016099
0.245331 -0.012971
0.166879 -0.010328
0.101987 -0.008133
0.049773 -0.006336
0.008832 -0.004888
-0.021991 -0.003734
-0.038565 -0.002827
-0.029236 -0.002122
0.016511 -0.001580
0.100254 -0.001167
0.209225 -0.000855
0.317935 -0.000622
0.401322 -0.000409
0.445260 -0.000253
0.448448 -0.000139
0.418582 -0.000058
0.367137 0.000000
0.305312 0.000000
0.241861 0.000000
0.182494 0.000000
0.130226 0.000000
0.086108 0.000000
0.049991 0.000000
0.021126 0.000000
-0.001057 0.000000
-0.011898 0.000000
0.000744 0.000000
0.047841 0.000000
0.131775 0.000000
0.245756 0.000000
0.377603 0.000000
0.513847 0.000000
0.638051 0.000000
0.729842 0.000000
0.773709 0.000000
0.765615 0.000000
0.712620 0.000000
0.628231 0.000000
0.527305 0.000000
0.422508 0.000000
0.322937 0.000000
0.233906 0.000000
0.157748 0.000000
0.094773 0.000000
0.044135 0.000000
0.004470 0.000000
-0.025710 0.000000
-0.047820 0.000000
-0.063130 0.000000
-0.072761 0.000000
-0.077714 0.000000
-0.078892 0.000000
-0.077117 0.000000
-0.073138 0.000000
-0.067581 0.000000
-0.061082 0.000000
-0.054128 0.000000
-0.047111 0.000000
-0.040370 0.000000
-0.034065 0.000000
-0.028335 0.000000
-0.023253 0.000000
-0.018843 0.000000
-0.015088 0.000000
-0.011946 0.000000
-0.009357 0.000000
-0.007255 0.000000
-0.005571 0.000000
-0.004239 0.000000
-0.003197 0.000000
-0.002391 0.000000
-0.001774 0.000000
-0.001306 0.000000
-0.000913 0.000000
-0.000622 0.000000
-0.000409 0.000000
-0.000253 0.000000
-0.000139 0.000000
-0.000058 0.000000
0.000000 0.000000
0.000000 0.000000
0.000000 0.000000
0.000000 0.000000
0.000000 0.000000
0.000000 0.000000
0.000000 0.000000
0.000000 0.000000
0.000000 0.000000
0.000000 0.000000
0.000000 0.000000
0.000000 0.000000
0.000000 0.000000
0.000000 0.000000
0.000000 0.000000
0.000000 0.000000
0.000000 0.000000
0.000000 0.000000
0.000000 0.000000
0.000000 0.000000
0.000000 0.000000
0.000000 0.000000
0.000000 0.000000
0.000000 0.000000
0.000000 0.000000
0.000000 0.000000
0.000000 0.000000
0.000000 0.000000
0.000000 0.000000
0.000000 0.000000
0.000000 0.000000
0.000000 0.000000
0.000000 0.000000
0.000000 0.000000
0.000000 0.000000
0.000000 0.000000
0.000000 0.000000
0.000000 0.000000
0.000000 0.000000
0.000000 0.000000
0.000000 0.000000
0.000000 0.000000
0.000000 0.000000
0.000000 0.000000
0.000000 0.000000
0.000000 0.000000
0.000000 0.000000
0.000000 0.000000
0.000000 0.000000
0.000000 0.000000
0.000000 0.000000
0.000000 0.000000
0.000000 0.000000
0.000000 0.000000
0.000000 0.000000
0.000000 0.000000
0.000000 0.000000
0.000000 0.000000
0.000000 0.000000
0.000000 0.000000
0.000000 0.000000
0.000000 0.000000
0.000000 0.000000
0.000000 0.000000
0.000000 0.000000
0.000000 0.000000
0.000000 0.000000
0.000000 0.000000
0.000000 0.000000
0.000000 0.000000
0.000000 0.000000
0.000000 0.000000
0.000000 0.000000
0.000000 0.000000
0.000000 0.000000
0.000000 0.000000
