0.000000 0.000000
0.000000 0.000000
0.000000 0.000000
0.000000 0.000000
0.000000 0.000000
0.000000 0.000000
0.000000 0.000000
0.000000 0.000000
0.000000 0.000000
0.000000 0.000000
0.000000 0.000000
0.000000 0.000000
0.000000 0.000000
0.000000 0.000000
0.000000 0.000000
0.000000 0.000378
0.000000 0.006719
0.000000 0.031986
0.000000 0.087849
0.000000 0.177292
0.000000 0.294062
0.000000 0.426096
0.000000 0.555180
0.000000 0.657895
0.000000 0.715604
0.000000 0.721834
0.000000 0.682085
0.000000 0.609088
0.000000 0.517478
0.000000 0.420074
0.000000 0.326174
0.000000 0.241387
0.000000 0.168310
0.000000 0.107464
0.000000 0.058171
0.000000 0.019196
0.000378 -0.010840
0.006719 -0.033256
0.031986 -0.049228
0.087849 -0.059791
0.177292 -0.065860
0.294062 -0.068262
0.426474 -0.067753
0.561900 -0.065024
0.689881 -0.060701
0.803075 -0.055335
0.892407 -0.049396
0.944162 -0.043270
0.947714 -0.037255
0.902086 -0.031570
0.815893 -0.026360
0.703152 -0.021707
0.578614 -0.017645
0.454577 -0.014169
0.339574 -0.011247
0.238423 -0.008831
0.153003 -0.006862
0.083224 -0.005280
0.027880 -0.004025
-0.014725 -0.003041
-0.046391 -0.002278
-0.068447 -0.001693
-0.076849 -0.001248
-0.060007 -0.000913
-0.007467 -0.000622
0.082292 -0.000409
0.196457 -0.000253
0.309523 -0.000139
0.396441 -0.000058
0.443131 0.000000
0.448365 0.000000
0.419932 0.000000
0.369408 0.000000
0.308096 0.000000
0.244847 0.000000
0.185458 0.000000
0.133018 0.000000
0.088639 0.000000
0.052215 0.000000
0.023031 0.000000
0.000540 0.000000
-0.010584 0.000000
0.001807 0.000000
0.048688 0.000000
0.132064 0.000000
0.239595 0.000000
0.346084 0.000000
0.426769 0.000000
0.467770 0.000000
0.467980 0.000000
0.435239 0.000000
0.381121 0.000000
0.316883 0.000000
0.251311 0.000000
0.190078 0.000000
0.136241 0.000000
0.090827 0.000000
0.053654 0.000000
0.023941 0.000000
0.000709 0.000000
-0.017001 0.000000
-0.030033 0.000000
-0.039110 0.000000
-0.044856 0.000000
-0.047446 0.000000
-0.041802 0.000000
-0.015437 0.000000
0.042878 0.000000
0.135348 0.000000
0.249774 0.000000
0.361248 0.000000
0.445172 0.000000
0.487916 0.000000
0.488640 0.000000
0.455414 0.000000
0.400123 0.000000
0.334256 0.000000
0.266795 0.000000
0.203615 0.000000
0.147841 0.000000
0.100590 0.000000
0.061738 0.000000
0.030536 0.000000
0.006014 0.000378
-0.012786 0.006719
-0.026725 0.031986
-0.036543 0.087849
-0.042884 0.176914
-0.046324 0.287343
-0.047350 0.394488
-0.046509 0.474051
-0.044254 0.512588
-0.041002 0.509391
-0.037160 0.472652
-0.032988 0.414248
-0.028740 0.345682
-0.024614 0.275925
-0.020750 0.210829
-0.017238 0.153479
-0.014124 0.104951
-0.011425 0.065079
-0.009131 0.033072
-0.006836 0.007922
0.001081 -0.011363
0.027625 -0.025671
0.084507 -0.035769
0.174756 -0.042320
0.291776 -0.045915
0.418331 -0.047097
0.528860 -0.046369
0.601258 -0.044196
0.625596 -0.041002
0.604656 -0.037160
0.549421 -0.032988
0.473523 -0.028740
0.389439 -0.024614
0.306502 -0.020750
0.230500 -0.017238
0.164366 -0.014124
0.108895 -0.011425
0.063648 -0.009131
0.027594 -0.007214
-0.000098 -0.005638
-0.015008 -0.004362
-0.005214 -0.003341
0.040051 -0.002536
0.122601 -0.001908
0.229881 -0.001424
0.336590 -0.001054
0.417827 -0.000774
0.459592 -0.000564
0.460683 -0.000409
0.428864 -0.000253
0.375652 -0.000139
0.312267 -0.000058
0.247470 0.000000
0.186963 0.000000
0.133747 0.000000
0.088852 0.000000
0.052108 0.000000
0.022743 0.000000
0.000167 0.000000
-0.010980 0.000000
0.001427 0.000000
0.048346 0.000000
0.131768 0.000000
0.239305 0.000000
0.345811 0.000000
0.426516 0.000000
0.467537 0.000000
0.467766 0.000000
0.435083 0.000000
0.381007 0.000000
0.316802 0.000000
0.251253 0.000000
0.190078 0.000000
0.136241 0.000000
0.090827 0.000000
0.053654 0.000000
0.023941 0.000000
0.000709 0.000000
-0.017001 0.000000
-0.030033 0.000378
-0.039110 0.006719
-0.044856 0.031986
-0.047824 0.087849
-0.048521 0.176914
-0.047423 0.287343
-0.044970 0.394488
-0.041567 0.474051
-0.037569 0.512588
-0.033240 0.509391
-0.028880 0.472652
-0.024673 0.414248
-0.020750 0.345682
-0.017238 0.275925
-0.014124 0.210829
-0.011425 0.153479
-0.009131 0.104951
-0.007214 0.065079
-0.005638 0.033072
-0.003984 0.007922
0.003378 -0.011363
0.029450 -0.025671
0.085940 -0.035769
0.175491 -0.042320
0.286289 -0.045915
0.393714 -0.047097
0.473487 -0.046369
0.512180 -0.044196
0.509138 -0.041002
0.472513 -0.037160
0.414189 -0.032988
0.345682 -0.028740
0.275925 -0.024614
0.210829 -0.020750
0.153479 -0.017238
0.104951 -0.014124
0.065079 -0.011425
0.033072 -0.009131
0.008300 -0.007214
-0.004643 -0.005638
0.006315 -0.004362
0.052080 -0.003341
0.134595 -0.002536
0.241427 -0.001908
0.347391 -0.001424
0.427682 -0.001054
0.468392 -0.000774
0.468388 -0.000564
0.435492 -0.000409
0.381260 -0.000253
0.316941 -0.000139
0.251311 -0.000058
0.190078 0.000000
0.136241 0.000000
0.090827 0.000000
0.053654 0.000000
0.023941 0.000000
0.000709 0.000378
-0.017001 0.006719
-0.030033 0.031986
-0.039110 0.087849
-0.044856 0.177292
-0.047824 0.294062
-0.048521 0.426474
-0.047423 0.561900
-0.044970 0.689503
-0.041567 0.796733
-0.037569 0.867140
-0.033240 0.888299
-0.028880 0.858270
-0.024673 0.785316
-0.020750 0.683481
-0.017238 0.567727
-0.014124 0.450633
-0.011425 0.341005
-0.009131 0.243900
-0.007214 0.161401
-0.005638 0.093589
-0.004362 0.039408
-0.003341 -0.002697
-0.002536 -0.034019
-0.001908 -0.050558
-0.001424 -0.040783
-0.001054 0.005711
-0.000774 0.090776
-0.000564 0.207145
-0.000409 0.342216
-0.000253 0.482543
-0.000139 0.616944
-0.000058 0.737836
0.000000 0.840838
0.000000 0.919203
0.000000 0.960712
0.000000 0.955490
0.000000 0.902782
0.000000 0.811113
0.000000 0.694277
0.000000 0.566771
0.000000 0.440674
0.000000 0.324346
0.000000 0.222479
0.000000 0.136854
0.000000 0.067301
0.000000 0.012541
0.000000 -0.029192
0.000000 -0.059770
0.000000 -0.080931
0.000000 -0.094338
0.000000 -0.101038
0.000000 -0.096710
0.000000 -0.069516
0.000000 -0.008784
0.000000 0.087595
0.000000 0.212611
0.000000 0.353524
0.000000 0.491660
0.000000 0.603200
0.000000 0.669219
0.000000 0.683050
0.000000 0.650088
0.000000 0.583019
0.000000 0.496491
0.000000 0.403369
0.000000 0.313018
0.000000 0.231133
0.000000 0.160394
0.000000 0.101410
0.000000 0.053582
0.000000 0.015747
0.000000 -0.013371
0.000378 -0.035088
0.006719 -0.050534
0.031986 -0.060704
0.087849 -0.066483
0.176914 -0.068671
0.287343 -0.068006
0.394488 -0.065164
0.474051 -0.060759
0.512588 -0.055335
0.509391 -0.049396
0.472652 -0.043270
0.414248 -0.037255
0.345682 -0.031570
0.275925 -0.026360
0.210829 -0.021707
0.153479 -0.017645
0.104951 -0.014169
0.065079 -0.011247
0.033072 -0.008831
0.007922 -0.006862
-0.011363 -0.004903
-0.025671 0.002694
-0.035769 0.028945
-0.042320 0.085570
-0.045915 0.175222
-0.047097 0.286095
-0.046369 0.393575
-0.044196 0.473429
-0.041002 0.512180
-0.037160 0.509138
-0.032988 0.472513
-0.028740 0.414189
-0.024614 0.345682
-0.020750 0.275925
-0.017238 0.210829
-0.014124 0.153479
-0.011425 0.104951
-0.009131 0.065079
-0.007214 0.033072
-0.005638 0.008300
-0.004362 -0.004643
-0.003341 0.006315
-0.002536 0.052080
-0.001908 0.134973
-0.001424 0.248147
-0.001054 0.379377
-0.000774 0.515531
-0.000564 0.645684
-0.000409 0.762073
-0.000253 0.855246
-0.000139 0.911174
-0.000058 0.918974
0.000000 0.877472
0.000000 0.795142
0.000000 0.685915
0.000000 0.564489
0.000000 0.443152
0.000000 0.330443
0.000000 0.231209
0.000000 0.147365
0.000000 0.078863
0.000000 0.024538
0.000000 -0.017262
0.000000 -0.047921
0.000000 -0.063529
0.000000 -0.052637
0.000000 -0.004919
0.000000 0.081412
0.000000 0.199031
0.000000 0.335336
0.000000 0.476796
0.000000 0.611834
0.000000 0.727276
0.000000 0.806115
0.000000 0.835579
0.000000 0.813431
0.000000 0.747730
0.000000 0.652402
0.000000 0.542356
0.000000 0.430172
0.000000 0.324692
0.000000 0.231036
0.000000 0.151361
0.000000 0.085829
0.000000 0.033467
0.000000 -0.007205
0.000000 -0.037789
0.000000 -0.059809
0.000000 -0.074601
0.000000 -0.083066
0.000000 -0.080710
0.000000 -0.055554
0.000000 0.003182
0.000000 0.097305
0.000000 0.214267
0.000000 0.328813
0.000000 0.416141
0.000000 0.462363
0.000000 0.466526
0.000000 0.436612
0.000000 0.384367
0.000000 0.321230
0.000000 0.256163
0.000000 0.195042
0.000000 0.141007
0.000000 0.095201
0.000000 0.057533
0.000000 0.027287
0.000000 0.003905
0.000000 -0.007953
0.000000 0.003842
0.000000 0.050248
0.000000 0.133666
0.000000 0.247234
0.000000 0.378754
0.000000 0.514745
0.000000 0.638712
0.000000 0.730325
0.000000 0.774059
0.000000 0.765868
0.000000 0.712760
0.000000 0.628290
0.000000 0.527305
0.000000 0.422508
0.000000 0.322937
0.000000 0.233906
0.000000 0.157748
0.000000 0.094773
0.000000 0.044135
0.000000 0.004470
0.000000 -0.025710
0.000000 -0.047443
0.000000 -0.056411
0.000000 -0.040775
0.000000 0.010134
0.000000 0.098400
0.000000 0.216945
0.000000 0.353336
0.000000 0.493941
0.000000 0.622079
0.000000 0.717339
0.000000 0.764167
0.000000 0.758486
0.000000 0.707435
0.000000 0.624569
0.000000 0.524801
0.000000 0.420903
0.000000 0.321973
0.000000 0.233385
0.000000 0.157522
0.000000 0.094732
0.000000 0.044202
0.000000 0.004593
0.000378 -0.025566
0.006719 -0.047675
0.031986 -0.062996
0.087849 -0.072644
0.177292 -0.077574
0.293684 -0.078740
0.419755 -0.076961
0.529914 -0.072982
0.602032 -0.067468
0.626161 -0.061001
0.605064 -0.054070
0.549673 -0.047111
0.473662 -0.040370
0.389498 -0.034065
0.306502 -0.028335
0.230500 -0.023253
0.164366 -0.018843
0.108895 -0.015088
0.063648 -0.011946
0.027594 -0.009357
-0.000098 -0.007255
-0.015008 -0.005571
-0.005214 -0.004239
0.040051 -0.003197
0.122979 -0.002391
0.236600 -0.001774
0.368199 -0.001306
0.498956 -0.000913
0.604899 -0.000622
0.666897 -0.000409
0.678046 -0.000253
0.643490 -0.000139
0.575674 -0.000058
0.489023 0.000000
0.396209 0.000000
0.306442 0.000000
0.225288 0.000000
0.155339 0.000000
0.097136 0.000000
0.050038 0.000000
0.012860 0.000000
-0.015350 0.000000
-0.030271 0.000000
-0.020069 0.000000
0.025936 0.000000
0.109852 0.000000
0.224255 0.000000
0.351146 0.000000
0.464267 0.000000
0.540923 0.000000
0.570573 0.000000
0.555529 0.000000
0.506346 0.000000
0.436407 0.000000
0.357927 0.000000
0.280142 0.000000
0.208793 0.000000
0.146721 0.000000
0.094726 0.000000
0.052401 0.000000
0.018763 0.000000
-0.006960 0.000000
-0.020288 0.000000
-0.009239 0.000000
0.037010 0.000000
0.120701 0.000000
0.234907 0.000000
0.367328 0.000000
0.504762 0.000000
0.635884 0.000000
0.747617 0.000000
0.823100 0.000000
0.849564 0.000000
0.824798 0.000000
0.756861 0.000000
0.659616 0.000000
0.547994 0.000000
0.434534 0.000000
0.328033 0.000000
0.233572 0.000000
0.153269 0.000000
0.087252 0.000000
0.034521 0.000000
-0.006431 0.000000
-0.037224 0.000000
-0.059400 0.000000
-0.074348 0.000000
-0.083305 0.000000
-0.087371 0.000378
-0.087540 0.006719
-0.084666 0.031986
-0.079609 0.087849
-0.073076 0.176914
-0.065675 0.287343
-0.057911 0.394488
-0.050225 0.474051
-0.042865 0.512588
-0.036040 0.509391
-0.029881 0.472652
-0.024451 0.414248
-0.019762 0.345682
-0.015787 0.275925
-0.012472 0.210829
-0.009750 0.153479
-0.007546 0.104951
-0.005785 0.065079
-0.004395 0.033072
-0.003310 0.008300
-0.002472 -0.004643
-0.001832 0.006315
-0.001306 0.052080
-0.000913 0.134595
-0.000622 0.241427
-0.000409 0.347391
-0.000253 0.427682
-0.000139 0.468392
-0.000058 0.468388
0.000000 0.435492
0.000000 0.381260
0.000000 0.316941
0.000000 0.251311
0.000000 0.190078
0.000000 0.136241
0.000000 0.090827
0.000000 0.053654
0.000000 0.023941
0.000000 0.001086
0.000000 -0.010281
0.000000 0.001953
0.000000 0.048738
0.000000 0.132059
0.000000 0.239519
0.000000 0.345967
0.000000 0.426629
0.000000 0.467618
0.000000 0.467824
0.000000 0.435083
0.000000 0.381007
0.000000 0.316802
0.000000 0.251253
0.000000 0.190078
0.000000 0.136241
0.000000 0.090827
0.000000 0.053654
0.000000 0.023941
0.000378 0.000709
0.006719 -0.017001
0.031986 -0.030033
0.087849 -0.039110
0.176914 -0.044856
0.287343 -0.047824
0.394488 -0.048521
0.474051 -0.047423
0.512588 -0.044970
0.509391 -0.041567
0.472652 -0.037569
0.414248 -0.033240
0.345682 -0.028880
0.275925 -0.024673
0.210829 -0.020750
0.153479 -0.017238
0.104951 -0.014124
0.065079 -0.011425
0.033072 -0.009131
0.007922 -0.006836
-0.011363 0.001081
-0.025671 0.027625
-0.035769 0.084507
-0.042320 0.174756
-0.045915 0.292154
-0.047097 0.425050
-0.046369 0.560846
-0.044196 0.689107
-0.041002 0.802511
-0.037160 0.891998
-0.032988 0.943909
-0.028740 0.947574
-0.024614 0.902028
-0.020750 0.815893
-0.017238 0.703152
-0.014124 0.578614
-0.011425 0.454577
-0.009131 0.339574
-0.007214 0.238423
-0.005638 0.153003
-0.004362 0.083224
-0.003341 0.027880
-0.002536 -0.014725
-0.001908 -0.046391
-0.001424 -0.068825
-0.001054 -0.083569
-0.000396 -0.091993
0.006155 -0.095316
0.031578 -0.094623
0.087596 -0.090885
0.176775 -0.084965
0.287285 -0.077610
0.394488 -0.069458
0.474051 -0.061026
0.512588 -0.052720
0.509391 -0.044839
0.472652 -0.037586
0.414248 -0.031079
0.345682 -0.025370
0.275925 -0.020461
0.210829 -0.016313
0.153479 -0.012865
0.104951 -0.010041
0.065079 -0.007760
0.033072 -0.005941
0.007922 -0.004130
-0.011363 0.003328
-0.025671 0.029455
-0.035769 0.086016
-0.042320 0.175608
-0.045915 0.286429
-0.047097 0.393866
-0.046369 0.473643
-0.044196 0.512336
-0.041002 0.509251
-0.037160 0.472594
-0.032988 0.414248
-0.028740 0.345682
-0.024614 0.275925
-0.020750 0.210829
-0.017238 0.153479
-0.014124 0.104951
-0.011425 0.065079
-0.009131 0.033072
-0.006836 0.007922
0.001081 -0.011363
0.027625 -0.025671
0.084507 -0.035769
0.174756 -0.042320
0.292154 -0.045915
0.425050 -0.047097
0.560469 -0.046369
0.682387 -0.044196
0.770902 -0.041002
0.810869 -0.037160
0.798603 -0.032988
0.741361 -0.028740
0.652846 -0.024614
0.548055 -0.020750
0.439746 -0.017238
0.337061 -0.014124
0.245331 -0.011425
0.166879 -0.009131
0.101987 -0.007214
0.049773 -0.005638
0.008832 -0.004362
-0.021991 -0.003341
-0.038565 -0.002536
-0.029236 -0.001908
0.016511 -0.001424
0.100254 -0.001054
0.209225 -0.000774
0.317935 -0.000564
0.401322 -0.000409
0.445260 -0.000253
0.448448 -0.000139
0.418582 -0.000058
0.367137 0.000000
0.305312 0.000000
0.241861 0.000000
0.182494 0.000000
0.130226 0.000000
0.086108 0.000000
0.049991 0.000000
0.021126 0.000000
-0.001435 0.000378
-0.018618 0.006719
-0.031242 0.031986
-0.040008 0.087849
-0.045517 0.176914
-0.048306 0.287343
-0.048872 0.394488
-0.047675 0.474051
-0.045110 0.512588
-0.041625 0.509391
-0.037569 0.472652
-0.033240 0.414248
-0.028880 0.345682
-0.024673 0.275925
-0.020750 0.210829
-0.017238 0.153479
-0.014124 0.104951
-0.011425 0.065079
-0.009131 0.033072
-0.007214 0.007922
-0.005638 -0.011363
-0.004362 -0.025671
-0.003341 -0.035769
-0.002536 -0.042320
-0.001908 -0.045915
-0.001424 -0.047097
-0.001054 -0.046369
-0.000774 -0.044196
-0.000564 -0.041002
-0.000409 -0.037160
-0.000253 -0.032988
-0.000139 -0.028740
-0.000058 -0.024614
0.000000 -0.020750
0.000000 -0.017238
0.000000 -0.014124
0.000000 -0.011425
0.000000 -0.009131
0.000000 -0.007214
0.000000 -0.005638
0.000000 -0.004362
0.000000 -0.003341
0.000000 -0.002536
0.000000 -0.001908
0.000000 -0.001424
0.000000 -0.001054
0.000000 -0.000774
0.000000 -0.000564
0.000000 -0.000409
0.000000 -0.000253
0.000000 -0.000139
0.000000 -0.000058
0.000000 0.000000
0.000000 0.000000
0.000000 0.000000
0.000000 0.000000
0.000000 0.000000
0.000000 0.000000
0.000000 0.000000
0.000000 0.000000
0.000000 0.000000
0.000000 0.000000
0.000000 0.000000
0.000000 0.000000
0.000000 0.000000
0.000000 0.000000
0.000000 0.000000
0.000000 0.000000
0.000000 0.000000
0.000000 0.000000
0.000000 0.000000
0.000000 0.000000
0.000000 0.000000
0.000000 0.000000
0.000000 0.000000
0.000000 0.000000
0.000000 0.000000
0.000000 0.000000
0.000000 0.000000
0.000000 0.000000
0.000000 0.000000
0.000000 0.000000
0.000000 0.000000
0.000000 0.000000
0.000000 0.000000
0.000000 0.000000
0.000000 0.000000
0.000000 0.000000
0.000000 0.000000
0.000000 0.000000
0.000000 0.000000
0.000000 0.000000
0.000000 0.000000
0.000000 0.000000
0.000000 0.000000
0.000000 0.000000
0.000000 0.000000
0.000000 0.000000
0.000000 0.000000
0.000000 0.000000
0.000000 0.000000
0.000000 0.000000
0.000000 0.000000
0.000000 0.000000
0.000000 0.000000
0.000000 0.000000
0.000000 0.000000
0.000000 0.000000
0.000000 0.000000
0.000000 0.000000
0.000000 0.000000
0.000000 0.000000
0.000000 0.000000
0.000000 0.000000
0.000000 0.000000
0.000000 0.000000
0.000000 0.000000
0.000000 0.000000
0.000000 0.000000
0.000000 0.000000
0.000000 0.000000
0.000000 0.000000
0.000000 0.000000
0.000000 0.000000
0.000000 0.000000
0.000000 0.000000
0.000000 0.000000
0.000000 0.000000
0.000000 0.000000
0.000000 0.000000
0.000000 0.000000
0.000000 0.000000
0.000000 0.000000
0.000000 0.000000
0.000000 0.000000
0.000000 0.000000
0.000000 0.000000
0.000000 0.000000
0.000000 0.000000
0.000000 0.000000
0.000000 0.000000
0.000000 0.000000
0.000000 0.000000
0.000000 0.000000
0.000000 0.000000
