0.000000 0.000000
0.000000 0.000000
0.000000 0.000000
0.000000 0.000000
0.000000 0.000000
0.000000 0.000000
0.000000 0.000000
0.000000 0.018566
0.000000 0.165070
0.000000 0.420840
0.000000 0.559289
0.000000 0.498568
0.000000 0.341739
0.000000 0.189522
0.000000 0.079108
0.000000 0.009577
0.000000 -0.011003
0.000000 0.117591
0.000000 0.369796
0.000000 0.513378
0.000000 0.461851
0.000000 0.314916
0.000000 0.171341
0.000000 0.067551
0.000000 0.002632
0.018566 -0.033539
0.165070 -0.049650
0.420840 -0.052185
0.559289 -0.046489
0.498568 -0.036909
0.341739 -0.026824
0.189522 -0.018181
0.079108 -0.011557
0.009577 -0.006945
-0.029568 0.014595
-0.047478 0.162898
-0.051044 0.438264
-0.045910 0.723780
-0.036718 0.937782
-0.026824 1.047532
-0.018181 0.962426
-0.011557 0.705800
-0.006945 0.412714
-0.003971 0.177664
-0.002172 0.023497
-0.001141 -0.062902
-0.000578 -0.082956
-0.000192 0.055873
0.000000 0.340628
0.000000 0.644459
0.000000 0.878684
0.000000 1.006598
0.000000 0.935883
0.000000 0.689519
0.000000 0.403211
0.000000 0.172360
0.000000 0.020746
0.000000 -0.064235
0.018566 -0.102100
0.165070 -0.109388
0.439405 -0.098777
0.724358 -0.079900
0.937974 -0.059290
1.047532 -0.040934
0.962426 -0.026543
0.705800 -0.016282
0.412714 -0.009503
0.177664 -0.005304
0.023497 -0.002750
-0.062902 -0.001333
-0.082956 -0.000578
0.055873 -0.000192
0.340628 0.000000
0.644459 0.000000
0.878684 0.000000
1.006598 0.000000
0.935883 0.000000
0.689519 0.000000
0.403211 0.000000
0.172360 0.000000
0.020746 0.000000
-0.064235 0.000000
-0.083535 0.000000
0.055681 0.000000
0.340628 0.000000
0.644459 0.000000
0.860118 0.000000
0.860094 0.000000
0.661547 0.000000
0.404566 0.000000
0.189596 0.000000
0.044236 0.000000
-0.040651 0.000000
-0.081945 0.000000
-0.093967 0.018566
-0.087953 0.165070
-0.072734 0.439405
-0.054899 0.724358
-0.038380 0.919408
-0.025126 0.901028
-0.015527 0.688090
-0.009116 0.420847
-0.005112 0.199099
-0.002750 0.049540
-0.001333 -0.037901
-0.000578 -0.062046
-0.000192 0.071681
0.000000 0.351644
0.000000 0.651624
0.000000 0.864509
0.000000 0.862648
0.000000 0.662965
0.000000 0.405320
0.000000 0.189983
0.000000 0.044428
0.000000 -0.040651
0.000000 -0.063379
0.000000 0.071102
0.000000 0.332886
0.000000 0.486555
0.000000 0.443670
0.000000 0.303359
0.000000 0.164396
0.000000 0.063581
0.000000 0.000461
0.000000 -0.034680
0.000000 -0.050228
0.000000 -0.033811
0.000000 0.118581
0.000000 0.402496
0.000000 0.697535
0.000000 0.901227
0.000000 0.889472
0.000000 0.681146
0.000000 0.416877
0.000000 0.196927
0.000000 0.048398
0.000000 -0.038480
0.000000 -0.080804
0.000000 -0.093389
0.000000 -0.069196
0.000000 0.092335
0.000000 0.365941
0.000000 0.520908
0.000000 0.473443
0.000000 0.326212
0.000000 0.180406
0.000000 0.073996
0.000000 0.006827
0.000000 -0.012336
0.000000 0.117013
0.000000 0.388170
0.000000 0.659882
0.000000 0.736186
0.000000 0.599869
0.000000 0.384956
0.000000 0.195676
0.000000 0.064030
0.000000 -0.015829
0.000000 -0.039217
0.000000 0.091449
0.000000 0.366873
0.000000 0.662448
0.000000 0.890240
0.000000 1.013543
0.000000 0.939854
0.000000 0.691690
0.000000 0.404352
0.000000 0.172939
0.000000 0.020938
0.000000 -0.064235
0.000000 -0.102100
0.000000 -0.109388
0.018566 -0.098777
0.165070 -0.079900
0.420840 -0.059290
0.559289 -0.040934
0.498568 -0.026543
0.341739 -0.016282
0.189522 -0.009503
0.079108 -0.005304
0.009577 -0.002750
-0.029568 -0.001333
-0.028913 -0.000578
0.114026 -0.000192
0.393495 0.000000
0.669075 0.000000
0.746080 0.000000
0.608511 0.000000
0.391581 0.000000
0.200288 0.000000
0.067004 0.000000
-0.014030 0.000000
-0.038187 0.000000
0.092012 0.000000
0.348694 0.000000
0.497570 0.000000
0.450835 0.000000
0.307750 0.000000
0.166950 0.000000
0.064998 0.000000
0.001215 0.000000
-0.034294 0.018566
-0.050037 0.165070
-0.052377 0.439405
-0.046489 0.724358
-0.036909 0.919408
-0.026824 0.901028
-0.018181 0.688090
-0.011557 0.420847
-0.006945 0.199099
-0.003971 0.049540
-0.002172 -0.037901
-0.001141 -0.080612
-0.000578 -0.093389
-0.000192 -0.069196
0.000000 0.092335
0.000000 0.384506
0.000000 0.685978
0.000000 0.894282
0.000000 0.885501
0.000000 0.678974
0.000000 0.415735
0.000000 0.196349
0.000000 0.048207
0.000000 -0.038480
0.018566 -0.080804
0.165070 -0.093389
0.420840 -0.087761
0.559289 -0.072734
0.498568 -0.054899
0.341739 -0.038380
0.189522 -0.025126
0.079108 -0.015527
0.009577 -0.009116
-0.011003 -0.005112
0.117591 -0.002750
0.369796 -0.001333
0.513378 -0.000578
0.461851 -0.000192
0.314916 0.000000
0.171341 0.000000
0.067551 0.000000
0.002632 0.000000
-0.033539 0.018566
-0.049650 0.165070
-0.052185 0.439405
-0.046489 0.724358
-0.036909 0.937974
-0.026824 1.047532
-0.018181 0.962426
-0.011557 0.705800
-0.006945 0.412714
-0.003971 0.177664
-0.002172 0.023497
-0.001141 -0.062902
0.017987 -0.101522
0.164878 -0.109197
0.420840 -0.098777
0.559289 -0.079900
0.498568 -0.059290
0.341739 -0.040934
0.189522 -0.026543
0.079108 -0.016282
0.009577 -0.009503
-0.011003 -0.005304
0.117591 -0.002750
0.369796 -0.001333
0.513378 -0.000578
0.461851 -0.000192
0.314916 0.000000
0.171341 0.000000
0.067551 0.000000
0.002632 0.000000
-0.014973 0.000000
0.115420 0.000000
0.387220 0.000000
0.677869 0.000000
0.882499 0.000000
0.874204 0.000000
0.669909 0.000000
0.409291 0.000000
0.192154 0.000000
0.045569 0.000000
-0.040073 0.000000
-0.081753 0.000000
-0.093967 0.018566
-0.087953 0.165070
-0.072734 0.439405
-0.054899 0.705793
-0.038380 0.772904
-0.025126 0.626693
-0.015527 0.403137
-0.009116 0.207232
-0.005112 0.070975
-0.002750 -0.011858
-0.001333 -0.055611
-0.000578 -0.072479
0.018374 -0.071953
0.165070 -0.061718
0.439405 -0.047733
0.705793 -0.033989
0.772904 -0.022572
0.626693 -0.014110
0.403137 -0.008362
0.207232 -0.004725
0.070975 -0.002559
-0.011858 -0.001333
-0.037046 -0.000578
0.092591 -0.000192
0.348886 0.000000
0.497570 0.000000
0.450835 0.000000
0.307750 0.000000
0.166950 0.000000
0.064998 0.000000
0.001215 0.000000
-0.015728 0.000000
0.115033 0.000000
0.387028 0.000000
0.659304 0.000000
0.735995 0.000000
0.599869 0.000000
0.384956 0.000000
0.195676 0.000000
0.064030 0.000000
-0.015829 0.000000
-0.057783 0.000000
-0.073620 0.000000
-0.072532 0.000000
-0.061910 0.000000
-0.047733 0.000000
-0.033989 0.000000
-0.022572 0.000000
-0.014110 0.000000
-0.008362 0.000000
-0.004725 0.000000
-0.002559 0.000000
-0.001333 0.000000
-0.000578 0.000000
-0.000192 0.000000
0.000000 0.000000
0.000000 0.000000
0.000000 0.000000
0.000000 0.000000
0.000000 0.000000
0.000000 0.000000
0.000000 0.000000
0.000000 0.000000
0.000000 0.000000
0.000000 0.000000
0.000000 0.000000
0.000000 0.000000
0.000000 0.000000
0.000000 0.000000
0.000000 0.000000
0.000000 0.000000
0.000000 0.000000
0.000000 0.000000
0.000000 0.000000
0.000000 0.000000
0.000000 0.000000
0.000000 0.000000
0.000000 0.000000
0.000000 0.000000
0.000000 0.000000
0.000000 0.000000
0.000000 0.000000
0.000000 0.000000
0.000000 0.000000
0.000000 0.000000
0.000000 0.000000
0.000000 0.000000
0.000000 0.000000
0.000000 0.000000
0.000000 0.000000
0.000000 0.000000
0.000000 0.000000
0.000000 0.000000
0.000000 0.000000
0.000000 0.000000
0.000000 0.000000
0.000000 0.000000
0.000000 0.000000
0.000000 0.000000
0.000000 0.000000
0.000000 0.000000
0.000000 0.000000
0.000000 0.000000
0.000000 0.000000
0.000000 0.000000
0.000000 0.000000
0.000000 0.000000
0.000000 0.000000
0.000000 0.000000
0.000000 0.000000
0.000000 0.000000
0.000000 0.000000
0.000000 0.000000
0.000000 0.000000
0.000000 0.000000
0.000000 0.000000
0.000000 0.000000
0.000000 0.000000
