0.000000 0.000000
0.000000 0.000000
0.000000 0.000000
0.000000 0.000000
0.000000 0.000000
0.000000 0.000000
0.000000 0.000000
0.000000 0.000000
0.000000 0.000000
0.000000 0.000000
0.000000 0.000000
0.000000 0.000000
0.000000 0.000000
0.000000 0.000000
0.000000 0.000000
0.000000 0.000378
0.000000 0.006719
0.000000 0.031986
0.000000 0.087849
0.000000 0.176914
0.000000 0.287343
0.000000 0.394488
0.000000 0.474051
0.000000 0.512588
0.000000 0.509391
0.000000 0.472652
0.000000 0.414248
0.000000 0.345682
0.000000 0.275925
0.000000 0.210829
0.000000 0.153479
0.000000 0.104951
0.000000 0.065079
0.000000 0.033072
0.000000 0.008300
0.000000 -0.004643
0.000000 0.006315
0.000000 0.052080
0.000000 0.134595
0.000000 0.241427
0.000000 0.347391
0.000000 0.427682
0.000000 0.468392
0.000000 0.468388
0.000000 0.435492
0.000000 0.381260
0.000000 0.316941
0.000000 0.251311
0.000000 0.190078
0.000000 0.136241
0.000000 0.090827
0.000000 0.053654
0.000000 0.023941
0.000000 0.000709
0.000000 -0.017001
0.000000 -0.029655
0.000000 -0.032391
0.000000 -0.012870
0.000000 0.040025
0.000000 0.128771
0.000000 0.246639
0.000000 0.381504
0.000000 0.519956
0.000000 0.645592
0.000000 0.738227
0.000000 0.782398
0.000000 0.774183
0.000000 0.720750
0.000000 0.635666
0.000000 0.533931
0.000000 0.428321
0.000000 0.327930
0.000000 0.238117
0.000000 0.161241
0.000000 0.097625
0.000000 0.046432
0.000000 0.006295
0.000000 -0.023899
0.000000 -0.039988
0.000000 -0.030289
0.000000 0.015737
0.000000 0.100067
0.000000 0.215536
0.000000 0.349669
0.000000 0.489031
0.000000 0.622494
0.000000 0.742510
0.000000 0.844679
0.000000 0.922318
0.000000 0.963206
0.000000 0.957465
0.000000 0.904328
0.000000 0.812311
0.000000 0.695196
0.000000 0.567469
0.000000 0.441200
0.000000 0.324739
0.000000 0.222770
0.000000 0.137067
0.000000 0.067457
0.000000 0.012654
0.000000 -0.029110
0.000000 -0.059712
0.000000 -0.080931
0.000000 -0.093960
0.000000 -0.094696
0.000000 -0.071443
0.000000 -0.013654
0.000000 0.080282
0.000000 0.197646
0.000000 0.313037
0.000000 0.401479
0.000000 0.449068
0.000000 0.454696
0.000000 0.426267
0.000000 0.375464
0.000000 0.313684
0.000000 0.249857
0.000000 0.189842
0.000000 0.136773
0.000000 0.091796
0.000000 0.054825
0.000000 0.025156
0.000000 0.001868
0.000000 -0.015952
0.000000 -0.029121
0.000000 -0.038299
0.000000 -0.044152
0.000000 -0.046844
0.000000 -0.041291
0.000000 -0.015005
0.000000 0.043244
0.000000 0.136037
0.000000 0.256762
0.000000 0.393428
0.000000 0.532782
0.000000 0.658547
0.000000 0.750716
0.000000 0.794040
0.000000 0.784731
0.000000 0.730075
0.000000 0.643773
0.000000 0.540841
0.000000 0.434108
0.000000 0.332699
0.000000 0.241990
0.000000 0.164343
0.000000 0.100079
0.000000 0.048349
0.000000 0.007778
0.000000 -0.023143
0.000000 -0.045848
0.000000 -0.061630
0.000000 -0.071590
0.000000 -0.076800
0.000000 -0.077798
0.000000 -0.069833
0.000000 -0.040743
0.000000 0.020520
0.000000 0.116349
0.000000 0.239992
0.000000 0.379364
0.000000 0.521530
0.000000 0.655438
0.000000 0.768399
0.000000 0.843887
0.000000 0.869456
0.000000 0.843182
0.000000 0.773370
0.000000 0.674124
0.000000 0.560471
0.000000 0.445062
0.000000 0.336766
0.000000 0.240703
0.000000 0.159010
0.000000 0.091815
0.000000 0.038102
0.000000 -0.003610
0.000378 -0.035020
0.006719 -0.057686
0.031986 -0.073021
0.087849 -0.082277
0.177292 -0.086574
0.294062 -0.086918
0.426474 -0.084258
0.561900 -0.079357
0.689881 -0.072936
0.803075 -0.065617
0.892407 -0.057911
0.944162 -0.050225
0.947714 -0.042865
0.902086 -0.036040
0.815893 -0.029881
0.703152 -0.024451
0.578614 -0.019762
0.454577 -0.015787
0.339574 -0.012472
0.238423 -0.009750
0.153003 -0.007546
0.083224 -0.005785
0.027880 -0.004395
-0.014725 -0.003310
-0.046013 -0.002472
-0.062105 -0.001832
-0.051583 -0.001306
-0.004145 -0.000913
0.081976 -0.000622
0.199440 -0.000409
0.335589 -0.000253
0.476935 -0.000139
0.612270 -0.000058
0.733995 0.000000
0.837723 0.000000
0.916708 0.000000
0.958737 0.000000
0.953944 0.000000
0.901584 0.000000
0.810194 0.000000
0.693579 0.000000
0.566245 0.000000
0.440281 0.000000
0.324055 0.000000
0.222265 0.000000
0.136698 0.000000
0.067187 0.000000
0.012460 0.000000
-0.029250 0.000000
-0.059770 0.000378
-0.080931 0.006719
-0.094338 0.031986
-0.101416 0.087849
-0.103429 0.177292
-0.101503 0.294062
-0.096633 0.426474
-0.089697 0.561900
-0.081451 0.689881
-0.072572 0.803453
-0.063520 0.898749
-0.054695 0.969428
-0.046386 1.003576
-0.038784 0.991530
-0.031998 0.932663
-0.026069 0.835564
-0.020987 0.714039
-0.016706 0.582558
-0.013156 0.453146
-0.010255 0.334096
-0.007916 0.230025
-0.006054 0.142639
-0.004589 0.071696
-0.003450 0.015851
-0.002531 -0.026719
-0.001454 -0.057938
0.005413 -0.079625
0.031073 -0.093424
0.087226 -0.100793
0.176506 -0.103021
0.287090 -0.101250
0.394349 -0.096493
0.473993 -0.089639
0.512588 -0.081451
0.509391 -0.072572
0.472652 -0.063520
0.414248 -0.054695
0.345682 -0.046386
0.275925 -0.038784
0.210829 -0.031998
0.153479 -0.026069
0.104951 -0.020987
0.065079 -0.016706
0.033072 -0.013156
0.007922 -0.010255
-0.011363 -0.007916
-0.025671 -0.006054
-0.035769 -0.004212
-0.042320 0.003270
-0.045915 0.029455
-0.047097 0.086016
-0.046369 0.175608
-0.044196 0.286429
-0.041002 0.393866
-0.037160 0.473643
-0.032988 0.512336
-0.028740 0.509251
-0.024614 0.472594
-0.020750 0.414248
-0.017238 0.345682
-0.014124 0.275925
-0.011425 0.210829
-0.009131 0.153479
-0.007214 0.104951
-0.005638 0.065079
-0.004362 0.033072
-0.002964 0.007922
0.004183 -0.011363
0.030078 -0.025671
0.086425 -0.035769
0.176238 -0.042320
0.293288 -0.045915
0.425532 -0.047097
0.554772 -0.046369
0.657642 -0.044196
0.715465 -0.041002
0.721776 -0.037160
0.682085 -0.032988
0.609088 -0.028740
0.517478 -0.024614
0.420074 -0.020750
0.326174 -0.017238
0.241387 -0.014124
0.168310 -0.011425
0.107464 -0.009131
0.058171 -0.007214
0.019196 -0.005638
-0.010463 -0.004362
-0.026536 -0.003341
-0.017242 -0.002536
0.028058 -0.001908
0.111432 -0.001424
0.225800 -0.001054
0.358721 -0.000774
0.496876 -0.000564
0.628802 -0.000409
0.741399 -0.000253
0.817744 -0.000139
0.845029 -0.000058
0.821015 0.000000
0.753746 0.000000
0.657121 0.000000
0.546019 0.000000
0.432988 0.000000
0.326835 0.000000
0.232653 0.000000
0.152570 0.000000
0.086726 0.000000
0.034128 0.000000
-0.006722 0.000000
-0.037438 0.000378
-0.059556 0.006719
-0.074461 0.031986
-0.083386 0.087849
-0.087429 0.177292
-0.087540 0.294062
-0.084666 0.426474
-0.079609 0.561900
-0.073076 0.689881
-0.065675 0.803075
-0.057911 0.892407
-0.050225 0.944162
-0.042865 0.947714
-0.036040 0.902086
-0.029881 0.815893
-0.024451 0.703152
-0.019762 0.578614
-0.015787 0.454577
-0.012472 0.339574
-0.009750 0.238423
-0.007546 0.153003
-0.005785 0.083224
-0.004395 0.027880
-0.003310 -0.014725
-0.002472 -0.046391
-0.001832 -0.068825
-0.001306 -0.083569
-0.000913 -0.091993
-0.000622 -0.095316
-0.000409 -0.094245
-0.000253 -0.084166
-0.000139 -0.052979
-0.000058 0.010238
0.000000 0.107457
0.000000 0.226317
0.000000 0.341768
0.000000 0.429212
0.000000 0.475003
0.000000 0.478312
0.000000 0.447282
0.000000 0.393787
0.000000 0.329369
0.000000 0.263061
0.000000 0.200788
0.000000 0.145719
0.000000 0.099010
0.000000 0.060571
0.000000 0.029680
0.000378 0.005392
0.006719 -0.013195
0.031986 -0.026977
0.087849 -0.036682
0.177292 -0.042942
0.294062 -0.046324
0.426474 -0.047350
0.561522 -0.046509
0.683161 -0.044254
0.771467 -0.041002
0.811278 -0.037160
0.798855 -0.032988
0.741500 -0.028740
0.652904 -0.024614
0.548055 -0.020750
0.439746 -0.017238
0.337061 -0.014124
0.245331 -0.011425
0.166879 -0.009131
0.101987 -0.007214
0.049773 -0.005638
0.008832 -0.004362
-0.022369 -0.003341
-0.045284 -0.002536
-0.060844 -0.001908
-0.064618 -0.001424
-0.044674 -0.001054
0.009731 -0.000774
0.100361 -0.000564
0.214613 -0.000409
0.327160 -0.000253
0.413109 -0.000139
0.458518 -0.000058
0.462280 0.000000
0.432282 0.000000
0.380183 0.000000
0.317347 0.000000
0.252672 0.000000
0.191985 0.000000
0.138391 0.000000
0.093006 0.000000
0.055722 0.000000
0.025816 0.000000
0.002351 0.000378
-0.015602 0.006719
-0.028868 0.031986
-0.038160 0.087849
-0.044094 0.177292
-0.047222 0.294062
-0.048011 0.426474
-0.046992 0.561900
-0.044605 0.689881
-0.041255 0.803075
-0.037300 0.892407
-0.033046 0.944162
-0.028740 0.947714
-0.024614 0.902086
-0.020750 0.815893
-0.017238 0.703152
-0.014124 0.578614
-0.011425 0.454577
-0.009131 0.339574
-0.007214 0.238423
-0.005638 0.153003
-0.004362 0.083224
-0.003341 0.027880
-0.002536 -0.014725
-0.001530 -0.046391
0.005296 -0.068825
0.030932 -0.083569
0.087075 -0.091993
0.176350 -0.095316
0.286934 -0.094623
0.394236 -0.090885
0.473912 -0.084965
0.512530 -0.077610
0.509391 -0.069458
0.472652 -0.061026
0.414248 -0.052720
0.345682 -0.044839
0.275925 -0.037586
0.210829 -0.031079
0.153479 -0.025370
0.104951 -0.020461
0.065079 -0.016313
0.033072 -0.012865
0.008300 -0.010041
-0.004643 -0.007760
0.006315 -0.005941
0.052080 -0.004508
0.134973 -0.003391
0.248147 -0.002531
0.379377 -0.001832
0.515531 -0.001306
0.645307 -0.000913
0.755731 -0.000622
0.829980 -0.000409
0.855311 -0.000253
0.829530 -0.000139
0.760701 -0.000058
0.662730 0.000000
0.550489 0.000000
0.436509 0.000000
0.329580 0.000000
0.234770 0.000000
0.154188 0.000000
0.087951 0.000000
0.035047 0.000000
-0.006038 0.000000
-0.036556 0.000000
-0.052467 0.000000
-0.042206 0.000000
0.004657 0.000000
0.090002 0.000000
0.206580 0.000000
0.341808 0.000000
0.482291 0.000000
0.616427 0.000000
0.731058 0.000000
0.809229 0.000000
0.838074 0.000000
0.815406 0.000000
0.749276 0.000000
0.653600 0.000000
0.543275 0.000000
0.430871 0.000000
0.325218 0.000000
0.231428 0.000000
0.151652 0.000000
0.086043 0.000000
0.033623 0.000000
-0.007092 0.000000
-0.037707 0.000378
-0.059750 0.006719
-0.074601 0.031986
-0.083444 0.087849
-0.087429 0.176914
-0.087540 0.287343
-0.084666 0.394488
-0.079609 0.474051
-0.073076 0.512588
-0.065675 0.509391
-0.057911 0.472652
-0.050225 0.414248
-0.042865 0.345682
-0.036040 0.275925
-0.029881 0.210829
-0.024451 0.153479
-0.019762 0.104951
-0.015787 0.065079
-0.012472 0.033072
-0.009372 0.007922
-0.000827 -0.011363
0.026201 -0.025671
0.083453 -0.035769
0.173982 -0.042320
0.291590 -0.045915
0.424642 -0.047097
0.560216 -0.046369
0.682248 -0.044196
0.770844 -0.041002
0.810869 -0.037160
0.798603 -0.032988
0.741361 -0.028740
0.652846 -0.024614
0.548055 -0.020750
0.439746 -0.017238
0.337061 -0.014124
0.245331 -0.011425
0.166879 -0.009131
0.101987 -0.007214
0.049773 -0.005638
0.008832 -0.004362
-0.022369 -0.002964
-0.045284 0.004183
-0.061222 0.030078
-0.071338 0.086425
-0.076660 0.175861
-0.078118 0.286569
-0.076553 0.393924
-0.072729 0.473643
-0.067328 0.512336
-0.060943 0.509251
-0.054070 0.472594
-0.047111 0.414248
-0.040370 0.345682
-0.034065 0.275925
-0.028335 0.210829
-0.023253 0.153479
-0.018843 0.104951
-0.015088 0.065079
-0.011946 0.033072
-0.009357 0.007922
-0.007255 -0.011363
-0.005571 -0.025671
-0.004239 -0.035391
-0.003197 -0.035600
-0.002391 -0.013929
-0.001774 0.040751
-0.001306 0.130923
-0.000913 0.249866
-0.000622 0.385472
-0.000409 0.524739
-0.000253 0.656893
-0.000139 0.774335
-0.000058 0.867792
0.000000 0.923411
0.000000 0.930476
0.000000 0.887962
0.000000 0.804467
0.000000 0.694022
0.000000 0.571400
0.000000 0.448939
0.000000 0.335212
0.000000 0.235081
0.000000 0.150467
0.000000 0.081316
0.000000 0.026456
0.000000 -0.015779
0.000000 -0.047165
0.000000 -0.069389
0.000000 -0.083977
0.000000 -0.092246
0.000000 -0.095455
0.000378 -0.094681
0.006719 -0.090885
0.031986 -0.084965
0.087849 -0.077610
0.176914 -0.069458
0.287343 -0.061026
0.394488 -0.052720
0.474051 -0.044839
0.512588 -0.037586
0.509391 -0.031079
0.472652 -0.025370
0.414248 -0.020461
0.345682 -0.016313
0.275925 -0.012865
0.210829 -0.010041
0.153479 -0.007760
0.104951 -0.005941
0.065079 -0.004508
0.033072 -0.003391
0.008300 -0.002531
-0.004643 -0.001832
0.006315 -0.001306
0.052080 -0.000913
0.134595 -0.000622
0.241427 -0.000409
0.347391 -0.000253
0.427682 -0.000139
0.468392 -0.000058
0.468388 0.000000
0.435492 0.000000
0.381260 0.000000
0.316941 0.000000
0.251311 0.000000
0.190078 0.000000
0.136241 0.000000
0.090827 0.000000
0.053654 0.000000
0.023941 0.000000
0.000709 0.000000
-0.017001 0.000000
-0.030033 0.000000
-0.039110 0.000000
-0.044856 0.000000
-0.047824 0.000378
-0.048521 0.006719
-0.047423 0.031986
-0.044970 0.087849
-0.041567 0.176914
-0.037569 0.287343
-0.033240 0.394488
-0.028880 0.474051
-0.024673 0.512588
-0.020750 0.509391
-0.017238 0.472652
-0.014124 0.414248
-0.011425 0.345682
-0.009131 0.275925
-0.007214 0.210829
-0.005638 0.153479
-0.004362 0.104951
-0.003341 0.065079
-0.002536 0.033072
-0.001530 0.007922
0.005296 -0.011363
0.030932 -0.025671
0.087075 -0.035769
0.176728 -0.042320
0.293654 -0.045915
0.426222 -0.047097
0.561383 -0.046369
0.683103 -0.044196
0.771467 -0.041002
0.811278 -0.037160
0.798855 -0.032988
0.741500 -0.028740
0.652904 -0.024614
0.548055 -0.020750
0.439746 -0.017238
0.337061 -0.014124
0.245331 -0.011425
0.166879 -0.009131
0.101987 -0.007214
0.049773 -0.005638
0.008832 -0.004362
-0.021991 -0.003341
-0.038565 -0.002536
-0.029236 -0.001908
0.016511 -0.001424
0.100632 -0.001054
0.215944 -0.000774
0.349921 -0.000564
0.489171 -0.000409
0.622552 -0.000253
0.742510 -0.000139
0.844679 -0.000058
0.922318 0.000000
0.963206 0.000000
0.957465 0.000000
0.904328 0.000000
0.812311 0.000000
0.695196 0.000000
0.567469 0.000000
0.441200 0.000000
0.324739 0.000000
0.222770 0.000000
0.137067 0.000000
0.067457 0.000000
0.012654 0.000000
-0.029110 0.000000
-0.059334 0.000000
-0.074212 0.000000
-0.062352 0.000000
-0.013567 0.000000
0.073863 0.000000
0.192182 0.000000
0.323122 0.000000
0.440217 0.000000
0.520581 0.000000
0.553588 0.000000
0.541544 0.000000
0.494979 0.000000
0.427277 0.000000
0.350714 0.000000
0.274504 0.000000
0.204432 0.000000
0.143379 0.000000
0.092190 0.000000
0.050493 0.000000
0.017339 0.000000
-0.008014 0.000000
-0.021062 0.000000
-0.009803 0.000000
0.036602 0.000000
0.120448 0.000000
0.234768 0.000000
0.367270 0.000000
0.504762 0.000000
0.635884 0.000000
0.747617 0.000000
0.823100 0.000000
0.849564 0.000000
0.824798 0.000000
0.756861 0.000000
0.659616 0.000000
0.547994 0.000000
0.434534 0.000000
0.328033 0.000000
0.233572 0.000000
0.153269 0.000000
0.087252 0.000000
0.034521 0.000000
-0.006431 0.000000
-0.037224 0.000000
-0.059400 0.000000
-0.074348 0.000378
-0.083305 0.006719
-0.087371 0.031986
-0.087540 0.087849
-0.084666 0.176914
-0.079609 0.287343
-0.073076 0.394488
-0.065675 0.474051
-0.057911 0.512588
-0.050225 0.509391
-0.042865 0.472652
-0.036040 0.414248
-0.029881 0.345682
-0.024451 0.275925
-0.019762 0.210829
-0.015787 0.153479
-0.012472 0.104951
-0.009750 0.065079
-0.007546 0.033072
-0.005785 0.008300
-0.004395 -0.004643
-0.003310 0.006315
-0.002472 0.052080
-0.001832 0.134973
-0.001306 0.248147
-0.000913 0.379377
-0.000622 0.515531
-0.000409 0.645684
-0.000253 0.762450
-0.000139 0.861588
-0.000058 0.936440
0.000000 0.974836
0.000000 0.966915
0.000000 0.911912
0.000000 0.818327
0.000000 0.699915
0.000000 0.571132
0.000000 0.444015
0.000000 0.326883
0.000000 0.224387
0.000000 0.138277
0.000000 0.068354
0.000000 0.013315
0.000000 -0.028627
0.000378 -0.059361
0.006719 -0.080679
0.031986 -0.094198
0.087849 -0.101357
0.176914 -0.103429
0.287343 -0.101503
0.394488 -0.096633
0.474051 -0.089697
0.512588 -0.081451
0.509391 -0.072572
0.472652 -0.063520
0.414248 -0.054695
0.345682 -0.046386
0.275925 -0.038784
0.210829 -0.031998
0.153479 -0.026069
0.104951 -0.020987
0.065079 -0.016706
0.033072 -0.013156
0.007922 -0.010255
-0.011363 -0.007916
-0.025671 -0.006054
-0.035769 -0.004589
-0.042320 -0.003450
-0.045915 -0.002531
-0.047097 -0.001832
-0.046369 -0.001306
-0.044196 -0.000913
-0.041002 -0.000622
-0.037160 -0.000409
-0.032988 -0.000253
-0.028740 -0.000139
-0.024614 -0.000058
-0.020750 0.000000
-0.017238 0.000000
-0.014124 0.000000
-0.011425 0.000000
-0.009131 0.000000
-0.007214 0.000000
-0.005638 0.000000
-0.004362 0.000000
-0.003341 0.000000
-0.002536 0.000000
-0.001908 0.000000
-0.001424 0.000000
-0.001054 0.000000
-0.000774 0.000000
-0.000564 0.000000
-0.000409 0.000000
-0.000253 0.000000
-0.000139 0.000000
-0.000058 0.000000
0.000000 0.000000
0.000000 0.000000
0.000000 0.000000
0.000000 0.000000
0.000000 0.000000
0.000000 0.000000
0.000000 0.000000
0.000000 0.000000
0.000000 0.000000
0.000000 0.000000
0.000000 0.000000
0.000000 0.000000
0.000000 0.000000
0.000000 0.000000
0.000000 0.000000
0.000000 0.000000
0.000000 0.000000
0.000000 0.000000
0.000000 0.000000
0.000000 0.000000
0.000000 0.000000
0.000000 0.000000
0.000000 0.000000
0.000000 0.000000
0.000000 0.000000
0.000000 0.000000
0.000000 0.000000
0.000000 0.000000
0.000000 0.000000
0.000000 0.000000
0.000000 0.000000
0.000000 0.000000
0.000000 0.000000
0.000000 0.000000
0.000000 0.000000
0.000000 0.000000
0.000000 0.000000
0.000000 0.000000
0.000000 0.000000
0.000000 0.000000
0.000000 0.000000
