0.000000 0.000000
0.000000 0.000000
0.000000 0.000000
0.000000 0.000000
0.000000 0.000000
0.000000 0.000000
0.000000 0.000000
0.000000 0.000000
0.000000 0.000000
0.000000 0.000000
0.000000 0.000000
0.000000 0.000000
0.000000 0.000000
0.000000 0.000000
0.000000 0.000000
0.000378 0.000000
0.006719 0.000000
0.031986 0.000000
0.087849 0.000000
0.177292 0.000000
0.293684 0.000000
0.419755 0.000000
0.529914 0.000000
0.602032 0.000000
0.626161 0.000000
0.605064 0.000000
0.549673 0.000000
0.473662 0.000000
0.389498 0.000000
0.306502 0.000000
0.230500 0.000000
0.164366 0.000000
0.108895 0.000000
0.063648 0.000000
0.027594 0.000000
-0.000476 0.000378
-0.021727 0.006719
-0.037200 0.031986
-0.047797 0.087849
-0.054313 0.176914
-0.057462 0.287343
-0.057898 0.394488
-0.056225 0.474051
-0.052996 0.512588
-0.048707 0.509391
-0.043788 0.472652
-0.038596 0.414248
-0.033414 0.345682
-0.028455 0.275925
-0.023865 0.210829
-0.019732 0.153479
-0.016099 0.104951
-0.012971 0.065079
-0.010328 0.033072
-0.008133 0.008300
-0.006336 -0.004643
-0.004888 0.006315
-0.003734 0.052080
-0.002827 0.134595
-0.002122 0.241427
-0.001580 0.347391
-0.001167 0.427682
-0.000855 0.468392
-0.000622 0.468388
-0.000409 0.435492
-0.000253 0.381260
-0.000139 0.316941
-0.000058 0.251311
0.000000 0.190078
0.000000 0.136241
0.000000 0.090827
0.000000 0.053654
0.000000 0.023941
0.000378 0.000709
0.006719 -0.017001
0.031986 -0.030033
0.087849 -0.039110
0.177292 -0.044856
0.294062 -0.047824
0.426474 -0.048521
0.561900 -0.047423
0.689503 -0.044970
0.796733 -0.041567
0.867140 -0.037569
0.888299 -0.033240
0.858270 -0.028880
0.785316 -0.024673
0.683481 -0.020750
0.567727 -0.017238
0.450633 -0.014124
0.341005 -0.011425
0.243900 -0.009131
0.161401 -0.007214
0.093589 -0.005638
0.039408 -0.004362
-0.002697 -0.003341
-0.034397 -0.002158
-0.057278 0.004811
-0.072769 0.030562
-0.082138 0.086795
-0.086516 0.176141
-0.086918 0.286778
-0.084258 0.394080
-0.079357 0.473799
-0.072936 0.512449
-0.065617 0.509332
-0.057911 0.472652
-0.050225 0.414248
-0.042865 0.345682
-0.036040 0.275925
-0.029881 0.210829
-0.024451 0.153479
-0.019762 0.104951
-0.015787 0.065079
-0.012472 0.033072
-0.009750 0.008300
-0.007546 -0.004643
-0.005785 0.006315
-0.004395 0.052080
-0.003310 0.134595
-0.002472 0.241427
-0.001832 0.347391
-0.001306 0.427682
-0.000913 0.468392
-0.000622 0.468388
-0.000409 0.435492
-0.000253 0.381260
-0.000139 0.316941
-0.000058 0.251311
0.000000 0.190078
0.000000 0.136241
0.000000 0.090827
0.000000 0.053654
0.000000 0.023941
0.000000 0.001086
0.000000 -0.010281
0.000000 0.001953
0.000000 0.048738
0.000000 0.132059
0.000000 0.239519
0.000000 0.345967
0.000000 0.426629
0.000000 0.467618
0.000000 0.467824
0.000000 0.435083
0.000000 0.381007
0.000000 0.316802
0.000000 0.251253
0.000000 0.190078
0.000000 0.136241
0.000000 0.090827
0.000000 0.053654
0.000000 0.023941
0.000000 0.001086
0.000000 -0.010281
0.000000 0.001953
0.000000 0.048738
0.000000 0.132059
0.000000 0.239519
0.000000 0.345967
0.000000 0.426629
0.000000 0.467618
0.000000 0.467824
0.000000 0.435083
0.000000 0.381007
0.000000 0.316802
0.000000 0.251253
0.000000 0.190078
0.000000 0.136241
0.000000 0.090827
0.000000 0.053654
0.000000 0.023941
0.000378 0.000709
0.006719 -0.017001
0.031986 -0.030033
0.087849 -0.039110
0.177292 -0.044856
0.294062 -0.047824
0.426096 -0.048521
0.555180 -0.047423
0.657895 -0.044970
0.715604 -0.041567
0.721834 -0.037569
0.682085 -0.033240
0.609088 -0.028880
0.517478 -0.024673
0.420074 -0.020750
0.326174 -0.017238
0.241387 -0.014124
0.168310 -0.011425
0.107464 -0.009131
0.058171 -0.007214
0.019196 -0.005638
-0.010840 -0.004362
-0.033256 -0.003341
-0.049228 -0.002536
-0.059791 -0.001908
-0.065860 -0.001424
-0.067885 -0.001054
-0.061034 -0.000774
-0.033038 -0.000564
0.027148 -0.000409
0.121957 -0.000253
0.244666 -0.000139
0.383204 -0.000058
0.524645 0.000000
0.658311 0.000000
0.776715 0.000000
0.870700 0.000000
0.926516 0.000000
0.933544 0.000000
0.890838 0.000000
0.807061 0.000000
0.696290 0.000000
0.573333 0.000000
0.450552 0.000000
0.336533 0.000000
0.236145 0.000000
0.151311 0.000000
0.081976 0.000000
0.026966 0.000000
-0.015348 0.000000
-0.046800 0.000000
-0.069077 0.000000
-0.083708 0.000000
-0.092052 0.000378
-0.095316 0.006719
-0.094623 0.031986
-0.090885 0.087849
-0.084965 0.177292
-0.077610 0.294062
-0.069458 0.426474
-0.061026 0.561900
-0.052720 0.689503
-0.044839 0.796733
-0.037586 0.867140
-0.031079 0.888299
-0.025370 0.858270
-0.020461 0.785316
-0.016313 0.683481
-0.012865 0.567727
-0.010041 0.450633
-0.007760 0.341005
-0.005941 0.243900
-0.004508 0.161401
-0.003391 0.093589
-0.002531 0.039408
-0.001832 -0.002697
-0.001306 -0.034397
-0.000913 -0.057278
-0.000622 -0.072769
-0.000409 -0.082138
-0.000253 -0.086138
-0.000139 -0.080198
-0.000058 -0.052272
0.000000 0.008492
0.000000 0.103978
0.000000 0.221726
0.000000 0.336577
0.000000 0.423826
0.000000 0.469724
0.000000 0.473351
0.000000 0.442771
0.000000 0.389796
0.000000 0.325919
0.000000 0.260139
0.000000 0.198357
0.000000 0.143729
0.000000 0.097405
0.000000 0.059294
0.000000 0.028677
0.000000 0.004612
0.000000 -0.013457
0.000000 -0.020784
0.000000 -0.005089
0.000000 0.044615
0.000000 0.130754
0.000000 0.246556
0.000000 0.379475
0.000000 0.510845
0.000000 0.616834
0.000000 0.678444
0.000000 0.688846
0.000000 0.653345
0.000000 0.584474
0.000000 0.496728
0.000000 0.402837
0.000000 0.312050
0.000000 0.229962
0.000000 0.159179
0.000000 0.100251
0.000000 0.052533
0.000000 0.014835
0.000378 -0.014182
0.006719 -0.035792
0.031986 -0.051136
0.087849 -0.061215
0.177292 -0.066914
0.294062 -0.069036
0.426474 -0.068317
0.561900 -0.065433
0.689881 -0.060954
0.803453 -0.055474
0.898749 -0.049454
0.969428 -0.043270
1.003576 -0.037255
0.991530 -0.031570
0.932663 -0.026360
0.835564 -0.021707
0.714039 -0.017645
0.582558 -0.014169
0.453146 -0.011247
0.334096 -0.008831
0.230025 -0.006862
0.142639 -0.005280
0.071696 -0.004025
0.015851 -0.003041
-0.026719 -0.002278
-0.057560 -0.001693
-0.072906 -0.001248
-0.061438 -0.000913
-0.012945 -0.000622
0.074272 -0.000409
0.192812 -0.000253
0.329981 -0.000139
0.472261 -0.000058
0.608429 0.000000
0.730880 0.000000
0.835228 0.000000
0.914733 0.000000
0.957191 0.000000
0.952746 0.000000
0.900665 0.000000
0.809496 0.000000
0.693053 0.000000
0.565852 0.000000
0.439990 0.000000
0.323841 0.000000
0.222109 0.000000
0.136585 0.000000
0.067106 0.000000
0.012402 0.000000
-0.029250 0.000000
-0.059770 0.000378
-0.080931 0.006719
-0.094338 0.031986
-0.101416 0.087849
-0.103429 0.176914
-0.101503 0.287343
-0.096633 0.394488
-0.089697 0.474051
-0.081451 0.512588
-0.072572 0.509391
-0.063520 0.472652
-0.054695 0.414248
-0.046386 0.345682
-0.038784 0.275925
-0.031998 0.210829
-0.026069 0.153479
-0.020987 0.104951
-0.016706 0.065079
-0.013156 0.033072
-0.010255 0.008300
-0.007916 -0.004643
-0.006054 0.006315
-0.004589 0.052080
-0.003450 0.134973
-0.002531 0.247769
-0.001832 0.372657
-0.001306 0.483545
-0.000913 0.557836
-0.000622 0.585158
-0.000409 0.567904
-0.000253 0.516686
-0.000139 0.444922
-0.000058 0.364883
0.000000 0.285752
0.000000 0.213263
0.000000 0.150242
0.000000 0.097470
0.000000 0.054518
0.000000 0.020380
0.000378 -0.006114
0.006719 -0.026089
0.031986 -0.040541
0.087849 -0.050333
0.177292 -0.056222
0.294062 -0.058886
0.426474 -0.058951
0.561900 -0.056999
0.689881 -0.053560
0.803075 -0.049116
0.892407 -0.044040
0.944162 -0.038735
0.947714 -0.033472
0.902086 -0.028455
0.815893 -0.023865
0.703152 -0.019732
0.578614 -0.016099
0.454577 -0.012971
0.339574 -0.010328
0.238423 -0.008133
0.153003 -0.006336
0.083224 -0.004888
0.027880 -0.003734
-0.014725 -0.002827
-0.046013 -0.002122
-0.062105 -0.001580
-0.051583 -0.001167
-0.004145 -0.000855
0.081976 -0.000622
0.199440 -0.000409
0.335589 -0.000253
0.476935 -0.000139
0.612270 -0.000058
0.733617 0.000000
0.831381 0.000000
0.891442 0.000000
0.902874 0.000000
0.864500 0.000000
0.784814 0.000000
0.677782 0.000000
0.558153 0.000000
0.438264 0.000000
0.326709 0.000000
0.228382 0.000000
0.145243 0.000000
0.077283 0.000000
0.023372 0.000000
-0.018117 0.000000
-0.048544 0.000000
-0.063937 0.000000
-0.052889 0.000000
-0.005058 0.000000
0.081354 0.000000
0.199031 0.000000
0.335336 0.000000
0.476796 0.000000
0.612212 0.000000
0.733995 0.000000
0.837723 0.000000
0.916708 0.000000
0.958737 0.000000
0.953944 0.000000
0.901584 0.000000
0.810194 0.000000
0.693579 0.000000
0.566245 0.000000
0.440281 0.000000
0.324055 0.000000
0.222265 0.000000
0.136698 0.000000
0.067187 0.000000
0.012460 0.000000
-0.029250 0.000000
-0.059392 0.000000
-0.074212 0.000000
-0.062352 0.000000
-0.013567 0.000000
0.073485 0.000000
0.185840 0.000000
0.297855 0.000000
0.384354 0.000000
0.431137 0.000000
0.436818 0.000000
0.409132 0.000000
0.359553 0.000000
0.299296 0.000000
0.237142 0.000000
0.178831 0.000000
0.127410 0.000000
0.083965 0.000000
0.048374 0.000000
0.019916 0.000000
-0.002332 0.000000
-0.019279 0.000000
-0.031725 0.000000
-0.039980 0.000000
-0.039050 0.000000
-0.016460 0.000000
0.038919 0.000000
0.129239 0.000000
0.242233 0.000000
0.352863 0.000000
0.436482 0.000000
0.479348 0.000000
0.480511 0.000000
0.447980 0.000000
0.393497 0.000000
0.328444 0.000000
0.261801 0.000000
0.199403 0.000000
0.144349 0.000000
0.097738 0.000000
0.059441 0.000000
0.028710 0.000000
0.004959 0.000000
-0.007179 0.000000
0.004407 0.000000
0.050656 0.000000
0.133919 0.000000
0.247373 0.000000
0.378812 0.000000
0.515122 0.000000
0.645432 0.000000
0.762311 0.000000
0.861530 0.000000
0.936440 0.000000
0.974836 0.000000
0.966915 0.000000
0.911912 0.000000
0.818327 0.000000
0.699915 0.000000
0.571132 0.000000
0.444015 0.000000
0.326883 0.000000
0.224387 0.000000
0.138277 0.000000
0.068354 0.000000
0.013315 0.000000
-0.028627 0.000000
-0.059361 0.000000
-0.080679 0.000000
-0.094198 0.000378
-0.101357 0.006719
-0.103429 0.031986
-0.101503 0.087849
-0.096633 0.176914
-0.089697 0.287343
-0.081451 0.394488
-0.072572 0.474051
-0.063520 0.512588
-0.054695 0.509391
-0.046386 0.472652
-0.038784 0.414248
-0.031998 0.345682
-0.026069 0.275925
-0.020987 0.210829
-0.016706 0.153479
-0.013156 0.104951
-0.010255 0.065079
-0.007916 0.033072
-0.006054 0.007922
-0.004589 -0.011363
-0.003450 -0.025293
-0.002531 -0.029049
-0.001832 -0.010334
-0.001306 0.041933
-0.000913 0.130195
-0.000622 0.247693
-0.000409 0.382278
-0.000253 0.520898
-0.000139 0.652720
-0.000058 0.770465
0.000000 0.870008
0.000000 0.944814
0.000000 0.982826
0.000000 0.974292
0.000000 0.918538
0.000000 0.824139
0.000000 0.704909
0.000000 0.575344
0.000000 0.447508
0.000000 0.329735
0.000000 0.226683
0.000000 0.140103
0.000000 0.069787
0.000000 0.014428
0.000000 -0.027773
0.000000 -0.058712
0.000000 -0.080189
0.000000 -0.093833
0.000000 -0.100668
0.000000 -0.096441
0.000000 -0.069322
0.000000 -0.008645
0.000000 0.087276
0.000000 0.205891
0.000000 0.321916
0.000000 0.410531
0.000000 0.457894
0.000000 0.463005
0.000000 0.433868
0.000000 0.382250
0.000000 0.319613
0.000000 0.254939
0.000000 0.194123
0.000000 0.140323
0.000000 0.094697
0.000000 0.057163
0.000000 0.027017
0.000000 0.003711
0.000000 -0.008093
0.000000 0.003784
0.000000 0.050248
0.000000 0.133289
0.000000 0.240514
0.000000 0.346768
0.000000 0.427274
0.000000 0.468140
0.000000 0.468249
0.000000 0.435433
0.000000 0.381260
0.000000 0.316941
0.000000 0.251311
0.000000 0.190078
0.000000 0.136241
0.000000 0.090827
0.000000 0.053654
0.000000 0.023941
0.000000 0.000709
0.000000 -0.017001
0.000000 -0.030033
0.000000 -0.038732
0.000000 -0.038136
0.000000 -0.015837
0.000000 0.039327
0.000000 0.129869
0.000000 0.249092
0.000000 0.384908
0.000000 0.524331
0.000000 0.656263
0.000000 0.767854
0.000000 0.842468
0.000000 0.867549
0.000000 0.841032
0.000000 0.771192
0.000000 0.672055
0.000000 0.558596
0.000000 0.443419
0.000000 0.335367
0.000000 0.239539
0.000000 0.158060
0.000000 0.091053
0.000000 0.037500
0.000000 -0.004121
0.000378 -0.035451
0.006719 -0.058052
0.031986 -0.073333
0.087849 -0.082546
0.176914 -0.086768
0.287343 -0.087057
0.394488 -0.084316
0.474051 -0.079357
0.512588 -0.072936
0.509391 -0.065617
0.472652 -0.057911
0.414248 -0.050225
0.345682 -0.042865
0.275925 -0.036040
0.210829 -0.029881
0.153479 -0.024451
0.104951 -0.019762
0.065079 -0.015787
0.033072 -0.012472
0.007922 -0.009750
-0.011363 -0.007546
-0.025293 -0.005785
-0.029049 -0.004395
-0.010334 -0.003310
0.041933 -0.002472
0.130195 -0.001832
0.247693 -0.001306
0.382278 -0.000913
0.520898 -0.000622
0.652342 -0.000409
0.763746 -0.000253
0.838400 -0.000139
0.863685 -0.000058
0.837520 0.000000
0.768078 0.000000
0.669356 0.000000
0.556301 0.000000
0.441502 0.000000
0.333791 0.000000
0.238262 0.000000
0.157040 0.000000
0.090247 0.000000
0.036872 0.000000
-0.004605 0.000000
-0.035821 0.000000
-0.058332 0.000000
-0.073543 0.000000
-0.082324 0.000000
-0.080205 0.000000
-0.055184 0.000000
0.003451 0.000000
0.097877 0.000000
0.221126 0.000000
0.360857 0.000000
0.503989 0.000000
0.639655 0.000000
0.760211 0.000000
0.856367 0.000000
0.914281 0.000000
0.923262 0.000000
0.882324 0.000000
0.800106 0.000000
0.690681 0.000000
0.568864 0.000000
0.447031 0.000000
0.333789 0.000000
0.234028 0.000000
0.149693 0.000000
0.080752 0.000000
0.026047 0.000000
-0.016032 0.000000
-0.047304 0.000000
-0.069447 0.000000
-0.083977 0.000378
-0.092246 0.006719
-0.095455 0.031986
-0.094681 0.087849
-0.090885 0.177292
-0.084965 0.294062
-0.077610 0.426474
-0.069458 0.561900
-0.061026 0.689881
-0.052720 0.803075
-0.044839 0.892407
-0.037586 0.944162
-0.031079 0.947714
-0.025370 0.902086
-0.020461 0.815893
-0.016313 0.703152
-0.012865 0.578614
-0.010041 0.454577
-0.007760 0.339574
-0.005941 0.238423
-0.004508 0.153003
-0.003391 0.083224
-0.002531 0.027880
-0.001832 -0.014725
-0.000928 -0.046391
0.005806 -0.068825
0.031364 -0.083569
0.087440 -0.091993
0.177040 -0.095316
0.293923 -0.094623
0.426416 -0.090885
0.561900 -0.084965
0.689503 -0.077610
0.796733 -0.069458
0.867140 -0.061026
0.888299 -0.052720
0.858270 -0.044839
0.785316 -0.037586
0.683481 -0.031079
0.567727 -0.025370
0.450633 -0.020461
0.341005 -0.016313
0.243900 -0.012865
0.161401 -0.010041
0.093589 -0.007760
0.039408 -0.005941
-0.002697 -0.004508
-0.034019 -0.003391
-0.050558 -0.002531
-0.040783 -0.001832
0.005711 -0.001306
0.090776 -0.000913
0.206767 -0.000622
0.335497 -0.000409
0.450557 -0.000253
0.529096 -0.000139
0.560544 -0.000058
0.547153 0.000000
0.499448 0.000000
0.430798 0.000000
0.353458 0.000000
0.276621 0.000000
0.206049 0.000000
0.144604 0.000000
0.093109 0.000000
0.051177 0.000000
0.017844 0.000000
-0.008022 0.000378
-0.027512 0.006719
-0.041595 0.031986
-0.051107 0.087849
-0.056786 0.177292
-0.059294 0.294062
-0.059204 0.426474
-0.057138 0.561522
-0.053618 0.683161
-0.049116 0.771467
-0.044040 0.811278
-0.038735 0.798855
-0.033472 0.741500
-0.028455 0.652904
-0.023865 0.548055
-0.019732 0.439746
-0.016099 0.337061
-0.012971 0.245331
-0.010328 0.166879
-0.008133 0.101987
-0.006336 0.049773
-0.004888 0.008832
-0.003356 -0.022369
0.003892 -0.045284
0.029864 -0.061222
0.086269 -0.071338
0.176125 -0.076660
0.293207 -0.078118
0.425474 -0.076553
0.554772 -0.072729
0.657642 -0.067328
0.715465 -0.060943
0.721776 -0.054070
0.682085 -0.047111
0.609088 -0.040370
0.517478 -0.034065
0.420074 -0.028335
0.326174 -0.023253
0.241387 -0.018843
0.168310 -0.015088
0.107464 -0.011946
0.058171 -0.009357
0.019196 -0.007255
-0.010840 -0.005571
-0.033256 -0.004239
-0.049228 -0.003197
-0.059791 -0.002391
-0.065860 -0.001774
-0.068262 -0.001306
-0.067753 -0.000913
-0.065024 -0.000622
-0.060701 -0.000409
-0.055335 -0.000253
-0.049396 -0.000139
-0.043270 -0.000058
-0.037255 0.000000
-0.031570 0.000000
-0.026360 0.000000
-0.021707 0.000000
-0.017645 0.000000
-0.014169 0.000000
-0.011247 0.000000
-0.008831 0.000000
-0.006862 0.000000
-0.005280 0.000000
-0.004025 0.000000
-0.003041 0.000000
-0.002278 0.000000
-0.001693 0.000000
-0.001248 0.000000
-0.000913 0.000000
-0.000622 0.000000
-0.000409 0.000000
-0.000253 0.000000
-0.000139 0.000000
-0.000058 0.000000
0.000000 0.000000
0.000000 0.000000
0.000000 0.000000
0.000000 0.000000
0.000000 0.000000
0.000000 0.000000
0.000000 0.000000
0.000000 0.000000
0.000000 0.000000
0.000000 0.000000
0.000000 0.000000
0.000000 0.000000
0.000000 0.000000
0.000000 0.000000
0.000000 0.000000
0.000000 0.000000
0.000000 0.000000
0.000000 0.000000
0.000000 0.000000
0.000000 0.000000
0.000000 0.000000
0.000000 0.000000
0.000000 0.000000
0.000000 0.000000
0.000000 0.000000
0.000000 0.000000
0.000000 0.000000
0.000000 0.000000
0.000000 0.000000
0.000000 0.000000
0.000000 0.000000
0.000000 0.000000
0.000000 0.000000
0.000000 0.000000
0.000000 0.000000
0.000000 0.000000
0.000000 0.000000
0.000000 0.000000
0.000000 0.000000
0.000000 0.000000
0.000000 0.000000
0.000000 0.000000
0.000000 0.000000
0.000000 0.000000
0.000000 0.000000
0.000000 0.000000
0.000000 0.000000
0.000000 0.000000
