0.000000 0.000000
0.000000 0.000000
0.000000 0.000000
0.000000 0.000000
0.000000 0.000000
0.000000 0.000000
0.000000 0.000000
0.000000 0.000000
0.000000 0.000000
0.000000 0.000000
0.000000 0.000000
0.000000 0.000000
0.000000 0.000000
0.000000 0.000000
0.000000 0.000000
0.000378 0.000000
0.006719 0.000000
0.031986 0.000000
0.087849 0.000000
0.177292 0.000000
0.293684 0.000000
0.419755 0.000000
0.529914 0.000000
0.602032 0.000000
0.626161 0.000000
0.605064 0.000000
0.549673 0.000000
0.473662 0.000000
0.389498 0.000000
0.306502 0.000000
0.230500 0.000000
0.164366 0.000000
0.108895 0.000000
0.063648 0.000000
0.027594 0.000000
-0.000476 0.000378
-0.021727 0.006719
-0.037200 0.031986
-0.047797 0.087849
-0.054313 0.176914
-0.057462 0.287343
-0.057898 0.394488
-0.056225 0.474051
-0.052996 0.512588
-0.048707 0.509391
-0.043788 0.472652
-0.038596 0.414248
-0.033414 0.345682
-0.028455 0.275925
-0.023865 0.210829
-0.019732 0.153479
-0.016099 0.104951
-0.012971 0.065079
-0.010328 0.033072
-0.008133 0.008300
-0.006336 -0.004643
-0.004888 0.006315
-0.003734 0.052080
-0.002827 0.134973
-0.002122 0.248147
-0.001580 0.379377
-0.001167 0.515531
-0.000855 0.645307
-0.000622 0.755731
-0.000409 0.829980
-0.000253 0.855311
-0.000139 0.829530
-0.000058 0.760701
0.000000 0.662730
0.000000 0.550489
0.000000 0.436509
0.000000 0.329580
0.000000 0.234770
0.000000 0.154188
0.000000 0.087951
0.000000 0.035047
0.000000 -0.006038
0.000000 -0.036556
0.000000 -0.052467
0.000000 -0.042206
0.000000 0.004657
0.000000 0.090002
0.000000 0.206580
0.000000 0.341808
0.000000 0.482291
0.000000 0.616805
0.000000 0.737400
0.000000 0.834496
0.000000 0.893936
0.000000 0.904849
0.000000 0.866046
0.000000 0.786012
0.000000 0.678701
0.000000 0.558851
0.000000 0.438790
0.000000 0.327102
0.000000 0.228673
0.000000 0.145457
0.000000 0.077439
0.000000 0.023485
0.000000 -0.018036
0.000378 -0.048863
0.006719 -0.070657
0.031986 -0.084875
0.087849 -0.092907
0.176914 -0.095938
0.287343 -0.095031
0.394488 -0.091138
0.474051 -0.085104
0.512588 -0.077669
0.509391 -0.069458
0.472652 -0.061026
0.414248 -0.052720
0.345682 -0.044839
0.275925 -0.037586
0.210829 -0.031079
0.153479 -0.025370
0.104951 -0.020461
0.065079 -0.016313
0.033072 -0.012865
0.007922 -0.009663
-0.011363 -0.001041
-0.025671 0.026045
-0.035769 0.083340
-0.042320 0.173523
-0.045915 0.284812
-0.047097 0.392656
-0.046369 0.472745
-0.044196 0.511675
-0.041002 0.508768
-0.037160 0.472244
-0.032988 0.413995
-0.028740 0.345542
-0.024614 0.275867
-0.020750 0.210829
-0.017238 0.153479
-0.014124 0.104951
-0.011425 0.065079
-0.009131 0.033072
-0.006836 0.007922
0.001081 -0.011363
0.027625 -0.025671
0.084507 -0.035769
0.174378 -0.042320
0.285435 -0.045915
0.393064 -0.047097
0.472998 -0.046369
0.511815 -0.044196
0.508826 -0.041002
0.472244 -0.037160
0.413995 -0.032988
0.345542 -0.028740
0.275867 -0.024614
0.210829 -0.020750
0.153479 -0.017238
0.104951 -0.014124
0.065079 -0.011425
0.033072 -0.009131
0.007922 -0.006836
-0.011363 0.001081
-0.025671 0.027625
-0.035769 0.084507
-0.042320 0.174756
-0.045915 0.292154
-0.047097 0.425050
-0.046369 0.560846
-0.044196 0.688729
-0.041002 0.796169
-0.037160 0.866732
-0.032988 0.888047
-0.028740 0.858131
-0.024614 0.785258
-0.020750 0.683481
-0.017238 0.567727
-0.014124 0.450633
-0.011425 0.341005
-0.009131 0.243900
-0.007214 0.161401
-0.005638 0.093589
-0.004362 0.039408
-0.003341 -0.002697
-0.002158 -0.034397
0.004811 -0.057278
0.030562 -0.072769
0.086795 -0.082138
0.176141 -0.086516
0.286778 -0.086918
0.394080 -0.084258
0.473799 -0.079357
0.512449 -0.072936
0.509332 -0.065617
0.472652 -0.057911
0.414248 -0.050225
0.345682 -0.042865
0.275925 -0.036040
0.210829 -0.029881
0.153479 -0.024451
0.104951 -0.019762
0.065079 -0.015787
0.033072 -0.012472
0.008300 -0.009750
-0.004643 -0.007546
0.006315 -0.005785
0.052080 -0.004395
0.134595 -0.003310
0.241427 -0.002472
0.347391 -0.001832
0.427682 -0.001306
0.468392 -0.000913
0.468388 -0.000622
0.435492 -0.000409
0.381260 -0.000253
0.316941 -0.000139
0.251311 -0.000058
0.190078 0.000000
0.136241 0.000000
0.090827 0.000000
0.053654 0.000000
0.023941 0.000000
0.000709 0.000378
-0.017001 0.006719
-0.030033 0.031986
-0.039110 0.087849
-0.044856 0.176914
-0.047824 0.287343
-0.048521 0.394488
-0.047423 0.474051
-0.044970 0.512588
-0.041567 0.509391
-0.037569 0.472652
-0.033240 0.414248
-0.028880 0.345682
-0.024673 0.275925
-0.020750 0.210829
-0.017238 0.153479
-0.014124 0.104951
-0.011425 0.065079
-0.009131 0.033072
-0.007214 0.007922
-0.005638 -0.011363
-0.004362 -0.025671
-0.002964 -0.035769
0.004183 -0.042320
0.030078 -0.045915
0.086425 -0.047097
0.176238 -0.046369
0.292911 -0.044196
0.419190 -0.041002
0.529505 -0.037160
0.601780 -0.032988
0.626021 -0.028740
0.605006 -0.024614
0.549673 -0.020750
0.473662 -0.017238
0.389498 -0.014124
0.306502 -0.011425
0.230500 -0.009131
0.164366 -0.007214
0.108895 -0.005638
0.063648 -0.004362
0.027594 -0.003341
-0.000476 -0.002158
-0.021727 0.004811
-0.037200 0.030562
-0.047797 0.086795
-0.054313 0.176518
-0.057462 0.293498
-0.057898 0.425688
-0.056225 0.554928
-0.052996 0.657755
-0.048707 0.715546
-0.043788 0.721834
-0.038596 0.682085
-0.033414 0.609088
-0.028455 0.517478
-0.023865 0.420074
-0.019732 0.326174
-0.016099 0.241387
-0.012971 0.168310
-0.010328 0.107464
-0.008133 0.058171
-0.006336 0.019196
-0.004888 -0.010840
-0.003734 -0.033256
-0.002449 -0.049228
0.004597 -0.059791
0.030406 -0.065860
0.086682 -0.068262
0.176437 -0.067753
0.293440 -0.065024
0.426066 -0.060701
0.561270 -0.055335
0.683022 -0.049396
0.771409 -0.043270
0.811278 -0.037255
0.798855 -0.031570
0.741500 -0.026360
0.652904 -0.021707
0.548055 -0.017645
0.439746 -0.014169
0.337061 -0.011247
0.245331 -0.008831
0.166879 -0.006862
0.101987 -0.005280
0.049773 -0.004025
0.008832 -0.003041
-0.022369 -0.001900
-0.045284 0.005027
-0.061222 0.030738
-0.071338 0.086935
-0.076660 0.176670
-0.078118 0.293654
-0.076553 0.426222
-0.072729 0.561760
-0.067328 0.689822
-0.060943 0.803075
-0.054070 0.892407
-0.047111 0.944162
-0.040370 0.947714
-0.034065 0.902086
-0.028335 0.815893
-0.023253 0.703152
-0.018843 0.578614
-0.015088 0.454577
-0.011946 0.339574
-0.009357 0.238423
-0.007255 0.153003
-0.005571 0.083224
-0.004239 0.027880
-0.003197 -0.014725
-0.002013 -0.046391
0.004945 -0.068825
0.030680 -0.083569
0.086935 -0.091993
0.176670 -0.095316
0.293654 -0.094623
0.426222 -0.090885
0.561760 -0.084965
0.689822 -0.077610
0.803453 -0.069458
0.898749 -0.061026
0.969428 -0.052720
1.003576 -0.044839
0.991530 -0.037586
0.932663 -0.031079
0.835564 -0.025370
0.714039 -0.020461
0.582558 -0.016313
0.453146 -0.012865
0.334096 -0.010041
0.230025 -0.007760
0.142639 -0.005941
0.071696 -0.004508
0.015851 -0.003391
-0.026719 -0.002531
-0.057938 -0.001454
-0.079625 0.005413
-0.093424 0.031073
-0.100793 0.087226
-0.103021 0.176884
-0.101250 0.293810
-0.096493 0.426335
-0.089639 0.561842
-0.081451 0.689881
-0.072572 0.803453
-0.063520 0.898749
-0.054695 0.969428
-0.046386 1.003576
-0.038784 0.991530
-0.031998 0.932663
-0.026069 0.835564
-0.020987 0.714039
-0.016706 0.582558
-0.013156 0.453146
-0.010255 0.334096
-0.007916 0.230025
-0.006054 0.142639
-0.004589 0.071696
-0.003450 0.015851
-0.002531 -0.026719
-0.001832 -0.057560
-0.001306 -0.072906
-0.000913 -0.061438
-0.000622 -0.012945
-0.000409 0.074272
-0.000253 0.192434
-0.000139 0.323261
-0.000058 0.440275
0.000000 0.520581
0.000000 0.553588
0.000000 0.541544
0.000000 0.494979
0.000000 0.427277
0.000000 0.350714
0.000000 0.274504
0.000000 0.204432
0.000000 0.143379
0.000000 0.092190
0.000000 0.050493
0.000000 0.017339
0.000000 -0.008392
0.000000 -0.027404
0.000000 -0.035070
0.000000 -0.019261
0.000000 0.031005
0.000000 0.117998
0.000000 0.234858
0.000000 0.369336
0.000000 0.508282
0.000000 0.640765
0.000000 0.759035
0.000000 0.853672
0.000000 0.910689
0.000000 0.919258
0.000000 0.878221
0.000000 0.796160
0.000000 0.687053
0.000000 0.565642
0.000000 0.444248
0.000000 0.331441
0.000000 0.232086
0.000000 0.148116
0.000000 0.079490
0.000000 0.025052
0.000000 -0.016847
0.000000 -0.047971
0.000000 -0.069991
0.000000 -0.084424
0.000000 -0.092616
0.000000 -0.095346
0.000000 -0.088156
0.000000 -0.059039
0.000000 0.002826
0.000000 0.099682
0.000000 0.224605
0.000000 0.365449
0.000000 0.508802
0.000000 0.638322
0.000000 0.733881
0.000000 0.780199
0.000000 0.773485
0.000000 0.721039
0.000000 0.636591
0.000000 0.535190
0.000000 0.429705
0.000000 0.329301
0.000000 0.239390
0.000000 0.162371
0.000000 0.098595
0.000000 0.047242
0.000000 0.006999
0.000000 -0.023297
0.000000 -0.039478
0.000000 -0.029858
0.000000 0.016102
0.000000 0.100379
0.000000 0.215427
0.000000 0.343144
0.000000 0.457185
0.000000 0.534704
0.000000 0.565218
0.000000 0.550994
0.000000 0.502563
0.000000 0.433292
0.000000 0.355433
0.000000 0.278167
0.000000 0.207247
0.000000 0.145523
0.000000 0.093807
0.000000 0.051703
0.000000 0.018237
0.000000 -0.007353
0.000000 -0.020579
0.000000 -0.009453
0.000000 0.036854
0.000000 0.120210
0.000000 0.228107
0.000000 0.335284
0.000000 0.416913
0.000000 0.458970
0.000000 0.460275
0.000000 0.428612
0.000000 0.375512
0.000000 0.312209
0.000000 0.247470
0.000000 0.186963
0.000000 0.133747
0.000000 0.088852
0.000000 0.052108
0.000000 0.022743
0.000000 0.000167
0.000000 -0.010980
0.000000 0.001427
0.000000 0.048346
0.000000 0.132145
0.000000 0.246025
0.000000 0.377797
0.000000 0.513986
0.000000 0.638110
0.000000 0.729842
0.000000 0.773709
0.000000 0.765615
0.000000 0.712620
0.000000 0.628231
0.000000 0.527305
0.000000 0.422508
0.000000 0.322937
0.000000 0.233906
0.000000 0.157748
0.000000 0.094773
0.000000 0.044135
0.000000 0.004470
0.000000 -0.025710
0.000000 -0.047820
0.000000 -0.063130
0.000000 -0.072761
0.000000 -0.077714
0.000378 -0.078892
0.006719 -0.077117
0.031986 -0.073138
0.087849 -0.067581
0.177292 -0.061082
0.293684 -0.054128
0.419755 -0.047111
0.529914 -0.040370
0.602032 -0.034065
0.626161 -0.028335
0.605064 -0.023253
0.549673 -0.018843
0.473662 -0.015088
0.389498 -0.011946
0.306502 -0.009357
0.230500 -0.007255
0.164366 -0.005571
0.108895 -0.004239
0.063648 -0.003197
0.027594 -0.002391
-0.000098 -0.001774
-0.015008 -0.001306
-0.005214 -0.000913
0.040051 -0.000622
0.122979 -0.000409
0.236600 -0.000253
0.368199 -0.000139
0.498956 -0.000058
0.604899 0.000000
0.666897 0.000000
0.678046 0.000000
0.643490 0.000000
0.575674 0.000000
0.489023 0.000000
0.396209 0.000000
0.306442 0.000000
0.225288 0.000000
0.155339 0.000000
0.097136 0.000000
0.050038 0.000000
0.012860 0.000000
-0.015728 0.000378
-0.036990 0.006719
-0.052055 0.031986
-0.061913 0.087849
-0.067440 0.177292
-0.069429 0.294062
-0.068608 0.426474
-0.065647 0.561900
-0.061110 0.689881
-0.055587 0.803075
-0.049535 0.892407
-0.043328 0.944162
-0.037255 0.947714
-0.031570 0.902086
-0.026360 0.815893
-0.021707 0.703152
-0.017645 0.578614
-0.014169 0.454577
-0.011247 0.339574
-0.008831 0.238423
-0.006862 0.153003
-0.005280 0.083224
-0.004025 0.027880
-0.003041 -0.014725
-0.002278 -0.046391
-0.001693 -0.068825
-0.001248 -0.083569
-0.000913 -0.091993
-0.000622 -0.094938
-0.000409 -0.087903
-0.000253 -0.058899
-0.000139 0.002884
-0.000058 0.099304
0.000000 0.217885
0.000000 0.333463
0.000000 0.421331
0.000000 0.467749
0.000000 0.471805
0.000000 0.441573
0.000000 0.388877
0.000000 0.325221
0.000000 0.259613
0.000000 0.197964
0.000000 0.143438
0.000000 0.097191
0.000000 0.059138
0.000000 0.028564
0.000000 0.004531
0.000000 -0.013893
0.000000 -0.027503
0.000000 -0.036697
0.000000 -0.036514
0.000000 -0.014552
0.000000 0.040343
0.000000 0.130670
0.000000 0.249726
0.000000 0.385036
0.000000 0.518020
0.000000 0.624907
0.000000 0.686864
0.000000 0.697220
0.000000 0.661335
0.000000 0.591850
0.000000 0.503354
0.000000 0.408649
0.000000 0.317043
0.000000 0.234174
0.000000 0.162672
0.000000 0.103103
0.000000 0.054830
0.000000 0.016660
0.000378 -0.012748
0.006719 -0.034680
0.031986 -0.050282
0.087849 -0.060565
0.177292 -0.066424
0.294062 -0.068671
0.426474 -0.068006
0.561522 -0.065164
0.683161 -0.060759
0.771467 -0.055335
0.811278 -0.049396
0.798855 -0.043270
0.741500 -0.037255
0.652904 -0.031570
0.548055 -0.026360
0.439746 -0.021707
0.337061 -0.017645
0.245331 -0.014169
0.166879 -0.011247
0.101987 -0.008831
0.049773 -0.006862
0.008832 -0.005280
-0.021991 -0.004025
-0.038565 -0.003041
-0.029236 -0.002278
0.016511 -0.001693
0.100254 -0.001248
0.209225 -0.000913
0.317935 -0.000622
0.401322 -0.000409
0.445260 -0.000253
0.448448 -0.000139
0.418582 -0.000058
0.367137 0.000000
0.305312 0.000000
0.241861 0.000000
0.182494 0.000000
0.130226 0.000000
0.086108 0.000000
0.049991 0.000000
0.021126 0.000000
-0.001057 0.000000
-0.011898 0.000000
0.000744 0.000000
0.047841 0.000000
0.131775 0.000000
0.245756 0.000000
0.377603 0.000000
0.514225 0.000000
0.644393 0.000000
0.755109 0.000000
0.829571 0.000000
0.855059 0.000000
0.829390 0.000000
0.760643 0.000000
0.662730 0.000000
0.550489 0.000000
0.436509 0.000000
0.329580 0.000000
0.234770 0.000000
0.154188 0.000000
0.087951 0.000000
0.035047 0.000000
-0.006038 0.000000
-0.036556 0.000000
-0.052467 0.000000
-0.042206 0.000000
0.004657 0.000000
0.090002 0.000000
0.206580 0.000000
0.341430 0.000000
0.475571 0.000000
0.584819 0.000000
0.649929 0.000000
0.663923 0.000000
0.631860 0.000000
0.566224 0.000000
0.481438 0.000000
0.390193 0.000000
0.301722 0.000000
0.221625 0.000000
0.152523 0.000000
0.094992 0.000000
0.048421 0.000000
0.011650 0.000000
-0.016248 0.000000
-0.030931 0.000000
-0.020552 0.000000
0.025585 0.000000
0.109600 0.000000
0.224494 0.000000
0.357808 0.000000
0.496253 0.000000
0.628771 0.000000
0.747488 0.000000
0.842871 0.000000
0.900834 0.000000
0.910459 0.000000
0.870516 0.000000
0.789533 0.000000
0.681445 0.000000
0.560968 0.000000
0.440408 0.000000
0.328326 0.000000
0.229592 0.000000
0.146141 0.000000
0.077944 0.000000
0.023855 0.000000
-0.017766 0.000000
-0.048291 0.000000
-0.063798 0.000000
-0.052831 0.000000
-0.005058 0.000000
0.081354 0.000000
0.199031 0.000000
0.335336 0.000000
0.476796 0.000000
0.612212 0.000000
0.733995 0.000000
0.837723 0.000000
0.916708 0.000000
0.958737 0.000000
0.953944 0.000000
0.901584 0.000000
0.810194 0.000000
0.693579 0.000000
0.566245 0.000000
0.440281 0.000000
0.324055 0.000000
0.222265 0.000000
0.136698 0.000000
0.067187 0.000000
0.012460 0.000000
-0.029250 0.000000
-0.059392 0.000000
-0.074212 0.000000
-0.062352 0.000000
-0.013567 0.000000
0.073485 0.000000
0.185840 0.000000
0.297855 0.000000
0.384354 0.000000
0.431137 0.000000
0.436818 0.000000
0.409132 0.000000
0.359553 0.000000
0.299296 0.000000
0.237142 0.000000
0.178831 0.000000
0.127410 0.000000
0.083965 0.000000
0.048374 0.000000
0.019916 0.000000
-0.001955 0.000000
-0.012559 0.000000
0.000261 0.000000
0.047490 0.000000
0.131523 0.000000
0.245616 0.000000
0.377544 0.000000
0.514225 0.000000
0.644771 0.000000
0.761450 0.000000
0.854838 0.000000
0.910921 0.000000
0.918834 0.000000
0.877413 0.000000
0.795142 0.000000
0.685915 0.000000
0.564489 0.000000
0.443152 0.000000
0.330443 0.000000
0.231209 0.000000
0.147365 0.000000
0.078863 0.000000
0.024538 0.000000
-0.017262 0.000000
-0.048299 0.000000
-0.070248 0.000000
-0.084623 0.000000
-0.092767 0.000000
-0.095880 0.000000
-0.095031 0.000000
-0.091138 0.000000
-0.085104 0.000000
-0.077669 0.000000
-0.069458 0.000000
-0.061026 0.000000
-0.052720 0.000000
-0.044839 0.000000
-0.037586 0.000000
-0.031079 0.000000
-0.025370 0.000000
-0.020461 0.000000
-0.016313 0.000000
-0.012865 0.000000
-0.010041 0.000000
-0.007760 0.000000
-0.005941 0.000000
-0.004508 0.000000
-0.003391 0.000000
-0.002531 0.000000
-0.001832 0.000000
-0.001306 0.000000
-0.000913 0.000000
-0.000622 0.000000
-0.000409 0.000000
-0.000253 0.000000
-0.000139 0.000000
-0.000058 0.000000
0.000000 0.000000
0.000000 0.000000
0.000000 0.000000
0.000000 0.000000
0.000000 0.000000
0.000000 0.000000
0.000000 0.000000
0.000000 0.000000
0.000000 0.000000
0.000000 0.000000
0.000000 0.000000
0.000000 0.000000
0.000000 0.000000
0.000000 0.000000
0.000000 0.000000
0.000000 0.000000
0.000000 0.000000
0.000000 0.000000
0.000000 0.000000
0.000000 0.000000
0.000000 0.000000
0.000000 0.000000
0.000000 0.000000
0.000000 0.000000
0.000000 0.000000
0.000000 0.000000
0.000000 0.000000
0.000000 0.000000
0.000000 0.000000
0.000000 0.000000
0.000000 0.000000
0.000000 0.000000
0.000000 0.000000
0.000000 0.000000
0.000000 0.000000
0.000000 0.000000
0.000000 0.000000
0.000000 0.000000
0.000000 0.000000
0.000000 0.000000
0.000000 0.000000
0.000000 0.000000
0.000000 0.000000
0.000000 0.000000
0.000000 0.000000
0.000000 0.000000
0.000000 0.000000
0.000000 0.000000
0.000000 0.000000
0.000000 0.000000
0.000000 0.000000
0.000000 0.000000
0.000000 0.000000
0.000000 0.000000
0.000000 0.000000
0.000000 0.000000
0.000000 0.000000
0.000000 0.000000
0.000000 0.000000
0.000000 0.000000
0.000000 0.000000
