0.000000 0.000000
0.000000 0.000000
0.000000 0.000000
0.000000 0.000000
0.000000 0.000000
0.000000 0.000000
0.000000 0.000000
0.000000 0.000000
0.000000 0.000000
0.000000 0.018566
0.000000 0.165070
0.000000 0.439405
0.000000 0.705793
0.000000 0.772904
0.000000 0.626693
0.000000 0.403137
0.000000 0.207232
0.000000 0.070975
0.000000 -0.011858
0.000000 -0.037046
0.000000 0.092591
0.000000 0.367452
0.000000 0.662640
0.000000 0.890240
0.000000 1.013543
0.000000 0.939854
0.000000 0.691690
0.000000 0.404352
0.000000 0.172939
0.000000 0.020938
0.000000 -0.064235
0.000000 -0.083535
0.000000 0.055681
0.000000 0.340628
0.000000 0.644459
0.000000 0.860118
0.000000 0.860094
0.000000 0.661547
0.000000 0.404566
0.000000 0.189596
0.000000 0.044236
0.000000 -0.040651
0.018566 -0.081945
0.165070 -0.093967
0.439405 -0.087953
0.705793 -0.072734
0.772904 -0.054899
0.626693 -0.038380
0.403137 -0.025126
0.207232 -0.015527
0.070975 -0.009116
-0.011858 -0.005112
-0.037046 -0.002750
0.092591 -0.001333
0.367452 -0.000578
0.662640 -0.000192
0.871675 0.000000
0.867039 0.000000
0.665518 0.000000
0.406737 0.000000
0.190737 0.000000
0.044814 0.000000
-0.040460 0.000000
-0.081945 0.000000
-0.093967 0.000000
-0.069387 0.000000
0.092335 0.000000
0.384506 0.000000
0.667412 0.000000
0.747778 0.000000
0.611165 0.000000
0.394021 0.000000
0.202120 0.000000
0.068225 0.000000
-0.013191 0.000000
-0.056190 0.018566
-0.072671 0.165070
-0.071953 0.439405
-0.061718 0.724358
-0.047733 0.937974
-0.033989 1.047532
-0.022572 0.962426
-0.014110 0.705800
-0.008362 0.412714
-0.004725 0.177664
-0.002559 0.023497
-0.001333 -0.062902
0.017987 -0.101522
0.164878 -0.109197
0.439405 -0.098777
0.724358 -0.079900
0.919408 -0.059290
0.901028 -0.040934
0.688090 -0.026543
0.420847 -0.016282
0.199099 -0.009503
0.049540 -0.005304
-0.037901 -0.002750
-0.080612 0.017233
-0.093389 0.164491
-0.087761 0.420648
-0.072734 0.559289
-0.054899 0.498568
-0.038380 0.341739
-0.025126 0.189522
-0.015527 0.079108
-0.009116 0.009577
-0.005112 -0.011003
-0.002750 0.117591
-0.001333 0.388361
-0.000578 0.659882
-0.000192 0.736186
0.000000 0.599869
0.000000 0.384956
0.000000 0.195676
0.000000 0.064030
0.000000 -0.015829
0.000000 -0.039217
0.000000 0.091449
0.000000 0.366873
0.000000 0.643883
0.000000 0.725171
0.000000 0.592703
0.000000 0.380565
0.000000 0.193122
0.000000 0.062613
0.000000 -0.016584
0.000000 -0.058170
0.000000 -0.073812
0.000000 -0.053966
0.000000 0.103160
0.000000 0.391672
0.000000 0.690369
0.000000 0.896836
0.000000 0.886918
0.000000 0.679729
0.000000 0.416122
0.000000 0.196540
0.000000 0.048207
0.000000 -0.038480
0.018566 -0.080804
0.165070 -0.093389
0.439405 -0.087761
0.705793 -0.072734
0.772904 -0.054899
0.626693 -0.038380
0.403137 -0.025126
0.207232 -0.015527
0.070975 -0.009116
-0.011858 -0.005112
-0.037046 -0.002750
0.092591 -0.001333
0.348886 -0.000578
0.497570 -0.000192
0.450835 0.000000
0.307750 0.000000
0.166950 0.000000
0.064998 0.000000
0.001215 0.000000
-0.034294 0.018566
-0.050037 0.165070
-0.052377 0.439405
-0.046489 0.724358
-0.036909 0.937974
-0.026824 1.047532
-0.018181 0.962426
-0.011557 0.705800
-0.006945 0.412714
-0.003971 0.177664
-0.002172 0.023497
-0.001141 -0.062902
0.017987 -0.101522
0.164878 -0.109197
0.420840 -0.098777
0.559289 -0.079900
0.498568 -0.059290
0.341739 -0.040934
0.189522 -0.026543
0.079108 -0.016282
0.009577 -0.009503
-0.029568 0.013262
-0.047478 0.162319
-0.051044 0.419507
-0.045910 0.558710
-0.036718 0.498377
-0.026824 0.341739
-0.018181 0.189522
-0.011557 0.079108
-0.006945 0.009577
0.014595 -0.029568
0.162898 -0.047478
0.419698 -0.051044
0.558710 -0.045910
0.498377 -0.036718
0.341739 -0.026824
0.189522 -0.018181
0.079108 -0.011557
0.009577 -0.006945
-0.011003 -0.003971
0.117591 -0.002172
0.388361 -0.001141
0.659882 -0.000578
0.736186 -0.000192
0.599869 0.000000
0.384956 0.000000
0.195676 0.000000
0.064030 0.000000
-0.015829 0.000000
-0.057783 0.000000
-0.073620 0.000000
-0.053966 0.000000
0.103160 0.000000
0.391672 0.000000
0.690369 0.000000
0.896836 0.000000
0.886918 0.000000
0.679729 0.000000
0.416122 0.000000
0.196540 0.000000
0.048207 0.000000
-0.038480 0.000000
-0.080804 0.018566
-0.093389 0.165070
-0.087761 0.439405
-0.072734 0.724358
-0.054899 0.919408
-0.038380 0.901028
-0.025126 0.688090
-0.015527 0.420847
-0.009116 0.199099
-0.005112 0.049540
-0.002750 -0.037901
-0.001333 -0.080612
-0.000578 -0.093389
0.018374 -0.087761
0.165070 -0.072734
0.439405 -0.054899
0.724358 -0.038380
0.937974 -0.025126
1.047532 -0.015527
0.962426 -0.009116
0.705800 -0.005112
0.412714 -0.002750
0.177664 -0.001333
0.023497 -0.000578
-0.062902 -0.000192
-0.082956 0.000000
0.055873 0.000000
0.340628 0.000000
0.644459 0.000000
0.860118 0.000000
0.860094 0.000000
0.661547 0.000000
0.404566 0.000000
0.189596 0.000000
0.044236 0.000000
-0.040651 0.000000
-0.063379 0.000000
0.071102 0.000000
0.332886 0.000000
0.486555 0.000000
0.443670 0.000000
0.303359 0.000000
0.164396 0.000000
0.063581 0.000000
0.000461 0.000000
-0.034680 0.018566
-0.050228 0.165070
-0.052377 0.439405
-0.046489 0.724358
-0.036909 0.919408
-0.026824 0.901028
-0.018181 0.688090
-0.011557 0.420847
-0.006945 0.199099
-0.003971 0.049540
-0.002172 -0.037901
0.017424 -0.080612
0.164491 -0.093389
0.420648 -0.087761
0.559289 -0.072734
0.498568 -0.054899
0.341739 -0.038380
0.189522 -0.025126
0.079108 -0.015527
0.009577 -0.009116
-0.029568 -0.005112
-0.028913 -0.002750
0.114026 -0.001333
0.374929 -0.000578
0.522571 -0.000192
0.471745 0.000000
0.323558 0.000000
0.177965 0.000000
0.072163 0.000000
0.005606 0.000000
-0.031740 0.018566
-0.048620 0.165070
-0.051622 0.420840
-0.046102 0.559289
-0.036718 0.498568
-0.026824 0.341739
-0.018181 0.189522
-0.011557 0.079108
-0.006945 0.009577
-0.003971 -0.011003
-0.002172 0.117591
-0.001141 0.369796
-0.000578 0.513378
-0.000192 0.461851
0.000000 0.314916
0.000000 0.171341
0.000000 0.067551
0.000000 0.002632
0.000000 -0.033539
0.000000 -0.031084
0.000000 0.112885
0.000000 0.392916
0.000000 0.687449
0.000000 0.892584
0.000000 0.882847
0.000000 0.676534
0.000000 0.413903
0.000000 0.195128
0.000000 0.047368
0.000000 -0.039043
0.000000 -0.081191
0.000000 -0.093580
0.000000 -0.087761
0.000000 -0.072734
0.000000 -0.054899
0.000000 -0.038380
0.000000 -0.025126
0.000000 -0.015527
0.000000 -0.009116
0.000000 -0.005112
0.000000 -0.002750
0.000000 -0.001333
0.000000 -0.000578
0.000000 -0.000192
0.000000 0.000000
0.000000 0.000000
0.000000 0.000000
0.000000 0.000000
0.000000 0.000000
0.000000 0.000000
0.000000 0.000000
0.000000 0.000000
0.000000 0.000000
0.000000 0.000000
0.000000 0.000000
0.000000 0.000000
0.000000 0.000000
0.000000 0.000000
0.000000 0.000000
0.000000 0.000000
0.000000 0.000000
0.000000 0.000000
0.000000 0.000000
0.000000 0.000000
0.000000 0.000000
0.000000 0.000000
0.000000 0.000000
0.000000 0.000000
0.000000 0.000000
0.000000 0.000000
0.000000 0.000000
0.000000 0.000000
0.000000 0.000000
0.000000 0.000000
0.000000 0.000000
0.000000 0.000000
0.000000 0.000000
0.000000 0.000000
0.000000 0.000000
0.000000 0.000000
0.000000 0.000000
0.000000 0.000000
0.000000 0.000000
0.000000 0.000000
0.000000 0.000000
0.000000 0.000000
0.000000 0.000000
0.000000 0.000000
0.000000 0.000000
0.000000 0.000000
0.000000 0.000000
0.000000 0.000000
0.000000 0.000000
0.000000 0.000000
0.000000 0.000000
0.000000 0.000000
0.000000 0.000000
0.000000 0.000000
0.000000 0.000000
0.000000 0.000000
0.000000 0.000000
0.000000 0.000000
0.000000 0.000000
0.000000 0.000000
0.000000 0.000000
0.000000 0.000000
0.000000 0.000000
0.000000 0.000000
