0.000000 0.000000
0.000000 0.000000
0.000000 0.000000
0.000000 0.000000
0.000000 0.000000
0.000000 0.000000
0.000000 0.000000
0.000000 0.000000
0.000000 0.000000
0.000000 0.000000
0.000000 0.000000
0.000000 0.000000
0.000000 0.000000
0.000000 0.000000
0.000000 0.000000
0.000000 0.000000
0.000000 0.000378
0.000000 0.006719
0.000000 0.031986
0.000000 0.087849
0.000000 0.176914
0.000000 0.287343
0.000000 0.394488
0.000000 0.474051
0.000000 0.512588
0.000000 0.509391
0.000000 0.472652
0.000000 0.414248
0.000000 0.345682
0.000000 0.275925
0.000000 0.210829
0.000000 0.153479
0.000000 0.104951
0.000000 0.065079
0.000000 0.033072
0.000378 0.007922
0.006719 -0.011363
0.031986 -0.025671
0.087849 -0.035769
0.177292 -0.042320
0.294062 -0.045915
0.426474 -0.047097
0.561522 -0.046369
0.683161 -0.044196
0.771467 -0.041002
0.811278 -0.037160
0.798855 -0.032988
0.741500 -0.028740
0.652904 -0.024614
0.548055 -0.020750
0.439746 -0.017238
0.337061 -0.014124
0.245331 -0.011425
0.166879 -0.009131
0.101987 -0.007214
0.049773 -0.005638
0.008832 -0.004362
-0.021991 -0.003341
-0.038565 -0.002536
-0.029236 -0.001908
0.016511 -0.001424
0.100632 -0.001054
0.215944 -0.000774
0.349921 -0.000564
0.488793 -0.000409
0.615833 -0.000253
0.710524 -0.000139
0.757208 -0.000058
0.751745 0.000000
0.701130 0.000000
0.618839 0.000000
0.519720 0.000000
0.416493 0.000000
0.318218 0.000000
0.230243 0.000000
0.154933 0.000000
0.092630 0.000000
0.042518 0.000000
0.003260 0.000000
-0.026608 0.000378
-0.048481 0.006719
-0.063613 0.031986
-0.073112 0.087849
-0.077967 0.176914
-0.079031 0.287343
-0.077175 0.394488
-0.073138 0.474051
-0.067581 0.512588
-0.061082 0.509391
-0.054128 0.472652
-0.047111 0.414248
-0.040370 0.345682
-0.034065 0.275925
-0.028335 0.210829
-0.023253 0.153479
-0.018843 0.104951
-0.015088 0.065079
-0.011946 0.033072
-0.008979 0.007922
-0.000536 -0.011363
0.026415 -0.025671
0.083610 -0.035769
0.174095 -0.042320
0.291671 -0.045915
0.424700 -0.047097
0.560594 -0.046369
0.688967 -0.044196
0.802453 -0.041002
0.891998 -0.037160
0.943909 -0.032988
0.947574 -0.028740
0.902028 -0.024614
0.815893 -0.020750
0.703152 -0.017238
0.578614 -0.014124
0.454577 -0.011425
0.339574 -0.009131
0.238423 -0.007214
0.153003 -0.005638
0.083224 -0.004362
0.027880 -0.003341
-0.014725 -0.002536
-0.046391 -0.001530
-0.068825 0.005296
-0.083569 0.030932
-0.091993 0.087075
-0.095316 0.176728
-0.094623 0.293654
-0.090885 0.426222
-0.084965 0.561760
-0.077610 0.689822
-0.069458 0.803075
-0.061026 0.892407
-0.052720 0.944162
-0.044839 0.947714
-0.037586 0.902086
-0.031079 0.815893
-0.025370 0.703152
-0.020461 0.578614
-0.016313 0.454577
-0.012865 0.339574
-0.010041 0.238423
-0.007760 0.153003
-0.005941 0.083224
-0.004508 0.027880
-0.003391 -0.014725
-0.002531 -0.046391
-0.001832 -0.068825
-0.001306 -0.083569
-0.000536 -0.091993
0.006097 -0.095316
0.031578 -0.094623
0.087596 -0.090885
0.177153 -0.084965
0.294004 -0.077610
0.426096 -0.069458
0.555180 -0.061026
0.657895 -0.052720
0.715604 -0.044839
0.721834 -0.037586
0.682085 -0.031079
0.609088 -0.025370
0.517478 -0.020461
0.420074 -0.016313
0.326174 -0.012865
0.241387 -0.010041
0.168310 -0.007760
0.107464 -0.005941
0.058171 -0.004508
0.019196 -0.003391
-0.010840 -0.002153
-0.033256 0.004887
-0.049228 0.030680
-0.059791 0.086935
-0.065860 0.176292
-0.068262 0.286934
-0.067753 0.394236
-0.065024 0.473912
-0.060701 0.512530
-0.055335 0.509391
-0.049396 0.472652
-0.043270 0.414248
-0.037255 0.345682
-0.031570 0.275925
-0.026360 0.210829
-0.021707 0.153479
-0.017645 0.104951
-0.014169 0.065079
-0.011247 0.033072
-0.008453 0.007922
-0.000143 -0.011363
0.026706 -0.025671
0.083823 -0.035769
0.174251 -0.042320
0.291784 -0.045915
0.424781 -0.047097
0.560274 -0.046369
0.682248 -0.044196
0.770844 -0.041002
0.810869 -0.037160
0.798603 -0.032988
0.741361 -0.028740
0.652846 -0.024614
0.548055 -0.020750
0.439746 -0.017238
0.337061 -0.014124
0.245331 -0.011425
0.166879 -0.009131
0.101987 -0.007214
0.049773 -0.005638
0.008832 -0.004362
-0.022369 -0.003341
-0.045284 -0.002536
-0.060844 -0.001908
-0.064618 -0.001424
-0.044674 -0.001054
0.009731 -0.000774
0.100739 -0.000564
0.221333 -0.000409
0.359146 -0.000253
0.500957 -0.000139
0.635433 -0.000058
0.749623 0.000000
0.826770 0.000000
0.854234 0.000000
0.829935 0.000000
0.762062 0.000000
0.664637 0.000000
0.552638 0.000000
0.438687 0.000000
0.331648 0.000000
0.236645 0.000000
0.155830 0.000000
0.089350 0.000000
0.036211 0.000000
-0.005088 0.000000
-0.036171 0.000378
-0.058584 0.006719
-0.073682 0.031986
-0.082760 0.087849
-0.086924 0.177292
-0.087170 0.293684
-0.084397 0.419755
-0.079415 0.529914
-0.072936 0.602032
-0.065617 0.626161
-0.057911 0.605064
-0.050225 0.549673
-0.042865 0.473662
-0.036040 0.389498
-0.029881 0.306502
-0.024451 0.230500
-0.019762 0.164366
-0.015787 0.108895
-0.012472 0.063648
-0.009750 0.027594
-0.007546 -0.000098
-0.005785 -0.015008
-0.004395 -0.005214
-0.003310 0.040051
-0.002472 0.122601
-0.001832 0.229881
-0.001306 0.336590
-0.000913 0.417827
-0.000622 0.459592
-0.000409 0.460683
-0.000253 0.428864
-0.000139 0.375652
-0.000058 0.312267
0.000000 0.247470
0.000000 0.186963
0.000000 0.133747
0.000000 0.088852
0.000000 0.052108
0.000000 0.022743
0.000000 0.000167
0.000000 -0.010980
0.000000 0.001427
0.000000 0.048346
0.000000 0.132145
0.000000 0.246025
0.000000 0.377797
0.000000 0.514364
0.000000 0.644451
0.000000 0.755109
0.000000 0.829571
0.000000 0.855059
0.000000 0.829390
0.000000 0.760643
0.000000 0.662730
0.000000 0.550489
0.000000 0.436509
0.000000 0.329580
0.000000 0.234770
0.000000 0.154188
0.000000 0.087951
0.000000 0.035047
0.000000 -0.006038
0.000378 -0.036933
0.006719 -0.059186
0.031986 -0.074192
0.087849 -0.083192
0.177292 -0.087290
0.293684 -0.087482
0.419755 -0.084666
0.529914 -0.079609
0.602032 -0.073076
0.626161 -0.065675
0.605064 -0.057911
0.549673 -0.050225
0.473662 -0.042865
0.389498 -0.036040
0.306502 -0.029881
0.230500 -0.024451
0.164366 -0.019762
0.108895 -0.015787
0.063648 -0.012472
0.027594 -0.009750
-0.000476 -0.007168
-0.021727 0.000934
-0.037200 0.027591
-0.047797 0.084538
-0.054313 0.174442
-0.057462 0.285511
-0.057898 0.393182
-0.056225 0.473138
-0.052996 0.511966
-0.048707 0.508982
-0.043788 0.472400
-0.038596 0.414108
-0.033414 0.345623
-0.028455 0.275925
-0.023865 0.210829
-0.019732 0.153479
-0.016099 0.104951
-0.012971 0.065079
-0.010328 0.033072
-0.008133 0.008300
-0.006336 -0.004643
-0.004888 0.006315
-0.003734 0.052080
-0.002827 0.134595
-0.002122 0.241427
-0.001580 0.347391
-0.001167 0.427682
-0.000855 0.468392
-0.000622 0.468388
-0.000409 0.435492
-0.000253 0.381260
-0.000139 0.316941
-0.000058 0.251311
0.000000 0.190078
0.000000 0.136241
0.000000 0.090827
0.000000 0.053654
0.000000 0.023941
0.000378 0.000709
0.006719 -0.017001
0.031986 -0.030033
0.087849 -0.039110
0.177292 -0.044856
0.294062 -0.047824
0.426474 -0.048521
0.561900 -0.047423
0.689881 -0.044970
0.803453 -0.041567
0.898749 -0.037569
0.969428 -0.033240
1.003576 -0.028880
0.991530 -0.024673
0.932663 -0.020750
0.835564 -0.017238
0.714039 -0.014124
0.582558 -0.011425
0.453146 -0.009131
0.334096 -0.007214
0.230025 -0.005638
0.142639 -0.004362
0.071696 -0.003341
0.015851 -0.002536
-0.026719 -0.001908
-0.057938 -0.001424
-0.079625 -0.001054
-0.093424 -0.000774
-0.100793 -0.000564
-0.103021 -0.000031
-0.101250 0.006467
-0.096493 0.031847
-0.089639 0.087790
-0.081451 0.177292
-0.072572 0.294062
-0.063520 0.426474
-0.054695 0.561900
-0.046386 0.689881
-0.038784 0.803453
-0.031998 0.898749
-0.026069 0.969428
-0.020987 1.003576
-0.016706 0.991530
-0.013156 0.932663
-0.010255 0.835564
-0.007916 0.714039
-0.006054 0.582558
-0.004589 0.453146
-0.003450 0.334096
-0.002531 0.230025
-0.001832 0.142639
-0.001306 0.071696
-0.000913 0.015851
-0.000622 -0.026719
-0.000409 -0.057560
-0.000253 -0.072906
-0.000139 -0.061438
-0.000058 -0.012945
0.000000 0.074272
0.000000 0.192812
0.000000 0.329603
0.000000 0.465542
0.000000 0.576443
0.000000 0.643032
0.000000 0.658314
0.000000 0.627390
0.000000 0.562702
0.000000 0.478694
0.000000 0.388076
0.000000 0.300105
0.000000 0.220401
0.000000 0.151604
0.000000 0.094309
0.000000 0.047916
0.000000 0.011280
0.000378 -0.016895
0.006719 -0.037845
0.031986 -0.052678
0.087849 -0.062321
0.177292 -0.067692
0.294062 -0.069569
0.426474 -0.068667
0.561900 -0.065647
0.689881 -0.061110
0.803453 -0.055587
0.898749 -0.049535
0.969428 -0.043328
1.003576 -0.037255
0.991530 -0.031570
0.932663 -0.026360
0.835564 -0.021707
0.714039 -0.017645
0.582558 -0.014169
0.453146 -0.011247
0.334096 -0.008831
0.230025 -0.006862
0.142639 -0.005280
0.071696 -0.004025
0.015851 -0.003041
-0.026719 -0.002278
-0.057938 -0.001693
-0.079247 -0.001248
-0.086705 -0.000913
-0.068807 -0.000622
-0.015172 -0.000409
0.076042 -0.000253
0.197569 -0.000139
0.336835 -0.000058
0.480449 0.000000
0.617308 0.000000
0.739555 0.000000
0.837712 0.000000
0.897776 0.000000
0.908930 0.000000
0.870088 0.000000
0.789824 0.000000
0.682166 0.000000
0.561908 0.000000
0.441421 0.000000
0.329319 0.000000
0.230507 0.000000
0.146949 0.000000
0.078635 0.000000
0.024430 0.000000
-0.017256 0.000000
-0.048223 0.000378
-0.070131 0.006719
-0.084482 0.031986
-0.092616 0.087849
-0.095724 0.176914
-0.094875 0.287343
-0.091025 0.394488
-0.085023 0.474051
-0.077610 0.512588
-0.069458 0.509391
-0.061026 0.472652
-0.052720 0.414248
-0.044839 0.345682
-0.037586 0.275925
-0.031079 0.210829
-0.025370 0.153479
-0.020461 0.104951
-0.016313 0.065079
-0.012865 0.033072
-0.009663 0.007922
-0.001041 -0.011363
0.026045 -0.025671
0.083340 -0.035769
0.173901 -0.042320
0.291532 -0.045915
0.424264 -0.047097
0.553874 -0.046369
0.656981 -0.044196
0.714982 -0.041002
0.721426 -0.037160
0.681833 -0.032988
0.608949 -0.028740
0.517420 -0.024614
0.420074 -0.020750
0.326174 -0.017238
0.241387 -0.014124
0.168310 -0.011425
0.107464 -0.009131
0.058171 -0.007214
0.019196 -0.005638
-0.010463 -0.004362
-0.026536 -0.003341
-0.017242 -0.002536
0.028058 -0.001908
0.111054 -0.001424
0.219080 -0.001054
0.326735 -0.000774
0.409027 -0.000564
0.451887 -0.000409
0.454056 -0.000253
0.423256 -0.000139
0.370978 -0.000058
0.308427 0.000000
0.244355 0.000000
0.184469 0.000000
0.131772 0.000000
0.087306 0.000000
0.050910 0.000000
0.021824 0.000000
-0.000531 0.000000
-0.011506 0.000000
0.001035 0.000000
0.048055 0.000000
0.131931 0.000000
0.245869 0.000000
0.377684 0.000000
0.514283 0.000000
0.644771 0.000000
0.761450 0.000000
0.854838 0.000000
0.910921 0.000000
0.918834 0.000000
0.877413 0.000000
0.795142 0.000000
0.685915 0.000000
0.564489 0.000000
0.443152 0.000000
0.330443 0.000000
0.231209 0.000000
0.147365 0.000000
0.078863 0.000000
0.024538 0.000000
-0.017262 0.000000
-0.048299 0.000000
-0.070248 0.000000
-0.084623 0.000378
-0.092767 0.006719
-0.095880 0.031986
-0.095031 0.087849
-0.091138 0.177292
-0.085104 0.294062
-0.077669 0.426474
-0.069458 0.561900
-0.061026 0.689503
-0.052720 0.796733
-0.044839 0.867140
-0.037586 0.888299
-0.031079 0.858270
-0.025370 0.785316
-0.020461 0.683481
-0.016313 0.567727
-0.012865 0.450633
-0.010041 0.341005
-0.007760 0.243900
-0.005941 0.161401
-0.004508 0.093589
-0.003391 0.039408
-0.002531 -0.002697
-0.001832 -0.034397
-0.001306 -0.056900
-0.000913 -0.066049
-0.000622 -0.050152
-0.000409 0.001333
-0.000253 0.089997
-0.000139 0.203085
-0.000058 0.315131
0.000000 0.401115
0.000000 0.446972
0.000000 0.451480
0.000000 0.422427
0.000000 0.371383
0.000000 0.309642
0.000000 0.246044
0.000000 0.186377
0.000000 0.133717
0.000000 0.089165
0.000000 0.052608
0.000000 0.023322
0.000000 0.000754
0.000000 -0.010428
0.000000 0.001920
0.000000 0.048770
0.000000 0.132122
0.000000 0.239595
0.000000 0.346084
0.000000 0.426769
0.000000 0.467770
0.000000 0.467980
0.000000 0.435239
0.000000 0.381121
0.000000 0.316883
0.000000 0.251311
0.000000 0.190078
0.000000 0.136241
0.000000 0.090827
0.000000 0.053654
0.000000 0.023941
0.000378 0.000709
0.006719 -0.017001
0.031986 -0.030033
0.087849 -0.039110
0.177292 -0.044856
0.294062 -0.047824
0.426474 -0.048521
0.561900 -0.047423
0.689503 -0.044970
0.796733 -0.041567
0.867140 -0.037569
0.888299 -0.033240
0.858270 -0.028880
0.785316 -0.024673
0.683481 -0.020750
0.567727 -0.017238
0.450633 -0.014124
0.341005 -0.011425
0.243900 -0.009131
0.161401 -0.007214
0.093589 -0.005638
0.039408 -0.004362
-0.002697 -0.003341
-0.034397 -0.002536
-0.057278 -0.001908
-0.072769 -0.001424
-0.081760 -0.001054
-0.079796 -0.000774
-0.054932 -0.000564
0.003591 -0.000409
0.097558 -0.000253
0.214406 -0.000139
0.328871 -0.000058
0.416141 0.000000
0.462363 0.000000
0.466526 0.000000
0.436612 0.000000
0.384367 0.000000
0.321230 0.000000
0.256163 0.000000
0.195042 0.000000
0.141007 0.000000
0.095201 0.000000
0.057533 0.000000
0.027287 0.000000
0.003905 0.000000
-0.007953 0.000000
0.003842 0.000000
0.050248 0.000000
0.133666 0.000000
0.247234 0.000000
0.378377 0.000000
0.508403 0.000000
0.613446 0.000000
0.674463 0.000000
0.684615 0.000000
0.649098 0.000000
0.580348 0.000000
0.492864 0.000000
0.399324 0.000000
0.308936 0.000000
0.227263 0.000000
0.156885 0.000000
0.098334 0.000000
0.050957 0.000000
0.013558 0.000000
-0.015202 0.000000
-0.036597 0.000000
-0.051764 0.000000
-0.061699 0.000378
-0.067284 0.006719
-0.069316 0.031986
-0.068527 0.087849
-0.065589 0.177292
-0.061110 0.294062
-0.055587 0.426474
-0.049535 0.561900
-0.043328 0.689881
-0.037255 0.803075
-0.031570 0.892407
-0.026360 0.944162
-0.021707 0.947714
-0.017645 0.902086
-0.014169 0.815893
-0.011247 0.703152
-0.008831 0.578614
-0.006862 0.454577
-0.005280 0.339574
-0.004025 0.238423
-0.003041 0.153003
-0.002278 0.083224
-0.001693 0.027880
-0.001248 -0.014725
-0.000536 -0.046391
0.006097 -0.068825
0.031578 -0.083569
0.087596 -0.091993
0.176775 -0.095316
0.287285 -0.094623
0.394488 -0.090885
0.474051 -0.084965
0.512588 -0.077610
0.509391 -0.069458
0.472652 -0.061026
0.414248 -0.052720
0.345682 -0.044839
0.275925 -0.037586
0.210829 -0.031079
0.153479 -0.025370
0.104951 -0.020461
0.065079 -0.016313
0.033072 -0.012865
0.007922 -0.009663
-0.011363 -0.001041
-0.025671 0.026045
-0.035769 0.083340
-0.042320 0.173901
-0.045915 0.291532
-0.047097 0.424642
-0.046369 0.560594
-0.044196 0.688589
-0.041002 0.796111
-0.037160 0.866732
-0.032988 0.888047
-0.028740 0.858131
-0.024614 0.785258
-0.020750 0.683481
-0.017238 0.567727
-0.014124 0.450633
-0.011425 0.341005
-0.009131 0.243900
-0.007214 0.161401
-0.005638 0.093589
-0.004362 0.039408
-0.003341 -0.002697
-0.002536 -0.034397
-0.001908 -0.057278
-0.001424 -0.072769
-0.001054 -0.082138
-0.000774 -0.086516
-0.000564 -0.086540
-0.000409 -0.077538
-0.000253 -0.047371
-0.000139 0.014912
-0.000058 0.111675
0.000000 0.236151
0.000000 0.376249
0.000000 0.519035
0.000000 0.653841
0.000000 0.773572
0.000000 0.874297
0.000000 0.949666
0.000000 0.987789
0.000000 0.979058
0.000000 0.922913
0.000000 0.828018
0.000000 0.708254
0.000000 0.578163
0.000000 0.449836
0.000000 0.331624
0.000000 0.228193
0.000000 0.141333
0.000000 0.070782
0.000000 0.015229
0.000000 -0.027128
0.000378 -0.058190
0.006719 -0.079764
0.031986 -0.093483
0.087849 -0.100793
0.176914 -0.103021
0.287343 -0.101250
0.394488 -0.096493
0.474051 -0.089639
0.512588 -0.081451
0.509391 -0.072572
0.472652 -0.063520
0.414248 -0.054695
0.345682 -0.046386
0.275925 -0.038784
0.210829 -0.031998
0.153479 -0.026069
0.104951 -0.020987
0.065079 -0.016706
0.033072 -0.013156
0.007922 -0.010255
-0.011363 -0.007916
-0.025671 -0.006054
-0.035769 -0.004589
-0.042320 -0.003450
-0.045915 -0.002531
-0.047097 -0.001832
-0.046369 -0.001306
-0.044196 -0.000913
-0.041002 -0.000622
-0.037160 -0.000409
-0.032988 -0.000253
-0.028740 -0.000139
-0.024614 -0.000058
-0.020750 0.000000
-0.017238 0.000000
-0.014124 0.000000
-0.011425 0.000000
-0.009131 0.000000
-0.007214 0.000000
-0.005638 0.000000
-0.004362 0.000000
-0.003341 0.000000
-0.002536 0.000000
-0.001908 0.000000
-0.001424 0.000000
-0.001054 0.000000
-0.000774 0.000000
-0.000564 0.000000
-0.000409 0.000000
-0.000253 0.000000
-0.000139 0.000000
-0.000058 0.000000
0.000000 0.000000
0.000000 0.000000
0.000000 0.000000
0.000000 0.000000
0.000000 0.000000
0.000000 0.000000
0.000000 0.000000
0.000000 0.000000
0.000000 0.000000
0.000000 0.000000
0.000000 0.000000
0.000000 0.000000
0.000000 0.000000
0.000000 0.000000
0.000000 0.000000
0.000000 0.000000
0.000000 0.000000
0.000000 0.000000
0.000000 0.000000
0.000000 0.000000
0.000000 0.000000
0.000000 0.000000
0.000000 0.000000
0.000000 0.000000
0.000000 0.000000
0.000000 0.000000
0.000000 0.000000
0.000000 0.000000
0.000000 0.000000
0.000000 0.000000
0.000000 0.000000
0.000000 0.000000
0.000000 0.000000
0.000000 0.000000
0.000000 0.000000
0.000000 0.000000
0.000000 0.000000
0.000000 0.000000
0.000000 0.000000
0.000000 0.000000
0.000000 0.000000
0.000000 0.000000
0.000000 0.000000
0.000000 0.000000
0.000000 0.000000
0.000000 0.000000
0.000000 0.000000
0.000000 0.000000
0.000000 0.000000
0.000000 0.000000
0.000000 0.000000
0.000000 0.000000
0.000000 0.000000
0.000000 0.000000
0.000000 0.000000
