0.000000 0.000000
0.000000 0.000000
0.000000 0.000000
0.000000 0.000000
0.000000 0.000000
0.000000 0.000000
0.000000 0.000000
0.000000 0.000000
0.000000 0.000000
0.000000 0.000000
0.000000 0.000000
0.000000 0.000000
0.000000 0.000000
0.000000 0.000000
0.000000 0.000000
0.000378 0.000000
0.006719 0.000000
0.031986 0.000000
0.087849 0.000000
0.176914 0.000000
0.287343 0.000000
0.394488 0.000000
0.474051 0.000000
0.512588 0.000000
0.509391 0.000000
0.472652 0.000000
0.414248 0.000000
0.345682 0.000000
0.275925 0.000000
0.210829 0.000000
0.153479 0.000000
0.104951 0.000000
0.065079 0.000000
0.033072 0.000000
0.007922 0.000378
-0.011363 0.006719
-0.025671 0.031986
-0.035769 0.087849
-0.042320 0.177292
-0.045915 0.294062
-0.047097 0.426096
-0.046369 0.555180
-0.044196 0.657895
-0.041002 0.715604
-0.037160 0.721834
-0.032988 0.682085
-0.028740 0.609088
-0.024614 0.517478
-0.020750 0.420074
-0.017238 0.326174
-0.014124 0.241387
-0.011425 0.168310
-0.009131 0.107464
-0.007214 0.058171
-0.005638 0.019196
-0.004362 -0.010463
-0.003341 -0.026536
-0.002536 -0.017242
-0.001908 0.028058
-0.001424 0.111054
-0.001054 0.219080
-0.000774 0.326735
-0.000564 0.409027
-0.000409 0.451887
-0.000253 0.454056
-0.000139 0.423256
-0.000058 0.370978
0.000000 0.308427
0.000000 0.244355
0.000000 0.184469
0.000000 0.131772
0.000000 0.087306
0.000000 0.050910
0.000000 0.021824
0.000000 -0.000531
0.000000 -0.011506
0.000000 0.001035
0.000000 0.048055
0.000000 0.131931
0.000000 0.245869
0.000000 0.377684
0.000000 0.514283
0.000000 0.644771
0.000000 0.761450
0.000000 0.854838
0.000000 0.910921
0.000000 0.918834
0.000000 0.877413
0.000000 0.795142
0.000000 0.685915
0.000000 0.564489
0.000000 0.443152
0.000000 0.330443
0.000000 0.231209
0.000000 0.147365
0.000000 0.078863
0.000000 0.024538
0.000000 -0.017262
0.000378 -0.048299
0.006719 -0.070248
0.031986 -0.084623
0.087849 -0.092767
0.176914 -0.095880
0.287343 -0.095031
0.394488 -0.091138
0.474051 -0.085104
0.512588 -0.077669
0.509391 -0.069458
0.472652 -0.061026
0.414248 -0.052720
0.345682 -0.044839
0.275925 -0.037586
0.210829 -0.031079
0.153479 -0.025370
0.104951 -0.020461
0.065079 -0.016313
0.033072 -0.012865
0.007922 -0.009663
-0.011363 -0.001041
-0.025671 0.026045
-0.035769 0.083340
-0.042320 0.173901
-0.045915 0.291154
-0.047097 0.417922
-0.046369 0.528608
-0.044196 0.601119
-0.041002 0.625538
-0.037160 0.604656
-0.032988 0.549421
-0.028740 0.473523
-0.024614 0.389439
-0.020750 0.306502
-0.017238 0.230500
-0.014124 0.164366
-0.011425 0.108895
-0.009131 0.063648
-0.007214 0.027594
-0.005638 -0.000476
-0.004362 -0.021727
-0.003341 -0.037200
-0.002536 -0.047797
-0.001908 -0.054313
-0.001424 -0.057084
-0.001054 -0.051178
-0.000774 -0.024239
-0.000564 0.034853
-0.000409 0.128585
-0.000253 0.250274
-0.000139 0.387878
-0.000058 0.528486
0.000000 0.661425
0.000000 0.779588
0.000000 0.879016
0.000000 0.953329
0.000000 0.990605
0.000000 0.981201
0.000000 0.924530
0.000000 0.829228
0.000000 0.709152
0.000000 0.578823
0.000000 0.450319
0.000000 0.331974
0.000000 0.228445
0.000000 0.141472
0.000000 0.070840
0.000000 0.015229
0.000000 -0.027128
0.000378 -0.058190
0.006719 -0.079764
0.031986 -0.093483
0.087849 -0.100793
0.176914 -0.103021
0.287343 -0.101250
0.394488 -0.096493
0.474051 -0.089639
0.512588 -0.081451
0.509391 -0.072572
0.472652 -0.063520
0.414248 -0.054695
0.345682 -0.046386
0.275925 -0.038784
0.210829 -0.031998
0.153479 -0.026069
0.104951 -0.020987
0.065079 -0.016706
0.033072 -0.013156
0.007922 -0.010255
-0.011363 -0.007538
-0.025671 0.000665
-0.035769 0.027397
-0.042320 0.084399
-0.045915 0.174762
-0.047097 0.292230
-0.046369 0.425168
-0.044196 0.560987
-0.041002 0.689258
-0.037160 0.802667
-0.032988 0.892154
-0.028740 0.944022
-0.024614 0.947656
-0.020750 0.902086
-0.017238 0.815893
-0.014124 0.703152
-0.011425 0.578614
-0.009131 0.454577
-0.007214 0.339574
-0.005638 0.238423
-0.004362 0.153003
-0.003341 0.083224
-0.002536 0.027880
-0.001908 -0.014725
-0.001424 -0.046013
-0.001054 -0.062105
-0.000774 -0.051583
-0.000564 -0.004145
-0.000409 0.081976
-0.000253 0.199062
-0.000139 0.328869
-0.000058 0.444949
0.000000 0.524422
0.000000 0.556703
0.000000 0.544038
0.000000 0.496953
0.000000 0.428823
0.000000 0.351912
0.000000 0.275423
0.000000 0.205130
0.000000 0.143905
0.000000 0.092583
0.000000 0.050784
0.000000 0.017553
0.000000 -0.008236
0.000000 -0.027669
0.000000 -0.041708
0.000000 -0.051189
0.000378 -0.056844
0.006719 -0.059294
0.031986 -0.059204
0.087849 -0.057138
0.176914 -0.053618
0.287343 -0.049116
0.394488 -0.044040
0.474051 -0.038735
0.512588 -0.033472
0.509391 -0.028455
0.472652 -0.023865
0.414248 -0.019732
0.345682 -0.016099
0.275925 -0.012971
0.210829 -0.010328
0.153479 -0.008133
0.104951 -0.006336
0.065079 -0.004888
0.033072 -0.003734
0.007922 -0.002827
-0.011363 -0.002122
-0.025671 -0.001202
-0.035769 0.005553
-0.042320 0.031131
-0.045915 0.087226
-0.047097 0.176506
-0.046369 0.287090
-0.044196 0.394349
-0.041002 0.473993
-0.037160 0.512588
-0.032988 0.509391
-0.028740 0.472652
-0.024614 0.414248
-0.020750 0.345682
-0.017238 0.275925
-0.014124 0.210829
-0.011425 0.153479
-0.009131 0.104951
-0.007214 0.065079
-0.005638 0.033072
-0.003984 0.007922
0.003378 -0.011363
0.029450 -0.025671
0.085940 -0.035769
0.175868 -0.042320
0.293009 -0.045915
0.425323 -0.047097
0.554616 -0.046369
0.657486 -0.044196
0.715352 -0.041002
0.721695 -0.037160
0.682027 -0.032988
0.609088 -0.028740
0.517478 -0.024614
0.420074 -0.020750
0.326174 -0.017238
0.241387 -0.014124
0.168310 -0.011425
0.107464 -0.009131
0.058171 -0.007214
0.019196 -0.005638
-0.010463 -0.004362
-0.026536 -0.003341
-0.017242 -0.002536
0.028058 -0.001908
0.111432 -0.001424
0.225422 -0.001054
0.352001 -0.000774
0.464890 -0.000564
0.541331 -0.000409
0.570826 -0.000253
0.555668 -0.000139
0.506404 -0.000058
0.436407 0.000000
0.357927 0.000000
0.280142 0.000000
0.208793 0.000000
0.146721 0.000000
0.094726 0.000000
0.052401 0.000000
0.018763 0.000000
-0.007338 0.000000
-0.027008 0.000000
-0.041225 0.000000
-0.050838 0.000378
-0.056591 0.006719
-0.059155 0.031986
-0.059146 0.087849
-0.057138 0.177292
-0.053618 0.294062
-0.049116 0.426096
-0.044040 0.555180
-0.038735 0.657895
-0.033472 0.715604
-0.028455 0.721834
-0.023865 0.682085
-0.019732 0.609088
-0.016099 0.517478
-0.012971 0.420074
-0.010328 0.326174
-0.008133 0.241387
-0.006336 0.168310
-0.004888 0.107464
-0.003734 0.058171
-0.002827 0.019196
-0.002122 -0.010463
-0.001580 -0.026536
-0.001167 -0.017242
-0.000855 0.028058
-0.000622 0.111054
-0.000409 0.219080
-0.000253 0.326735
-0.000139 0.409027
-0.000058 0.451887
0.000000 0.454056
0.000000 0.423256
0.000000 0.370978
0.000000 0.308427
0.000000 0.244355
0.000000 0.184469
0.000000 0.131772
0.000000 0.087306
0.000000 0.050910
0.000000 0.021824
0.000000 -0.000531
0.000000 -0.011506
0.000000 0.001035
0.000000 0.048055
0.000000 0.131554
0.000000 0.239149
0.000000 0.345698
0.000000 0.426434
0.000000 0.467479
0.000000 0.467766
0.000000 0.435083
0.000000 0.381007
0.000000 0.316802
0.000000 0.251253
0.000000 0.190078
0.000000 0.136241
0.000000 0.090827
0.000000 0.053654
0.000000 0.023941
0.000378 0.000709
0.006719 -0.017001
0.031986 -0.030033
0.087849 -0.039110
0.176914 -0.044856
0.287343 -0.047824
0.394488 -0.048521
0.474051 -0.047423
0.512588 -0.044970
0.509391 -0.041567
0.472652 -0.037569
0.414248 -0.033240
0.345682 -0.028880
0.275925 -0.024673
0.210829 -0.020750
0.153479 -0.017238
0.104951 -0.014124
0.065079 -0.011425
0.033072 -0.009131
0.008300 -0.007214
-0.004643 -0.005638
0.006315 -0.004362
0.052080 -0.003341
0.134595 -0.002536
0.241427 -0.001908
0.347391 -0.001424
0.427682 -0.001054
0.468392 -0.000774
0.468388 -0.000564
0.435492 -0.000409
0.381260 -0.000253
0.316941 -0.000139
0.251311 -0.000058
0.190078 0.000000
0.136241 0.000000
0.090827 0.000000
0.053654 0.000000
0.023941 0.000000
0.001086 0.000000
-0.010281 0.000000
0.001953 0.000000
0.048738 0.000000
0.132436 0.000000
0.245861 0.000000
0.371234 0.000000
0.482491 0.000000
0.557062 0.000000
0.584594 0.000000
0.567495 0.000000
0.516433 0.000000
0.444783 0.000000
0.364825 0.000000
0.285752 0.000000
0.213263 0.000000
0.150242 0.000000
0.097470 0.000000
0.054518 0.000000
0.020380 0.000000
-0.006114 0.000000
-0.025711 0.000000
-0.033822 0.000000
-0.018347 0.000000
0.031627 0.000000
0.118406 0.000000
0.235111 0.000000
0.369476 0.000000
0.508340 0.000000
0.640765 0.000000
0.759412 0.000000
0.860013 0.000000
0.935956 0.000000
0.975121 0.000000
0.967665 0.000000
0.912930 0.000000
0.819465 0.000000
0.701068 0.000000
0.572229 0.000000
0.445013 0.000000
0.327760 0.000000
0.225137 0.000000
0.138905 0.000000
0.068868 0.000000
0.013729 0.000000
-0.028299 0.000000
-0.059104 0.000000
-0.080480 0.000000
-0.094047 0.000000
-0.101202 0.000000
-0.103273 0.000378
-0.101390 0.006719
-0.096552 0.031986
-0.089639 0.087849
-0.081451 0.177292
-0.072572 0.294062
-0.063520 0.426474
-0.054695 0.561522
-0.046386 0.683161
-0.038784 0.771467
-0.031998 0.811278
-0.026069 0.798855
-0.020987 0.741500
-0.016706 0.652904
-0.013156 0.548055
-0.010255 0.439746
-0.007916 0.337061
-0.006054 0.245331
-0.004589 0.166879
-0.003450 0.101987
-0.002531 0.049773
-0.001832 0.008832
-0.000928 -0.022369
0.005806 -0.045284
0.031364 -0.061222
0.087440 -0.071338
0.176662 -0.076660
0.287203 -0.078118
0.394430 -0.076553
0.474051 -0.072729
0.512588 -0.067328
0.509391 -0.060943
0.472652 -0.054070
0.414248 -0.047111
0.345682 -0.040370
0.275925 -0.034065
0.210829 -0.028335
0.153479 -0.023253
0.104951 -0.018843
0.065079 -0.015088
0.033072 -0.011946
0.007922 -0.008979
-0.011363 -0.000536
-0.025671 0.026415
-0.035769 0.083610
-0.042320 0.174095
-0.045915 0.291671
-0.047097 0.424700
-0.046369 0.560216
-0.044196 0.682248
-0.041002 0.770844
-0.037160 0.810869
-0.032988 0.798603
-0.028740 0.741361
-0.024614 0.652846
-0.020750 0.548055
-0.017238 0.439746
-0.014124 0.337061
-0.011425 0.245331
-0.009131 0.166879
-0.007214 0.101987
-0.005638 0.049773
-0.004362 0.008832
-0.003341 -0.022369
-0.002536 -0.045284
-0.001908 -0.061222
-0.001424 -0.070960
-0.001054 -0.069941
-0.000774 -0.046132
-0.000564 0.011296
-0.000409 0.104563
-0.000253 0.226734
-0.000139 0.365531
-0.000058 0.507830
0.000000 0.642392
0.000000 0.756363
0.000000 0.833075
0.000000 0.859964
0.000000 0.835017
0.000000 0.766473
0.000000 0.668392
0.000000 0.555781
0.000000 0.441276
0.000000 0.333750
0.000000 0.238329
0.000000 0.157162
0.000000 0.090392
0.000000 0.037017
0.000000 -0.004471
0.000378 -0.035703
0.006719 -0.058191
0.031986 -0.073391
0.087849 -0.082546
0.176914 -0.086768
0.287343 -0.087057
0.394488 -0.084316
0.474051 -0.079357
0.512588 -0.072936
0.509391 -0.065617
0.472652 -0.057911
0.414248 -0.050225
0.345682 -0.042865
0.275925 -0.036040
0.210829 -0.029881
0.153479 -0.024451
0.104951 -0.019762
0.065079 -0.015787
0.033072 -0.012472
0.007922 -0.009750
-0.011363 -0.007546
-0.025671 -0.005785
-0.035769 -0.004017
-0.042320 0.003409
-0.045915 0.029514
-0.047097 0.086016
-0.046369 0.175986
-0.044196 0.292771
-0.041002 0.419132
-0.037160 0.529505
-0.032988 0.601780
-0.028740 0.626021
-0.024614 0.605006
-0.020750 0.549673
-0.017238 0.473662
-0.014124 0.389498
-0.011425 0.306502
-0.009131 0.230500
-0.007214 0.164366
-0.005638 0.108895
-0.004362 0.063648
-0.003341 0.027594
-0.002158 -0.000476
0.004811 -0.021727
0.030562 -0.037200
0.086795 -0.047797
0.176141 -0.054313
0.286778 -0.057462
0.394080 -0.057898
0.473799 -0.056225
0.512449 -0.052996
0.509332 -0.048707
0.472652 -0.043788
0.414248 -0.038596
0.345682 -0.033414
0.275925 -0.028455
0.210829 -0.023865
0.153479 -0.019732
0.104951 -0.016099
0.065079 -0.012971
0.033072 -0.010328
0.007922 -0.007755
-0.011363 0.000383
-0.025671 0.027099
-0.035769 0.084114
-0.042320 0.174087
-0.045915 0.285221
-0.047097 0.392908
-0.046369 0.472885
-0.044196 0.511733
-0.041002 0.508768
-0.037160 0.472244
-0.032988 0.413995
-0.028740 0.345542
-0.024614 0.275867
-0.020750 0.210829
-0.017238 0.153479
-0.014124 0.104951
-0.011425 0.065079
-0.009131 0.033072
-0.007214 0.007922
-0.005638 -0.011363
-0.004362 -0.025671
-0.003341 -0.035769
-0.002536 -0.042320
-0.001908 -0.045538
-0.001424 -0.040378
-0.001054 -0.014383
-0.000774 0.043652
-0.000564 0.136290
-0.000409 0.256902
-0.000253 0.393487
-0.000139 0.532782
-0.000058 0.658547
0.000000 0.750716
0.000000 0.794040
0.000000 0.784731
0.000000 0.730075
0.000000 0.643773
0.000000 0.540841
0.000000 0.434108
0.000000 0.332699
0.000000 0.241990
0.000000 0.164343
0.000000 0.100079
0.000000 0.048349
0.000000 0.007778
0.000000 -0.023143
0.000378 -0.045848
0.006719 -0.061630
0.031986 -0.071590
0.087849 -0.076800
0.177292 -0.078176
0.294062 -0.076553
0.426474 -0.072729
0.561900 -0.067328
0.689881 -0.060943
0.803453 -0.054070
0.898749 -0.047111
0.969428 -0.040370
1.003576 -0.034065
0.991530 -0.028335
0.932663 -0.023253
0.835564 -0.018843
0.714039 -0.015088
0.582558 -0.011946
0.453146 -0.009357
0.334096 -0.007255
0.230025 -0.005571
0.142639 -0.004239
0.071696 -0.003197
0.015851 -0.002391
-0.026719 -0.001774
-0.057938 -0.000928
-0.079625 0.005806
-0.093424 0.031364
-0.100793 0.087440
-0.103021 0.176662
-0.101250 0.287203
-0.096493 0.394430
-0.089639 0.474051
-0.081451 0.512588
-0.072572 0.509391
-0.063520 0.472652
-0.054695 0.414248
-0.046386 0.345682
-0.038784 0.275925
-0.031998 0.210829
-0.026069 0.153479
-0.020987 0.104951
-0.016706 0.065079
-0.013156 0.033072
-0.009877 0.007922
-0.001197 -0.011363
0.025932 -0.025671
0.083259 -0.035769
0.173843 -0.042320
0.291532 -0.045915
0.424642 -0.047097
0.560594 -0.046369
0.688589 -0.044196
0.796111 -0.041002
0.866732 -0.037160
0.888047 -0.032988
0.858131 -0.028740
0.785258 -0.024614
0.683481 -0.020750
0.567727 -0.017238
0.450633 -0.014124
0.341005 -0.011425
0.243900 -0.009131
0.161401 -0.007214
0.093589 -0.005638
0.039408 -0.004362
-0.002697 -0.003341
-0.034019 -0.002536
-0.050558 -0.001908
-0.040783 -0.001424
0.005711 -0.001054
0.090776 -0.000774
0.207145 -0.000564
0.341838 -0.000409
0.475824 -0.000253
0.584958 -0.000139
0.649988 -0.000058
0.663923 0.000000
0.631860 0.000000
0.566224 0.000000
0.481438 0.000000
0.390193 0.000000
0.301722 0.000000
0.221625 0.000000
0.152523 0.000000
0.094992 0.000000
0.048421 0.000000
0.011650 0.000000
-0.016625 0.000000
-0.037651 0.000000
-0.052538 0.000000
-0.062263 0.000000
-0.067315 0.000000
-0.062849 0.000000
-0.036681 0.000000
0.022202 0.000000
0.115805 0.000000
0.231756 0.000000
0.344953 0.000000
0.430724 0.000000
0.475333 0.000000
0.477820 0.000000
0.446292 0.000000
0.392540 0.000000
0.328036 0.000000
0.261756 0.000000
0.199581 0.000000
0.144648 0.000000
0.098089 0.000000
0.059799 0.000000
0.029047 0.000000
0.005259 0.000000
-0.006921 0.000000
0.004622 0.000000
0.050832 0.000000
0.134059 0.000000
0.247524 0.000000
0.378968 0.000000
0.515278 0.000000
0.645545 0.000000
0.762392 0.000000
0.861588 0.000000
0.936440 0.000000
0.974836 0.000000
0.966915 0.000000
0.911912 0.000000
0.818327 0.000000
0.699915 0.000000
0.571132 0.000000
0.444015 0.000000
0.326883 0.000000
0.224387 0.000000
0.138277 0.000000
0.068354 0.000000
0.013315 0.000000
-0.028627 0.000000
-0.059361 0.000000
-0.080679 0.000000
-0.094198 0.000000
-0.101357 0.000000
-0.103429 0.000000
-0.101503 0.000000
-0.096633 0.000000
-0.089697 0.000000
-0.081451 0.000000
-0.072572 0.000000
-0.063520 0.000000
-0.054695 0.000000
-0.046386 0.000000
-0.038784 0.000000
-0.031998 0.000000
-0.026069 0.000000
-0.020987 0.000000
-0.016706 0.000000
-0.013156 0.000000
-0.010255 0.000000
-0.007916 0.000000
-0.006054 0.000000
-0.004589 0.000000
-0.003450 0.000000
-0.002531 0.000000
-0.001832 0.000000
-0.001306 0.000000
-0.000913 0.000000
-0.000622 0.000000
-0.000409 0.000000
-0.000253 0.000000
-0.000139 0.000000
-0.000058 0.000000
0.000000 0.000000
0.000000 0.000000
0.000000 0.000000
0.000000 0.000000
0.000000 0.000000
0.000000 0.000000
0.000000 0.000000
0.000000 0.000000
0.000000 0.000000
0.000000 0.000000
0.000000 0.000000
0.000000 0.000000
0.000000 0.000000
0.000000 0.000000
0.000000 0.000000
0.000000 0.000000
0.000000 0.000000
0.000000 0.000000
0.000000 0.000000
0.000000 0.000000
0.000000 0.000000
0.000000 0.000000
0.000000 0.000000
0.000000 0.000000
0.000000 0.000000
0.000000 0.000000
0.000000 0.000000
0.000000 0.000000
0.000000 0.000000
0.000000 0.000000
0.000000 0.000000
0.000000 0.000000
0.000000 0.000000
0.000000 0.000000
0.000000 0.000000
0.000000 0.000000
0.000000 0.000000
0.000000 0.000000
0.000000 0.000000
0.000000 0.000000
0.000000 0.000000
0.000000 0.000000
0.000000 0.000000
0.000000 0.000000
0.000000 0.000000
0.000000 0.000000
0.000000 0.000000
0.000000 0.000000
0.000000 0.000000
0.000000 0.000000
0.000000 0.000000
0.000000 0.000000
0.000000 0.000000
0.000000 0.000000
0.000000 0.000000
0.000000 0.000000
0.000000 0.000000
0.000000 0.000000
0.000000 0.000000
0.000000 0.000000
0.000000 0.000000
0.000000 0.000000
0.000000 0.000000
0.000000 0.000000
0.000000 0.000000
0.000000 0.000000
0.000000 0.000000
0.000000 0.000000
