0.000000 0.000000
0.000000 0.000000
0.000000 0.000000
0.000000 0.000000
0.000000 0.000000
0.000000 0.000000
0.000000 0.000000
0.000000 0.000000
0.000000 0.018566
0.000000 0.165070
0.000000 0.420840
0.000000 0.559289
0.000000 0.498568
0.000000 0.341739
0.000000 0.189522
0.000000 0.079108
0.000000 0.009577
0.000000 -0.029568
0.018566 -0.047478
0.165070 -0.051044
0.439405 -0.045910
0.705793 -0.036718
0.772904 -0.026824
0.626693 -0.018181
0.403137 -0.011557
0.207232 -0.006945
0.070975 -0.003971
-0.011858 -0.002172
-0.055611 0.017424
-0.072479 0.164491
-0.071953 0.439214
-0.061718 0.705793
-0.047733 0.772904
-0.033989 0.626693
-0.022572 0.403137
-0.014110 0.207232
-0.008362 0.070975
-0.004725 -0.011858
0.016007 -0.055611
0.163737 -0.072479
0.438827 -0.071953
0.724167 -0.061718
0.937974 -0.047733
1.047532 -0.033989
0.962426 -0.022572
0.705800 -0.014110
0.412714 -0.008362
0.177664 -0.004725
0.023497 -0.002559
-0.062902 -0.001333
-0.082956 -0.000578
0.055873 -0.000192
0.322062 0.000000
0.479389 0.000000
0.439279 0.000000
0.300806 0.000000
0.162979 0.000000
0.062826 0.000000
0.000074 0.000000
-0.034872 0.018566
-0.050228 0.165070
-0.052377 0.420840
-0.046489 0.559289
-0.036909 0.498568
-0.026824 0.341739
-0.018181 0.189522
-0.011557 0.079108
-0.006945 0.009577
-0.003971 -0.011003
-0.002172 0.117591
-0.001141 0.388361
-0.000578 0.678448
-0.000192 0.882690
0.000000 0.874204
0.000000 0.669909
0.000000 0.409291
0.000000 0.192154
0.000000 0.045569
0.000000 -0.040073
0.000000 -0.063188
0.000000 0.071102
0.000000 0.351452
0.000000 0.633058
0.000000 0.718005
0.000000 0.588312
0.000000 0.378012
0.000000 0.191705
0.000000 0.061859
0.000000 -0.016970
0.018566 -0.058362
0.165070 -0.073812
0.420840 -0.072532
0.559289 -0.061910
0.498568 -0.047733
0.341739 -0.033989
0.189522 -0.022572
0.079108 -0.014110
0.009577 -0.008362
-0.029568 -0.004725
-0.047478 -0.002559
-0.051044 0.017233
-0.045910 0.164491
-0.036718 0.420648
-0.026824 0.559289
-0.018181 0.498568
-0.011557 0.341739
-0.006945 0.189522
-0.003971 0.079108
-0.002172 0.009577
0.017424 -0.029568
0.164491 -0.047478
0.439214 -0.051044
0.705793 -0.045910
0.772904 -0.036718
0.626693 -0.026824
0.403137 -0.018181
0.207232 -0.011557
0.070975 -0.006945
-0.011858 -0.003971
-0.055611 0.016394
-0.072479 0.163928
-0.071953 0.438827
-0.061718 0.705601
-0.047733 0.772904
-0.033989 0.626693
-0.022572 0.403137
-0.014110 0.207232
-0.008362 0.070975
-0.004725 -0.011858
0.016007 -0.055611
0.163737 -0.072479
0.438827 -0.071953
0.724167 -0.061718
0.937974 -0.047733
1.047532 -0.033989
0.962426 -0.022572
0.705800 -0.014110
0.412714 -0.008362
0.177664 -0.004725
0.023497 -0.002559
-0.062902 -0.001333
-0.082956 -0.000578
0.055873 -0.000192
0.322062 0.000000
0.479389 0.000000
0.439279 0.000000
0.300806 0.000000
0.162979 0.000000
0.062826 0.000000
0.000074 0.000000
-0.034872 0.018566
-0.050228 0.165070
-0.052377 0.420840
-0.046489 0.559289
-0.036909 0.498568
-0.026824 0.341739
-0.018181 0.189522
-0.011557 0.079108
-0.006945 0.009577
-0.003971 -0.029568
-0.002172 -0.028913
-0.001141 0.114026
-0.000578 0.393495
-0.000192 0.669075
0.000000 0.746080
0.000000 0.608511
0.000000 0.391581
0.000000 0.200288
0.000000 0.067004
0.000000 -0.014030
0.000000 -0.038187
0.000000 0.092012
0.000000 0.367260
0.000000 0.662640
0.000000 0.871675
0.000000 0.867039
0.000000 0.665518
0.000000 0.406737
0.000000 0.190737
0.000000 0.044814
0.000000 -0.040460
0.018566 -0.081945
0.165070 -0.093967
0.439405 -0.087953
0.724358 -0.072734
0.937974 -0.054899
1.047532 -0.038380
0.962426 -0.025126
0.705800 -0.015527
0.412714 -0.009116
0.177664 -0.005112
0.023497 -0.002750
-0.062902 -0.001333
-0.101522 -0.000578
-0.109197 0.018374
-0.098777 0.165070
-0.079900 0.439405
-0.059290 0.724358
-0.040934 0.937974
-0.026543 1.047532
-0.016282 0.962426
-0.009503 0.705800
-0.005304 0.412714
-0.002750 0.177664
-0.001333 0.023497
-0.000578 -0.062902
0.018374 -0.101522
0.165070 -0.109197
0.439405 -0.098777
0.724358 -0.079900
0.937974 -0.059290
1.047532 -0.040934
0.962426 -0.026543
0.705800 -0.016282
0.412714 -0.009503
0.177664 -0.005304
0.023497 -0.002750
-0.062902 -0.001333
-0.101522 -0.000578
-0.090631 -0.000192
0.066293 0.000000
0.359506 0.000000
0.646503 0.000000
0.731970 0.000000
0.600150 0.000000
0.386856 0.000000
0.197729 0.000000
0.065671 0.000000
-0.014609 0.000000
-0.038379 0.000000
0.092012 0.000000
0.367260 0.000000
0.644074 0.000000
0.725171 0.000000
0.592703 0.000000
0.380565 0.000000
0.193122 0.000000
0.062613 0.000000
-0.016584 0.000000
-0.039604 0.000000
0.091258 0.000000
0.348308 0.000000
0.497379 0.000000
0.450835 0.000000
0.307750 0.000000
0.166950 0.000000
0.064998 0.000000
0.001215 0.000000
-0.034294 0.018566
-0.050037 0.165070
-0.052377 0.439405
-0.046489 0.724358
-0.036909 0.937974
-0.026824 1.047532
-0.018181 0.962426
-0.011557 0.705800
-0.006945 0.412714
-0.003971 0.177664
-0.002172 0.023497
-0.001141 -0.062902
-0.000578 -0.101522
0.018374 -0.109197
0.165070 -0.098777
0.439405 -0.079900
0.724358 -0.059290
0.937974 -0.040934
1.047532 -0.026543
0.962426 -0.016282
0.705800 -0.009503
0.412714 -0.005304
0.177664 -0.002750
0.023497 -0.001333
-0.062902 -0.000578
-0.101522 0.018374
-0.109197 0.165070
-0.098777 0.439405
-0.079900 0.705793
-0.059290 0.772904
-0.040934 0.626693
-0.026543 0.403137
-0.016282 0.207232
-0.009503 0.070975
-0.005304 -0.011858
0.015816 -0.055611
0.163737 -0.072479
0.420261 -0.071953
0.559097 -0.061718
0.498568 -0.047733
0.341739 -0.033989
0.189522 -0.022572
0.079108 -0.014110
0.009577 -0.008362
-0.011003 -0.004725
0.117591 -0.002559
0.369796 -0.001333
0.513378 -0.000578
0.461851 -0.000192
0.314916 0.000000
0.171341 0.000000
0.067551 0.000000
0.002632 0.000000
-0.033539 0.000000
-0.049650 0.018566
-0.052185 0.165070
-0.046489 0.439405
-0.036909 0.724358
-0.026824 0.919408
-0.018181 0.901028
-0.011557 0.688090
-0.006945 0.420847
-0.003971 0.199099
-0.002172 0.049540
-0.001141 -0.037901
-0.000578 -0.062046
-0.000192 0.071681
0.000000 0.333078
0.000000 0.486555
0.000000 0.443670
0.000000 0.303359
0.000000 0.164396
0.000000 0.063581
0.000000 0.000461
0.000000 -0.034680
0.000000 -0.050228
0.000000 -0.052377
0.000000 -0.046489
0.000000 -0.036909
0.000000 -0.026824
0.000000 -0.018181
0.000000 -0.011557
0.000000 -0.006945
0.000000 -0.003971
0.000000 -0.002172
0.000000 -0.001141
0.000000 -0.000578
0.000000 -0.000192
0.000000 0.000000
0.000000 0.000000
0.000000 0.000000
0.000000 0.000000
0.000000 0.000000
0.000000 0.000000
0.000000 0.000000
0.000000 0.000000
0.000000 0.000000
0.000000 0.000000
0.000000 0.000000
0.000000 0.000000
0.000000 0.000000
0.000000 0.000000
0.000000 0.000000
0.000000 0.000000
0.000000 0.000000
0.000000 0.000000
0.000000 0.000000
0.000000 0.000000
0.000000 0.000000
0.000000 0.000000
0.000000 0.000000
0.000000 0.000000
0.000000 0.000000
0.000000 0.000000
0.000000 0.000000
0.000000 0.000000
0.000000 0.000000
0.000000 0.000000
0.000000 0.000000
0.000000 0.000000
0.000000 0.000000
0.000000 0.000000
0.000000 0.000000
0.000000 0.000000
0.000000 0.000000
0.000000 0.000000
0.000000 0.000000
0.000000 0.000000
0.000000 0.000000
0.000000 0.000000
0.000000 0.000000
0.000000 0.000000
0.000000 0.000000
0.000000 0.000000
0.000000 0.000000
0.000000 0.000000
0.000000 0.000000
0.000000 0.000000
0.000000 0.000000
0.000000 0.000000
0.000000 0.000000
0.000000 0.000000
0.000000 0.000000
0.000000 0.000000
0.000000 0.000000
0.000000 0.000000
0.000000 0.000000
0.000000 0.000000
0.000000 0.000000
0.000000 0.000000
0.000000 0.000000
0.000000 0.000000
0.000000 0.000000
0.000000 0.000000
0.000000 0.000000
0.000000 0.000000
