0.000000 0.000000
0.000000 0.000000
0.000000 0.000000
0.000000 0.000000
0.000000 0.000000
0.000000 0.000000
0.000000 0.000000
0.018566 0.000000
0.165070 0.000000
0.439405 0.000000
0.724358 0.000000
0.919408 0.000000
0.901028 0.000000
0.688090 0.000000
0.420847 0.000000
0.199099 0.000000
0.049540 0.000000
-0.037901 0.000000
-0.062046 0.000000
0.071681 0.000000
0.351644 0.000000
0.651624 0.000000
0.883075 0.000000
1.009152 0.000000
0.937300 0.000000
0.690273 0.000000
0.403598 0.000000
0.172552 0.000000
0.020746 0.000000
-0.064235 0.000000
-0.083535 0.000000
0.055681 0.000000
0.322062 0.000000
0.479389 0.000000
0.439279 0.000000
0.300806 0.000000
0.162979 0.000000
0.062826 0.000000
0.000074 0.000000
-0.016306 0.000000
0.114841 0.000000
0.387028 0.000000
0.659304 0.000000
0.735995 0.000000
0.599869 0.000000
0.384956 0.000000
0.195676 0.000000
0.064030 0.000000
-0.015829 0.000000
-0.039217 0.000000
0.091449 0.000000
0.366873 0.000000
0.643883 0.000000
0.725171 0.000000
0.592703 0.000000
0.380565 0.000000
0.193122 0.000000
0.062613 0.000000
-0.016584 0.000000
-0.058170 0.000000
-0.055246 0.000000
0.092538 0.000000
0.377495 0.000000
0.658059 0.000000
0.738915 0.000000
0.604120 0.000000
0.389027 0.000000
0.198870 0.000000
0.066250 0.000000
-0.014417 0.000000
-0.038379 0.000000
0.092012 0.000000
0.367260 0.000000
0.662640 0.000000
0.890240 0.000000
1.013543 0.000000
0.939854 0.000000
0.691690 0.000000
0.404352 0.000000
0.172939 0.000000
0.020938 0.000000
-0.064235 0.000000
-0.102100 0.018566
-0.109388 0.165070
-0.098777 0.439405
-0.079900 0.724358
-0.059290 0.919408
-0.040934 0.901028
-0.026543 0.688090
-0.016282 0.420847
-0.009503 0.199099
-0.005304 0.049540
-0.002750 -0.037901
-0.001333 -0.062046
-0.000578 0.071681
-0.000192 0.351644
0.000000 0.651624
0.000000 0.883075
0.000000 1.009152
0.000000 0.937300
0.000000 0.690273
0.000000 0.403598
0.000000 0.172552
0.000000 0.020746
0.000000 -0.064235
0.000000 -0.102100
0.000000 -0.090823
0.000000 0.066293
0.000000 0.359506
0.000000 0.665068
0.000000 0.897040
0.000000 1.020989
0.000000 0.946144
0.000000 0.696297
0.000000 0.407411
0.000000 0.174913
0.000000 0.022164
0.000000 -0.063481
0.000000 -0.083148
0.000000 0.055873
0.000000 0.340628
0.000000 0.644459
0.000000 0.878684
0.000000 1.006598
0.000000 0.935883
0.000000 0.689519
0.000000 0.403211
0.000000 0.172360
0.000000 0.020746
0.000000 -0.064235
0.000000 -0.083535
0.000000 0.055681
0.000000 0.340628
0.000000 0.625893
0.000000 0.713614
0.000000 0.585759
0.000000 0.376594
0.000000 0.190950
0.000000 0.061472
0.000000 -0.017162
0.018566 -0.058362
0.165070 -0.073812
0.420840 -0.072532
0.559289 -0.061910
0.498568 -0.047733
0.341739 -0.033989
0.189522 -0.022572
0.079108 -0.014110
0.009577 -0.008362
-0.029568 0.013841
-0.047478 0.162511
-0.051044 0.438072
-0.045910 0.723780
-0.036718 0.919216
-0.026824 0.901028
-0.018181 0.688090
-0.011557 0.420847
-0.006945 0.199099
-0.003971 0.049540
-0.002172 -0.037901
-0.001141 -0.062046
-0.000578 0.071681
-0.000192 0.333078
0.000000 0.486555
0.000000 0.443670
0.000000 0.303359
0.000000 0.164396
0.000000 0.063581
0.000000 0.000461
0.000000 -0.034680
0.000000 -0.031663
0.000000 0.112693
0.000000 0.392916
0.000000 0.668883
0.000000 0.746080
0.000000 0.608511
0.000000 0.391581
0.000000 0.200288
0.000000 0.067004
0.000000 -0.014030
0.018566 -0.056753
0.165070 -0.073058
0.420840 -0.072145
0.559289 -0.061718
0.498568 -0.047733
0.341739 -0.033989
0.189522 -0.022572
0.079108 -0.014110
0.009577 -0.008362
-0.029568 0.013841
-0.047478 0.162511
-0.051044 0.438072
-0.045910 0.723780
-0.036718 0.919216
-0.026824 0.901028
-0.018181 0.688090
-0.011557 0.420847
-0.006945 0.199099
-0.003971 0.049540
-0.002172 -0.037901
-0.001141 -0.062046
-0.000578 0.071681
-0.000192 0.333078
0.000000 0.486555
0.000000 0.443670
0.000000 0.303359
0.000000 0.164396
0.000000 0.063581
0.000000 0.000461
0.000000 -0.034680
0.018566 -0.050228
0.165070 -0.052377
0.439405 -0.046489
0.724358 -0.036909
0.919408 -0.026824
0.901028 -0.018181
0.688090 -0.011557
0.420847 -0.006945
0.199099 -0.003971
0.049540 -0.002172
-0.037901 -0.001141
-0.062046 -0.000578
0.071681 -0.000192
0.351644 0.000000
0.633058 0.000000
0.718005 0.000000
0.588312 0.000000
0.378012 0.000000
0.191705 0.000000
0.061859 0.000000
-0.016970 0.000000
-0.058362 0.018566
-0.073812 0.165070
-0.072532 0.439405
-0.061910 0.705793
-0.047733 0.772904
-0.033989 0.626693
-0.022572 0.403137
-0.014110 0.207232
-0.008362 0.070975
-0.004725 -0.011858
-0.002559 -0.037046
-0.001333 0.092591
-0.000578 0.367452
-0.000192 0.662640
0.000000 0.890240
0.000000 1.013543
0.000000 0.939854
0.000000 0.691690
0.000000 0.404352
0.000000 0.172939
0.000000 0.020938
0.000000 -0.064235
0.000000 -0.102100
0.000000 -0.090823
0.000000 0.066293
0.000000 0.340940
0.000000 0.499999
0.000000 0.457635
0.000000 0.315196
0.000000 0.173240
0.000000 0.069605
0.000000 0.004273
0.000000 -0.013753
0.000000 0.116258
0.000000 0.369217
0.000000 0.513187
0.000000 0.461851
0.000000 0.314916
0.000000 0.171341
0.000000 0.067551
0.000000 0.002632
0.018566 -0.033539
0.165070 -0.049650
0.439405 -0.052185
0.705793 -0.046489
0.772904 -0.036909
0.626693 -0.026824
0.403137 -0.018181
0.207232 -0.011557
0.070975 -0.006945
-0.011858 -0.003971
-0.037046 -0.002172
0.092591 -0.001141
0.348886 -0.000578
0.497570 -0.000192
0.450835 0.000000
0.307750 0.000000
0.166950 0.000000
0.064998 0.000000
0.001215 0.000000
-0.034294 0.000000
-0.031471 0.000000
0.112693 0.000000
0.374351 0.000000
0.522379 0.000000
0.471745 0.000000
0.323558 0.000000
0.177965 0.000000
0.072163 0.000000
0.005606 0.000000
-0.031740 0.018566
-0.048620 0.165070
-0.051622 0.420840
-0.046102 0.559289
-0.036718 0.498568
-0.026824 0.341739
-0.018181 0.189522
-0.011557 0.079108
-0.006945 0.009577
0.014595 -0.029568
0.162898 -0.047478
0.438264 -0.051044
0.723780 -0.045910
0.937782 -0.036718
1.047532 -0.026824
0.962426 -0.018181
0.705800 -0.011557
0.412714 -0.006945
0.177664 -0.003971
0.023497 -0.002172
-0.062902 -0.001141
-0.101522 -0.000578
-0.109197 -0.000192
-0.098777 0.000000
-0.079900 0.000000
-0.059290 0.000000
-0.040934 0.000000
-0.026543 0.000000
-0.016282 0.000000
-0.009503 0.000000
-0.005304 0.000000
-0.002750 0.000000
-0.001333 0.000000
-0.000578 0.000000
-0.000192 0.000000
0.000000 0.000000
0.000000 0.000000
0.000000 0.000000
0.000000 0.000000
0.000000 0.000000
0.000000 0.000000
0.000000 0.000000
0.000000 0.000000
0.000000 0.000000
0.000000 0.000000
0.000000 0.000000
0.000000 0.000000
0.000000 0.000000
0.000000 0.000000
0.000000 0.000000
0.000000 0.000000
0.000000 0.000000
0.000000 0.000000
0.000000 0.000000
0.000000 0.000000
0.000000 0.000000
0.000000 0.000000
0.000000 0.000000
0.000000 0.000000
0.000000 0.000000
0.000000 0.000000
0.000000 0.000000
0.000000 0.000000
0.000000 0.000000
0.000000 0.000000
0.000000 0.000000
0.000000 0.000000
0.000000 0.000000
0.000000 0.000000
0.000000 0.000000
0.000000 0.000000
0.000000 0.000000
0.000000 0.000000
0.000000 0.000000
0.000000 0.000000
0.000000 0.000000
0.000000 0.000000
0.000000 0.000000
0.000000 0.000000
0.000000 0.000000
0.000000 0.000000
0.000000 0.000000
0.000000 0.000000
0.000000 0.000000
0.000000 0.000000
0.000000 0.000000
0.000000 0.000000
0.000000 0.000000
0.000000 0.000000
0.000000 0.000000
0.000000 0.000000
0.000000 0.000000
0.000000 0.000000
0.000000 0.000000
0.000000 0.000000
0.000000 0.000000
0.000000 0.000000
0.000000 0.000000
0.000000 0.000000
0.000000 0.000000
0.000000 0.000000
0.000000 0.000000
0.000000 0.000000
