0.000000 0.000000
0.000000 0.000000
0.000000 0.000000
0.000000 0.000000
0.000000 0.000000
0.000000 0.000000
0.000000 0.000000
0.000000 0.000000
0.000000 0.000000
0.000000 0.000000
0.000000 0.000000
0.000000 0.000000
0.000000 0.000000
0.000000 0.000000
0.000000 0.000000
0.000000 0.000000
0.000000 0.000000
0.000000 0.000000
0.000000 0.000000
0.000000 0.000378
0.000000 0.006719
0.000000 0.031986
0.000000 0.087849
0.000000 0.177292
0.000000 0.293684
0.000000 0.419755
0.000000 0.529914
0.000000 0.602032
0.000000 0.626161
0.000000 0.605064
0.000000 0.549673
0.000000 0.473662
0.000000 0.389498
0.000000 0.306502
0.000000 0.230500
0.000000 0.164366
0.000000 0.108895
0.000000 0.063648
0.000000 0.027594
0.000000 -0.000476
0.000000 -0.021727
0.000000 -0.037200
0.000000 -0.047797
0.000000 -0.054313
0.000378 -0.057462
0.006719 -0.057898
0.031986 -0.056225
0.087849 -0.052996
0.177292 -0.048707
0.294062 -0.043788
0.426096 -0.038596
0.555180 -0.033414
0.657895 -0.028455
0.715604 -0.023865
0.721834 -0.019732
0.682085 -0.016099
0.609088 -0.012971
0.517478 -0.010328
0.420074 -0.008133
0.326174 -0.006336
0.241387 -0.004888
0.168310 -0.003734
0.107464 -0.002827
0.058171 -0.002122
0.019196 -0.001580
-0.010840 -0.000789
-0.033256 0.005864
-0.049228 0.031364
-0.059791 0.087440
-0.065860 0.176662
-0.068262 0.287203
-0.067753 0.394430
-0.065024 0.474051
-0.060701 0.512588
-0.055335 0.509391
-0.049396 0.472652
-0.043270 0.414248
-0.037255 0.345682
-0.031570 0.275925
-0.026360 0.210829
-0.021707 0.153479
-0.017645 0.104951
-0.014169 0.065079
-0.011247 0.033072
-0.008453 0.007922
-0.000143 -0.011363
0.026706 -0.025671
0.083823 -0.035769
0.174251 -0.042320
0.291784 -0.045915
0.424781 -0.047097
0.560274 -0.046369
0.682248 -0.044196
0.770844 -0.041002
0.810869 -0.037160
0.798603 -0.032988
0.741361 -0.028740
0.652846 -0.024614
0.548055 -0.020750
0.439746 -0.017238
0.337061 -0.014124
0.245331 -0.011425
0.166879 -0.009131
0.101987 -0.007214
0.049773 -0.005638
0.008832 -0.004362
-0.021991 -0.003341
-0.038565 -0.002536
-0.029236 -0.001908
0.016511 -0.001424
0.100254 -0.001054
0.209225 -0.000774
0.317935 -0.000564
0.401322 -0.000409
0.445260 -0.000253
0.448448 -0.000139
0.418582 -0.000058
0.367137 0.000000
0.305312 0.000000
0.241861 0.000000
0.182494 0.000000
0.130226 0.000000
0.086108 0.000000
0.049991 0.000000
0.021126 0.000000
-0.001057 0.000000
-0.011898 0.000000
0.000744 0.000000
0.047841 0.000000
0.131398 0.000000
0.239036 0.000000
0.345617 0.000000
0.426376 0.000000
0.467479 0.000000
0.467766 0.000000
0.435083 0.000000
0.381007 0.000000
0.316802 0.000000
0.251253 0.000000
0.190078 0.000000
0.136241 0.000000
0.090827 0.000000
0.053654 0.000000
0.023941 0.000000
0.000709 0.000378
-0.017001 0.006719
-0.030033 0.031986
-0.039110 0.087849
-0.044856 0.176914
-0.047824 0.287343
-0.048521 0.394488
-0.047423 0.474051
-0.044970 0.512588
-0.041567 0.509391
-0.037569 0.472652
-0.033240 0.414248
-0.028880 0.345682
-0.024673 0.275925
-0.020750 0.210829
-0.017238 0.153479
-0.014124 0.104951
-0.011425 0.065079
-0.009131 0.033072
-0.006836 0.007922
0.001081 -0.011363
0.027625 -0.025671
0.084507 -0.035769
0.174378 -0.042320
0.285435 -0.045915
0.393064 -0.047097
0.472998 -0.046369
0.511815 -0.044196
0.508826 -0.041002
0.472244 -0.037160
0.413995 -0.032988
0.345542 -0.028740
0.275867 -0.024614
0.210829 -0.020750
0.153479 -0.017238
0.104951 -0.014124
0.065079 -0.011425
0.033072 -0.009131
0.007922 -0.006836
-0.011363 0.001081
-0.025671 0.027625
-0.035769 0.084507
-0.042320 0.174756
-0.045915 0.292154
-0.047097 0.425050
-0.046369 0.560846
-0.044196 0.689107
-0.041002 0.802889
-0.037160 0.898340
-0.032988 0.969176
-0.028740 1.003437
-0.024614 0.991471
-0.020750 0.932663
-0.017238 0.835564
-0.014124 0.714039
-0.011425 0.582558
-0.009131 0.453146
-0.007214 0.334096
-0.005638 0.230025
-0.004362 0.142639
-0.003341 0.071696
-0.002536 0.015851
-0.001908 -0.026719
-0.001424 -0.057560
-0.001054 -0.072906
-0.000774 -0.061438
-0.000564 -0.012945
-0.000409 0.073894
-0.000253 0.186093
-0.000139 0.297995
-0.000058 0.384413
0.000000 0.431137
0.000000 0.436818
0.000000 0.409132
0.000000 0.359553
0.000000 0.299296
0.000000 0.237142
0.000000 0.178831
0.000000 0.127410
0.000000 0.083965
0.000000 0.048374
0.000000 0.019916
0.000000 -0.002332
0.000000 -0.019279
0.000378 -0.031725
0.006719 -0.040358
0.031986 -0.045769
0.087849 -0.048446
0.177292 -0.048930
0.294062 -0.047675
0.426096 -0.045110
0.555180 -0.041625
0.657895 -0.037569
0.715604 -0.033240
0.721834 -0.028880
0.682085 -0.024673
0.609088 -0.020750
0.517478 -0.017238
0.420074 -0.014124
0.326174 -0.011425
0.241387 -0.009131
0.168310 -0.007214
0.107464 -0.005638
0.058171 -0.004362
0.019196 -0.003341
-0.010840 -0.002158
-0.033256 0.004811
-0.049228 0.030562
-0.059791 0.086795
-0.065860 0.176518
-0.068262 0.293498
-0.067753 0.426066
-0.065024 0.561647
-0.060701 0.689741
-0.055335 0.803395
-0.049396 0.898749
-0.043270 0.969428
-0.037255 1.003576
-0.031570 0.991530
-0.026360 0.932663
-0.021707 0.835564
-0.017645 0.714039
-0.014169 0.582558
-0.011247 0.453146
-0.008831 0.334096
-0.006862 0.230025
-0.005280 0.142639
-0.004025 0.071696
-0.003041 0.015851
-0.002278 -0.026719
-0.001693 -0.057560
-0.001248 -0.072906
-0.000913 -0.061438
-0.000622 -0.012945
-0.000409 0.074272
-0.000253 0.192434
-0.000139 0.323261
-0.000058 0.440275
0.000000 0.520581
0.000000 0.553588
0.000000 0.541544
0.000000 0.494979
0.000000 0.427277
0.000000 0.350714
0.000000 0.274504
0.000000 0.204432
0.000000 0.143379
0.000000 0.092190
0.000000 0.050493
0.000000 0.017339
0.000000 -0.008392
0.000378 -0.027782
0.006719 -0.041789
0.031986 -0.051247
0.087849 -0.056844
0.176914 -0.059294
0.287343 -0.059204
0.394488 -0.057138
0.474051 -0.053618
0.512588 -0.049116
0.509391 -0.044040
0.472652 -0.038735
0.414248 -0.033472
0.345682 -0.028455
0.275925 -0.023865
0.210829 -0.019732
0.153479 -0.016099
0.104951 -0.012971
0.065079 -0.010328
0.033072 -0.008133
0.007922 -0.006336
-0.011363 -0.004888
-0.025671 -0.003734
-0.035769 -0.002827
-0.042320 -0.002122
-0.045538 -0.001580
-0.040378 -0.001167
-0.014383 -0.000855
0.043652 -0.000622
0.136290 -0.000409
0.256524 -0.000253
0.386767 -0.000139
0.501174 -0.000058
0.577418 0.000000
0.605410 0.000000
0.587826 0.000000
0.535549 0.000000
0.462237 0.000000
0.380367 0.000000
0.299288 0.000000
0.224862 0.000000
0.160005 0.000000
0.105554 0.000000
0.061112 0.000000
0.025686 0.000000
-0.001899 0.000378
-0.022781 0.006719
-0.037974 0.031986
-0.048361 0.087849
-0.054722 0.176914
-0.057715 0.287343
-0.058037 0.394488
-0.056283 0.474051
-0.052996 0.512588
-0.048707 0.509391
-0.043788 0.472652
-0.038596 0.414248
-0.033414 0.345682
-0.028455 0.275925
-0.023865 0.210829
-0.019732 0.153479
-0.016099 0.104951
-0.012971 0.065079
-0.010328 0.033072
-0.007755 0.007922
0.000383 -0.011363
0.027099 -0.025671
0.084114 -0.035769
0.174087 -0.042320
0.285221 -0.045915
0.392908 -0.047097
0.472885 -0.046369
0.511733 -0.044196
0.508768 -0.041002
0.472244 -0.037160
0.413995 -0.032988
0.345542 -0.028740
0.275867 -0.024614
0.210829 -0.020750
0.153479 -0.017238
0.104951 -0.014124
0.065079 -0.011425
0.033072 -0.009131
0.007922 -0.007214
-0.011363 -0.005638
-0.025671 -0.004362
-0.035769 -0.003341
-0.042320 -0.002536
-0.045915 -0.001530
-0.047097 0.005296
-0.046369 0.030932
-0.044196 0.087075
-0.041002 0.176728
-0.037160 0.293654
-0.032988 0.426222
-0.028740 0.561760
-0.024614 0.689822
-0.020750 0.803075
-0.017238 0.892407
-0.014124 0.944162
-0.011425 0.947714
-0.009131 0.902086
-0.007214 0.815893
-0.005638 0.703152
-0.004362 0.578614
-0.003341 0.454577
-0.002536 0.339574
-0.001908 0.238423
-0.001424 0.153003
-0.001054 0.083224
-0.000774 0.027880
-0.000564 -0.014725
-0.000031 -0.046391
0.006467 -0.068825
0.031847 -0.083569
0.087790 -0.091993
0.177292 -0.095316
0.294062 -0.094623
0.426474 -0.090885
0.561900 -0.084965
0.689881 -0.077610
0.803453 -0.069458
0.898749 -0.061026
0.969428 -0.052720
1.003576 -0.044839
0.991530 -0.037586
0.932663 -0.031079
0.835564 -0.025370
0.714039 -0.020461
0.582558 -0.016313
0.453146 -0.012865
0.334096 -0.010041
0.230025 -0.007760
0.142639 -0.005941
0.071696 -0.004508
0.015851 -0.003391
-0.026719 -0.002531
-0.057938 -0.001454
-0.079625 0.005413
-0.093424 0.031073
-0.100793 0.087226
-0.103021 0.176506
-0.101250 0.287090
-0.096493 0.394349
-0.089639 0.473993
-0.081451 0.512588
-0.072572 0.509391
-0.063520 0.472652
-0.054695 0.414248
-0.046386 0.345682
-0.038784 0.275925
-0.031998 0.210829
-0.026069 0.153479
-0.020987 0.104951
-0.016706 0.065079
-0.013156 0.033072
-0.009877 0.007922
-0.001197 -0.011363
0.025932 -0.025671
0.083259 -0.035769
0.173843 -0.042320
0.291532 -0.045915
0.424642 -0.047097
0.560216 -0.046369
0.682248 -0.044196
0.770844 -0.041002
0.810869 -0.037160
0.798603 -0.032988
0.741361 -0.028740
0.652846 -0.024614
0.548055 -0.020750
0.439746 -0.017238
0.337061 -0.014124
0.245331 -0.011425
0.166879 -0.009131
0.101987 -0.007214
0.049773 -0.005638
0.008832 -0.004362
-0.021991 -0.003341
-0.038565 -0.002536
-0.029236 -0.001908
0.016511 -0.001424
0.100254 -0.001054
0.209225 -0.000774
0.317935 -0.000564
0.401322 -0.000409
0.445260 -0.000253
0.448448 -0.000139
0.418582 -0.000058
0.367137 0.000000
0.305312 0.000000
0.241861 0.000000
0.182494 0.000000
0.130226 0.000000
0.086108 0.000000
0.049991 0.000000
0.021126 0.000000
-0.001435 0.000378
-0.018618 0.006719
-0.031242 0.031986
-0.040008 0.087849
-0.045517 0.177292
-0.048306 0.294062
-0.048872 0.426474
-0.047675 0.561522
-0.045110 0.683161
-0.041625 0.771467
-0.037569 0.811278
-0.033240 0.798855
-0.028880 0.741500
-0.024673 0.652904
-0.020750 0.548055
-0.017238 0.439746
-0.014124 0.337061
-0.011425 0.245331
-0.009131 0.166879
-0.007214 0.101987
-0.005638 0.049773
-0.004362 0.008832
-0.003341 -0.021991
-0.002536 -0.038565
-0.001908 -0.029236
-0.001424 0.016511
-0.001054 0.100632
-0.000774 0.215944
-0.000564 0.349921
-0.000409 0.489171
-0.000253 0.622552
-0.000139 0.742510
-0.000058 0.844679
0.000000 0.922318
0.000000 0.963206
0.000000 0.957465
0.000000 0.904328
0.000000 0.812311
0.000000 0.695196
0.000000 0.567469
0.000000 0.441200
0.000000 0.324739
0.000000 0.222770
0.000000 0.137067
0.000000 0.067457
0.000000 0.012654
0.000000 -0.029110
0.000378 -0.059712
0.006719 -0.080931
0.031986 -0.094338
0.087849 -0.101416
0.177292 -0.103429
0.294062 -0.101503
0.426474 -0.096633
0.561900 -0.089697
0.689881 -0.081451
0.803075 -0.072572
0.892407 -0.063520
0.944162 -0.054695
0.947714 -0.046386
0.902086 -0.038784
0.815893 -0.031998
0.703152 -0.026069
0.578614 -0.020987
0.454577 -0.016706
0.339574 -0.013156
0.238423 -0.010255
0.153003 -0.007916
0.083224 -0.006054
0.027880 -0.004589
-0.014725 -0.003450
-0.046391 -0.002531
-0.068825 -0.001454
-0.083569 0.005413
-0.091993 0.031073
-0.095316 0.087226
-0.094623 0.176884
-0.090885 0.293810
-0.084965 0.426335
-0.077610 0.561464
-0.069458 0.683161
-0.061026 0.771467
-0.052720 0.811278
-0.044839 0.798855
-0.037586 0.741500
-0.031079 0.652904
-0.025370 0.548055
-0.020461 0.439746
-0.016313 0.337061
-0.012865 0.245331
-0.010041 0.166879
-0.007760 0.101987
-0.005941 0.049773
-0.004508 0.008832
-0.003391 -0.021991
-0.002531 -0.038565
-0.001832 -0.029236
-0.001306 0.016511
-0.000913 0.100254
-0.000622 0.209225
-0.000409 0.317935
-0.000253 0.401322
-0.000139 0.445260
-0.000058 0.448448
0.000000 0.418582
0.000000 0.367137
0.000000 0.305312
0.000000 0.241861
0.000000 0.182494
0.000000 0.130226
0.000000 0.086108
0.000000 0.049991
0.000000 0.021126
0.000000 -0.001435
0.000000 -0.018618
0.000000 -0.031242
0.000000 -0.040008
0.000000 -0.045517
0.000000 -0.047929
0.000000 -0.042152
0.000000 -0.015689
0.000000 0.042739
0.000000 0.135290
0.000000 0.249774
0.000000 0.361248
0.000000 0.445172
0.000000 0.487916
0.000000 0.488640
0.000000 0.455414
0.000000 0.400123
0.000000 0.334256
0.000000 0.266795
0.000000 0.203615
0.000000 0.147841
0.000000 0.100590
0.000000 0.061738
0.000000 0.030536
0.000378 0.006014
0.006719 -0.012786
0.031986 -0.026725
0.087849 -0.036543
0.177292 -0.042884
0.294062 -0.046324
0.426474 -0.047350
0.561900 -0.046509
0.689881 -0.044254
0.803453 -0.041002
0.898749 -0.037160
0.969428 -0.032988
1.003576 -0.028740
0.991530 -0.024614
0.932663 -0.020750
0.835564 -0.017238
0.714039 -0.014124
0.582558 -0.011425
0.453146 -0.009131
0.334096 -0.007214
0.230025 -0.005638
0.142639 -0.004362
0.071696 -0.003341
0.015851 -0.002536
-0.026719 -0.001908
-0.057560 -0.001424
-0.072906 -0.001054
-0.061438 -0.000774
-0.012945 -0.000564
0.073894 -0.000409
0.186093 -0.000253
0.297995 -0.000139
0.384413 -0.000058
0.431137 0.000000
0.436818 0.000000
0.409132 0.000000
0.359553 0.000000
0.299296 0.000000
0.237142 0.000000
0.178831 0.000000
0.127410 0.000000
0.083965 0.000000
0.048374 0.000000
0.019916 0.000000
-0.002332 0.000000
-0.018901 0.000000
-0.025006 0.000000
-0.008372 0.000000
0.042079 0.000000
0.128846 0.000000
0.245133 0.000000
0.378799 0.000000
0.516790 0.000000
0.648256 0.000000
0.765506 0.000000
0.859167 0.000000
0.915282 0.000000
0.923041 0.000000
0.881336 0.000000
0.798655 0.000000
0.689028 0.000000
0.567188 0.000000
0.445446 0.000000
0.332360 0.000000
0.232785 0.000000
0.148642 0.000000
0.079883 0.000000
0.025343 0.000000
-0.016634 0.000000
-0.047437 0.000000
-0.063159 0.000000
-0.052357 0.000000
-0.004709 0.000000
0.081190 0.000000
0.192468 0.000000
0.303463 0.000000
0.389028 0.000000
0.434978 0.000000
0.439933 0.000000
0.411627 0.000000
0.361528 0.000000
0.300842 0.000000
0.238339 0.000000
0.179750 0.000000
0.128109 0.000000
0.084491 0.000000
0.048767 0.000000
0.020207 0.000000
-0.001741 0.000000
-0.012403 0.000000
0.000374 0.000000
0.047572 0.000000
0.131203 0.000000
0.238897 0.000000
0.345558 0.000000
0.426376 0.000000
0.467479 0.000000
0.467766 0.000000
0.435083 0.000000
0.381007 0.000000
0.316802 0.000000
0.251253 0.000000
0.190078 0.000000
0.136241 0.000000
0.090827 0.000000
0.053654 0.000000
0.023941 0.000000
0.000709 0.000000
-0.017001 0.000000
-0.030033 0.000000
-0.039110 0.000000
-0.044856 0.000378
-0.047824 0.006719
-0.048521 0.031986
-0.047423 0.087849
-0.044970 0.176914
-0.041567 0.287343
-0.037569 0.394488
-0.033240 0.474051
-0.028880 0.512588
-0.024673 0.509391
-0.020750 0.472652
-0.017238 0.414248
-0.014124 0.345682
-0.011425 0.275925
-0.009131 0.210829
-0.007214 0.153479
-0.005638 0.104951
-0.004362 0.065079
-0.003341 0.033072
-0.002536 0.008300
-0.001908 -0.004643
-0.001424 0.006315
-0.001054 0.052080
-0.000774 0.134973
-0.000564 0.248147
-0.000409 0.379377
-0.000253 0.515531
-0.000139 0.645684
-0.000058 0.762073
0.000000 0.855246
0.000000 0.911174
0.000000 0.918974
0.000000 0.877472
0.000000 0.795142
0.000000 0.685915
0.000000 0.564489
0.000000 0.443152
0.000000 0.330443
0.000000 0.231209
0.000000 0.147365
0.000000 0.078863
0.000000 0.024538
0.000000 -0.017262
0.000000 -0.047921
0.000000 -0.063529
0.000000 -0.052637
0.000000 -0.004919
0.000000 0.081034
0.000000 0.192312
0.000000 0.303350
0.000000 0.388947
0.000000 0.434920
0.000000 0.439933
0.000000 0.411627
0.000000 0.361528
0.000000 0.300842
0.000000 0.238339
0.000000 0.179750
0.000000 0.128109
0.000000 0.084491
0.000000 0.048767
0.000000 0.020207
0.000000 -0.002119
0.000000 -0.019123
0.000000 -0.031612
0.000000 -0.040277
0.000000 -0.045711
0.000000 -0.048446
0.000000 -0.048930
0.000000 -0.047675
0.000000 -0.045110
0.000000 -0.041625
0.000000 -0.037569
0.000000 -0.033240
0.000000 -0.028880
0.000000 -0.024673
0.000000 -0.020750
0.000000 -0.017238
0.000000 -0.014124
0.000000 -0.011425
0.000000 -0.009131
0.000000 -0.007214
0.000000 -0.005638
0.000000 -0.004362
0.000000 -0.003341
0.000000 -0.002536
0.000000 -0.001908
0.000000 -0.001424
0.000000 -0.001054
0.000000 -0.000774
0.000000 -0.000564
0.000000 -0.000409
0.000000 -0.000253
0.000000 -0.000139
0.000000 -0.000058
0.000000 0.000000
0.000000 0.000000
0.000000 0.000000
0.000000 0.000000
0.000000 0.000000
0.000000 0.000000
0.000000 0.000000
0.000000 0.000000
0.000000 0.000000
0.000000 0.000000
0.000000 0.000000
0.000000 0.000000
0.000000 0.000000
0.000000 0.000000
0.000000 0.000000
0.000000 0.000000
0.000000 0.000000
0.000000 0.000000
0.000000 0.000000
0.000000 0.000000
0.000000 0.000000
0.000000 0.000000
0.000000 0.000000
0.000000 0.000000
0.000000 0.000000
0.000000 0.000000
0.000000 0.000000
0.000000 0.000000
0.000000 0.000000
0.000000 0.000000
0.000000 0.000000
0.000000 0.000000
0.000000 0.000000
0.000000 0.000000
0.000000 0.000000
0.000000 0.000000
0.000000 0.000000
0.000000 0.000000
0.000000 0.000000
0.000000 0.000000
0.000000 0.000000
0.000000 0.000000
0.000000 0.000000
0.000000 0.000000
0.000000 0.000000
0.000000 0.000000
0.000000 0.000000
0.000000 0.000000
0.000000 0.000000
0.000000 0.000000
0.000000 0.000000
0.000000 0.000000
0.000000 0.000000
0.000000 0.000000
0.000000 0.000000
0.000000 0.000000
0.000000 0.000000
0.000000 0.000000
0.000000 0.000000
0.000000 0.000000
0.000000 0.000000
0.000000 0.000000
0.000000 0.000000
0.000000 0.000000
0.000000 0.000000
0.000000 0.000000
