0.000000 0.000000
0.000000 0.000000
0.000000 0.000000
0.000000 0.000000
0.000000 0.000000
0.000000 0.000000
0.000000 0.000000
0.018566 0.000000
0.165070 0.000000
0.420840 0.000000
0.559289 0.000000
0.498568 0.000000
0.341739 0.000000
0.189522 0.000000
0.079108 0.000000
0.009577 0.000000
-0.029568 0.000000
-0.047478 0.000000
-0.051044 0.018566
-0.045910 0.165070
-0.036718 0.439405
-0.026824 0.705793
-0.018181 0.772904
-0.011557 0.626693
-0.006945 0.403137
-0.003971 0.207232
-0.002172 0.070975
-0.001141 -0.011858
0.017987 -0.055611
0.164878 -0.072479
0.420840 -0.071953
0.559289 -0.061718
0.498568 -0.047733
0.341739 -0.033989
0.189522 -0.022572
0.079108 -0.014110
0.009577 -0.008362
-0.029568 0.013841
-0.047478 0.162511
-0.051044 0.438072
-0.045910 0.723780
-0.036718 0.919216
-0.026824 0.901028
-0.018181 0.688090
-0.011557 0.420847
-0.006945 0.199099
-0.003971 0.049540
-0.002172 -0.037901
0.017424 -0.080612
0.164491 -0.093389
0.420648 -0.087761
0.559289 -0.072734
0.498568 -0.054899
0.341739 -0.038380
0.189522 -0.025126
0.079108 -0.015527
0.009577 -0.009116
-0.029568 0.013454
-0.047478 0.162319
-0.051044 0.419507
-0.045910 0.558710
-0.036718 0.498377
-0.026824 0.341739
-0.018181 0.189522
-0.011557 0.079108
-0.006945 0.009577
0.014595 -0.029568
0.162898 -0.047478
0.438264 -0.051044
0.705214 -0.045910
0.772712 -0.036718
0.626693 -0.026824
0.403137 -0.018181
0.207232 -0.011557
0.070975 -0.006945
-0.011858 -0.003971
-0.055611 0.016394
-0.072479 0.163928
-0.071953 0.420261
-0.061718 0.559097
-0.047733 0.498568
-0.033989 0.341739
-0.022572 0.189522
-0.014110 0.079108
-0.008362 0.009577
-0.004725 -0.029568
-0.002559 -0.047478
-0.001333 -0.032478
-0.000578 0.119159
-0.000192 0.402688
0.000000 0.697535
0.000000 0.901227
0.000000 0.889472
0.000000 0.681146
0.000000 0.416877
0.000000 0.196927
0.000000 0.048398
0.000000 -0.038480
0.000000 -0.062238
0.000000 0.071681
0.000000 0.333078
0.000000 0.486555
0.000000 0.443670
0.000000 0.303359
0.000000 0.164396
0.000000 0.063581
0.000000 0.000461
0.000000 -0.016115
0.000000 0.114841
0.000000 0.368463
0.000000 0.512800
0.000000 0.461659
0.000000 0.314916
0.000000 0.171341
0.000000 0.067551
0.000000 0.002632
0.018566 -0.033539
0.165070 -0.049650
0.439405 -0.052185
0.705793 -0.046489
0.772904 -0.036909
0.626693 -0.026824
0.403137 -0.018181
0.207232 -0.011557
0.070975 -0.006945
-0.011858 -0.003971
-0.055611 -0.002172
-0.072479 -0.001141
-0.071953 0.017987
-0.061718 0.164878
-0.047733 0.439405
-0.033989 0.724358
-0.022572 0.937974
-0.014110 1.047532
-0.008362 0.962426
-0.004725 0.705800
-0.002559 0.412714
-0.001333 0.177664
-0.000578 0.023497
-0.000192 -0.062902
0.000000 -0.082956
0.000000 0.055873
0.000000 0.340628
0.000000 0.625893
0.000000 0.713614
0.000000 0.585759
0.000000 0.376594
0.000000 0.190950
0.000000 0.061472
0.000000 -0.017162
0.000000 -0.039796
0.000000 0.091258
0.000000 0.366873
0.000000 0.662448
0.000000 0.890240
0.000000 1.013543
0.000000 0.939854
0.000000 0.691690
0.000000 0.404352
0.000000 0.172939
0.000000 0.020938
0.000000 -0.064235
0.000000 -0.102100
0.000000 -0.109388
0.018566 -0.098777
0.165070 -0.079900
0.420840 -0.059290
0.559289 -0.040934
0.498568 -0.026543
0.341739 -0.016282
0.189522 -0.009503
0.079108 -0.005304
0.009577 -0.002750
-0.029568 -0.001333
-0.047478 -0.000578
-0.032478 -0.000192
0.119159 0.000000
0.402688 0.000000
0.697535 0.000000
0.901227 0.000000
0.889472 0.000000
0.681146 0.000000
0.416877 0.000000
0.196927 0.000000
0.048398 0.000000
-0.038480 0.000000
-0.062238 0.000000
0.071681 0.000000
0.351644 0.000000
0.651624 0.000000
0.883075 0.000000
1.009152 0.000000
0.937300 0.000000
0.690273 0.000000
0.403598 0.000000
0.172552 0.000000
0.020746 0.000000
-0.064235 0.000000
-0.102100 0.018566
-0.109388 0.165070
-0.098777 0.439405
-0.079900 0.724358
-0.059290 0.919408
-0.040934 0.901028
-0.026543 0.688090
-0.016282 0.420847
-0.009503 0.199099
-0.005304 0.049540
-0.002750 -0.037901
0.017233 -0.080612
0.164491 -0.093389
0.439214 -0.087761
0.705793 -0.072734
0.772904 -0.054899
0.626693 -0.038380
0.403137 -0.025126
0.207232 -0.015527
0.070975 -0.009116
-0.011858 -0.005112
-0.037046 -0.002750
0.092591 -0.001333
0.367452 -0.000578
0.662640 -0.000192
0.871675 0.000000
0.867039 0.000000
0.665518 0.000000
0.406737 0.000000
0.190737 0.000000
0.044814 0.000000
-0.040460 0.000000
-0.081945 0.000000
-0.093967 0.000000
-0.069387 0.000000
0.092335 0.000000
0.384506 0.000000
0.685978 0.000000
0.912848 0.000000
1.032005 0.000000
0.953310 0.000000
0.700688 0.000000
0.409964 0.000000
0.176331 0.000000
0.022918 0.000000
-0.063094 0.000000
-0.082956 0.000000
0.055873 0.000000
0.340628 0.000000
0.625893 0.000000
0.713614 0.000000
0.585759 0.000000
0.376594 0.000000
0.190950 0.000000
0.061472 0.000000
-0.017162 0.000000
-0.039796 0.000000
0.091258 0.000000
0.348308 0.000000
0.497379 0.000000
0.450835 0.000000
0.307750 0.000000
0.166950 0.000000
0.064998 0.000000
0.001215 0.000000
-0.015728 0.000000
0.115033 0.000000
0.387028 0.000000
0.677869 0.000000
0.901064 0.000000
1.020708 0.000000
0.944245 0.000000
0.694244 0.000000
0.405770 0.000000
0.173693 0.000000
0.021325 0.000000
-0.064043 0.000000
-0.083535 0.000000
0.055681 0.000000
0.340628 0.000000
0.625893 0.000000
0.713614 0.000000
0.585759 0.000000
0.376594 0.000000
0.190950 0.000000
0.061472 0.000000
-0.017162 0.000000
-0.058362 0.018566
-0.073812 0.165070
-0.072532 0.420840
-0.061910 0.559289
-0.047733 0.498568
-0.033989 0.341739
-0.022572 0.189522
-0.014110 0.079108
-0.008362 0.009577
-0.004725 -0.011003
-0.002559 0.117591
-0.001333 0.388361
-0.000578 0.678448
-0.000192 0.901256
0.000000 1.020708
0.000000 0.944245
0.000000 0.694244
0.000000 0.405770
0.000000 0.173693
0.000000 0.021325
0.000000 -0.064043
0.000000 -0.083535
0.000000 0.055681
0.000000 0.340628
0.000000 0.644459
0.000000 0.878684
0.000000 1.006598
0.000000 0.935883
0.000000 0.689519
0.000000 0.403211
0.000000 0.172360
0.000000 0.020746
0.000000 -0.064235
0.000000 -0.083535
0.000000 0.055681
0.000000 0.322062
0.000000 0.479389
0.000000 0.439279
0.000000 0.300806
0.000000 0.162979
0.000000 0.062826
0.000000 0.000074
0.000000 -0.034872
0.000000 -0.050228
0.000000 -0.052377
0.000000 -0.046489
0.000000 -0.036909
0.000000 -0.026824
0.000000 -0.018181
0.000000 -0.011557
0.000000 -0.006945
0.000000 -0.003971
0.000000 -0.002172
0.000000 -0.001141
0.000000 -0.000578
0.000000 -0.000192
0.000000 0.000000
0.000000 0.000000
0.000000 0.000000
0.000000 0.000000
0.000000 0.000000
0.000000 0.000000
0.000000 0.000000
0.000000 0.000000
0.000000 0.000000
0.000000 0.000000
0.000000 0.000000
0.000000 0.000000
0.000000 0.000000
0.000000 0.000000
0.000000 0.000000
0.000000 0.000000
0.000000 0.000000
0.000000 0.000000
0.000000 0.000000
0.000000 0.000000
0.000000 0.000000
0.000000 0.000000
0.000000 0.000000
0.000000 0.000000
0.000000 0.000000
0.000000 0.000000
0.000000 0.000000
0.000000 0.000000
0.000000 0.000000
0.000000 0.000000
0.000000 0.000000
0.000000 0.000000
0.000000 0.000000
0.000000 0.000000
0.000000 0.000000
0.000000 0.000000
0.000000 0.000000
0.000000 0.000000
0.000000 0.000000
0.000000 0.000000
0.000000 0.000000
0.000000 0.000000
0.000000 0.000000
0.000000 0.000000
0.000000 0.000000
0.000000 0.000000
0.000000 0.000000
0.000000 0.000000
0.000000 0.000000
0.000000 0.000000
0.000000 0.000000
0.000000 0.000000
0.000000 0.000000
0.000000 0.000000
0.000000 0.000000
0.000000 0.000000
0.000000 0.000000
0.000000 0.000000
0.000000 0.000000
0.000000 0.000000
0.000000 0.000000
0.000000 0.000000
0.000000 0.000000
