0.000000 0.000000
0.000000 0.000000
0.000000 0.000000
0.000000 0.000000
0.000000 0.000000
0.000000 0.000000
0.000000 0.000000
0.000000 0.000000
0.000000 0.000000
0.000000 0.000000
0.000000 0.000000
0.000000 0.000000
0.000000 0.000000
0.000000 0.000000
0.000000 0.000000
0.000000 0.000378
0.000000 0.006719
0.000000 0.031986
0.000000 0.087849
0.000000 0.176914
0.000000 0.287343
0.000000 0.394488
0.000000 0.474051
0.000000 0.512588
0.000000 0.509391
0.000000 0.472652
0.000000 0.414248
0.000000 0.345682
0.000000 0.275925
0.000000 0.210829
0.000000 0.153479
0.000000 0.104951
0.000000 0.065079
0.000000 0.033072
0.000000 0.008300
0.000000 -0.004643
0.000000 0.006315
0.000000 0.052080
0.000000 0.134973
0.000000 0.247769
0.000000 0.372657
0.000000 0.483545
0.000000 0.557836
0.000000 0.585158
0.000000 0.567904
0.000000 0.516686
0.000000 0.444922
0.000000 0.364883
0.000000 0.285752
0.000000 0.213263
0.000000 0.150242
0.000000 0.097470
0.000000 0.054518
0.000000 0.020380
0.000000 -0.006114
0.000000 -0.026089
0.000000 -0.040541
0.000000 -0.050333
0.000000 -0.056222
0.000378 -0.058886
0.006719 -0.058951
0.031986 -0.056999
0.087849 -0.053560
0.176914 -0.049116
0.287343 -0.044040
0.394488 -0.038735
0.474051 -0.033472
0.512588 -0.028455
0.509391 -0.023865
0.472652 -0.019732
0.414248 -0.016099
0.345682 -0.012971
0.275925 -0.010328
0.210829 -0.008133
0.153479 -0.006336
0.104951 -0.004888
0.065079 -0.003734
0.033072 -0.002827
0.008300 -0.002122
-0.004643 -0.001580
0.006315 -0.001167
0.052080 -0.000855
0.134973 -0.000622
0.248147 -0.000409
0.379377 -0.000253
0.515531 -0.000139
0.645307 -0.000058
0.755731 0.000000
0.829980 0.000000
0.855311 0.000000
0.829530 0.000000
0.760701 0.000000
0.662730 0.000000
0.550489 0.000000
0.436509 0.000000
0.329580 0.000000
0.234770 0.000000
0.154188 0.000000
0.087951 0.000000
0.035047 0.000000
-0.006038 0.000000
-0.036933 0.000378
-0.059186 0.006719
-0.074192 0.031986
-0.083192 0.087849
-0.087290 0.177292
-0.087482 0.294062
-0.084666 0.426474
-0.079609 0.561900
-0.073076 0.689881
-0.065675 0.803075
-0.057911 0.892407
-0.050225 0.944162
-0.042865 0.947714
-0.036040 0.902086
-0.029881 0.815893
-0.024451 0.703152
-0.019762 0.578614
-0.015787 0.454577
-0.012472 0.339574
-0.009750 0.238423
-0.007546 0.153003
-0.005785 0.083224
-0.004395 0.027880
-0.003310 -0.014725
-0.002472 -0.046013
-0.001832 -0.062105
-0.001306 -0.051583
-0.000913 -0.004145
-0.000622 0.081599
-0.000409 0.192720
-0.000253 0.303603
-0.000139 0.389087
-0.000058 0.434978
0.000000 0.439933
0.000000 0.411627
0.000000 0.361528
0.000000 0.300842
0.000000 0.238339
0.000000 0.179750
0.000000 0.128109
0.000000 0.084491
0.000000 0.048767
0.000000 0.020207
0.000000 -0.002119
0.000000 -0.019123
0.000000 -0.031612
0.000000 -0.040277
0.000000 -0.045711
0.000000 -0.048068
0.000000 -0.042210
0.000000 -0.015689
0.000000 0.042739
0.000000 0.135290
0.000000 0.249774
0.000000 0.361248
0.000000 0.445172
0.000000 0.487916
0.000000 0.488640
0.000000 0.455414
0.000000 0.400123
0.000000 0.334256
0.000000 0.266795
0.000000 0.203615
0.000000 0.147841
0.000000 0.100590
0.000000 0.061738
0.000000 0.030536
0.000378 0.006014
0.006719 -0.012786
0.031986 -0.026725
0.087849 -0.036543
0.176914 -0.042884
0.287343 -0.046324
0.394488 -0.047350
0.474051 -0.046509
0.512588 -0.044254
0.509391 -0.041002
0.472652 -0.037160
0.414248 -0.032988
0.345682 -0.028740
0.275925 -0.024614
0.210829 -0.020750
0.153479 -0.017238
0.104951 -0.014124
0.065079 -0.011425
0.033072 -0.009131
0.007922 -0.006836
-0.011363 0.001081
-0.025671 0.027625
-0.035769 0.084507
-0.042320 0.174378
-0.045915 0.285435
-0.047097 0.393064
-0.046369 0.472998
-0.044196 0.511815
-0.041002 0.508826
-0.037160 0.472244
-0.032988 0.413995
-0.028740 0.345542
-0.024614 0.275867
-0.020750 0.210829
-0.017238 0.153479
-0.014124 0.104951
-0.011425 0.065079
-0.009131 0.033072
-0.006836 0.007922
0.001081 -0.011363
0.027625 -0.025671
0.084507 -0.035769
0.174756 -0.042320
0.292154 -0.045915
0.425050 -0.047097
0.560846 -0.046369
0.689107 -0.044196
0.802511 -0.041002
0.891998 -0.037160
0.943909 -0.032988
0.947574 -0.028740
0.902028 -0.024614
0.815893 -0.020750
0.703152 -0.017238
0.578614 -0.014124
0.454577 -0.011425
0.339574 -0.009131
0.238423 -0.007214
0.153003 -0.005638
0.083224 -0.004362
0.027880 -0.003341
-0.014725 -0.002536
-0.046391 -0.001908
-0.068825 -0.001424
-0.083191 -0.001054
-0.085274 -0.000774
-0.063330 -0.000564
-0.006774 -0.000409
0.086029 -0.000253
0.202378 -0.000139
0.316878 -0.000058
0.404594 0.000000
0.451563 0.000000
0.456671 0.000000
0.427813 0.000000
0.376662 0.000000
0.314603 0.000000
0.250555 0.000000
0.190368 0.000000
0.137166 0.000000
0.092087 0.000000
0.055038 0.000000
0.025312 0.000000
0.001981 0.000378
-0.015871 0.006719
-0.029063 0.031986
-0.038299 0.087849
-0.044152 0.177292
-0.047222 0.294062
-0.048011 0.426474
-0.046992 0.561900
-0.044605 0.689881
-0.041255 0.803453
-0.037300 0.898749
-0.033046 0.969428
-0.028740 1.003576
-0.024614 0.991530
-0.020750 0.932663
-0.017238 0.835564
-0.014124 0.714039
-0.011425 0.582558
-0.009131 0.453146
-0.007214 0.334096
-0.005638 0.230025
-0.004362 0.142639
-0.003341 0.071696
-0.002536 0.015851
-0.001908 -0.026719
-0.001424 -0.057938
-0.001054 -0.079625
-0.000774 -0.093424
-0.000187 -0.100793
0.006311 -0.103021
0.031734 -0.101250
0.087709 -0.096493
0.177234 -0.089639
0.294062 -0.081451
0.426474 -0.072572
0.561900 -0.063520
0.689881 -0.054695
0.803453 -0.046386
0.898749 -0.038784
0.969428 -0.031998
1.003576 -0.026069
0.991530 -0.020987
0.932663 -0.016706
0.835564 -0.013156
0.714039 -0.010255
0.582558 -0.007916
0.453146 -0.006054
0.334096 -0.004589
0.230025 -0.003450
0.142639 -0.002531
0.071696 -0.001832
0.015851 -0.001306
-0.026719 -0.000913
-0.057560 -0.000622
-0.072906 -0.000409
-0.061438 -0.000253
-0.012945 -0.000139
0.073894 -0.000058
0.186093 0.000000
0.297995 0.000000
0.384413 0.000000
0.431137 0.000000
0.436818 0.000000
0.409132 0.000000
0.359553 0.000000
0.299296 0.000000
0.237142 0.000000
0.178831 0.000000
0.127410 0.000000
0.083965 0.000000
0.048374 0.000000
0.019916 0.000000
-0.001955 0.000000
-0.012559 0.000000
0.000261 0.000000
0.047490 0.000000
0.131523 0.000000
0.245239 0.000000
0.370825 0.000000
0.482239 0.000000
0.556922 0.000000
0.584536 0.000000
0.567495 0.000000
0.516433 0.000000
0.444783 0.000000
0.364825 0.000000
0.285752 0.000000
0.213263 0.000000
0.150242 0.000000
0.097470 0.000000
0.054518 0.000000
0.020380 0.000000
-0.006114 0.000378
-0.026089 0.006719
-0.040541 0.031986
-0.050333 0.087849
-0.056222 0.177292
-0.058886 0.294062
-0.058951 0.426474
-0.056999 0.561900
-0.053560 0.689881
-0.049116 0.803075
-0.044040 0.892407
-0.038735 0.944162
-0.033472 0.947714
-0.028455 0.902086
-0.023865 0.815893
-0.019732 0.703152
-0.016099 0.578614
-0.012971 0.454577
-0.010328 0.339574
-0.008133 0.238423
-0.006336 0.153003
-0.004888 0.083224
-0.003734 0.027880
-0.002827 -0.014725
-0.002122 -0.046013
-0.001580 -0.062105
-0.001167 -0.051583
-0.000855 -0.004145
-0.000622 0.081976
-0.000409 0.199440
-0.000253 0.335211
-0.000139 0.470216
-0.000058 0.580284
0.000000 0.646147
0.000000 0.660809
0.000000 0.629365
0.000000 0.564249
0.000000 0.479892
0.000000 0.388995
0.000000 0.300803
0.000000 0.220927
0.000000 0.151997
0.000000 0.094600
0.000000 0.048130
0.000000 0.011436
0.000378 -0.016782
0.006719 -0.037764
0.031986 -0.052620
0.087849 -0.062321
0.177292 -0.067692
0.294062 -0.069569
0.426474 -0.068667
0.561900 -0.065647
0.689503 -0.061110
0.796733 -0.055587
0.867140 -0.049535
0.888299 -0.043328
0.858270 -0.037255
0.785316 -0.031570
0.683481 -0.026360
0.567727 -0.021707
0.450633 -0.017645
0.341005 -0.014169
0.243900 -0.011247
0.161401 -0.008831
0.093589 -0.006862
0.039408 -0.005280
-0.002697 -0.004025
-0.034397 -0.002663
-0.057278 0.004441
-0.072769 0.030293
-0.082138 0.086600
-0.086516 0.176379
-0.086918 0.293062
-0.084258 0.419346
-0.079357 0.529661
-0.072936 0.601893
-0.065617 0.626102
-0.057911 0.605064
-0.050225 0.549673
-0.042865 0.473662
-0.036040 0.389498
-0.029881 0.306502
-0.024451 0.230500
-0.019762 0.164366
-0.015787 0.108895
-0.012472 0.063648
-0.009750 0.027594
-0.007168 -0.000476
0.000934 -0.021727
0.027591 -0.037200
0.084538 -0.047797
0.174442 -0.054313
0.285511 -0.057462
0.393182 -0.057898
0.473138 -0.056225
0.511966 -0.052996
0.508982 -0.048707
0.472400 -0.043788
0.414108 -0.038596
0.345623 -0.033414
0.275925 -0.028455
0.210829 -0.023865
0.153479 -0.019732
0.104951 -0.016099
0.065079 -0.012971
0.033072 -0.010328
0.007922 -0.008133
-0.011363 -0.006336
-0.025671 -0.004510
-0.035769 0.002985
-0.042320 0.029159
-0.045915 0.085726
-0.047097 0.175335
-0.046369 0.286176
-0.044196 0.393633
-0.041002 0.473429
-0.037160 0.512180
-0.032988 0.509138
-0.028740 0.472513
-0.024614 0.414189
-0.020750 0.345682
-0.017238 0.275925
-0.014124 0.210829
-0.011425 0.153479
-0.009131 0.104951
-0.007214 0.065079
-0.005638 0.033072
-0.004362 0.007922
-0.003341 -0.011363
-0.002158 -0.025671
0.004811 -0.035769
0.030562 -0.042320
0.086795 -0.045915
0.176141 -0.047097
0.286778 -0.046369
0.394080 -0.044196
0.473799 -0.041002
0.512449 -0.037160
0.509332 -0.032988
0.472652 -0.028740
0.414248 -0.024614
0.345682 -0.020750
0.275925 -0.017238
0.210829 -0.014124
0.153479 -0.011425
0.104951 -0.009131
0.065079 -0.007214
0.033072 -0.005638
0.007922 -0.003984
-0.011363 0.003378
-0.025671 0.029450
-0.035769 0.085940
-0.042320 0.175868
-0.045915 0.293009
-0.047097 0.425700
-0.046369 0.560958
-0.044196 0.682753
-0.041002 0.771214
-0.037160 0.811138
-0.032988 0.798797
-0.028740 0.741500
-0.024614 0.652904
-0.020750 0.548055
-0.017238 0.439746
-0.014124 0.337061
-0.011425 0.245331
-0.009131 0.166879
-0.007214 0.101987
-0.005638 0.049773
-0.004362 0.008832
-0.002964 -0.022369
0.004183 -0.045284
0.030078 -0.061222
0.086425 -0.071338
0.175861 -0.076660
0.286569 -0.078118
0.393924 -0.076553
0.473643 -0.072729
0.512336 -0.067328
0.509251 -0.060943
0.472594 -0.054070
0.414248 -0.047111
0.345682 -0.040370
0.275925 -0.034065
0.210829 -0.028335
0.153479 -0.023253
0.104951 -0.018843
0.065079 -0.015088
0.033072 -0.011946
0.008300 -0.009357
-0.004643 -0.007255
0.006315 -0.005571
0.052080 -0.004239
0.134595 -0.003197
0.241427 -0.002391
0.347391 -0.001774
0.427682 -0.001306
0.468392 -0.000913
0.468388 -0.000622
0.435492 -0.000409
0.381260 -0.000253
0.316941 -0.000139
0.251311 -0.000058
0.190078 0.000000
0.136241 0.000000
0.090827 0.000000
0.053654 0.000000
0.023941 0.000000
0.000709 0.000378
-0.017001 0.006719
-0.030033 0.031986
-0.039110 0.087849
-0.044856 0.177292
-0.047824 0.294062
-0.048521 0.426474
-0.047423 0.561900
-0.044970 0.689881
-0.041567 0.803453
-0.037569 0.898749
-0.033240 0.969428
-0.028880 1.003576
-0.024673 0.991530
-0.020750 0.932663
-0.017238 0.835564
-0.014124 0.714039
-0.011425 0.582558
-0.009131 0.453146
-0.007214 0.334096
-0.005638 0.230025
-0.004362 0.142639
-0.003341 0.071696
-0.002536 0.015851
-0.001908 -0.026719
-0.001046 -0.057938
0.005666 -0.079625
0.031212 -0.093424
0.087284 -0.100793
0.176506 -0.103021
0.287090 -0.101250
0.394349 -0.096493
0.473993 -0.089639
0.512588 -0.081451
0.509391 -0.072572
0.472652 -0.063520
0.414248 -0.054695
0.345682 -0.046386
0.275925 -0.038784
0.210829 -0.031998
0.153479 -0.026069
0.104951 -0.020987
0.065079 -0.016706
0.033072 -0.013156
0.008300 -0.010255
-0.004643 -0.007916
0.006315 -0.006054
0.052080 -0.004589
0.134973 -0.003450
0.247769 -0.002531
0.372657 -0.001832
0.483545 -0.001306
0.557836 -0.000913
0.585158 -0.000622
0.567904 -0.000409
0.516686 -0.000253
0.444922 -0.000139
0.364883 -0.000058
0.285752 0.000000
0.213263 0.000000
0.150242 0.000000
0.097470 0.000000
0.054518 0.000000
0.020380 0.000000
-0.006114 0.000378
-0.026089 0.006719
-0.040541 0.031986
-0.050333 0.087849
-0.056222 0.177292
-0.058886 0.294062
-0.058951 0.426474
-0.056999 0.561900
-0.053560 0.689503
-0.049116 0.796733
-0.044040 0.867140
-0.038735 0.888299
-0.033472 0.858270
-0.028455 0.785316
-0.023865 0.683481
-0.019732 0.567727
-0.016099 0.450633
-0.012971 0.341005
-0.010328 0.243900
-0.008133 0.161401
-0.006336 0.093589
-0.004888 0.039408
-0.003734 -0.002697
-0.002827 -0.034019
-0.002122 -0.050558
-0.001580 -0.040783
-0.001167 0.005711
-0.000855 0.090776
-0.000622 0.207145
-0.000409 0.342216
-0.000253 0.482543
-0.000139 0.616944
-0.000058 0.737458
0.000000 0.834496
0.000000 0.893936
0.000000 0.904849
0.000000 0.866046
0.000000 0.786012
0.000000 0.678701
0.000000 0.558851
0.000000 0.438790
0.000000 0.327102
0.000000 0.228673
0.000000 0.145457
0.000000 0.077439
0.000000 0.023485
0.000000 -0.018036
0.000000 -0.048486
0.000000 -0.063937
0.000000 -0.052889
0.000000 -0.005058
0.000000 0.080976
0.000000 0.192312
0.000000 0.303350
0.000000 0.388947
0.000000 0.434920
0.000000 0.439933
0.000000 0.411627
0.000000 0.361528
0.000000 0.300842
0.000000 0.238339
0.000000 0.179750
0.000000 0.128109
0.000000 0.084491
0.000000 0.048767
0.000000 0.020207
0.000378 -0.002119
0.006719 -0.019123
0.031986 -0.031612
0.087849 -0.040277
0.177292 -0.045711
0.294062 -0.048446
0.426474 -0.048930
0.561900 -0.047675
0.689881 -0.045110
0.803453 -0.041625
0.898749 -0.037569
0.969428 -0.033240
1.003576 -0.028880
0.991530 -0.024673
0.932663 -0.020750
0.835564 -0.017238
0.714039 -0.014124
0.582558 -0.011425
0.453146 -0.009131
0.334096 -0.007214
0.230025 -0.005638
0.142639 -0.004362
0.071696 -0.003341
0.015851 -0.002536
-0.026719 -0.001908
-0.057938 -0.001046
-0.079625 0.005666
-0.093424 0.031212
-0.100793 0.087284
-0.103021 0.176884
-0.101250 0.293810
-0.096493 0.426335
-0.089639 0.561842
-0.081451 0.689503
-0.072572 0.796733
-0.063520 0.867140
-0.054695 0.888299
-0.046386 0.858270
-0.038784 0.785316
-0.031998 0.683481
-0.026069 0.567727
-0.020987 0.450633
-0.016706 0.341005
-0.013156 0.243900
-0.010255 0.161401
-0.007916 0.093589
-0.006054 0.039408
-0.004589 -0.002697
-0.003450 -0.034019
-0.002531 -0.050558
-0.001832 -0.040783
-0.001306 0.005711
-0.000913 0.090398
-0.000622 0.200425
-0.000409 0.310230
-0.000253 0.394695
-0.000139 0.439652
-0.000058 0.443774
0.000000 0.414741
0.000000 0.364022
0.000000 0.302817
0.000000 0.239886
0.000000 0.180948
0.000000 0.129028
0.000000 0.085189
0.000000 0.049293
0.000000 0.020600
0.000378 -0.001828
0.006719 -0.018909
0.031986 -0.031456
0.087849 -0.040164
0.177292 -0.045630
0.294062 -0.048388
0.426474 -0.048930
0.561900 -0.047675
0.689503 -0.045110
0.796733 -0.041625
0.867140 -0.037569
0.888299 -0.033240
0.858270 -0.028880
0.785316 -0.024673
0.683481 -0.020750
0.567727 -0.017238
0.450633 -0.014124
0.341005 -0.011425
0.243900 -0.009131
0.161401 -0.007214
0.093589 -0.005638
0.039408 -0.004362
-0.002697 -0.003341
-0.034019 -0.002536
-0.050558 -0.001908
-0.040783 -0.001424
0.005711 -0.001054
0.090776 -0.000774
0.207145 -0.000564
0.342216 -0.000409
0.482543 -0.000253
0.616566 -0.000139
0.731117 -0.000058
0.809229 0.000000
0.838074 0.000000
0.815406 0.000000
0.749276 0.000000
0.653600 0.000000
0.543275 0.000000
0.430871 0.000000
0.325218 0.000000
0.231428 0.000000
0.151652 0.000000
0.086043 0.000000
0.033623 0.000000
-0.007092 0.000000
-0.037707 0.000000
-0.059750 0.000000
-0.074601 0.000000
-0.083444 0.000000
-0.087429 0.000000
-0.087540 0.000000
-0.084666 0.000000
-0.079609 0.000000
-0.073076 0.000000
-0.065675 0.000000
-0.057911 0.000000
-0.050225 0.000000
-0.042865 0.000000
-0.036040 0.000000
-0.029881 0.000000
-0.024451 0.000000
-0.019762 0.000000
-0.015787 0.000000
-0.012472 0.000000
-0.009750 0.000000
-0.007546 0.000000
-0.005785 0.000000
-0.004395 0.000000
-0.003310 0.000000
-0.002472 0.000000
-0.001832 0.000000
-0.001306 0.000000
-0.000913 0.000000
-0.000622 0.000000
-0.000409 0.000000
-0.000253 0.000000
-0.000139 0.000000
-0.000058 0.000000
0.000000 0.000000
0.000000 0.000000
0.000000 0.000000
0.000000 0.000000
0.000000 0.000000
0.000000 0.000000
0.000000 0.000000
0.000000 0.000000
0.000000 0.000000
0.000000 0.000000
0.000000 0.000000
0.000000 0.000000
0.000000 0.000000
0.000000 0.000000
0.000000 0.000000
0.000000 0.000000
0.000000 0.000000
0.000000 0.000000
0.000000 0.000000
0.000000 0.000000
0.000000 0.000000
0.000000 0.000000
0.000000 0.000000
0.000000 0.000000
0.000000 0.000000
0.000000 0.000000
0.000000 0.000000
0.000000 0.000000
0.000000 0.000000
0.000000 0.000000
0.000000 0.000000
0.000000 0.000000
0.000000 0.000000
0.000000 0.000000
0.000000 0.000000
0.000000 0.000000
0.000000 0.000000
0.000000 0.000000
0.000000 0.000000
0.000000 0.000000
0.000000 0.000000
0.000000 0.000000
0.000000 0.000000
0.000000 0.000000
0.000000 0.000000
0.000000 0.000000
0.000000 0.000000
0.000000 0.000000
0.000000 0.000000
0.000000 0.000000
0.000000 0.000000
0.000000 0.000000
0.000000 0.000000
0.000000 0.000000
0.000000 0.000000
0.000000 0.000000
0.000000 0.000000
0.000000 0.000000
0.000000 0.000000
0.000000 0.000000
0.000000 0.000000
0.000000 0.000000
0.000000 0.000000
0.000000 0.000000
0.000000 0.000000
0.000000 0.000000
0.000000 0.000000
0.000000 0.000000
0.000000 0.000000
0.000000 0.000000
0.000000 0.000000
0.000000 0.000000
