0.000000 0.000000
0.000000 0.000000
0.000000 0.000000
0.000000 0.000000
0.000000 0.000000
0.000000 0.000000
0.000000 0.000000
0.000000 0.000000
0.000000 0.000000
0.000000 0.000000
0.000000 0.000000
0.000000 0.000000
0.000000 0.000000
0.000000 0.000000
0.000000 0.000000
0.000378 0.000000
0.006719 0.000000
0.031986 0.000000
0.087849 0.000000
0.176914 0.000000
0.287343 0.000000
0.394488 0.000000
0.474051 0.000000
0.512588 0.000000
0.509391 0.000000
0.472652 0.000000
0.414248 0.000000
0.345682 0.000000
0.275925 0.000000
0.210829 0.000000
0.153479 0.000000
0.104951 0.000000
0.065079 0.000000
0.033072 0.000000
0.008300 0.000000
-0.004643 0.000000
0.006315 0.000000
0.052080 0.000000
0.134595 0.000000
0.241427 0.000000
0.347391 0.000000
0.427682 0.000000
0.468392 0.000000
0.468388 0.000000
0.435492 0.000000
0.381260 0.000000
0.316941 0.000000
0.251311 0.000000
0.190078 0.000000
0.136241 0.000000
0.090827 0.000000
0.053654 0.000000
0.023941 0.000000
0.000709 0.000000
-0.016623 0.000000
-0.023313 0.000000
-0.007124 0.000000
0.042993 0.000000
0.129469 0.000000
0.245163 0.000000
0.372332 0.000000
0.484944 0.000000
0.560466 0.000000
0.588592 0.000000
0.571824 0.000000
0.520794 0.000000
0.448990 0.000000
0.368747 0.000000
0.289264 0.000000
0.216376 0.000000
0.152941 0.000000
0.099765 0.000000
0.056435 0.000000
0.021956 0.000000
-0.004459 0.000000
-0.018349 0.000000
-0.007750 0.000000
0.038143 0.000000
0.121177 0.000000
0.228827 0.000000
0.335816 0.000000
0.417263 0.000000
0.459184 0.000000
0.460431 0.000000
0.428725 0.000000
0.375594 0.000000
0.312267 0.000000
0.247470 0.000000
0.186963 0.000000
0.133747 0.000000
0.088852 0.000000
0.052108 0.000000
0.022743 0.000000
0.000167 0.000000
-0.010980 0.000000
0.001427 0.000000
0.048346 0.000000
0.131768 0.000000
0.239305 0.000000
0.345811 0.000000
0.426516 0.000000
0.467537 0.000000
0.467766 0.000000
0.435083 0.000000
0.381007 0.000000
0.316802 0.000000
0.251253 0.000000
0.190078 0.000000
0.136241 0.000000
0.090827 0.000000
0.053654 0.000000
0.023941 0.000000
0.001086 0.000000
-0.010281 0.000000
0.001953 0.000000
0.048738 0.000000
0.132436 0.000000
0.246239 0.000000
0.377575 0.000000
0.507758 0.000000
0.612924 0.000000
0.674038 0.000000
0.684265 0.000000
0.648845 0.000000
0.580208 0.000000
0.492806 0.000000
0.399324 0.000000
0.308936 0.000000
0.227263 0.000000
0.156885 0.000000
0.098334 0.000000
0.050957 0.000000
0.013558 0.000000
-0.014824 0.000000
-0.029878 0.000000
-0.019778 0.000000
0.026149 0.000000
0.110008 0.000000
0.224746 0.000000
0.357947 0.000000
0.496311 0.000000
0.628393 0.000000
0.741146 0.000000
0.817605 0.000000
0.844971 0.000000
0.821015 0.000000
0.753746 0.000000
0.657121 0.000000
0.546019 0.000000
0.432988 0.000000
0.326835 0.000000
0.232653 0.000000
0.152570 0.000000
0.086726 0.000000
0.034128 0.000000
-0.006722 0.000000
-0.037061 0.000000
-0.052837 0.000000
-0.042475 0.000000
0.004463 0.000000
0.089863 0.000000
0.206522 0.000000
0.341808 0.000000
0.482291 0.000000
0.616805 0.000000
0.737400 0.000000
0.834496 0.000000
0.893936 0.000000
0.904849 0.000000
0.866046 0.000000
0.786012 0.000000
0.678701 0.000000
0.558851 0.000000
0.438790 0.000000
0.327102 0.000000
0.228673 0.000000
0.145457 0.000000
0.077439 0.000000
0.023485 0.000000
-0.018036 0.000000
-0.048486 0.000000
-0.063937 0.000000
-0.052889 0.000000
-0.005058 0.000000
0.080976 0.000000
0.192312 0.000000
0.303350 0.000000
0.388947 0.000000
0.434920 0.000000
0.439933 0.000000
0.411627 0.000000
0.361528 0.000000
0.300842 0.000000
0.238339 0.000000
0.179750 0.000000
0.128109 0.000000
0.084491 0.000000
0.048767 0.000000
0.020207 0.000000
-0.002119 0.000000
-0.019123 0.000000
-0.031612 0.000000
-0.040277 0.000000
-0.045711 0.000378
-0.048446 0.006719
-0.048930 0.031986
-0.047675 0.087849
-0.045110 0.176914
-0.041625 0.287343
-0.037569 0.394488
-0.033240 0.474051
-0.028880 0.512588
-0.024673 0.509391
-0.020750 0.472652
-0.017238 0.414248
-0.014124 0.345682
-0.011425 0.275925
-0.009131 0.210829
-0.007214 0.153479
-0.005638 0.104951
-0.004362 0.065079
-0.003341 0.033072
-0.002536 0.007922
-0.001908 -0.011363
-0.001424 -0.025671
-0.000676 -0.035769
0.005946 -0.042320
0.031422 -0.045915
0.087440 -0.047097
0.177040 -0.046369
0.293923 -0.044196
0.426416 -0.041002
0.561522 -0.037160
0.683161 -0.032988
0.771467 -0.028740
0.811278 -0.024614
0.798855 -0.020750
0.741500 -0.017238
0.652904 -0.014124
0.548055 -0.011425
0.439746 -0.009131
0.337061 -0.007214
0.245331 -0.005638
0.166879 -0.004362
0.101987 -0.003341
0.049773 -0.002536
0.008832 -0.001908
-0.022369 -0.001046
-0.045284 0.005666
-0.061222 0.031212
-0.071338 0.087284
-0.076660 0.176506
-0.078118 0.287090
-0.076553 0.394349
-0.072729 0.473993
-0.067328 0.512588
-0.060943 0.509391
-0.054070 0.472652
-0.047111 0.414248
-0.040370 0.345682
-0.034065 0.275925
-0.028335 0.210829
-0.023253 0.153479
-0.018843 0.104951
-0.015088 0.065079
-0.011946 0.033072
-0.009357 0.008300
-0.007255 -0.004643
-0.005571 0.006315
-0.004239 0.052080
-0.003197 0.134973
-0.002391 0.247769
-0.001774 0.372657
-0.001306 0.483545
-0.000913 0.557836
-0.000622 0.585158
-0.000409 0.567904
-0.000253 0.516686
-0.000139 0.444922
-0.000058 0.364883
0.000000 0.285752
0.000000 0.213263
0.000000 0.150242
0.000000 0.097470
0.000000 0.054518
0.000000 0.020380
0.000378 -0.006114
0.006719 -0.026089
0.031986 -0.040541
0.087849 -0.050333
0.177292 -0.056222
0.293684 -0.058886
0.419755 -0.058951
0.529914 -0.056999
0.602032 -0.053560
0.626161 -0.049116
0.605064 -0.044040
0.549673 -0.038735
0.473662 -0.033472
0.389498 -0.028455
0.306502 -0.023865
0.230500 -0.019732
0.164366 -0.016099
0.108895 -0.012971
0.063648 -0.010328
0.027594 -0.008133
-0.000476 -0.005959
-0.021727 0.001832
-0.037200 0.028252
-0.047797 0.085021
-0.054313 0.175170
-0.057462 0.292483
-0.057898 0.424930
-0.056225 0.554325
-0.052996 0.657272
-0.048707 0.715196
-0.043788 0.721582
-0.038596 0.681946
-0.033414 0.609030
-0.028455 0.517478
-0.023865 0.420074
-0.019732 0.326174
-0.016099 0.241387
-0.012971 0.168310
-0.010328 0.107464
-0.008133 0.058171
-0.006336 0.019196
-0.004888 -0.010463
-0.003734 -0.026536
-0.002827 -0.017242
-0.002122 0.028058
-0.001580 0.111432
-0.001167 0.225422
-0.000855 0.352001
-0.000622 0.464890
-0.000409 0.541331
-0.000253 0.570826
-0.000139 0.555668
-0.000058 0.506404
0.000000 0.436407
0.000000 0.357927
0.000000 0.280142
0.000000 0.208793
0.000000 0.146721
0.000000 0.094726
0.000000 0.052401
0.000000 0.018763
0.000000 -0.006960
0.000000 -0.020288
0.000000 -0.009239
0.000000 0.037010
0.000000 0.120701
0.000000 0.234907
0.000000 0.367328
0.000000 0.504384
0.000000 0.629543
0.000000 0.722351
0.000000 0.767237
0.000000 0.760120
0.000000 0.708028
0.000000 0.624449
0.000000 0.524190
0.000000 0.420014
0.000000 0.320962
0.000000 0.232360
0.000000 0.156550
0.000000 0.093854
0.000000 0.043436
0.000000 0.003944
0.000378 -0.026103
0.006719 -0.048111
0.031986 -0.063344
0.087849 -0.072917
0.177292 -0.077827
0.293684 -0.078973
0.419755 -0.077175
0.529914 -0.073138
0.602032 -0.067581
0.626161 -0.061082
0.605064 -0.054128
0.549673 -0.047111
0.473662 -0.040370
0.389498 -0.034065
0.306502 -0.028335
0.230500 -0.023253
0.164366 -0.018843
0.108895 -0.015088
0.063648 -0.011946
0.027594 -0.009357
-0.000098 -0.007255
-0.015008 -0.005571
-0.005214 -0.004239
0.040051 -0.003197
0.122601 -0.002391
0.229881 -0.001774
0.336590 -0.001306
0.417827 -0.000913
0.459592 -0.000622
0.460683 -0.000409
0.428864 -0.000253
0.375652 -0.000139
0.312267 -0.000058
0.247470 0.000000
0.186963 0.000000
0.133747 0.000000
0.088852 0.000000
0.052108 0.000000
0.022743 0.000000
-0.000210 0.000378
-0.017699 0.006719
-0.030559 0.031986
-0.039503 0.087849
-0.045147 0.176914
-0.048037 0.287343
-0.048677 0.394488
-0.047536 0.474051
-0.045052 0.512588
-0.041625 0.509391
-0.037569 0.472652
-0.033240 0.414248
-0.028880 0.345682
-0.024673 0.275925
-0.020750 0.210829
-0.017238 0.153479
-0.014124 0.104951
-0.011425 0.065079
-0.009131 0.033072
-0.006836 0.007922
0.001081 -0.011363
0.027625 -0.025671
0.084507 -0.035769
0.174756 -0.042320
0.292154 -0.045915
0.425050 -0.047097
0.560846 -0.046369
0.688729 -0.044196
0.796169 -0.041002
0.866732 -0.037160
0.888047 -0.032988
0.858131 -0.028740
0.785258 -0.024614
0.683481 -0.020750
0.567727 -0.017238
0.450633 -0.014124
0.341005 -0.011425
0.243900 -0.009131
0.161401 -0.007214
0.093589 -0.005638
0.039408 -0.004362
-0.002697 -0.003341
-0.034397 -0.002536
-0.057278 -0.001908
-0.072769 -0.001046
-0.082138 0.005666
-0.086516 0.031212
-0.086918 0.087284
-0.084258 0.176506
-0.079357 0.287090
-0.072936 0.394349
-0.065617 0.473993
-0.057911 0.512588
-0.050225 0.509391
-0.042865 0.472652
-0.036040 0.414248
-0.029881 0.345682
-0.024451 0.275925
-0.019762 0.210829
-0.015787 0.153479
-0.012472 0.104951
-0.009750 0.065079
-0.007546 0.033072
-0.005785 0.008300
-0.004395 -0.004643
-0.003310 0.006315
-0.002472 0.052080
-0.001832 0.134973
-0.001306 0.248147
-0.000913 0.379377
-0.000622 0.515153
-0.000409 0.638965
-0.000253 0.730464
-0.000139 0.774117
-0.000058 0.765868
0.000000 0.712760
0.000000 0.628290
0.000000 0.527305
0.000000 0.422508
0.000000 0.322937
0.000000 0.233906
0.000000 0.157748
0.000000 0.094773
0.000000 0.044135
0.000000 0.004470
0.000378 -0.025710
0.006719 -0.047820
0.031986 -0.063130
0.087849 -0.072761
0.176914 -0.077714
0.287343 -0.078892
0.394488 -0.077117
0.474051 -0.073138
0.512588 -0.067581
0.509391 -0.061082
0.472652 -0.054128
0.414248 -0.047111
0.345682 -0.040370
0.275925 -0.034065
0.210829 -0.028335
0.153479 -0.023253
0.104951 -0.018843
0.065079 -0.015088
0.033072 -0.011946
0.007922 -0.008979
-0.011363 -0.000536
-0.025671 0.026415
-0.035769 0.083610
-0.042320 0.174095
-0.045915 0.291293
-0.047097 0.417981
-0.046369 0.528608
-0.044196 0.601119
-0.041002 0.625538
-0.037160 0.604656
-0.032988 0.549421
-0.028740 0.473523
-0.024614 0.389439
-0.020750 0.306502
-0.017238 0.230500
-0.014124 0.164366
-0.011425 0.108895
-0.009131 0.063648
-0.007214 0.027594
-0.005638 -0.000476
-0.004362 -0.021727
-0.003341 -0.037200
-0.002536 -0.047797
-0.001908 -0.054313
-0.001424 -0.057084
-0.001054 -0.051178
-0.000774 -0.024239
-0.000564 0.034853
-0.000409 0.128585
-0.000253 0.250274
-0.000139 0.387878
-0.000058 0.528486
0.000000 0.661425
0.000000 0.779210
0.000000 0.872674
0.000000 0.928062
0.000000 0.934742
0.000000 0.891757
0.000000 0.807760
0.000000 0.696816
0.000000 0.573726
0.000000 0.450843
0.000000 0.336747
0.000000 0.236301
0.000000 0.151424
0.000000 0.082057
0.000000 0.027024
0.000000 -0.015348
0.000378 -0.046800
0.006719 -0.069077
0.031986 -0.083708
0.087849 -0.092052
0.177292 -0.095316
0.294062 -0.094623
0.426474 -0.090885
0.561900 -0.084965
0.689881 -0.077610
0.803453 -0.069458
0.898749 -0.061026
0.969428 -0.052720
1.003576 -0.044839
0.991530 -0.037586
0.932663 -0.031079
0.835564 -0.025370
0.714039 -0.020461
0.582558 -0.016313
0.453146 -0.012865
0.334096 -0.010041
0.230025 -0.007760
0.142639 -0.005941
0.071696 -0.004508
0.015851 -0.003391
-0.026719 -0.002531
-0.057938 -0.001454
-0.079625 0.005413
-0.093424 0.031073
-0.100793 0.087226
-0.103021 0.176884
-0.101250 0.293810
-0.096493 0.425957
-0.089639 0.555122
-0.081451 0.657895
-0.072572 0.715604
-0.063520 0.721834
-0.054695 0.682085
-0.046386 0.609088
-0.038784 0.517478
-0.031998 0.420074
-0.026069 0.326174
-0.020987 0.241387
-0.016706 0.168310
-0.013156 0.107464
-0.010255 0.058171
-0.007916 0.019196
-0.006054 -0.010840
-0.004589 -0.032878
-0.003450 -0.042509
-0.002531 -0.027805
-0.001832 0.021988
-0.001306 0.108652
-0.000913 0.219589
-0.000622 0.329464
-0.000409 0.413350
-0.000253 0.457254
-0.000139 0.459995
-0.000058 0.429382
0.000000 0.376993
0.000000 0.314112
0.000000 0.249566
0.000000 0.189121
0.000000 0.135834
0.000000 0.090782
0.000000 0.053832
0.000000 0.024241
0.000378 0.001060
0.006719 -0.016643
0.031986 -0.029696
0.087849 -0.038810
0.177292 -0.044598
0.294062 -0.047608
0.426474 -0.048346
0.561900 -0.047283
0.689881 -0.044819
0.803453 -0.041411
0.898749 -0.037413
0.969428 -0.033127
1.003576 -0.028798
0.991530 -0.024614
0.932663 -0.020750
0.835564 -0.017238
0.714039 -0.014124
0.582558 -0.011425
0.453146 -0.009131
0.334096 -0.007214
0.230025 -0.005638
0.142639 -0.004362
0.071696 -0.003341
0.015851 -0.002536
-0.026719 -0.001908
-0.057938 -0.001046
-0.079625 0.005666
-0.093424 0.031212
-0.100793 0.087284
-0.103021 0.176884
-0.101250 0.293432
-0.096493 0.419615
-0.089639 0.529856
-0.081451 0.602032
-0.072572 0.626161
-0.063520 0.605064
-0.054695 0.549673
-0.046386 0.473662
-0.038784 0.389498
-0.031998 0.306502
-0.026069 0.230500
-0.020987 0.164366
-0.016706 0.108895
-0.013156 0.063648
-0.010255 0.027594
-0.007916 -0.000476
-0.006054 -0.021727
-0.004589 -0.037200
-0.003072 -0.047797
0.004189 -0.054313
0.030154 -0.057462
0.086542 -0.057898
0.176379 -0.056225
0.293440 -0.052996
0.426066 -0.048707
0.561270 -0.043788
0.683022 -0.038596
0.771409 -0.033414
0.811278 -0.028455
0.798855 -0.023865
0.741500 -0.019732
0.652904 -0.016099
0.548055 -0.012971
0.439746 -0.010328
0.337061 -0.008133
0.245331 -0.006336
0.166879 -0.004888
0.101987 -0.003734
0.049773 -0.002827
0.008832 -0.002122
-0.022369 -0.001202
-0.045284 0.005553
-0.061222 0.031131
-0.071338 0.087226
-0.076660 0.176506
-0.078118 0.287090
-0.076553 0.394349
-0.072729 0.473993
-0.067328 0.512588
-0.060943 0.509391
-0.054070 0.472652
-0.047111 0.414248
-0.040370 0.345682
-0.034065 0.275925
-0.028335 0.210829
-0.023253 0.153479
-0.018843 0.104951
-0.015088 0.065079
-0.011946 0.033072
-0.009357 0.007922
-0.007255 -0.011363
-0.005571 -0.025671
-0.004239 -0.035391
-0.003197 -0.035600
-0.002391 -0.013929
-0.001774 0.040751
-0.001306 0.130923
-0.000913 0.249866
-0.000622 0.385472
-0.000409 0.524739
-0.000253 0.656515
-0.000139 0.767993
-0.000058 0.842526
0.000000 0.867549
0.000000 0.841032
0.000000 0.771192
0.000000 0.672055
0.000000 0.558596
0.000000 0.443419
0.000000 0.335367
0.000000 0.239539
0.000000 0.158060
0.000000 0.091053
0.000000 0.037500
0.000000 -0.004121
0.000000 -0.035073
0.000000 -0.051332
0.000000 -0.041347
0.000000 0.005302
0.000000 0.090146
0.000000 0.200286
0.000000 0.310172
0.000000 0.394695
0.000000 0.439652
0.000000 0.443774
0.000000 0.414741
0.000000 0.364022
0.000000 0.302817
0.000000 0.239886
0.000000 0.180948
0.000000 0.129028
0.000000 0.085189
0.000000 0.049293
0.000000 0.020600
0.000000 -0.001828
0.000000 -0.018531
0.000000 -0.024737
0.000000 -0.008178
0.000000 0.042219
0.000000 0.128904
0.000000 0.245133
0.000000 0.378421
0.000000 0.510071
0.000000 0.616270
0.000000 0.678035
0.000000 0.688594
0.000000 0.653206
0.000000 0.584415
0.000000 0.496728
0.000000 0.402837
0.000000 0.312050
0.000000 0.229962
0.000000 0.159179
0.000000 0.100251
0.000000 0.052533
0.000000 0.014835
0.000000 -0.014182
0.000000 -0.035792
0.000000 -0.051136
0.000000 -0.061215
0.000000 -0.066914
0.000000 -0.069036
0.000000 -0.068317
0.000000 -0.065433
0.000000 -0.060954
0.000000 -0.055474
0.000000 -0.049454
0.000000 -0.043270
0.000000 -0.037255
0.000000 -0.031570
0.000000 -0.026360
0.000000 -0.021707
0.000000 -0.017645
0.000000 -0.014169
0.000000 -0.011247
0.000000 -0.008831
0.000000 -0.006862
0.000000 -0.005280
0.000000 -0.004025
0.000000 -0.003041
0.000000 -0.002278
0.000000 -0.001693
0.000000 -0.001248
0.000000 -0.000913
0.000000 -0.000622
0.000000 -0.000409
0.000000 -0.000253
0.000000 -0.000139
0.000000 -0.000058
0.000000 0.000000
0.000000 0.000000
0.000000 0.000000
0.000000 0.000000
0.000000 0.000000
0.000000 0.000000
0.000000 0.000000
0.000000 0.000000
0.000000 0.000000
0.000000 0.000000
0.000000 0.000000
0.000000 0.000000
0.000000 0.000000
0.000000 0.000000
0.000000 0.000000
0.000000 0.000000
0.000000 0.000000
0.000000 0.000000
0.000000 0.000000
0.000000 0.000000
0.000000 0.000000
0.000000 0.000000
0.000000 0.000000
0.000000 0.000000
0.000000 0.000000
0.000000 0.000000
0.000000 0.000000
0.000000 0.000000
0.000000 0.000000
0.000000 0.000000
0.000000 0.000000
0.000000 0.000000
0.000000 0.000000
0.000000 0.000000
0.000000 0.000000
0.000000 0.000000
0.000000 0.000000
0.000000 0.000000
0.000000 0.000000
0.000000 0.000000
0.000000 0.000000
0.000000 0.000000
0.000000 0.000000
0.000000 0.000000
0.000000 0.000000
0.000000 0.000000
0.000000 0.000000
0.000000 0.000000
0.000000 0.000000
0.000000 0.000000
0.000000 0.000000
0.000000 0.000000
0.000000 0.000000
0.000000 0.000000
0.000000 0.000000
0.000000 0.000000
0.000000 0.000000
0.000000 0.000000
0.000000 0.000000
0.000000 0.000000
0.000000 0.000000
0.000000 0.000000
0.000000 0.000000
0.000000 0.000000
0.000000 0.000000
0.000000 0.000000
0.000000 0.000000
0.000000 0.000000
0.000000 0.000000
0.000000 0.000000
0.000000 0.000000
0.000000 0.000000
0.000000 0.000000
0.000000 0.000000
0.000000 0.000000
0.000000 0.000000
0.000000 0.000000
0.000000 0.000000
0.000000 0.000000
0.000000 0.000000
0.000000 0.000000
0.000000 0.000000
0.000000 0.000000
0.000000 0.000000
