0.000000 0.000000
0.000000 0.000000
0.000000 0.000000
0.000000 0.000000
0.000000 0.000000
0.000000 0.000000
0.000000 0.000000
0.000000 0.000000
0.000000 0.000000
0.000000 0.000000
0.000000 0.000000
0.000000 0.000000
0.000000 0.000000
0.000000 0.000000
0.000000 0.000000
0.000378 0.000000
0.006719 0.000000
0.031986 0.000000
0.087849 0.000000
0.177292 0.000000
0.294062 0.000000
0.426474 0.000000
0.561900 0.000000
0.689881 0.000000
0.803075 0.000000
0.892407 0.000000
0.944162 0.000000
0.947714 0.000000
0.902086 0.000000
0.815893 0.000000
0.703152 0.000000
0.578614 0.000000
0.454577 0.000000
0.339574 0.000000
0.238423 0.000000
0.153003 0.000000
0.083224 0.000000
0.027880 0.000000
-0.014725 0.000000
-0.046391 0.000000
-0.068825 0.000000
-0.083569 0.000000
-0.091993 0.000000
-0.095316 0.000378
-0.094623 0.006719
-0.090885 0.031986
-0.084965 0.087849
-0.077610 0.176914
-0.069458 0.287343
-0.061026 0.394488
-0.052720 0.474051
-0.044839 0.512588
-0.037586 0.509391
-0.031079 0.472652
-0.025370 0.414248
-0.020461 0.345682
-0.016313 0.275925
-0.012865 0.210829
-0.010041 0.153479
-0.007760 0.104951
-0.005941 0.065079
-0.004508 0.033072
-0.003391 0.008300
-0.002531 -0.004643
-0.001832 0.006315
-0.001306 0.052080
-0.000913 0.134595
-0.000622 0.241427
-0.000409 0.347391
-0.000253 0.427682
-0.000139 0.468392
-0.000058 0.468388
0.000000 0.435492
0.000000 0.381260
0.000000 0.316941
0.000000 0.251311
0.000000 0.190078
0.000000 0.136241
0.000000 0.090827
0.000000 0.053654
0.000000 0.023941
0.000000 0.001086
0.000000 -0.010281
0.000000 0.001953
0.000000 0.048738
0.000000 0.132436
0.000000 0.246239
0.000000 0.377953
0.000000 0.514099
0.000000 0.638191
0.000000 0.729900
0.000000 0.773709
0.000000 0.765615
0.000000 0.712620
0.000000 0.628231
0.000000 0.527305
0.000000 0.422508
0.000000 0.322937
0.000000 0.233906
0.000000 0.157748
0.000000 0.094773
0.000000 0.044135
0.000000 0.004470
0.000000 -0.025710
0.000000 -0.047443
0.000000 -0.056411
0.000000 -0.040775
0.000000 0.010134
0.000000 0.098400
0.000000 0.216945
0.000000 0.353336
0.000000 0.494319
0.000000 0.628798
0.000000 0.748947
0.000000 0.845296
0.000000 0.903792
0.000000 0.913649
0.000000 0.873751
0.000000 0.792639
0.000000 0.684309
0.000000 0.563525
0.000000 0.442631
0.000000 0.330217
0.000000 0.231168
0.000000 0.147432
0.000000 0.078985
0.000000 0.024683
0.000000 -0.017117
0.000378 -0.048165
0.006719 -0.070131
0.031986 -0.084482
0.087849 -0.092616
0.176914 -0.095724
0.287343 -0.094875
0.394488 -0.091025
0.474051 -0.085023
0.512588 -0.077610
0.509391 -0.069458
0.472652 -0.061026
0.414248 -0.052720
0.345682 -0.044839
0.275925 -0.037586
0.210829 -0.031079
0.153479 -0.025370
0.104951 -0.020461
0.065079 -0.016313
0.033072 -0.012865
0.008300 -0.010041
-0.004643 -0.007760
0.006315 -0.005941
0.052080 -0.004508
0.134973 -0.003391
0.248147 -0.002531
0.378999 -0.001832
0.508811 -0.001306
0.613698 -0.000913
0.674602 -0.000622
0.684674 -0.000409
0.649098 -0.000253
0.580348 -0.000139
0.492864 -0.000058
0.399324 0.000000
0.308936 0.000000
0.227263 0.000000
0.156885 0.000000
0.098334 0.000000
0.050957 0.000000
0.013558 0.000000
-0.015202 0.000378
-0.036597 0.006719
-0.051764 0.031986
-0.061699 0.087849
-0.067284 0.177292
-0.069316 0.294062
-0.068527 0.426474
-0.065589 0.561522
-0.061110 0.683161
-0.055587 0.771467
-0.049535 0.811278
-0.043328 0.798855
-0.037255 0.741500
-0.031570 0.652904
-0.026360 0.548055
-0.021707 0.439746
-0.017645 0.337061
-0.014169 0.245331
-0.011247 0.166879
-0.008831 0.101987
-0.006862 0.049773
-0.005280 0.008832
-0.004025 -0.022369
-0.003041 -0.045284
-0.002278 -0.061222
-0.001693 -0.071338
-0.000870 -0.076660
0.005806 -0.078118
0.031364 -0.076553
0.087440 -0.072729
0.177040 -0.067328
0.293923 -0.060943
0.426038 -0.054070
0.555180 -0.047111
0.657895 -0.040370
0.715604 -0.034065
0.721834 -0.028335
0.682085 -0.023253
0.609088 -0.018843
0.517478 -0.015088
0.420074 -0.011946
0.326174 -0.009357
0.241387 -0.007255
0.168310 -0.005571
0.107464 -0.004239
0.058171 -0.003197
0.019196 -0.002391
-0.010840 -0.001774
-0.032878 -0.001306
-0.042509 -0.000913
-0.027805 -0.000622
0.021988 -0.000409
0.109030 -0.000253
0.226309 -0.000139
0.361450 -0.000058
0.501199 0.000000
0.634546 0.000000
0.754057 0.000000
0.855479 0.000000
0.932173 0.000000
0.972006 0.000000
0.965170 0.000000
0.910955 0.000000
0.817919 0.000000
0.699870 0.000000
0.571310 0.000000
0.444315 0.000000
0.327234 0.000000
0.224744 0.000000
0.138614 0.000000
0.068654 0.000000
0.013573 0.000000
-0.028412 0.000000
-0.058808 0.000000
-0.073819 0.000000
-0.062061 0.000000
-0.013353 0.000000
0.073641 0.000000
0.185953 0.000000
0.297937 0.000000
0.384413 0.000000
0.431137 0.000000
0.436818 0.000000
0.409132 0.000000
0.359553 0.000000
0.299296 0.000000
0.237142 0.000000
0.178831 0.000000
0.127410 0.000000
0.083965 0.000000
0.048374 0.000000
0.019916 0.000000
-0.001955 0.000000
-0.012559 0.000000
0.000261 0.000000
0.047490 0.000000
0.131523 0.000000
0.245616 0.000000
0.377167 0.000000
0.507505 0.000000
0.612785 0.000000
0.673980 0.000000
0.684265 0.000000
0.648845 0.000000
0.580208 0.000000
0.492806 0.000000
0.399324 0.000000
0.308936 0.000000
0.227263 0.000000
0.156885 0.000000
0.098334 0.000000
0.050957 0.000000
0.013558 0.000000
-0.015202 0.000000
-0.036597 0.000000
-0.051764 0.000378
-0.061699 0.006719
-0.067284 0.031986
-0.069316 0.087849
-0.068527 0.177292
-0.065589 0.294062
-0.061110 0.426096
-0.055587 0.555180
-0.049535 0.657895
-0.043328 0.715604
-0.037255 0.721834
-0.031570 0.682085
-0.026360 0.609088
-0.021707 0.517478
-0.017645 0.420074
-0.014169 0.326174
-0.011247 0.241387
-0.008831 0.168310
-0.006862 0.107464
-0.005280 0.058171
-0.004025 0.019196
-0.003041 -0.010463
-0.002278 -0.026536
-0.001693 -0.017242
-0.001248 0.028058
-0.000913 0.111054
-0.000622 0.219080
-0.000409 0.326735
-0.000253 0.409027
-0.000139 0.451887
-0.000058 0.454056
0.000000 0.423256
0.000000 0.370978
0.000000 0.308427
0.000000 0.244355
0.000000 0.184469
0.000000 0.131772
0.000000 0.087306
0.000000 0.050910
0.000000 0.021824
0.000378 -0.000909
0.006719 -0.018225
0.031986 -0.030951
0.087849 -0.039794
0.176914 -0.045361
0.287343 -0.048193
0.394488 -0.048790
0.474051 -0.047617
0.512588 -0.045110
0.509391 -0.041625
0.472652 -0.037569
0.414248 -0.033240
0.345682 -0.028880
0.275925 -0.024673
0.210829 -0.020750
0.153479 -0.017238
0.104951 -0.014124
0.065079 -0.011425
0.033072 -0.009131
0.007922 -0.007214
-0.011363 -0.005638
-0.025671 -0.004362
-0.035769 -0.003341
-0.041942 -0.002536
-0.039196 -0.001908
-0.015111 -0.001424
0.041479 -0.001054
0.133096 -0.000774
0.253060 -0.000564
0.389314 -0.000409
0.528912 -0.000253
0.661140 -0.000139
0.778461 -0.000058
0.871656 0.000000
0.926924 0.000000
0.933589 0.000000
0.890661 0.000000
0.806762 0.000000
0.695939 0.000000
0.572976 0.000000
0.450215 0.000000
0.336232 0.000000
0.235887 0.000000
0.151095 0.000000
0.081800 0.000000
0.026826 0.000000
-0.015499 0.000000
-0.046955 0.000000
-0.069233 0.000000
-0.083821 0.000000
-0.092133 0.000000
-0.095374 0.000000
-0.094245 0.000000
-0.084166 0.000000
-0.052979 0.000000
0.010238 0.000000
0.107457 0.000000
0.226317 0.000000
0.341768 0.000000
0.429212 0.000000
0.475003 0.000000
0.478312 0.000000
0.447282 0.000000
0.393787 0.000000
0.329369 0.000000
0.263061 0.000000
0.200788 0.000000
0.145719 0.000000
0.099010 0.000000
0.060571 0.000000
0.029680 0.000000
0.005770 0.000000
-0.006475 0.000000
0.005009 0.000000
0.051166 0.000000
0.134350 0.000000
0.247361 0.000000
0.372405 0.000000
0.483405 0.000000
0.557778 0.000000
0.585158 0.000000
0.567904 0.000000
0.516686 0.000000
0.444922 0.000000
0.364883 0.000000
0.285752 0.000000
0.213263 0.000000
0.150242 0.000000
0.097470 0.000000
0.054518 0.000000
0.020380 0.000000
-0.005736 0.000000
-0.019369 0.000000
-0.008555 0.000000
0.037515 0.000000
0.120693 0.000000
0.228457 0.000000
0.335537 0.000000
0.417053 0.000000
0.459028 0.000000
0.460275 0.000000
0.428612 0.000000
0.375512 0.000000
0.312209 0.000000
0.247470 0.000000
0.186963 0.000000
0.133747 0.000000
0.088852 0.000000
0.052108 0.000000
0.022743 0.000000
-0.000210 0.000378
-0.017699 0.006719
-0.030559 0.031986
-0.039503 0.087849
-0.045147 0.176914
-0.048037 0.287343
-0.048677 0.394488
-0.047536 0.474051
-0.045052 0.512588
-0.041625 0.509391
-0.037569 0.472652
-0.033240 0.414248
-0.028880 0.345682
-0.024673 0.275925
-0.020750 0.210829
-0.017238 0.153479
-0.014124 0.104951
-0.011425 0.065079
-0.009131 0.033072
-0.007214 0.008300
-0.005638 -0.004643
-0.004362 0.006315
-0.003341 0.052080
-0.002536 0.134595
-0.001908 0.241427
-0.001424 0.347391
-0.001054 0.427682
-0.000774 0.468392
-0.000564 0.468388
-0.000409 0.435492
-0.000253 0.381260
-0.000139 0.316941
-0.000058 0.251311
0.000000 0.190078
0.000000 0.136241
0.000000 0.090827
0.000000 0.053654
0.000000 0.023941
0.000378 0.000709
0.006719 -0.017001
0.031986 -0.030033
0.087849 -0.039110
0.176914 -0.044856
0.287343 -0.047824
0.394488 -0.048521
0.474051 -0.047423
0.512588 -0.044970
0.509391 -0.041567
0.472652 -0.037569
0.414248 -0.033240
0.345682 -0.028880
0.275925 -0.024673
0.210829 -0.020750
0.153479 -0.017238
0.104951 -0.014124
0.065079 -0.011425
0.033072 -0.009131
0.007922 -0.007214
-0.011363 -0.005260
-0.025671 0.002358
-0.035769 0.028645
-0.042320 0.085312
-0.045915 0.175006
-0.047097 0.285919
-0.046369 0.393434
-0.044196 0.473278
-0.041002 0.512024
-0.037160 0.508982
-0.032988 0.472400
-0.028740 0.414108
-0.024614 0.345623
-0.020750 0.275925
-0.017238 0.210829
-0.014124 0.153479
-0.011425 0.104951
-0.009131 0.065079
-0.007214 0.033072
-0.005260 0.007922
0.002358 -0.011363
0.028645 -0.025671
0.085312 -0.035769
0.175006 -0.042320
0.285919 -0.045915
0.393434 -0.047097
0.473278 -0.046369
0.512024 -0.044196
0.508982 -0.041002
0.472400 -0.037160
0.414108 -0.032988
0.345623 -0.028740
0.275925 -0.024614
0.210829 -0.020750
0.153479 -0.017238
0.104951 -0.014124
0.065079 -0.011425
0.033072 -0.009131
0.007922 -0.006836
-0.011363 0.001081
-0.025671 0.027625
-0.035769 0.084507
-0.042320 0.174378
-0.045915 0.285435
-0.047097 0.393064
-0.046369 0.472998
-0.044196 0.511815
-0.041002 0.508826
-0.037160 0.472244
-0.032988 0.413995
-0.028740 0.345542
-0.024614 0.275867
-0.020750 0.210829
-0.017238 0.153479
-0.014124 0.104951
-0.011425 0.065079
-0.009131 0.033072
-0.007214 0.008300
-0.005638 -0.004643
-0.004362 0.006315
-0.003341 0.052080
-0.002536 0.134973
-0.001908 0.248147
-0.001424 0.379377
-0.001054 0.515153
-0.000774 0.638965
-0.000564 0.730464
-0.000409 0.774117
-0.000253 0.765868
-0.000139 0.712760
-0.000058 0.628290
0.000000 0.527305
0.000000 0.422508
0.000000 0.322937
0.000000 0.233906
0.000000 0.157748
0.000000 0.094773
0.000000 0.044135
0.000000 0.004470
0.000000 -0.025710
0.000000 -0.047820
0.000000 -0.063130
0.000000 -0.072761
0.000378 -0.077714
0.006719 -0.078892
0.031986 -0.077117
0.087849 -0.073138
0.176914 -0.067581
0.287343 -0.061082
0.394488 -0.054128
0.474051 -0.047111
0.512588 -0.040370
0.509391 -0.034065
0.472652 -0.028335
0.414248 -0.023253
0.345682 -0.018843
0.275925 -0.015088
0.210829 -0.011946
0.153479 -0.009357
0.104951 -0.007255
0.065079 -0.005571
0.033072 -0.004239
0.007922 -0.002819
-0.011363 0.004328
-0.025671 0.030212
-0.035769 0.086542
-0.042320 0.176379
-0.045915 0.293062
-0.047097 0.419346
-0.046369 0.529661
-0.044196 0.601893
-0.041002 0.626102
-0.037160 0.605064
-0.032988 0.549673
-0.028740 0.473662
-0.024614 0.389498
-0.020750 0.306502
-0.017238 0.230500
-0.014124 0.164366
-0.011425 0.108895
-0.009131 0.063648
-0.007214 0.027594
-0.005260 -0.000476
0.002358 -0.021727
0.028645 -0.037200
0.085312 -0.047797
0.175384 -0.054313
0.292639 -0.057462
0.425420 -0.057898
0.561126 -0.056225
0.689316 -0.052996
0.802667 -0.048707
0.892154 -0.043788
0.944022 -0.038596
0.947656 -0.033414
0.902086 -0.028455
0.815893 -0.023865
0.703152 -0.019732
0.578614 -0.016099
0.454577 -0.012971
0.339574 -0.010328
0.238423 -0.008133
0.153003 -0.006336
0.083224 -0.004888
0.027880 -0.003734
-0.014725 -0.002827
-0.046391 -0.002122
-0.068825 -0.001580
-0.083569 -0.001167
-0.091993 -0.000855
-0.094938 -0.000622
-0.087903 -0.000409
-0.058899 -0.000253
0.002884 -0.000139
0.099304 -0.000058
0.217885 0.000000
0.333463 0.000000
0.421331 0.000000
0.467749 0.000000
0.471805 0.000000
0.441573 0.000000
0.388877 0.000000
0.325221 0.000000
0.259613 0.000000
0.197964 0.000000
0.143438 0.000000
0.097191 0.000000
0.059138 0.000000
0.028564 0.000000
0.004531 0.000378
-0.013893 0.006719
-0.027503 0.031986
-0.037075 0.087849
-0.043233 0.176914
-0.046538 0.287343
-0.047506 0.394488
-0.046622 0.474051
-0.044336 0.512588
-0.041060 0.509391
-0.037160 0.472652
-0.032988 0.414248
-0.028740 0.345682
-0.024614 0.275925
-0.020750 0.210829
-0.017238 0.153479
-0.014124 0.104951
-0.011425 0.065079
-0.009131 0.033072
-0.006836 0.007922
0.001081 -0.011363
0.027625 -0.025671
0.084507 -0.035769
0.174378 -0.042320
0.285435 -0.045915
0.393064 -0.047097
0.472998 -0.046369
0.511815 -0.044196
0.508826 -0.041002
0.472244 -0.037160
0.413995 -0.032988
0.345542 -0.028740
0.275867 -0.024614
0.210829 -0.020750
0.153479 -0.017238
0.104951 -0.014124
0.065079 -0.011425
0.033072 -0.009131
0.007922 -0.006836
-0.011363 0.001081
-0.025671 0.027625
-0.035769 0.084507
-0.042320 0.174378
-0.045915 0.285435
-0.047097 0.393064
-0.046369 0.472998
-0.044196 0.511815
-0.041002 0.508826
-0.037160 0.472244
-0.032988 0.413995
-0.028740 0.345542
-0.024614 0.275867
-0.020750 0.210829
-0.017238 0.153479
-0.014124 0.104951
-0.011425 0.065079
-0.009131 0.033072
-0.007214 0.008300
-0.005638 -0.004643
-0.004362 0.006315
-0.003341 0.052080
-0.002536 0.134595
-0.001908 0.241427
-0.001424 0.347391
-0.001054 0.427682
-0.000774 0.468392
-0.000564 0.468388
-0.000409 0.435492
-0.000253 0.381260
-0.000139 0.316941
-0.000058 0.251311
0.000000 0.190078
0.000000 0.136241
0.000000 0.090827
0.000000 0.053654
0.000000 0.023941
0.000000 0.001086
0.000000 -0.010281
0.000000 0.001953
0.000000 0.048738
0.000000 0.132436
0.000000 0.245861
0.000000 0.371234
0.000000 0.482491
0.000000 0.557062
0.000000 0.584594
0.000000 0.567495
0.000000 0.516433
0.000000 0.444783
0.000000 0.364825
0.000000 0.285752
0.000000 0.213263
0.000000 0.150242
0.000000 0.097470
0.000000 0.054518
0.000000 0.020380
0.000000 -0.005736
0.000000 -0.019369
0.000000 -0.008555
0.000000 0.037515
0.000000 0.121071
0.000000 0.235176
0.000000 0.367523
0.000000 0.504901
0.000000 0.636320
0.000000 0.753959
0.000000 0.848366
0.000000 0.905426
0.000000 0.914241
0.000000 0.873631
0.000000 0.792028
0.000000 0.683420
0.000000 0.562514
0.000000 0.441606
0.000000 0.329245
0.000000 0.230290
0.000000 0.146667
0.000000 0.078337
0.000000 0.024145
0.000000 -0.017553
0.000000 -0.048513
0.000000 -0.070404
0.000000 -0.084736
0.000000 -0.092849
0.000000 -0.095938
0.000000 -0.095031
0.000000 -0.091138
0.000000 -0.085104
0.000000 -0.077669
0.000000 -0.069458
0.000000 -0.061026
0.000000 -0.052720
0.000000 -0.044839
0.000000 -0.037586
0.000000 -0.031079
0.000000 -0.025370
0.000000 -0.020461
0.000000 -0.016313
0.000000 -0.012865
0.000000 -0.010041
0.000000 -0.007760
0.000000 -0.005941
0.000000 -0.004508
0.000000 -0.003391
0.000000 -0.002531
0.000000 -0.001832
0.000000 -0.001306
0.000000 -0.000913
0.000000 -0.000622
0.000000 -0.000409
0.000000 -0.000253
0.000000 -0.000139
0.000000 -0.000058
0.000000 0.000000
0.000000 0.000000
0.000000 0.000000
0.000000 0.000000
0.000000 0.000000
0.000000 0.000000
0.000000 0.000000
0.000000 0.000000
0.000000 0.000000
0.000000 0.000000
0.000000 0.000000
0.000000 0.000000
0.000000 0.000000
0.000000 0.000000
0.000000 0.000000
0.000000 0.000000
0.000000 0.000000
0.000000 0.000000
0.000000 0.000000
0.000000 0.000000
0.000000 0.000000
0.000000 0.000000
0.000000 0.000000
0.000000 0.000000
0.000000 0.000000
0.000000 0.000000
0.000000 0.000000
0.000000 0.000000
0.000000 0.000000
0.000000 0.000000
0.000000 0.000000
0.000000 0.000000
0.000000 0.000000
0.000000 0.000000
0.000000 0.000000
0.000000 0.000000
0.000000 0.000000
0.000000 0.000000
0.000000 0.000000
0.000000 0.000000
0.000000 0.000000
0.000000 0.000000
0.000000 0.000000
0.000000 0.000000
0.000000 0.000000
0.000000 0.000000
0.000000 0.000000
0.000000 0.000000
0.000000 0.000000
0.000000 0.000000
0.000000 0.000000
0.000000 0.000000
0.000000 0.000000
0.000000 0.000000
0.000000 0.000000
0.000000 0.000000
0.000000 0.000000
0.000000 0.000000
0.000000 0.000000
0.000000 0.000000
0.000000 0.000000
0.000000 0.000000
0.000000 0.000000
0.000000 0.000000
0.000000 0.000000
0.000000 0.000000
0.000000 0.000000
0.000000 0.000000
0.000000 0.000000
0.000000 0.000000
0.000000 0.000000
0.000000 0.000000
0.000000 0.000000
0.000000 0.000000
0.000000 0.000000
0.000000 0.000000
0.000000 0.000000
0.000000 0.000000
0.000000 0.000000
0.000000 0.000000
0.000000 0.000000
0.000000 0.000000
0.000000 0.000000
0.000000 0.000000
0.000000 0.000000
0.000000 0.000000
0.000000 0.000000
