0.000000 0.000000
0.000000 0.000000
0.000000 0.000000
0.000000 0.000000
0.000000 0.000000
0.000000 0.000000
0.000000 0.000000
0.000000 0.000000
0.000000 0.000000
0.000000 0.000000
0.000000 0.000000
0.000000 0.000000
0.000000 0.000000
0.000000 0.000000
0.000000 0.000000
0.000000 0.000378
0.000000 0.006719
0.000000 0.031986
0.000000 0.087849
0.000000 0.176914
0.000000 0.287343
0.000000 0.394488
0.000000 0.474051
0.000000 0.512588
0.000000 0.509391
0.000000 0.472652
0.000000 0.414248
0.000000 0.345682
0.000000 0.275925
0.000000 0.210829
0.000000 0.153479
0.000000 0.104951
0.000000 0.065079
0.000000 0.033072
0.000378 0.007922
0.006719 -0.011363
0.031986 -0.025671
0.087849 -0.035769
0.176914 -0.042320
0.287343 -0.045915
0.394488 -0.047097
0.474051 -0.046369
0.512588 -0.044196
0.509391 -0.041002
0.472652 -0.037160
0.414248 -0.032988
0.345682 -0.028740
0.275925 -0.024614
0.210829 -0.020750
0.153479 -0.017238
0.104951 -0.014124
0.065079 -0.011425
0.033072 -0.009131
0.007922 -0.006836
-0.011363 0.001081
-0.025671 0.027625
-0.035769 0.084507
-0.042320 0.174756
-0.045915 0.292154
-0.047097 0.425050
-0.046369 0.560846
-0.044196 0.689107
-0.041002 0.802889
-0.037160 0.898340
-0.032988 0.969176
-0.028740 1.003437
-0.024614 0.991471
-0.020750 0.932663
-0.017238 0.835564
-0.014124 0.714039
-0.011425 0.582558
-0.009131 0.453146
-0.007214 0.334096
-0.005638 0.230025
-0.004362 0.142639
-0.003341 0.071696
-0.002536 0.015851
-0.001908 -0.026719
-0.001424 -0.057938
-0.000676 -0.079625
0.005946 -0.093424
0.031422 -0.100793
0.087440 -0.103021
0.177040 -0.101250
0.293923 -0.096493
0.426416 -0.089639
0.561900 -0.081451
0.689881 -0.072572
0.803453 -0.063520
0.898749 -0.054695
0.969428 -0.046386
1.003576 -0.038784
0.991530 -0.031998
0.932663 -0.026069
0.835564 -0.020987
0.714039 -0.016706
0.582558 -0.013156
0.453146 -0.010255
0.334096 -0.007916
0.230025 -0.006054
0.142639 -0.004589
0.071696 -0.003450
0.015851 -0.002531
-0.026719 -0.001832
-0.057938 -0.001306
-0.079625 -0.000913
-0.093424 -0.000622
-0.100415 -0.000409
-0.096301 -0.000253
-0.069264 -0.000139
-0.008645 -0.000058
0.087276 0.000000
0.205891 0.000000
0.321916 0.000000
0.410531 0.000000
0.457894 0.000000
0.463005 0.000000
0.433868 0.000000
0.382250 0.000000
0.319613 0.000000
0.254939 0.000000
0.194123 0.000000
0.140323 0.000000
0.094697 0.000000
0.057163 0.000000
0.027017 0.000000
0.003333 0.000000
-0.014812 0.000000
-0.028202 0.000378
-0.037601 0.006719
-0.043626 0.031986
-0.046829 0.087849
-0.047720 0.177292
-0.046778 0.294062
-0.044449 0.426474
-0.041142 0.561900
-0.037219 0.689881
-0.032988 0.803453
-0.028740 0.898749
-0.024614 0.969428
-0.020750 1.003576
-0.017238 0.991530
-0.014124 0.932663
-0.011425 0.835564
-0.009131 0.714039
-0.007214 0.582558
-0.005638 0.453146
-0.004362 0.334096
-0.003341 0.230025
-0.002536 0.142639
-0.001908 0.071696
-0.001424 0.015851
-0.001054 -0.026719
-0.000396 -0.057938
0.006155 -0.079625
0.031578 -0.093424
0.087596 -0.100793
0.176775 -0.103021
0.287285 -0.101250
0.394488 -0.096493
0.474051 -0.089639
0.512588 -0.081451
0.509391 -0.072572
0.472652 -0.063520
0.414248 -0.054695
0.345682 -0.046386
0.275925 -0.038784
0.210829 -0.031998
0.153479 -0.026069
0.104951 -0.020987
0.065079 -0.016706
0.033072 -0.013156
0.007922 -0.010255
-0.011363 -0.007538
-0.025671 0.000665
-0.035769 0.027397
-0.042320 0.084399
-0.045915 0.174384
-0.047097 0.285511
-0.046369 0.393182
-0.044196 0.473138
-0.041002 0.511966
-0.037160 0.508982
-0.032988 0.472400
-0.028740 0.414108
-0.024614 0.345623
-0.020750 0.275925
-0.017238 0.210829
-0.014124 0.153479
-0.011425 0.104951
-0.009131 0.065079
-0.007214 0.033072
-0.005638 0.007922
-0.004362 -0.011363
-0.003341 -0.025671
-0.002536 -0.035769
-0.001908 -0.042320
-0.001046 -0.045915
0.005666 -0.047097
0.031212 -0.046369
0.087284 -0.044196
0.176884 -0.041002
0.293810 -0.037160
0.426335 -0.032988
0.561464 -0.028740
0.683161 -0.024614
0.771467 -0.020750
0.811278 -0.017238
0.798855 -0.014124
0.741500 -0.011425
0.652904 -0.009131
0.548055 -0.007214
0.439746 -0.005638
0.337061 -0.004362
0.245331 -0.003341
0.166879 -0.002536
0.101987 -0.001908
0.049773 -0.001424
0.008832 -0.001054
-0.022369 -0.000774
-0.045284 -0.000187
-0.061222 0.006311
-0.071338 0.031734
-0.076660 0.087709
-0.078118 0.176856
-0.076553 0.287343
-0.072729 0.394488
-0.067328 0.474051
-0.060943 0.512588
-0.054070 0.509391
-0.047111 0.472652
-0.040370 0.414248
-0.034065 0.345682
-0.028335 0.275925
-0.023253 0.210829
-0.018843 0.153479
-0.015088 0.104951
-0.011946 0.065079
-0.009357 0.033072
-0.006878 0.007922
0.001148 -0.011363
0.027747 -0.025671
0.084651 -0.035769
0.174523 -0.042320
0.285569 -0.045915
0.393182 -0.047097
0.473138 -0.046369
0.511966 -0.044196
0.508982 -0.041002
0.472400 -0.037160
0.414108 -0.032988
0.345623 -0.028740
0.275925 -0.024614
0.210829 -0.020750
0.153479 -0.017238
0.104951 -0.014124
0.065079 -0.011425
0.033072 -0.009131
0.008300 -0.007214
-0.004643 -0.005638
0.006315 -0.004362
0.052080 -0.003341
0.134973 -0.002536
0.247769 -0.001908
0.372657 -0.001424
0.483545 -0.001054
0.557836 -0.000774
0.585158 -0.000564
0.567904 -0.000409
0.516686 -0.000253
0.444922 -0.000139
0.364883 -0.000058
0.285752 0.000000
0.213263 0.000000
0.150242 0.000000
0.097470 0.000000
0.054518 0.000000
0.020380 0.000000
-0.006114 0.000378
-0.026089 0.006719
-0.040541 0.031986
-0.050333 0.087849
-0.056222 0.176914
-0.058886 0.287343
-0.058951 0.394488
-0.056999 0.474051
-0.053560 0.512588
-0.049116 0.509391
-0.044040 0.472652
-0.038735 0.414248
-0.033472 0.345682
-0.028455 0.275925
-0.023865 0.210829
-0.019732 0.153479
-0.016099 0.104951
-0.012971 0.065079
-0.010328 0.033072
-0.007755 0.007922
0.000383 -0.011363
0.027099 -0.025671
0.084114 -0.035769
0.174465 -0.042320
0.291940 -0.045915
0.424894 -0.047097
0.560733 -0.046369
0.689025 -0.044196
0.802830 -0.041002
0.898340 -0.037160
0.969176 -0.032988
1.003437 -0.028740
0.991471 -0.024614
0.932663 -0.020750
0.835564 -0.017238
0.714039 -0.014124
0.582558 -0.011425
0.453146 -0.009131
0.334096 -0.007214
0.230025 -0.005638
0.142639 -0.004362
0.071696 -0.003341
0.015851 -0.002536
-0.026719 -0.001908
-0.057938 -0.001424
-0.079625 -0.001054
-0.093424 -0.000774
-0.100415 -0.000564
-0.096301 -0.000409
-0.069264 -0.000253
-0.008645 -0.000139
0.087653 -0.000058
0.212611 0.000000
0.353524 0.000000
0.491660 0.000000
0.603200 0.000000
0.669219 0.000000
0.683050 0.000000
0.650088 0.000000
0.583019 0.000000
0.496491 0.000000
0.403369 0.000000
0.313018 0.000000
0.231133 0.000000
0.160394 0.000000
0.101410 0.000000
0.053582 0.000000
0.015747 0.000000
-0.013371 0.000378
-0.035088 0.006719
-0.050534 0.031986
-0.060704 0.087849
-0.066483 0.177292
-0.068671 0.294062
-0.068006 0.426474
-0.065164 0.561900
-0.060759 0.689881
-0.055335 0.803075
-0.049396 0.892407
-0.043270 0.944162
-0.037255 0.947714
-0.031570 0.902086
-0.026360 0.815893
-0.021707 0.703152
-0.017645 0.578614
-0.014169 0.454577
-0.011247 0.339574
-0.008831 0.238423
-0.006862 0.153003
-0.005280 0.083224
-0.004025 0.027880
-0.003041 -0.014725
-0.001900 -0.046391
0.005027 -0.068825
0.030738 -0.083569
0.086935 -0.091993
0.176292 -0.095316
0.286934 -0.094623
0.394236 -0.090885
0.473912 -0.084965
0.512530 -0.077610
0.509391 -0.069458
0.472652 -0.061026
0.414248 -0.052720
0.345682 -0.044839
0.275925 -0.037586
0.210829 -0.031079
0.153479 -0.025370
0.104951 -0.020461
0.065079 -0.016313
0.033072 -0.012865
0.008300 -0.010041
-0.004643 -0.007760
0.006315 -0.005941
0.052080 -0.004508
0.134973 -0.003391
0.248147 -0.002531
0.379377 -0.001832
0.515531 -0.001306
0.645684 -0.000913
0.762073 -0.000622
0.855246 -0.000409
0.911174 -0.000253
0.918974 -0.000139
0.877472 -0.000058
0.795142 0.000000
0.685915 0.000000
0.564489 0.000000
0.443152 0.000000
0.330443 0.000000
0.231209 0.000000
0.147365 0.000000
0.078863 0.000000
0.024538 0.000000
-0.017262 0.000000
-0.048299 0.000000
-0.070248 0.000000
-0.084623 0.000000
-0.092767 0.000000
-0.095880 0.000000
-0.094653 0.000000
-0.084418 0.000000
-0.053118 0.000000
0.010180 0.000000
0.107457 0.000000
0.226317 0.000000
0.341768 0.000000
0.429212 0.000000
0.475003 0.000000
0.478312 0.000000
0.447282 0.000000
0.393787 0.000000
0.329369 0.000000
0.263061 0.000000
0.200788 0.000000
0.145719 0.000000
0.099010 0.000000
0.060571 0.000000
0.029680 0.000000
0.005392 0.000378
-0.013195 0.006719
-0.026977 0.031986
-0.036682 0.087849
-0.042942 0.176914
-0.046324 0.287343
-0.047350 0.394488
-0.046509 0.474051
-0.044254 0.512588
-0.041002 0.509391
-0.037160 0.472652
-0.032988 0.414248
-0.028740 0.345682
-0.024614 0.275925
-0.020750 0.210829
-0.017238 0.153479
-0.014124 0.104951
-0.011425 0.065079
-0.009131 0.033072
-0.006836 0.007922
0.001081 -0.011363
0.027625 -0.025671
0.084507 -0.035769
0.174756 -0.042320
0.292154 -0.045915
0.425050 -0.047097
0.560469 -0.046369
0.682387 -0.044196
0.770902 -0.041002
0.810869 -0.037160
0.798603 -0.032988
0.741361 -0.028740
0.652846 -0.024614
0.548055 -0.020750
0.439746 -0.017238
0.337061 -0.014124
0.245331 -0.011425
0.166879 -0.009131
0.101987 -0.007214
0.049773 -0.005638
0.008832 -0.004362
-0.022369 -0.002964
-0.045284 0.004183
-0.061222 0.030078
-0.071338 0.086425
-0.076660 0.175861
-0.078118 0.286569
-0.076553 0.393924
-0.072729 0.473643
-0.067328 0.512336
-0.060943 0.509251
-0.054070 0.472594
-0.047111 0.414248
-0.040370 0.345682
-0.034065 0.275925
-0.028335 0.210829
-0.023253 0.153479
-0.018843 0.104951
-0.015088 0.065079
-0.011946 0.033072
-0.008979 0.007922
-0.000536 -0.011363
0.026415 -0.025671
0.083610 -0.035769
0.174095 -0.042320
0.291671 -0.045915
0.424700 -0.047097
0.560594 -0.046369
0.688967 -0.044196
0.802453 -0.041002
0.891998 -0.037160
0.943909 -0.032988
0.947574 -0.028740
0.902028 -0.024614
0.815893 -0.020750
0.703152 -0.017238
0.578614 -0.014124
0.454577 -0.011425
0.339574 -0.009131
0.238423 -0.007214
0.153003 -0.005638
0.083224 -0.004362
0.027880 -0.003341
-0.014725 -0.002536
-0.046013 -0.001908
-0.062105 -0.001424
-0.051583 -0.001054
-0.004145 -0.000774
0.081976 -0.000564
0.199062 -0.000409
0.328869 -0.000253
0.444949 -0.000139
0.524422 -0.000058
0.556703 0.000000
0.544038 0.000000
0.496953 0.000000
0.428823 0.000000
0.351912 0.000000
0.275423 0.000000
0.205130 0.000000
0.143905 0.000000
0.092583 0.000000
0.050784 0.000000
0.017553 0.000000
-0.007858 0.000000
-0.020949 0.000000
-0.009722 0.000000
0.036660 0.000000
0.120070 0.000000
0.228048 0.000000
0.335284 0.000000
0.416913 0.000000
0.458970 0.000000
0.460275 0.000000
0.428612 0.000000
0.375512 0.000000
0.312209 0.000000
0.247470 0.000000
0.186963 0.000000
0.133747 0.000000
0.088852 0.000000
0.052108 0.000000
0.022743 0.000000
-0.000210 0.000378
-0.017699 0.006719
-0.030559 0.031986
-0.039503 0.087849
-0.045147 0.177292
-0.048037 0.294062
-0.048677 0.426474
-0.047536 0.561900
-0.045052 0.689881
-0.041625 0.803075
-0.037569 0.892407
-0.033240 0.944162
-0.028880 0.947714
-0.024673 0.902086
-0.020750 0.815893
-0.017238 0.703152
-0.014124 0.578614
-0.011425 0.454577
-0.009131 0.339574
-0.007214 0.238423
-0.005638 0.153003
-0.004362 0.083224
-0.003341 0.027880
-0.002536 -0.014725
-0.001530 -0.046391
0.005296 -0.068825
0.030932 -0.083569
0.087075 -0.091993
0.176728 -0.095316
0.293654 -0.094623
0.426222 -0.090885
0.561383 -0.084965
0.683103 -0.077610
0.771467 -0.069458
0.811278 -0.061026
0.798855 -0.052720
0.741500 -0.044839
0.652904 -0.037586
0.548055 -0.031079
0.439746 -0.025370
0.337061 -0.020461
0.245331 -0.016313
0.166879 -0.012865
0.101987 -0.010041
0.049773 -0.007760
0.008832 -0.005941
-0.022369 -0.004130
-0.045284 0.003328
-0.061222 0.029455
-0.071338 0.086016
-0.076660 0.175986
-0.078118 0.293149
-0.076553 0.425852
-0.072729 0.561491
-0.067328 0.689628
-0.060943 0.803313
-0.054070 0.898690
-0.047111 0.969428
-0.040370 1.003576
-0.034065 0.991530
-0.028335 0.932663
-0.023253 0.835564
-0.018843 0.714039
-0.015088 0.582558
-0.011946 0.453146
-0.009357 0.334096
-0.007255 0.230025
-0.005571 0.142639
-0.004239 0.071696
-0.003197 0.015851
-0.002391 -0.026719
-0.001396 -0.057938
0.005413 -0.079625
0.031073 -0.093424
0.087226 -0.100793
0.176884 -0.103021
0.293810 -0.101250
0.426335 -0.096493
0.561464 -0.089639
0.683161 -0.081451
0.771467 -0.072572
0.811278 -0.063520
0.798855 -0.054695
0.741500 -0.046386
0.652904 -0.038784
0.548055 -0.031998
0.439746 -0.026069
0.337061 -0.020987
0.245331 -0.016706
0.166879 -0.013156
0.101987 -0.010255
0.049773 -0.007916
0.008832 -0.006054
-0.022369 -0.004212
-0.045284 0.003270
-0.061222 0.029455
-0.071338 0.086016
-0.076660 0.175986
-0.078118 0.293149
-0.076553 0.425852
-0.072729 0.561491
-0.067328 0.689628
-0.060943 0.802936
-0.054070 0.892349
-0.047111 0.944162
-0.040370 0.947714
-0.034065 0.902086
-0.028335 0.815893
-0.023253 0.703152
-0.018843 0.578614
-0.015088 0.454577
-0.011946 0.339574
-0.009357 0.238423
-0.007255 0.153003
-0.005571 0.083224
-0.004239 0.027880
-0.003197 -0.014725
-0.002391 -0.046391
-0.001774 -0.068825
-0.001306 -0.083569
-0.000913 -0.091993
-0.000622 -0.094938
-0.000409 -0.087903
-0.000253 -0.058899
-0.000139 0.002884
-0.000058 0.099304
0.000000 0.217885
0.000000 0.333463
0.000000 0.421331
0.000000 0.467749
0.000000 0.471805
0.000000 0.441573
0.000000 0.388877
0.000000 0.325221
0.000000 0.259613
0.000000 0.197964
0.000000 0.143438
0.000000 0.097191
0.000000 0.059138
0.000000 0.028564
0.000000 0.004909
0.000000 -0.007174
0.000000 0.004483
0.000000 0.050774
0.000000 0.133681
0.000000 0.240805
0.000000 0.346982
0.000000 0.427430
0.000000 0.468253
0.000000 0.468330
0.000000 0.435492
0.000000 0.381260
0.000000 0.316941
0.000000 0.251311
0.000000 0.190078
0.000000 0.136241
0.000000 0.090827
0.000000 0.053654
0.000000 0.023941
0.000000 0.001086
0.000000 -0.010281
0.000000 0.001953
0.000000 0.048738
0.000000 0.132436
0.000000 0.245861
0.000000 0.371234
0.000000 0.482491
0.000000 0.557062
0.000000 0.584594
0.000000 0.567495
0.000000 0.516433
0.000000 0.444783
0.000000 0.364825
0.000000 0.285752
0.000000 0.213263
0.000000 0.150242
0.000000 0.097470
0.000000 0.054518
0.000000 0.020380
0.000000 -0.005736
0.000000 -0.019369
0.000000 -0.008555
0.000000 0.037515
0.000000 0.120693
0.000000 0.228457
0.000000 0.335537
0.000000 0.417053
0.000000 0.459028
0.000000 0.460275
0.000000 0.428612
0.000000 0.375512
0.000000 0.312209
0.000000 0.247470
0.000000 0.186963
0.000000 0.133747
0.000000 0.088852
0.000000 0.052108
0.000000 0.022743
0.000000 0.000167
0.000000 -0.010980
0.000000 0.001427
0.000000 0.048346
0.000000 0.131768
0.000000 0.239305
0.000000 0.345811
0.000000 0.426516
0.000000 0.467537
0.000000 0.467766
0.000000 0.435083
0.000000 0.381007
0.000000 0.316802
0.000000 0.251253
0.000000 0.190078
0.000000 0.136241
0.000000 0.090827
0.000000 0.053654
0.000000 0.023941
0.000000 0.000709
0.000000 -0.017001
0.000000 -0.030033
0.000000 -0.039110
0.000000 -0.044478
0.000000 -0.041104
0.000000 -0.016535
0.000000 0.040426
0.000000 0.132322
0.000000 0.252496
0.000000 0.388905
0.000000 0.528282
0.000000 0.654281
0.000000 0.746794
0.000000 0.790527
0.000000 0.781618
0.000000 0.727376
0.000000 0.641479
0.000000 0.538924
0.000000 0.432532
0.000000 0.331423
0.000000 0.240970
0.000000 0.163538
0.000000 0.099451
0.000000 0.047865
0.000000 0.007408
0.000000 -0.023423
0.000000 -0.046058
0.000000 -0.061786
0.000000 -0.071746
0.000000 -0.076913
0.000000 -0.078257
0.000000 -0.076611
0.000000 -0.072729
0.000000 -0.067328
0.000000 -0.060943
0.000000 -0.054070
0.000000 -0.047111
0.000000 -0.040370
0.000000 -0.034065
0.000000 -0.028335
0.000000 -0.023253
0.000000 -0.018843
0.000000 -0.015088
0.000000 -0.011946
0.000000 -0.009357
0.000000 -0.007255
0.000000 -0.005571
0.000000 -0.004239
0.000000 -0.003197
0.000000 -0.002391
0.000000 -0.001774
0.000000 -0.001306
0.000000 -0.000913
0.000000 -0.000622
0.000000 -0.000409
0.000000 -0.000253
0.000000 -0.000139
0.000000 -0.000058
0.000000 0.000000
0.000000 0.000000
0.000000 0.000000
0.000000 0.000000
0.000000 0.000000
0.000000 0.000000
0.000000 0.000000
0.000000 0.000000
0.000000 0.000000
0.000000 0.000000
0.000000 0.000000
0.000000 0.000000
0.000000 0.000000
0.000000 0.000000
0.000000 0.000000
0.000000 0.000000
0.000000 0.000000
0.000000 0.000000
0.000000 0.000000
0.000000 0.000000
0.000000 0.000000
0.000000 0.000000
0.000000 0.000000
0.000000 0.000000
0.000000 0.000000
0.000000 0.000000
0.000000 0.000000
0.000000 0.000000
0.000000 0.000000
0.000000 0.000000
0.000000 0.000000
0.000000 0.000000
0.000000 0.000000
0.000000 0.000000
0.000000 0.000000
0.000000 0.000000
0.000000 0.000000
0.000000 0.000000
0.000000 0.000000
0.000000 0.000000
0.000000 0.000000
0.000000 0.000000
0.000000 0.000000
0.000000 0.000000
0.000000 0.000000
0.000000 0.000000
0.000000 0.000000
0.000000 0.000000
0.000000 0.000000
0.000000 0.000000
0.000000 0.000000
0.000000 0.000000
0.000000 0.000000
0.000000 0.000000
0.000000 0.000000
0.000000 0.000000
0.000000 0.000000
0.000000 0.000000
0.000000 0.000000
0.000000 0.000000
0.000000 0.000000
0.000000 0.000000
0.000000 0.000000
0.000000 0.000000
