0.000000 0.000000
0.000000 0.000000
0.000000 0.000000
0.000000 0.000000
0.000000 0.000000
0.000000 0.000000
0.000000 0.000000
0.000000 0.000000
0.000000 0.000000
0.000000 0.000000
0.000000 0.000000
0.000000 0.000000
0.000000 0.000000
0.000000 0.000000
0.000000 0.000000
0.000000 0.000378
0.000000 0.006719
0.000000 0.031986
0.000000 0.087849
0.000000 0.177292
0.000000 0.293684
0.000000 0.419755
0.000000 0.529914
0.000000 0.602032
0.000000 0.626161
0.000000 0.605064
0.000000 0.549673
0.000000 0.473662
0.000000 0.389498
0.000000 0.306502
0.000000 0.230500
0.000000 0.164366
0.000000 0.108895
0.000000 0.063648
0.000000 0.027594
0.000000 -0.000098
0.000000 -0.015008
0.000000 -0.005214
0.000000 0.040051
0.000000 0.122979
0.000000 0.236600
0.000000 0.368576
0.000000 0.505675
0.000000 0.636885
0.000000 0.754746
0.000000 0.854961
0.000000 0.930832
0.000000 0.970162
0.000000 0.963074
0.000000 0.908798
0.000000 0.815832
0.000000 0.697940
0.000000 0.569586
0.000000 0.442817
0.000000 0.325964
0.000000 0.223688
0.000000 0.137751
0.000000 0.067961
0.000000 0.013024
0.000000 -0.028841
0.000378 -0.059517
0.006719 -0.080792
0.031986 -0.094280
0.087849 -0.101416
0.176914 -0.103429
0.287343 -0.101503
0.394488 -0.096633
0.474051 -0.089697
0.512588 -0.081451
0.509391 -0.072572
0.472652 -0.063520
0.414248 -0.054695
0.345682 -0.046386
0.275925 -0.038784
0.210829 -0.031998
0.153479 -0.026069
0.104951 -0.020987
0.065079 -0.016706
0.033072 -0.013156
0.007922 -0.009877
-0.011363 -0.001197
-0.025671 0.025932
-0.035769 0.083259
-0.042320 0.173843
-0.045915 0.291154
-0.047097 0.417922
-0.046369 0.528608
-0.044196 0.601119
-0.041002 0.625538
-0.037160 0.604656
-0.032988 0.549421
-0.028740 0.473523
-0.024614 0.389439
-0.020750 0.306502
-0.017238 0.230500
-0.014124 0.164366
-0.011425 0.108895
-0.009131 0.063648
-0.007214 0.027594
-0.005638 -0.000098
-0.004362 -0.015008
-0.003341 -0.005214
-0.002536 0.040051
-0.001908 0.122979
-0.001424 0.236600
-0.001054 0.368199
-0.000774 0.498956
-0.000564 0.604899
-0.000409 0.666897
-0.000253 0.678046
-0.000139 0.643490
-0.000058 0.575674
0.000000 0.489023
0.000000 0.396209
0.000000 0.306442
0.000000 0.225288
0.000000 0.155339
0.000000 0.097136
0.000000 0.050038
0.000000 0.012860
0.000378 -0.015728
0.006719 -0.036990
0.031986 -0.052055
0.087849 -0.061913
0.177292 -0.067440
0.293684 -0.069429
0.419755 -0.068608
0.529914 -0.065647
0.602032 -0.061110
0.626161 -0.055587
0.605064 -0.049535
0.549673 -0.043328
0.473662 -0.037255
0.389498 -0.031570
0.306502 -0.026360
0.230500 -0.021707
0.164366 -0.017645
0.108895 -0.014169
0.063648 -0.011247
0.027594 -0.008831
-0.000476 -0.006485
-0.021727 0.001439
-0.037200 0.027961
-0.047797 0.084807
-0.054313 0.174636
-0.057462 0.285650
-0.057898 0.393240
-0.056225 0.473138
-0.052996 0.511966
-0.048707 0.508982
-0.043788 0.472400
-0.038596 0.414108
-0.033414 0.345623
-0.028455 0.275925
-0.023865 0.210829
-0.019732 0.153479
-0.016099 0.104951
-0.012971 0.065079
-0.010328 0.033072
-0.008133 0.007922
-0.006336 -0.011363
-0.004888 -0.025671
-0.003734 -0.035769
-0.002449 -0.042320
0.004597 -0.045915
0.030406 -0.047097
0.086682 -0.046369
0.176059 -0.044196
0.286720 -0.041002
0.394080 -0.037160
0.473799 -0.032988
0.512449 -0.028740
0.509332 -0.024614
0.472652 -0.020750
0.414248 -0.017238
0.345682 -0.014124
0.275925 -0.011425
0.210829 -0.009131
0.153479 -0.007214
0.104951 -0.005638
0.065079 -0.004362
0.033072 -0.003341
0.007922 -0.002536
-0.011363 -0.001908
-0.025671 -0.001424
-0.035769 -0.001054
-0.042320 -0.000774
-0.045538 -0.000564
-0.040378 -0.000409
-0.014383 -0.000253
0.043652 -0.000139
0.135912 -0.000058
0.250182 0.000000
0.361500 0.000000
0.445311 0.000000
0.487974 0.000000
0.488640 0.000000
0.455414 0.000000
0.400123 0.000000
0.334256 0.000000
0.266795 0.000000
0.203615 0.000000
0.147841 0.000000
0.100590 0.000000
0.061738 0.000000
0.030536 0.000000
0.006392 0.000000
-0.006067 0.000000
0.005261 0.000000
0.051306 0.000000
0.134408 0.000000
0.247738 0.000000
0.378746 0.000000
0.508672 0.000000
0.613640 0.000000
0.674602 0.000000
0.684674 0.000000
0.649098 0.000000
0.580348 0.000000
0.492864 0.000000
0.399324 0.000000
0.308936 0.000000
0.227263 0.000000
0.156885 0.000000
0.098334 0.000000
0.050957 0.000000
0.013558 0.000000
-0.015202 0.000378
-0.036597 0.006719
-0.051764 0.031986
-0.061699 0.087849
-0.067284 0.177292
-0.069316 0.294062
-0.068527 0.426474
-0.065589 0.561900
-0.061110 0.689503
-0.055587 0.796733
-0.049535 0.867140
-0.043328 0.888299
-0.037255 0.858270
-0.031570 0.785316
-0.026360 0.683481
-0.021707 0.567727
-0.017645 0.450633
-0.014169 0.341005
-0.011247 0.243900
-0.008831 0.161401
-0.006862 0.093589
-0.005280 0.039408
-0.004025 -0.002697
-0.002663 -0.034397
0.004441 -0.057278
0.030293 -0.072769
0.086600 -0.082138
0.176379 -0.086516
0.293440 -0.086918
0.425688 -0.084258
0.554928 -0.079357
0.657755 -0.072936
0.715546 -0.065617
0.721834 -0.057911
0.682085 -0.050225
0.609088 -0.042865
0.517478 -0.036040
0.420074 -0.029881
0.326174 -0.024451
0.241387 -0.019762
0.168310 -0.015787
0.107464 -0.012472
0.058171 -0.009750
0.019196 -0.007546
-0.010840 -0.005407
-0.033256 0.002324
-0.049228 0.028676
-0.059791 0.085376
-0.065860 0.175460
-0.068262 0.292756
-0.067753 0.425561
-0.065024 0.560900
-0.060701 0.682753
-0.055335 0.771214
-0.049396 0.811138
-0.043270 0.798797
-0.037255 0.741500
-0.031570 0.652904
-0.026360 0.548055
-0.021707 0.439746
-0.017645 0.337061
-0.014169 0.245331
-0.011247 0.166879
-0.008831 0.101987
-0.006862 0.049773
-0.005280 0.008832
-0.003647 -0.022369
0.003678 -0.045284
0.029708 -0.061222
0.086156 -0.071338
0.176044 -0.076660
0.293149 -0.078118
0.425474 -0.076553
0.554772 -0.072729
0.657642 -0.067328
0.715465 -0.060943
0.721776 -0.054070
0.682085 -0.047111
0.609088 -0.040370
0.517478 -0.034065
0.420074 -0.028335
0.326174 -0.023253
0.241387 -0.018843
0.168310 -0.015088
0.107464 -0.011946
0.058171 -0.009357
0.019196 -0.007255
-0.010463 -0.005571
-0.026536 -0.004239
-0.017242 -0.003197
0.028058 -0.002391
0.111432 -0.001774
0.225800 -0.001306
0.358721 -0.000913
0.496876 -0.000622
0.628802 -0.000409
0.741399 -0.000253
0.817744 -0.000139
0.845029 -0.000058
0.821015 0.000000
0.753746 0.000000
0.657121 0.000000
0.546019 0.000000
0.432988 0.000000
0.326835 0.000000
0.232653 0.000000
0.152570 0.000000
0.086726 0.000000
0.034128 0.000000
-0.006722 0.000000
-0.037061 0.000000
-0.052837 0.000000
-0.042475 0.000000
0.004463 0.000000
0.089863 0.000000
0.206522 0.000000
0.341808 0.000000
0.482291 0.000000
0.616805 0.000000
0.737778 0.000000
0.840838 0.000000
0.919203 0.000000
0.960712 0.000000
0.955490 0.000000
0.902782 0.000000
0.811113 0.000000
0.694277 0.000000
0.566771 0.000000
0.440674 0.000000
0.324346 0.000000
0.222479 0.000000
0.136854 0.000000
0.067301 0.000000
0.012541 0.000000
-0.029192 0.000000
-0.059392 0.000000
-0.074212 0.000000
-0.062352 0.000000
-0.013567 0.000000
0.073863 0.000000
0.192560 0.000000
0.329841 0.000000
0.472203 0.000000
0.608429 0.000000
0.730503 0.000000
0.828886 0.000000
0.889467 0.000000
0.901328 0.000000
0.863302 0.000000
0.783895 0.000000
0.677084 0.000000
0.557627 0.000000
0.437871 0.000000
0.326418 0.000000
0.228168 0.000000
0.145087 0.000000
0.077170 0.000000
0.023290 0.000000
-0.018175 0.000000
-0.048544 0.000000
-0.063937 0.000000
-0.052889 0.000000
-0.005058 0.000000
0.081354 0.000000
0.199031 0.000000
0.334959 0.000000
0.470076 0.000000
0.580226 0.000000
0.646147 0.000000
0.660809 0.000000
0.629365 0.000000
0.564249 0.000000
0.479892 0.000000
0.388995 0.000000
0.300803 0.000000
0.220927 0.000000
0.151997 0.000000
0.094600 0.000000
0.048130 0.000000
0.011436 0.000000
-0.016404 0.000000
-0.031044 0.000000
-0.020633 0.000000
0.025527 0.000000
0.109222 0.000000
0.217774 0.000000
0.325821 0.000000
0.408405 0.000000
0.451479 0.000000
0.453803 0.000000
0.423117 0.000000
0.370920 0.000000
0.308427 0.000000
0.244355 0.000000
0.184469 0.000000
0.131772 0.000000
0.087306 0.000000
0.050910 0.000000
0.021824 0.000000
-0.000531 0.000000
-0.011506 0.000000
0.001035 0.000000
0.048055 0.000000
0.131931 0.000000
0.245869 0.000000
0.377684 0.000000
0.514283 0.000000
0.644393 0.000000
0.755109 0.000000
0.829571 0.000000
0.855059 0.000000
0.829390 0.000000
0.760643 0.000000
0.662730 0.000000
0.550489 0.000000
0.436509 0.000000
0.329580 0.000000
0.234770 0.000000
0.154188 0.000000
0.087951 0.000000
0.035047 0.000000
-0.006038 0.000000
-0.036556 0.000000
-0.052467 0.000000
-0.042206 0.000000
0.004657 0.000000
0.090002 0.000000
0.206580 0.000000
0.341808 0.000000
0.482291 0.000000
0.616427 0.000000
0.731058 0.000000
0.809229 0.000000
0.838074 0.000000
0.815406 0.000000
0.749276 0.000000
0.653600 0.000000
0.543275 0.000000
0.430871 0.000000
0.325218 0.000000
0.231428 0.000000
0.151652 0.000000
0.086043 0.000000
0.033623 0.000000
-0.007092 0.000000
-0.037330 0.000000
-0.053031 0.000000
-0.042615 0.000000
0.004404 0.000000
0.089863 0.000000
0.206522 0.000000
0.341808 0.000000
0.482291 0.000000
0.616805 0.000000
0.737778 0.000000
0.840838 0.000000
0.919203 0.000000
0.960712 0.000000
0.955490 0.000000
0.902782 0.000000
0.811113 0.000000
0.694277 0.000000
0.566771 0.000000
0.440674 0.000000
0.324346 0.000000
0.222479 0.000000
0.136854 0.000000
0.067301 0.000000
0.012541 0.000000
-0.029192 0.000000
-0.059770 0.000000
-0.080931 0.000000
-0.094338 0.000000
-0.101416 0.000000
-0.103429 0.000000
-0.101503 0.000378
-0.096633 0.006719
-0.089697 0.031986
-0.081451 0.087849
-0.072572 0.176914
-0.063520 0.287343
-0.054695 0.394488
-0.046386 0.474051
-0.038784 0.512588
-0.031998 0.509391
-0.026069 0.472652
-0.020987 0.414248
-0.016706 0.345682
-0.013156 0.275925
-0.010255 0.210829
-0.007916 0.153479
-0.006054 0.104951
-0.004589 0.065079
-0.003450 0.033072
-0.002153 0.007922
0.004887 -0.011363
0.030680 -0.025671
0.086935 -0.035769
0.176292 -0.042320
0.286934 -0.045915
0.394236 -0.047097
0.473912 -0.046369
0.512530 -0.044196
0.509391 -0.041002
0.472652 -0.037160
0.414248 -0.032988
0.345682 -0.028740
0.275925 -0.024614
0.210829 -0.020750
0.153479 -0.017238
0.104951 -0.014124
0.065079 -0.011425
0.033072 -0.009131
0.007922 -0.006836
-0.011363 0.001081
-0.025671 0.027625
-0.035769 0.084507
-0.042320 0.174756
-0.045915 0.291776
-0.047097 0.418331
-0.046369 0.528860
-0.044196 0.601258
-0.041002 0.625596
-0.037160 0.604656
-0.032988 0.549421
-0.028740 0.473523
-0.024614 0.389439
-0.020750 0.306502
-0.017238 0.230500
-0.014124 0.164366
-0.011425 0.108895
-0.009131 0.063648
-0.007214 0.027594
-0.005260 -0.000476
0.002358 -0.021727
0.028645 -0.037200
0.085312 -0.047797
0.175384 -0.054313
0.292639 -0.057462
0.425420 -0.057898
0.561126 -0.056225
0.688939 -0.052996
0.796325 -0.048707
0.866888 -0.043788
0.888160 -0.038596
0.858212 -0.033414
0.785316 -0.028455
0.683481 -0.023865
0.567727 -0.019732
0.450633 -0.016099
0.341005 -0.012971
0.243900 -0.010328
0.161401 -0.008133
0.093589 -0.006336
0.039408 -0.004888
-0.002697 -0.003734
-0.034397 -0.002827
-0.056900 -0.002122
-0.066049 -0.001580
-0.050152 -0.001167
0.001333 -0.000855
0.090375 -0.000622
0.209804 -0.000409
0.347117 -0.000253
0.488963 -0.000139
0.624264 -0.000058
0.745164 0.000000
0.842182 0.000000
0.901297 0.000000
0.911674 0.000000
0.872205 0.000000
0.791441 0.000000
0.683390 0.000000
0.562827 0.000000
0.442105 0.000000
0.329824 0.000000
0.230877 0.000000
0.147218 0.000000
0.078829 0.000000
0.024570 0.000000
-0.017198 0.000000
-0.048223 0.000000
-0.070131 0.000000
-0.084482 0.000000
-0.092616 0.000378
-0.095724 0.006719
-0.094875 0.031986
-0.091025 0.087849
-0.085023 0.176914
-0.077610 0.287343
-0.069458 0.394488
-0.061026 0.474051
-0.052720 0.512588
-0.044839 0.509391
-0.037586 0.472652
-0.031079 0.414248
-0.025370 0.345682
-0.020461 0.275925
-0.016313 0.210829
-0.012865 0.153479
-0.010041 0.104951
-0.007760 0.065079
-0.005941 0.033072
-0.004508 0.008300
-0.003391 -0.004643
-0.002531 0.006315
-0.001832 0.052080
-0.001306 0.134595
-0.000913 0.241427
-0.000622 0.347391
-0.000409 0.427682
-0.000253 0.468392
-0.000139 0.468388
-0.000058 0.435492
0.000000 0.381260
0.000000 0.316941
0.000000 0.251311
0.000000 0.190078
0.000000 0.136241
0.000000 0.090827
0.000000 0.053654
0.000000 0.023941
0.000000 0.000709
0.000000 -0.016623
0.000000 -0.023313
0.000000 -0.007124
0.000000 0.042993
0.000000 0.129091
0.000000 0.238822
0.000000 0.347065
0.000000 0.429081
0.000000 0.471022
0.000000 0.471822
0.000000 0.439412
0.000000 0.385368
0.000000 0.321009
0.000000 0.255175
0.000000 0.193591
0.000000 0.139355
0.000000 0.093526
0.000000 0.055949
0.000000 0.025858
0.000000 0.002662
0.000000 -0.009005
0.000000 0.002974
0.000000 0.049544
0.000000 0.132687
0.000000 0.240004
0.000000 0.346337
0.000000 0.426908
0.000000 0.467828
0.000000 0.467980
0.000000 0.435239
0.000000 0.381121
0.000000 0.316883
0.000000 0.251311
0.000000 0.190078
0.000000 0.136241
0.000000 0.090827
0.000000 0.053654
0.000000 0.023941
0.000000 0.001086
0.000000 -0.010281
0.000000 0.001953
0.000000 0.048738
0.000000 0.132436
0.000000 0.246239
0.000000 0.377953
0.000000 0.514477
0.000000 0.644910
0.000000 0.761508
0.000000 0.854838
0.000000 0.910921
0.000000 0.918834
0.000000 0.877413
0.000000 0.795142
0.000000 0.685915
0.000000 0.564489
0.000000 0.443152
0.000000 0.330443
0.000000 0.231209
0.000000 0.147365
0.000000 0.078863
0.000000 0.024538
0.000000 -0.017262
0.000000 -0.048299
0.000000 -0.070248
0.000000 -0.084623
0.000000 -0.092767
0.000000 -0.095880
0.000000 -0.094653
0.000000 -0.084418
0.000000 -0.053118
0.000000 0.010180
0.000000 0.107835
0.000000 0.233037
0.000000 0.373754
0.000000 0.517061
0.000000 0.652295
0.000000 0.772374
0.000000 0.873378
0.000000 0.948967
0.000000 0.987263
0.000000 0.978665
0.000000 0.922622
0.000000 0.827804
0.000000 0.708098
0.000000 0.578049
0.000000 0.449754
0.000000 0.331566
0.000000 0.228193
0.000000 0.141333
0.000000 0.070782
0.000000 0.015229
0.000000 -0.027128
0.000000 -0.058190
0.000000 -0.079764
0.000000 -0.093483
0.000000 -0.100793
0.000000 -0.103021
0.000000 -0.100872
0.000000 -0.089774
0.000000 -0.057653
0.000000 0.006397
0.000000 0.104720
0.000000 0.230542
0.000000 0.371779
0.000000 0.515137
0.000000 0.644377
0.000000 0.739469
0.000000 0.785209
0.000000 0.777869
0.000000 0.724794
0.000000 0.639748
0.000000 0.537800
0.000000 0.431830
0.000000 0.331007
0.000000 0.240742
0.000000 0.163429
0.000000 0.099456
0.000000 0.047941
0.000000 0.007525
0.000000 -0.023282
0.000000 -0.045907
0.000000 -0.061630
0.000000 -0.071590
0.000000 -0.076422
0.000000 -0.071457
0.000000 -0.044567
0.000000 0.015119
0.000000 0.109586
0.000000 0.226400
0.000000 0.340418
0.000000 0.426941
0.000000 0.472219
0.000000 0.475326
0.000000 0.444317
0.000000 0.390994
0.000000 0.326838
0.000000 0.260837
0.000000 0.198883
0.000000 0.144122
0.000000 0.097696
0.000000 0.059508
0.000000 0.028833
0.000000 0.004725
0.000000 -0.013754
0.000000 -0.027445
0.000000 -0.037075
0.000000 -0.043233
0.000000 -0.046160
0.000000 -0.040787
0.000000 -0.014636
0.000000 0.043513
0.000000 0.135854
0.000000 0.250182
0.000000 0.361500
0.000000 0.445311
0.000000 0.487974
0.000000 0.488640
0.000000 0.455414
0.000000 0.400123
0.000000 0.334256
0.000000 0.266795
0.000000 0.203615
0.000000 0.147841
0.000000 0.100590
0.000000 0.061738
0.000000 0.030536
0.000000 0.006014
0.000000 -0.012786
0.000000 -0.026725
0.000000 -0.036543
0.000000 -0.042884
0.000000 -0.046324
0.000000 -0.047350
0.000000 -0.046509
0.000000 -0.044254
0.000000 -0.041002
0.000000 -0.037160
0.000000 -0.032988
0.000000 -0.028740
0.000000 -0.024614
0.000000 -0.020750
0.000000 -0.017238
0.000000 -0.014124
0.000000 -0.011425
0.000000 -0.009131
0.000000 -0.007214
0.000000 -0.005638
0.000000 -0.004362
0.000000 -0.003341
0.000000 -0.002536
0.000000 -0.001908
0.000000 -0.001424
0.000000 -0.001054
0.000000 -0.000774
0.000000 -0.000564
0.000000 -0.000409
0.000000 -0.000253
0.000000 -0.000139
0.000000 -0.000058
0.000000 0.000000
0.000000 0.000000
0.000000 0.000000
0.000000 0.000000
0.000000 0.000000
0.000000 0.000000
0.000000 0.000000
0.000000 0.000000
0.000000 0.000000
0.000000 0.000000
0.000000 0.000000
0.000000 0.000000
0.000000 0.000000
0.000000 0.000000
0.000000 0.000000
0.000000 0.000000
0.000000 0.000000
0.000000 0.000000
0.000000 0.000000
0.000000 0.000000
0.000000 0.000000
0.000000 0.000000
0.000000 0.000000
0.000000 0.000000
0.000000 0.000000
0.000000 0.000000
0.000000 0.000000
0.000000 0.000000
0.000000 0.000000
0.000000 0.000000
0.000000 0.000000
0.000000 0.000000
0.000000 0.000000
0.000000 0.000000
0.000000 0.000000
0.000000 0.000000
0.000000 0.000000
0.000000 0.000000
0.000000 0.000000
0.000000 0.000000
0.000000 0.000000
0.000000 0.000000
0.000000 0.000000
0.000000 0.000000
0.000000 0.000000
0.000000 0.000000
0.000000 0.000000
0.000000 0.000000
0.000000 0.000000
0.000000 0.000000
0.000000 0.000000
