0.000000 0.000000
0.000000 0.000000
0.000000 0.000000
0.000000 0.000000
0.000000 0.000000
0.000000 0.000000
0.000000 0.000000
0.000000 0.000000
0.000000 0.000000
0.000000 0.000000
0.000000 0.000000
0.000000 0.000000
0.000000 0.000000
0.000000 0.000000
0.000000 0.000000
0.000378 0.000000
0.006719 0.000000
0.031986 0.000000
0.087849 0.000000
0.177292 0.000000
0.294062 0.000000
0.426096 0.000000
0.555180 0.000000
0.657895 0.000000
0.715604 0.000000
0.721834 0.000000
0.682085 0.000000
0.609088 0.000000
0.517478 0.000000
0.420074 0.000000
0.326174 0.000000
0.241387 0.000000
0.168310 0.000000
0.107464 0.000000
0.058171 0.000000
0.019196 0.000000
-0.010463 0.000000
-0.026536 0.000000
-0.017242 0.000000
0.028058 0.000000
0.111054 0.000000
0.219080 0.000000
0.326735 0.000000
0.409027 0.000000
0.451887 0.000000
0.454056 0.000000
0.423256 0.000000
0.370978 0.000000
0.308427 0.000000
0.244355 0.000000
0.184469 0.000000
0.131772 0.000000
0.087306 0.000000
0.050910 0.000000
0.021824 0.000000
-0.000531 0.000000
-0.011506 0.000000
0.001035 0.000000
0.048055 0.000000
0.131554 0.000000
0.239149 0.000000
0.345698 0.000000
0.426434 0.000000
0.467479 0.000000
0.467766 0.000000
0.435083 0.000000
0.381007 0.000000
0.316802 0.000000
0.251253 0.000000
0.190078 0.000000
0.136241 0.000000
0.090827 0.000000
0.053654 0.000000
0.023941 0.000000
0.001086 0.000000
-0.010281 0.000000
0.001953 0.000000
0.048738 0.000000
0.132436 0.000000
0.246239 0.000000
0.377953 0.000000
0.514477 0.000000
0.644533 0.000000
0.755167 0.000000
0.829571 0.000000
0.855059 0.000000
0.829390 0.000000
0.760643 0.000000
0.662730 0.000000
0.550489 0.000000
0.436509 0.000000
0.329580 0.000000
0.234770 0.000000
0.154188 0.000000
0.087951 0.000000
0.035047 0.000000
-0.006038 0.000000
-0.036556 0.000000
-0.052467 0.000000
-0.042206 0.000000
0.004657 0.000000
0.089625 0.000000
0.199861 0.000000
0.309822 0.000000
0.394442 0.000000
0.439513 0.000000
0.443716 0.000000
0.414741 0.000000
0.364022 0.000000
0.302817 0.000000
0.239886 0.000000
0.180948 0.000000
0.129028 0.000000
0.085189 0.000000
0.049293 0.000000
0.020600 0.000000
-0.001828 0.000378
-0.018909 0.006719
-0.031456 0.031986
-0.040164 0.087849
-0.045630 0.176914
-0.048388 0.287343
-0.048930 0.394488
-0.047675 0.474051
-0.045110 0.512588
-0.041625 0.509391
-0.037569 0.472652
-0.033240 0.414248
-0.028880 0.345682
-0.024673 0.275925
-0.020750 0.210829
-0.017238 0.153479
-0.014124 0.104951
-0.011425 0.065079
-0.009131 0.033072
-0.007214 0.008300
-0.005638 -0.004643
-0.004362 0.006315
-0.003341 0.052080
-0.002536 0.134595
-0.001908 0.241427
-0.001424 0.347391
-0.001054 0.427682
-0.000774 0.468392
-0.000564 0.468388
-0.000409 0.435492
-0.000253 0.381260
-0.000139 0.316941
-0.000058 0.251311
0.000000 0.190078
0.000000 0.136241
0.000000 0.090827
0.000000 0.053654
0.000000 0.023941
0.000000 0.001086
0.000000 -0.010281
0.000000 0.001953
0.000000 0.048738
0.000000 0.132436
0.000000 0.246239
0.000000 0.377575
0.000000 0.507758
0.000000 0.612924
0.000000 0.674038
0.000000 0.684265
0.000000 0.648845
0.000000 0.580208
0.000000 0.492806
0.000000 0.399324
0.000000 0.308936
0.000000 0.227263
0.000000 0.156885
0.000000 0.098334
0.000000 0.050957
0.000000 0.013558
0.000378 -0.015202
0.006719 -0.036597
0.031986 -0.051764
0.087849 -0.061699
0.176914 -0.067284
0.287343 -0.069316
0.394488 -0.068527
0.474051 -0.065589
0.512588 -0.061110
0.509391 -0.055587
0.472652 -0.049535
0.414248 -0.043328
0.345682 -0.037255
0.275925 -0.031570
0.210829 -0.026360
0.153479 -0.021707
0.104951 -0.017645
0.065079 -0.014169
0.033072 -0.011247
0.008300 -0.008831
-0.004643 -0.006862
0.006315 -0.005280
0.052080 -0.004025
0.134973 -0.003041
0.248147 -0.002278
0.379377 -0.001693
0.515531 -0.001248
0.645684 -0.000913
0.762073 -0.000622
0.855246 -0.000409
0.911174 -0.000253
0.918974 -0.000139
0.877472 -0.000058
0.795142 0.000000
0.685915 0.000000
0.564489 0.000000
0.443152 0.000000
0.330443 0.000000
0.231209 0.000000
0.147365 0.000000
0.078863 0.000000
0.024538 0.000000
-0.017262 0.000000
-0.048299 0.000378
-0.070248 0.006719
-0.084623 0.031986
-0.092767 0.087849
-0.095880 0.177292
-0.095031 0.294062
-0.091138 0.426474
-0.085104 0.561900
-0.077669 0.689503
-0.069458 0.796733
-0.061026 0.867140
-0.052720 0.888299
-0.044839 0.858270
-0.037586 0.785316
-0.031079 0.683481
-0.025370 0.567727
-0.020461 0.450633
-0.016313 0.341005
-0.012865 0.243900
-0.010041 0.161401
-0.007760 0.093589
-0.005941 0.039408
-0.004508 -0.002697
-0.003391 -0.034019
-0.002531 -0.050558
-0.001832 -0.040783
-0.001306 0.005711
-0.000913 0.090398
-0.000622 0.200425
-0.000409 0.310230
-0.000253 0.394695
-0.000139 0.439652
-0.000058 0.443774
0.000000 0.414741
0.000000 0.364022
0.000000 0.302817
0.000000 0.239886
0.000000 0.180948
0.000000 0.129028
0.000000 0.085189
0.000000 0.049293
0.000000 0.020600
0.000378 -0.001828
0.006719 -0.018909
0.031986 -0.031456
0.087849 -0.040164
0.177292 -0.045630
0.294062 -0.048388
0.426474 -0.048930
0.561900 -0.047675
0.689881 -0.045110
0.803453 -0.041625
0.898749 -0.037569
0.969428 -0.033240
1.003576 -0.028880
0.991530 -0.024673
0.932663 -0.020750
0.835564 -0.017238
0.714039 -0.014124
0.582558 -0.011425
0.453146 -0.009131
0.334096 -0.007214
0.230025 -0.005638
0.142639 -0.004362
0.071696 -0.003341
0.015851 -0.002536
-0.026719 -0.001908
-0.057560 -0.001424
-0.072906 -0.001054
-0.061438 -0.000774
-0.012945 -0.000564
0.074272 -0.000409
0.192812 -0.000253
0.329981 -0.000139
0.471883 -0.000058
0.601710 0.000000
0.698894 0.000000
0.747757 0.000000
0.744161 0.000000
0.695114 0.000000
0.614120 0.000000
0.516057 0.000000
0.413677 0.000000
0.316074 0.000000
0.228626 0.000000
0.153723 0.000000
0.091732 0.000000
0.041857 0.000000
0.002777 0.000000
-0.026958 0.000378
-0.048734 0.006719
-0.063752 0.031986
-0.073170 0.087849
-0.077967 0.177292
-0.079031 0.294062
-0.077175 0.426474
-0.073138 0.561900
-0.067581 0.689881
-0.061082 0.803075
-0.054128 0.892407
-0.047111 0.944162
-0.040370 0.947714
-0.034065 0.902086
-0.028335 0.815893
-0.023253 0.703152
-0.018843 0.578614
-0.015088 0.454577
-0.011946 0.339574
-0.009357 0.238423
-0.007255 0.153003
-0.005571 0.083224
-0.004239 0.027880
-0.003197 -0.014725
-0.002013 -0.046391
0.004945 -0.068825
0.030680 -0.083569
0.086935 -0.091993
0.176670 -0.095316
0.293654 -0.094623
0.425844 -0.090885
0.555041 -0.084965
0.657836 -0.077610
0.715604 -0.069458
0.721834 -0.061026
0.682085 -0.052720
0.609088 -0.044839
0.517478 -0.037586
0.420074 -0.031079
0.326174 -0.025370
0.241387 -0.020461
0.168310 -0.016313
0.107464 -0.012865
0.058171 -0.010041
0.019196 -0.007760
-0.010840 -0.005563
-0.033256 0.002211
-0.049228 0.028595
-0.059791 0.085318
-0.065860 0.175082
-0.068262 0.286037
-0.067753 0.393575
-0.065024 0.473429
-0.060701 0.512180
-0.055335 0.509138
-0.049396 0.472513
-0.043270 0.414189
-0.037255 0.345682
-0.031570 0.275925
-0.026360 0.210829
-0.021707 0.153479
-0.017645 0.104951
-0.014169 0.065079
-0.011247 0.033072
-0.008831 0.007922
-0.006862 -0.011363
-0.005280 -0.025671
-0.003647 -0.035769
0.003678 -0.042320
0.029708 -0.045915
0.086156 -0.047097
0.175666 -0.046369
0.286429 -0.044196
0.393866 -0.041002
0.473643 -0.037160
0.512336 -0.032988
0.509251 -0.028740
0.472594 -0.024614
0.414248 -0.020750
0.345682 -0.017238
0.275925 -0.014124
0.210829 -0.011425
0.153479 -0.009131
0.104951 -0.007214
0.065079 -0.005638
0.033072 -0.004362
0.007922 -0.002964
-0.011363 0.004183
-0.025671 0.030078
-0.035769 0.086425
-0.042320 0.175861
-0.045915 0.286569
-0.047097 0.393924
-0.046369 0.473643
-0.044196 0.512336
-0.041002 0.509251
-0.037160 0.472594
-0.032988 0.414248
-0.028740 0.345682
-0.024614 0.275925
-0.020750 0.210829
-0.017238 0.153479
-0.014124 0.104951
-0.011425 0.065079
-0.009131 0.033072
-0.006836 0.007922
0.001081 -0.011363
0.027625 -0.025671
0.084507 -0.035769
0.174756 -0.042320
0.292154 -0.045915
0.425050 -0.047097
0.560846 -0.046369
0.689107 -0.044196
0.802889 -0.041002
0.898340 -0.037160
0.969176 -0.032988
1.003437 -0.028740
0.991471 -0.024614
0.932663 -0.020750
0.835564 -0.017238
0.714039 -0.014124
0.582558 -0.011425
0.453146 -0.009131
0.334096 -0.007214
0.230025 -0.005638
0.142639 -0.004362
0.071696 -0.003341
0.015851 -0.002536
-0.026719 -0.001908
-0.057938 -0.001046
-0.079625 0.005666
-0.093424 0.031212
-0.100793 0.087284
-0.103021 0.176884
-0.101250 0.293810
-0.096493 0.425957
-0.089639 0.555122
-0.081451 0.657895
-0.072572 0.715604
-0.063520 0.721834
-0.054695 0.682085
-0.046386 0.609088
-0.038784 0.517478
-0.031998 0.420074
-0.026069 0.326174
-0.020987 0.241387
-0.016706 0.168310
-0.013156 0.107464
-0.010255 0.058171
-0.007916 0.019196
-0.006054 -0.010840
-0.004589 -0.033256
-0.003450 -0.049228
-0.002531 -0.059791
-0.001832 -0.065860
-0.000928 -0.068262
0.005806 -0.067753
0.031364 -0.065024
0.087440 -0.060701
0.177040 -0.055335
0.293923 -0.049396
0.426416 -0.043270
0.561900 -0.037255
0.689881 -0.031570
0.803075 -0.026360
0.892407 -0.021707
0.944162 -0.017645
0.947714 -0.014169
0.902086 -0.011247
0.815893 -0.008831
0.703152 -0.006862
0.578614 -0.005280
0.454577 -0.004025
0.339574 -0.003041
0.238423 -0.002278
0.153003 -0.001693
0.083224 -0.001248
0.027880 -0.000913
-0.014725 -0.000622
-0.046391 -0.000409
-0.068825 0.000125
-0.083569 0.006580
-0.091993 0.031928
-0.095316 0.087849
-0.094623 0.176914
-0.090885 0.287343
-0.084965 0.394488
-0.077610 0.474051
-0.069458 0.512588
-0.061026 0.509391
-0.052720 0.472652
-0.044839 0.414248
-0.037586 0.345682
-0.031079 0.275925
-0.025370 0.210829
-0.020461 0.153479
-0.016313 0.104951
-0.012865 0.065079
-0.010041 0.033072
-0.007760 0.007922
-0.005941 -0.011363
-0.004508 -0.025671
-0.003014 -0.035769
0.004189 -0.042320
0.030154 -0.045915
0.086542 -0.047097
0.176379 -0.046369
0.293440 -0.044196
0.426066 -0.041002
0.561647 -0.037160
0.689363 -0.032988
0.796675 -0.028740
0.867140 -0.024614
0.888299 -0.020750
0.858270 -0.017238
0.785316 -0.014124
0.683481 -0.011425
0.567727 -0.009131
0.450633 -0.007214
0.341005 -0.005638
0.243900 -0.004362
0.161401 -0.003341
0.093589 -0.002536
0.039408 -0.001908
-0.002697 -0.001424
-0.034397 -0.001054
-0.057278 -0.000774
-0.072769 -0.000564
-0.081760 -0.000409
-0.079796 -0.000253
-0.054932 -0.000139
0.003591 -0.000058
0.097935 0.000000
0.221126 0.000000
0.360480 0.000000
0.497270 0.000000
0.607669 0.000000
0.672740 0.000000
0.685794 0.000000
0.652205 0.000000
0.584637 0.000000
0.497716 0.000000
0.404287 0.000000
0.313702 0.000000
0.231637 0.000000
0.160764 0.000000
0.101679 0.000000
0.053776 0.000000
0.015886 0.000000
-0.013313 0.000000
-0.035088 0.000378
-0.050534 0.006719
-0.060704 0.031986
-0.066483 0.087849
-0.068671 0.177292
-0.068006 0.294062
-0.065164 0.426474
-0.060759 0.561522
-0.055335 0.683161
-0.049396 0.771467
-0.043270 0.811278
-0.037255 0.798855
-0.031570 0.741500
-0.026360 0.652904
-0.021707 0.548055
-0.017645 0.439746
-0.014169 0.337061
-0.011247 0.245331
-0.008831 0.166879
-0.006862 0.101987
-0.005280 0.049773
-0.004025 0.008832
-0.003041 -0.022369
-0.002278 -0.045284
-0.001693 -0.061222
-0.001248 -0.071338
-0.000913 -0.076660
-0.000622 -0.077740
-0.000409 -0.069833
-0.000253 -0.040743
-0.000139 0.020520
-0.000058 0.115972
0.000000 0.233273
0.000000 0.347378
0.000000 0.433682
0.000000 0.478524
0.000000 0.481056
0.000000 0.449399
0.000000 0.395404
0.000000 0.330593
0.000000 0.263979
0.000000 0.201471
0.000000 0.146224
0.000000 0.099380
0.000000 0.060840
0.000000 0.029875
0.000000 0.005909
0.000000 -0.006417
0.000000 0.005009
0.000000 0.051166
0.000000 0.133972
0.000000 0.241019
0.000000 0.347138
0.000000 0.427543
0.000000 0.468334
0.000000 0.468388
0.000000 0.435492
0.000000 0.381260
0.000000 0.316941
0.000000 0.251311
0.000000 0.190078
0.000000 0.136241
0.000000 0.090827
0.000000 0.053654
0.000000 0.023941
0.000378 0.000709
0.006719 -0.017001
0.031986 -0.030033
0.087849 -0.039110
0.177292 -0.044856
0.294062 -0.047824
0.426474 -0.048521
0.561522 -0.047423
0.683161 -0.044970
0.771467 -0.041567
0.811278 -0.037569
0.798855 -0.033240
0.741500 -0.028880
0.652904 -0.024673
0.548055 -0.020750
0.439746 -0.017238
0.337061 -0.014124
0.245331 -0.011425
0.166879 -0.009131
0.101987 -0.007214
0.049773 -0.005638
0.008832 -0.004362
-0.021991 -0.003341
-0.038565 -0.002536
-0.029236 -0.001908
0.016511 -0.001424
0.100254 -0.001054
0.209225 -0.000774
0.317935 -0.000564
0.401322 -0.000409
0.445260 -0.000253
0.448448 -0.000139
0.418582 -0.000058
0.367137 0.000000
0.305312 0.000000
0.241861 0.000000
0.182494 0.000000
0.130226 0.000000
0.086108 0.000000
0.049991 0.000000
0.021126 0.000000
-0.001435 0.000378
-0.018618 0.006719
-0.031242 0.031986
-0.040008 0.087849
-0.045517 0.177292
-0.048306 0.293684
-0.048872 0.419755
-0.047675 0.529914
-0.045110 0.602032
-0.041625 0.626161
-0.037569 0.605064
-0.033240 0.549673
-0.028880 0.473662
-0.024673 0.389498
-0.020750 0.306502
-0.017238 0.230500
-0.014124 0.164366
-0.011425 0.108895
-0.009131 0.063648
-0.007214 0.027594
-0.005638 -0.000476
-0.003984 -0.021727
0.003378 -0.037200
0.029450 -0.047797
0.085940 -0.054313
0.175868 -0.057462
0.293009 -0.057898
0.425323 -0.056225
0.554616 -0.052996
0.657486 -0.048707
0.715352 -0.043788
0.721695 -0.038596
0.682027 -0.033414
0.609088 -0.028455
0.517478 -0.023865
0.420074 -0.019732
0.326174 -0.016099
0.241387 -0.012971
0.168310 -0.010328
0.107464 -0.008133
0.058171 -0.006336
0.019196 -0.004888
-0.010840 -0.003734
-0.033256 -0.002827
-0.049228 -0.002122
-0.059791 -0.001202
-0.065860 0.005553
-0.068262 0.031131
-0.067753 0.087226
-0.065024 0.176884
-0.060701 0.293810
-0.055335 0.426335
-0.049396 0.561464
-0.043270 0.683161
-0.037255 0.771467
-0.031570 0.811278
-0.026360 0.798855
-0.021707 0.741500
-0.017645 0.652904
-0.014169 0.548055
-0.011247 0.439746
-0.008831 0.337061
-0.006862 0.245331
-0.005280 0.166879
-0.004025 0.101987
-0.003041 0.049773
-0.002278 0.008832
-0.001693 -0.021991
-0.001248 -0.038565
-0.000913 -0.029236
-0.000622 0.016511
-0.000409 0.100254
-0.000253 0.209225
-0.000139 0.317935
-0.000058 0.401322
0.000000 0.445260
0.000000 0.448448
0.000000 0.418582
0.000000 0.367137
0.000000 0.305312
0.000000 0.241861
0.000000 0.182494
0.000000 0.130226
0.000000 0.086108
0.000000 0.049991
0.000000 0.021126
0.000000 -0.001057
0.000000 -0.011898
0.000000 0.000744
0.000000 0.047841
0.000000 0.131398
0.000000 0.239036
0.000000 0.345617
0.000000 0.426376
0.000000 0.467479
0.000000 0.467766
0.000000 0.435083
0.000000 0.381007
0.000000 0.316802
0.000000 0.251253
0.000000 0.190078
0.000000 0.136241
0.000000 0.090827
0.000000 0.053654
0.000000 0.023941
0.000000 0.000709
0.000000 -0.016623
0.000000 -0.023313
0.000000 -0.007124
0.000000 0.042993
0.000000 0.129469
0.000000 0.245163
0.000000 0.372332
0.000000 0.484944
0.000000 0.560466
0.000000 0.588592
0.000000 0.571824
0.000000 0.520794
0.000000 0.448990
0.000000 0.368747
0.000000 0.289264
0.000000 0.216376
0.000000 0.152941
0.000000 0.099765
0.000000 0.056435
0.000000 0.021956
0.000000 -0.004837
0.000000 -0.025069
0.000000 -0.039736
0.000000 -0.049705
0.000000 -0.055737
0.000000 -0.058516
0.000000 -0.058672
0.000000 -0.056789
0.000000 -0.053405
0.000000 -0.048960
0.000000 -0.043927
0.000000 -0.038654
0.000000 -0.033414
0.000000 -0.028455
0.000000 -0.023865
0.000000 -0.019732
0.000000 -0.016099
0.000000 -0.012971
0.000000 -0.010328
0.000000 -0.008133
0.000000 -0.006336
0.000000 -0.004888
0.000000 -0.003734
0.000000 -0.002827
0.000000 -0.002122
0.000000 -0.001580
0.000000 -0.001167
0.000000 -0.000855
0.000000 -0.000622
0.000000 -0.000409
0.000000 -0.000253
0.000000 -0.000139
0.000000 -0.000058
0.000000 0.000000
0.000000 0.000000
0.000000 0.000000
0.000000 0.000000
0.000000 0.000000
0.000000 0.000000
0.000000 0.000000
0.000000 0.000000
0.000000 0.000000
0.000000 0.000000
0.000000 0.000000
0.000000 0.000000
0.000000 0.000000
0.000000 0.000000
0.000000 0.000000
0.000000 0.000000
0.000000 0.000000
0.000000 0.000000
0.000000 0.000000
0.000000 0.000000
0.000000 0.000000
0.000000 0.000000
0.000000 0.000000
0.000000 0.000000
0.000000 0.000000
0.000000 0.000000
0.000000 0.000000
0.000000 0.000000
0.000000 0.000000
0.000000 0.000000
0.000000 0.000000
0.000000 0.000000
0.000000 0.000000
0.000000 0.000000
0.000000 0.000000
0.000000 0.000000
0.000000 0.000000
0.000000 0.000000
0.000000 0.000000
0.000000 0.000000
0.000000 0.000000
0.000000 0.000000
0.000000 0.000000
0.000000 0.000000
0.000000 0.000000
0.000000 0.000000
0.000000 0.000000
0.000000 0.000000
0.000000 0.000000
0.000000 0.000000
0.000000 0.000000
0.000000 0.000000
0.000000 0.000000
0.000000 0.000000
0.000000 0.000000
0.000000 0.000000
0.000000 0.000000
0.000000 0.000000
0.000000 0.000000
0.000000 0.000000
0.000000 0.000000
0.000000 0.000000
0.000000 0.000000
0.000000 0.000000
0.000000 0.000000
0.000000 0.000000
0.000000 0.000000
0.000000 0.000000
0.000000 0.000000
0.000000 0.000000
0.000000 0.000000
0.000000 0.000000
0.000000 0.000000
0.000000 0.000000
0.000000 0.000000
0.000000 0.000000
0.000000 0.000000
