0.000000 0.000000
0.000000 0.000000
0.000000 0.000000
0.000000 0.000000
0.000000 0.000000
0.000000 0.000000
0.000000 0.000000
0.000000 0.000000
0.000000 0.000000
0.000000 0.000000
0.000000 0.000000
0.000000 0.000000
0.000000 0.000000
0.000000 0.000000
0.000000 0.000000
0.000000 0.000000
0.000000 0.000000
0.000000 0.000000
0.000000 0.000000
0.000000 0.000000
0.000378 0.000000
0.006719 0.000000
0.031986 0.000000
0.087849 0.000000
0.176914 0.000000
0.287343 0.000000
0.394488 0.000000
0.474051 0.000000
0.512588 0.000000
0.509391 0.000000
0.472652 0.000000
0.414248 0.000000
0.345682 0.000000
0.275925 0.000000
0.210829 0.000000
0.153479 0.000000
0.104951 0.000000
0.065079 0.000000
0.033072 0.000000
0.008300 0.000000
-0.004643 0.000000
0.006315 0.000000
0.052080 0.000000
0.134595 0.000000
0.241427 0.000000
0.347391 0.000000
0.427682 0.000000
0.468392 0.000000
0.468388 0.000000
0.435492 0.000000
0.381260 0.000000
0.316941 0.000000
0.251311 0.000000
0.190078 0.000000
0.136241 0.000000
0.090827 0.000000
0.053654 0.000000
0.023941 0.000000
0.000709 0.000000
-0.017001 0.000000
-0.030033 0.000378
-0.039110 0.006719
-0.044856 0.031986
-0.047824 0.087849
-0.048521 0.177292
-0.047423 0.294062
-0.044970 0.426474
-0.041567 0.561522
-0.037569 0.683161
-0.033240 0.771467
-0.028880 0.811278
-0.024673 0.798855
-0.020750 0.741500
-0.017238 0.652904
-0.014124 0.548055
-0.011425 0.439746
-0.009131 0.337061
-0.007214 0.245331
-0.005638 0.166879
-0.004362 0.101987
-0.003341 0.049773
-0.002536 0.008832
-0.001908 -0.021991
-0.001424 -0.038565
-0.001054 -0.029236
-0.000774 0.016511
-0.000564 0.100254
-0.000409 0.209225
-0.000253 0.317935
-0.000139 0.401322
-0.000058 0.445260
0.000000 0.448448
0.000000 0.418582
0.000000 0.367137
0.000000 0.305312
0.000000 0.241861
0.000000 0.182494
0.000000 0.130226
0.000000 0.086108
0.000000 0.049991
0.000000 0.021126
0.000000 -0.001057
0.000000 -0.011898
0.000000 0.000744
0.000000 0.047841
0.000000 0.131398
0.000000 0.239036
0.000000 0.345617
0.000000 0.426376
0.000000 0.467479
0.000000 0.467766
0.000000 0.435083
0.000000 0.381007
0.000000 0.316802
0.000000 0.251253
0.000000 0.190078
0.000000 0.136241
0.000000 0.090827
0.000000 0.053654
0.000000 0.023941
0.000378 0.000709
0.006719 -0.017001
0.031986 -0.030033
0.087849 -0.039110
0.177292 -0.044856
0.294062 -0.047824
0.426474 -0.048521
0.561522 -0.047423
0.683161 -0.044970
0.771467 -0.041567
0.811278 -0.037569
0.798855 -0.033240
0.741500 -0.028880
0.652904 -0.024673
0.548055 -0.020750
0.439746 -0.017238
0.337061 -0.014124
0.245331 -0.011425
0.166879 -0.009131
0.101987 -0.007214
0.049773 -0.005638
0.008832 -0.004362
-0.022369 -0.003341
-0.045284 -0.002536
-0.061222 -0.001908
-0.071338 -0.001424
-0.076660 -0.001054
-0.077740 -0.000774
-0.069833 -0.000564
-0.040743 -0.000409
0.020520 -0.000253
0.115972 -0.000139
0.233273 -0.000058
0.347378 0.000000
0.433682 0.000000
0.478524 0.000000
0.481056 0.000000
0.449399 0.000000
0.395404 0.000000
0.330593 0.000000
0.263979 0.000000
0.201471 0.000000
0.146224 0.000000
0.099380 0.000000
0.060840 0.000000
0.029875 0.000000
0.005909 0.000000
-0.006417 0.000000
0.005009 0.000000
0.051166 0.000000
0.133972 0.000000
0.241019 0.000000
0.347138 0.000000
0.427543 0.000000
0.468334 0.000000
0.468388 0.000000
0.435492 0.000000
0.381260 0.000000
0.316941 0.000000
0.251311 0.000000
0.190078 0.000000
0.136241 0.000000
0.090827 0.000000
0.053654 0.000000
0.023941 0.000000
0.000709 0.000378
-0.017001 0.006719
-0.030033 0.031986
-0.039110 0.087849
-0.044856 0.176914
-0.047824 0.287343
-0.048521 0.394488
-0.047423 0.474051
-0.044970 0.512588
-0.041567 0.509391
-0.037569 0.472652
-0.033240 0.414248
-0.028880 0.345682
-0.024673 0.275925
-0.020750 0.210829
-0.017238 0.153479
-0.014124 0.104951
-0.011425 0.065079
-0.009131 0.033072
-0.007214 0.007922
-0.005638 -0.010985
-0.004362 -0.018952
-0.003341 -0.003783
-0.002536 0.045529
-0.001908 0.130999
-0.001424 0.240245
-0.001054 0.348119
-0.000774 0.429855
-0.000564 0.471586
-0.000409 0.472230
-0.000253 0.439664
-0.000139 0.385507
-0.000058 0.321067
0.000000 0.255175
0.000000 0.193591
0.000000 0.139355
0.000000 0.093526
0.000000 0.055949
0.000000 0.025858
0.000378 0.002284
0.006719 -0.015724
0.031986 -0.029012
0.087849 -0.038305
0.176914 -0.044228
0.287343 -0.047339
0.394488 -0.048151
0.474051 -0.047143
0.512588 -0.044761
0.509391 -0.041411
0.472652 -0.037413
0.414248 -0.033127
0.345682 -0.028798
0.275925 -0.024614
0.210829 -0.020750
0.153479 -0.017238
0.104951 -0.014124
0.065079 -0.011425
0.033072 -0.009131
0.007922 -0.006836
-0.011363 0.001081
-0.025671 0.027625
-0.035769 0.084507
-0.042320 0.174756
-0.045915 0.292154
-0.047097 0.425050
-0.046369 0.560846
-0.044196 0.689107
-0.041002 0.802511
-0.037160 0.891998
-0.032988 0.943909
-0.028740 0.947574
-0.024614 0.902028
-0.020750 0.815893
-0.017238 0.703152
-0.014124 0.578614
-0.011425 0.454577
-0.009131 0.339574
-0.007214 0.238423
-0.005638 0.153003
-0.004362 0.083224
-0.003341 0.027880
-0.002536 -0.014725
-0.001530 -0.046391
0.005296 -0.068825
0.030932 -0.083569
0.087075 -0.091993
0.176728 -0.095316
0.293654 -0.094623
0.426222 -0.090885
0.561383 -0.084965
0.683103 -0.077610
0.771467 -0.069458
0.811278 -0.061026
0.798855 -0.052720
0.741500 -0.044839
0.652904 -0.037586
0.548055 -0.031079
0.439746 -0.025370
0.337061 -0.020461
0.245331 -0.016313
0.166879 -0.012865
0.101987 -0.010041
0.049773 -0.007760
0.008832 -0.005941
-0.022369 -0.004508
-0.045284 -0.003391
-0.060844 -0.002531
-0.064618 -0.001832
-0.044674 -0.001306
0.009731 -0.000913
0.100361 -0.000622
0.214613 -0.000409
0.327160 -0.000253
0.413109 -0.000139
0.458518 -0.000058
0.462280 0.000000
0.432282 0.000000
0.380183 0.000000
0.317347 0.000000
0.252672 0.000000
0.191985 0.000000
0.138391 0.000000
0.093006 0.000000
0.055722 0.000000
0.025816 0.000000
0.002351 0.000000
-0.015602 0.000000
-0.028868 0.000000
-0.037782 0.000000
-0.037374 0.000000
-0.015235 0.000000
0.039838 0.000000
0.130301 0.000000
0.249457 0.000000
0.385219 0.000000
0.524222 0.000000
0.650115 0.000000
0.742727 0.000000
0.786663 0.000000
0.778105 0.000000
0.724262 0.000000
0.638780 0.000000
0.536630 0.000000
0.430616 0.000000
0.329847 0.000000
0.239693 0.000000
0.162517 0.000000
0.098646 0.000000
0.047237 0.000000
0.006923 0.000000
-0.023793 0.000378
-0.046338 0.006719
-0.061996 0.031986
-0.071902 0.087849
-0.077069 0.177292
-0.078370 0.294062
-0.076692 0.426474
-0.072787 0.561522
-0.067328 0.683161
-0.060943 0.771467
-0.054070 0.811278
-0.047111 0.798855
-0.040370 0.741500
-0.034065 0.652904
-0.028335 0.548055
-0.023253 0.439746
-0.018843 0.337061
-0.015088 0.245331
-0.011946 0.166879
-0.009357 0.101987
-0.007255 0.049773
-0.005571 0.008832
-0.003861 -0.022369
0.003522 -0.045284
0.029595 -0.061222
0.086074 -0.071338
0.175608 -0.076660
0.286429 -0.078118
0.393866 -0.076553
0.473643 -0.072729
0.512336 -0.067328
0.509251 -0.060943
0.472594 -0.054070
0.414248 -0.047111
0.345682 -0.040370
0.275925 -0.034065
0.210829 -0.028335
0.153479 -0.023253
0.104951 -0.018843
0.065079 -0.015088
0.033072 -0.011946
0.007922 -0.008979
-0.011363 -0.000536
-0.025671 0.026415
-0.035769 0.083610
-0.042320 0.173717
-0.045915 0.284952
-0.047097 0.392714
-0.046369 0.472745
-0.044196 0.511675
-0.041002 0.508768
-0.037160 0.472244
-0.032988 0.413995
-0.028740 0.345542
-0.024614 0.275867
-0.020750 0.210829
-0.017238 0.153479
-0.014124 0.104951
-0.011425 0.065079
-0.009131 0.033072
-0.006836 0.007922
0.001081 -0.011363
0.027625 -0.025671
0.084507 -0.035769
0.174378 -0.042320
0.285435 -0.045915
0.393064 -0.047097
0.472998 -0.046369
0.511815 -0.044196
0.508826 -0.041002
0.472244 -0.037160
0.413995 -0.032988
0.345542 -0.028740
0.275867 -0.024614
0.210829 -0.020750
0.153479 -0.017238
0.104951 -0.014124
0.065079 -0.011425
0.033072 -0.009131
0.007922 -0.006836
-0.011363 0.001081
-0.025671 0.027625
-0.035769 0.084507
-0.042320 0.174756
-0.045915 0.292154
-0.047097 0.425050
-0.046369 0.560846
-0.044196 0.689107
-0.041002 0.802511
-0.037160 0.891998
-0.032988 0.943909
-0.028740 0.947574
-0.024614 0.902028
-0.020750 0.815893
-0.017238 0.703152
-0.014124 0.578614
-0.011425 0.454577
-0.009131 0.339574
-0.007214 0.238423
-0.005638 0.153003
-0.004362 0.083224
-0.003341 0.027880
-0.002536 -0.014725
-0.001908 -0.046013
-0.001424 -0.062105
-0.001054 -0.051583
-0.000774 -0.004145
-0.000564 0.081599
-0.000409 0.192720
-0.000253 0.303603
-0.000139 0.389087
-0.000058 0.434978
0.000000 0.439933
0.000000 0.411627
0.000000 0.361528
0.000000 0.300842
0.000000 0.238339
0.000000 0.179750
0.000000 0.128109
0.000000 0.084491
0.000000 0.048767
0.000000 0.020207
0.000378 -0.002119
0.006719 -0.019123
0.031986 -0.031612
0.087849 -0.040277
0.176914 -0.045711
0.287343 -0.048446
0.394488 -0.048930
0.474051 -0.047675
0.512588 -0.045110
0.509391 -0.041625
0.472652 -0.037569
0.414248 -0.033240
0.345682 -0.028880
0.275925 -0.024673
0.210829 -0.020750
0.153479 -0.017238
0.104951 -0.014124
0.065079 -0.011425
0.033072 -0.009131
0.008300 -0.007214
-0.004643 -0.005638
0.006315 -0.004362
0.052080 -0.003341
0.134973 -0.002536
0.248147 -0.001908
0.379377 -0.001424
0.515531 -0.001054
0.645684 -0.000774
0.762073 -0.000564
0.855246 -0.000409
0.911174 -0.000253
0.918974 -0.000139
0.877472 -0.000058
0.795142 0.000000
0.685915 0.000000
0.564489 0.000000
0.443152 0.000000
0.330443 0.000000
0.231209 0.000000
0.147365 0.000000
0.078863 0.000000
0.024538 0.000000
-0.017262 0.000000
-0.048299 0.000378
-0.070248 0.006719
-0.084623 0.031986
-0.092767 0.087849
-0.095880 0.176914
-0.095031 0.287343
-0.091138 0.394488
-0.085104 0.474051
-0.077669 0.512588
-0.069458 0.509391
-0.061026 0.472652
-0.052720 0.414248
-0.044839 0.345682
-0.037586 0.275925
-0.031079 0.210829
-0.025370 0.153479
-0.020461 0.104951
-0.016313 0.065079
-0.012865 0.033072
-0.010041 0.007922
-0.007760 -0.011363
-0.005941 -0.025671
-0.004508 -0.035769
-0.003391 -0.042320
-0.002531 -0.045538
-0.001832 -0.040378
-0.001306 -0.014383
-0.000913 0.043652
-0.000622 0.135912
-0.000409 0.250182
-0.000253 0.361500
-0.000139 0.445311
-0.000058 0.487974
0.000000 0.488640
0.000000 0.455414
0.000000 0.400123
0.000000 0.334256
0.000000 0.266795
0.000000 0.203615
0.000000 0.147841
0.000000 0.100590
0.000000 0.061738
0.000000 0.030536
0.000000 0.006014
0.000000 -0.012409
0.000000 -0.020005
0.000000 -0.004557
0.000000 0.044965
0.000000 0.130968
0.000000 0.246335
0.000000 0.373246
0.000000 0.485659
0.000000 0.561030
0.000000 0.589000
0.000000 0.572076
0.000000 0.520933
0.000000 0.449048
0.000000 0.368747
0.000000 0.289264
0.000000 0.216376
0.000000 0.152941
0.000000 0.099765
0.000000 0.056435
0.000000 0.021956
0.000378 -0.004837
0.006719 -0.025069
0.031986 -0.039736
0.087849 -0.049705
0.177292 -0.055737
0.294062 -0.058516
0.426096 -0.058672
0.555180 -0.056789
0.657895 -0.053405
0.715604 -0.048960
0.721834 -0.043927
0.682085 -0.038654
0.609088 -0.033414
0.517478 -0.028455
0.420074 -0.023865
0.326174 -0.019732
0.241387 -0.016099
0.168310 -0.012971
0.107464 -0.010328
0.058171 -0.008133
0.019196 -0.006336
-0.010840 -0.004888
-0.032878 -0.003734
-0.042509 -0.002827
-0.027805 -0.002122
0.021988 -0.001580
0.108652 -0.001167
0.219589 -0.000855
0.329464 -0.000622
0.413350 -0.000409
0.457254 -0.000253
0.459995 -0.000139
0.429382 -0.000058
0.376993 0.000000
0.314112 0.000000
0.249566 0.000000
0.189121 0.000000
0.135834 0.000000
0.090782 0.000000
0.053832 0.000000
0.024241 0.000000
0.001438 0.000000
-0.009923 0.000000
0.002290 0.000000
0.049039 0.000000
0.132694 0.000000
0.246454 0.000000
0.378129 0.000000
0.514617 0.000000
0.645062 0.000000
0.761664 0.000000
0.854994 0.000000
0.911034 0.000000
0.918915 0.000000
0.877472 0.000000
0.795142 0.000000
0.685915 0.000000
0.564489 0.000000
0.443152 0.000000
0.330443 0.000000
0.231209 0.000000
0.147365 0.000000
0.078863 0.000000
0.024538 0.000000
-0.017262 0.000000
-0.048299 0.000378
-0.070248 0.006719
-0.084623 0.031986
-0.092767 0.087849
-0.095880 0.176914
-0.095031 0.287343
-0.091138 0.394488
-0.085104 0.474051
-0.077669 0.512588
-0.069458 0.509391
-0.061026 0.472652
-0.052720 0.414248
-0.044839 0.345682
-0.037586 0.275925
-0.031079 0.210829
-0.025370 0.153479
-0.020461 0.104951
-0.016313 0.065079
-0.012865 0.033072
-0.010041 0.008300
-0.007760 -0.004643
-0.005941 0.006315
-0.004508 0.052080
-0.003391 0.134973
-0.002531 0.248147
-0.001832 0.379377
-0.001306 0.515531
-0.000913 0.645684
-0.000622 0.762073
-0.000409 0.855246
-0.000253 0.911174
-0.000139 0.918974
-0.000058 0.877472
0.000000 0.795142
0.000000 0.685915
0.000000 0.564489
0.000000 0.443152
0.000000 0.330443
0.000000 0.231209
0.000000 0.147365
0.000000 0.078863
0.000000 0.024538
0.000000 -0.017262
0.000378 -0.048299
0.006719 -0.070248
0.031986 -0.084623
0.087849 -0.092767
0.177292 -0.095880
0.294062 -0.095031
0.426474 -0.091138
0.561900 -0.085104
0.689881 -0.077669
0.803075 -0.069458
0.892407 -0.061026
0.944162 -0.052720
0.947714 -0.044839
0.902086 -0.037586
0.815893 -0.031079
0.703152 -0.025370
0.578614 -0.020461
0.454577 -0.016313
0.339574 -0.012865
0.238423 -0.010041
0.153003 -0.007760
0.083224 -0.005941
0.027880 -0.004508
-0.014725 -0.003391
-0.046013 -0.002531
-0.062105 -0.001832
-0.051583 -0.001306
-0.004145 -0.000913
0.081976 -0.000622
0.199440 -0.000409
0.335211 -0.000253
0.470216 -0.000139
0.580284 -0.000058
0.646147 0.000000
0.660809 0.000000
0.629365 0.000000
0.564249 0.000000
0.479892 0.000000
0.388995 0.000000
0.300803 0.000000
0.220927 0.000000
0.151997 0.000000
0.094600 0.000000
0.048130 0.000000
0.011436 0.000000
-0.016782 0.000378
-0.037764 0.006719
-0.052620 0.031986
-0.062321 0.087849
-0.067692 0.177292
-0.069569 0.294062
-0.068667 0.426096
-0.065647 0.555180
-0.061110 0.657895
-0.055587 0.715604
-0.049535 0.721834
-0.043328 0.682085
-0.037255 0.609088
-0.031570 0.517478
-0.026360 0.420074
-0.021707 0.326174
-0.017645 0.241387
-0.014169 0.168310
-0.011247 0.107464
-0.008831 0.058171
-0.006862 0.019196
-0.005280 -0.010463
-0.004025 -0.026536
-0.003041 -0.017242
-0.002278 0.028058
-0.001693 0.111054
-0.001248 0.219080
-0.000913 0.326735
-0.000622 0.409027
-0.000409 0.451887
-0.000253 0.454056
-0.000139 0.423256
-0.000058 0.370978
0.000000 0.308427
0.000000 0.244355
0.000000 0.184469
0.000000 0.131772
0.000000 0.087306
0.000000 0.050910
0.000000 0.021824
0.000000 -0.000531
0.000000 -0.011506
0.000000 0.001035
0.000000 0.048055
0.000000 0.131931
0.000000 0.245491
0.000000 0.370964
0.000000 0.482297
0.000000 0.556922
0.000000 0.584536
0.000000 0.567495
0.000000 0.516433
0.000000 0.444783
0.000000 0.364825
0.000000 0.285752
0.000000 0.213263
0.000000 0.150242
0.000000 0.097470
0.000000 0.054518
0.000000 0.020380
0.000000 -0.006114
0.000000 -0.026089
0.000000 -0.040541
0.000000 -0.050333
0.000000 -0.056222
0.000000 -0.058886
0.000000 -0.058951
0.000000 -0.056999
0.000000 -0.053560
0.000000 -0.049116
0.000000 -0.044040
0.000000 -0.038735
0.000000 -0.033472
0.000000 -0.028455
0.000000 -0.023865
0.000000 -0.019732
0.000000 -0.016099
0.000000 -0.012971
0.000000 -0.010328
0.000000 -0.008133
0.000000 -0.006336
0.000000 -0.004888
0.000000 -0.003734
0.000000 -0.002827
0.000000 -0.002122
0.000000 -0.001580
0.000000 -0.001167
0.000000 -0.000855
0.000000 -0.000622
0.000000 -0.000409
0.000000 -0.000253
0.000000 -0.000139
0.000000 -0.000058
0.000000 0.000000
0.000000 0.000000
0.000000 0.000000
0.000000 0.000000
0.000000 0.000000
0.000000 0.000000
0.000000 0.000000
0.000000 0.000000
0.000000 0.000000
0.000000 0.000000
0.000000 0.000000
0.000000 0.000000
0.000000 0.000000
0.000000 0.000000
0.000000 0.000000
0.000000 0.000000
0.000000 0.000000
0.000000 0.000000
0.000000 0.000000
0.000000 0.000000
0.000000 0.000000
0.000000 0.000000
0.000000 0.000000
0.000000 0.000000
0.000000 0.000000
0.000000 0.000000
0.000000 0.000000
0.000000 0.000000
0.000000 0.000000
0.000000 0.000000
0.000000 0.000000
0.000000 0.000000
0.000000 0.000000
0.000000 0.000000
0.000000 0.000000
0.000000 0.000000
0.000000 0.000000
0.000000 0.000000
0.000000 0.000000
0.000000 0.000000
0.000000 0.000000
0.000000 0.000000
0.000000 0.000000
0.000000 0.000000
0.000000 0.000000
0.000000 0.000000
0.000000 0.000000
0.000000 0.000000
0.000000 0.000000
0.000000 0.000000
0.000000 0.000000
0.000000 0.000000
0.000000 0.000000
0.000000 0.000000
0.000000 0.000000
0.000000 0.000000
0.000000 0.000000
0.000000 0.000000
0.000000 0.000000
0.000000 0.000000
0.000000 0.000000
0.000000 0.000000
0.000000 0.000000
0.000000 0.000000
0.000000 0.000000
0.000000 0.000000
0.000000 0.000000
0.000000 0.000000
0.000000 0.000000
0.000000 0.000000
0.000000 0.000000
0.000000 0.000000
0.000000 0.000000
0.000000 0.000000
0.000000 0.000000
0.000000 0.000000
0.000000 0.000000
0.000000 0.000000
0.000000 0.000000
0.000000 0.000000
0.000000 0.000000
0.000000 0.000000
0.000000 0.000000
0.000000 0.000000
0.000000 0.000000
0.000000 0.000000
0.000000 0.000000
0.000000 0.000000
0.000000 0.000000
0.000000 0.000000
