0.000000 0.000000
0.000000 0.000000
0.000000 0.000000
0.000000 0.000000
0.000000 0.000000
0.000000 0.000000
0.000000 0.000000
0.000000 0.000000
0.000000 0.000000
0.000000 0.000000
0.000000 0.000000
0.000000 0.000000
0.000000 0.000000
0.000000 0.000000
0.000000 0.000000
0.000000 0.000000
0.000000 0.000000
0.000000 0.000000
0.000000 0.000000
0.000378 0.000000
0.006719 0.000000
0.031986 0.000000
0.087849 0.000000
0.177292 0.000000
0.294062 0.000000
0.426474 0.000000
0.561900 0.000000
0.689881 0.000000
0.803453 0.000000
0.898749 0.000000
0.969428 0.000000
1.003576 0.000000
0.991530 0.000000
0.932663 0.000000
0.835564 0.000000
0.714039 0.000000
0.582558 0.000000
0.453146 0.000000
0.334096 0.000000
0.230025 0.000000
0.142639 0.000000
0.071696 0.000000
0.015851 0.000000
-0.026719 0.000000
-0.057938 0.000378
-0.079625 0.006719
-0.093424 0.031986
-0.100793 0.087849
-0.103021 0.176914
-0.101250 0.287343
-0.096493 0.394488
-0.089639 0.474051
-0.081451 0.512588
-0.072572 0.509391
-0.063520 0.472652
-0.054695 0.414248
-0.046386 0.345682
-0.038784 0.275925
-0.031998 0.210829
-0.026069 0.153479
-0.020987 0.104951
-0.016706 0.065079
-0.013156 0.033072
-0.010255 0.008300
-0.007916 -0.004643
-0.006054 0.006315
-0.004589 0.052080
-0.003450 0.134595
-0.002531 0.241427
-0.001832 0.347391
-0.001306 0.427682
-0.000913 0.468392
-0.000622 0.468388
-0.000409 0.435492
-0.000253 0.381260
-0.000139 0.316941
-0.000058 0.251311
0.000000 0.190078
0.000000 0.136241
0.000000 0.090827
0.000000 0.053654
0.000000 0.023941
0.000000 0.001086
0.000000 -0.010281
0.000000 0.001953
0.000000 0.048738
0.000000 0.132436
0.000000 0.246239
0.000000 0.377953
0.000000 0.514477
0.000000 0.644910
0.000000 0.761508
0.000000 0.854838
0.000000 0.910921
0.000000 0.918834
0.000000 0.877413
0.000000 0.795142
0.000000 0.685915
0.000000 0.564489
0.000000 0.443152
0.000000 0.330443
0.000000 0.231209
0.000000 0.147365
0.000000 0.078863
0.000000 0.024538
0.000000 -0.017262
0.000378 -0.048299
0.006719 -0.070248
0.031986 -0.084623
0.087849 -0.092767
0.176914 -0.095880
0.287343 -0.095031
0.394488 -0.091138
0.474051 -0.085104
0.512588 -0.077669
0.509391 -0.069458
0.472652 -0.061026
0.414248 -0.052720
0.345682 -0.044839
0.275925 -0.037586
0.210829 -0.031079
0.153479 -0.025370
0.104951 -0.020461
0.065079 -0.016313
0.033072 -0.012865
0.007922 -0.010041
-0.011363 -0.007760
-0.025671 -0.005563
-0.035769 0.002211
-0.042320 0.028595
-0.045915 0.085318
-0.047097 0.175460
-0.046369 0.292756
-0.044196 0.425561
-0.041002 0.561278
-0.037160 0.689094
-0.032988 0.796481
-0.028740 0.867001
-0.024614 0.888241
-0.020750 0.858270
-0.017238 0.785316
-0.014124 0.683481
-0.011425 0.567727
-0.009131 0.450633
-0.007214 0.341005
-0.005638 0.243900
-0.004362 0.161401
-0.003341 0.093589
-0.002536 0.039408
-0.001908 -0.002697
-0.001424 -0.034397
-0.001054 -0.057278
-0.000774 -0.072769
-0.000564 -0.082138
-0.000409 -0.086138
-0.000253 -0.080198
-0.000139 -0.052272
-0.000058 0.008492
0.000000 0.104356
0.000000 0.228445
0.000000 0.368563
0.000000 0.511675
0.000000 0.647016
0.000000 0.767035
0.000000 0.862526
0.000000 0.919710
0.000000 0.927951
0.000000 0.886299
0.000000 0.803421
0.000000 0.693403
0.000000 0.571067
0.000000 0.448792
0.000000 0.335179
0.000000 0.235113
0.000000 0.150531
0.000000 0.081392
0.000000 0.026573
0.000000 -0.015639
0.000378 -0.047013
0.006719 -0.069233
0.031986 -0.083821
0.087849 -0.092133
0.176914 -0.095374
0.287343 -0.094623
0.394488 -0.090885
0.474051 -0.084965
0.512588 -0.077610
0.509391 -0.069458
0.472652 -0.061026
0.414248 -0.052720
0.345682 -0.044839
0.275925 -0.037586
0.210829 -0.031079
0.153479 -0.025370
0.104951 -0.020461
0.065079 -0.016313
0.033072 -0.012865
0.008300 -0.010041
-0.004643 -0.007760
0.006315 -0.005941
0.052080 -0.004508
0.134595 -0.003391
0.241427 -0.002531
0.347391 -0.001832
0.427682 -0.001306
0.468392 -0.000913
0.468388 -0.000622
0.435492 -0.000409
0.381260 -0.000253
0.316941 -0.000139
0.251311 -0.000058
0.190078 0.000000
0.136241 0.000000
0.090827 0.000000
0.053654 0.000000
0.023941 0.000000
0.000709 0.000378
-0.017001 0.006719
-0.030033 0.031986
-0.039110 0.087849
-0.044856 0.177292
-0.047824 0.294062
-0.048521 0.426474
-0.047423 0.561900
-0.044970 0.689881
-0.041567 0.803075
-0.037569 0.892407
-0.033240 0.944162
-0.028880 0.947714
-0.024673 0.902086
-0.020750 0.815893
-0.017238 0.703152
-0.014124 0.578614
-0.011425 0.454577
-0.009131 0.339574
-0.007214 0.238423
-0.005638 0.153003
-0.004362 0.083224
-0.003341 0.027880
-0.002536 -0.014725
-0.001908 -0.046391
-0.001424 -0.068825
-0.001054 -0.083191
-0.000774 -0.085274
-0.000564 -0.063330
-0.000409 -0.006774
-0.000253 0.086407
-0.000139 0.209097
-0.000058 0.348864
0.000000 0.492065
0.000000 0.622136
0.000000 0.718747
0.000000 0.766438
0.000000 0.761270
0.000000 0.710421
0.000000 0.627534
0.000000 0.527594
0.000000 0.423433
0.000000 0.324196
0.000000 0.235290
0.000000 0.159119
0.000000 0.096046
0.000000 0.045265
0.000000 0.005440
0.000000 -0.024522
0.000000 -0.040397
0.000000 -0.030542
0.000000 0.015597
0.000000 0.100009
0.000000 0.215536
0.000000 0.349669
0.000000 0.489031
0.000000 0.622116
0.000000 0.735791
0.000000 0.813070
0.000000 0.841189
0.000000 0.817900
0.000000 0.751251
0.000000 0.655146
0.000000 0.544473
0.000000 0.431790
0.000000 0.325916
0.000000 0.231954
0.000000 0.152044
0.000000 0.086334
0.000000 0.033837
0.000000 -0.006936
0.000000 -0.037594
0.000000 -0.059669
0.000000 -0.074543
0.000000 -0.083444
0.000000 -0.087429
0.000000 -0.087162
0.000000 -0.077947
0.000000 -0.047623
0.000000 0.014773
0.000000 0.111617
0.000000 0.236151
0.000000 0.376249
0.000000 0.519035
0.000000 0.653463
0.000000 0.766852
0.000000 0.842689
0.000000 0.868537
0.000000 0.842483
0.000000 0.772844
0.000000 0.673731
0.000000 0.560180
0.000000 0.444848
0.000000 0.336610
0.000000 0.240590
0.000000 0.158929
0.000000 0.091757
0.000000 0.038102
0.000000 -0.003610
0.000000 -0.034642
0.000000 -0.050967
0.000000 -0.041035
0.000000 0.005571
0.000000 0.090718
0.000000 0.206767
0.000000 0.335497
0.000000 0.450557
0.000000 0.529096
0.000000 0.560544
0.000000 0.547153
0.000000 0.499448
0.000000 0.430798
0.000000 0.353458
0.000000 0.276621
0.000000 0.206049
0.000000 0.144604
0.000000 0.093109
0.000000 0.051177
0.000000 0.017844
0.000000 -0.007644
0.000000 -0.020793
0.000000 -0.009609
0.000000 0.036741
0.000000 0.120506
0.000000 0.234390
0.000000 0.360551
0.000000 0.472776
0.000000 0.548414
0.000000 0.577045
0.000000 0.561024
0.000000 0.510938
0.000000 0.440190
0.000000 0.361042
0.000000 0.282637
0.000000 0.210768
0.000000 0.148267
0.000000 0.095924
0.000000 0.053320
0.000000 0.019462
0.000378 -0.006812
0.006719 -0.026615
0.031986 -0.040934
0.087849 -0.050624
0.176914 -0.056435
0.287343 -0.059042
0.394488 -0.059064
0.474051 -0.057080
0.512588 -0.053618
0.509391 -0.049116
0.472652 -0.044040
0.414248 -0.038735
0.345682 -0.033472
0.275925 -0.028455
0.210829 -0.023865
0.153479 -0.019732
0.104951 -0.016099
0.065079 -0.012971
0.033072 -0.010328
0.008300 -0.008133
-0.004643 -0.006336
0.006315 -0.004888
0.052080 -0.003734
0.134595 -0.002827
0.241427 -0.002122
0.347391 -0.001580
0.427682 -0.001167
0.468392 -0.000855
0.468388 -0.000622
0.435492 -0.000409
0.381260 -0.000253
0.316941 -0.000139
0.251311 -0.000058
0.190078 0.000000
0.136241 0.000000
0.090827 0.000000
0.053654 0.000000
0.023941 0.000000
0.000709 0.000378
-0.017001 0.006719
-0.030033 0.031986
-0.039110 0.087849
-0.044856 0.177292
-0.047824 0.294062
-0.048521 0.426474
-0.047423 0.561900
-0.044970 0.689881
-0.041567 0.803075
-0.037569 0.892407
-0.033240 0.944162
-0.028880 0.947714
-0.024673 0.902086
-0.020750 0.815893
-0.017238 0.703152
-0.014124 0.578614
-0.011425 0.454577
-0.009131 0.339574
-0.007214 0.238423
-0.005638 0.153003
-0.004362 0.083224
-0.003341 0.027880
-0.002536 -0.014725
-0.001908 -0.046391
-0.001424 -0.068825
-0.001054 -0.083569
-0.000774 -0.091993
-0.000564 -0.095316
-0.000409 -0.094245
-0.000253 -0.084166
-0.000139 -0.052979
-0.000058 0.010238
0.000000 0.107457
0.000000 0.226317
0.000000 0.341768
0.000000 0.429212
0.000000 0.475003
0.000000 0.478312
0.000000 0.447282
0.000000 0.393787
0.000000 0.329369
0.000000 0.263061
0.000000 0.200788
0.000000 0.145719
0.000000 0.099010
0.000000 0.060571
0.000000 0.029680
0.000378 0.005392
0.006719 -0.013195
0.031986 -0.026977
0.087849 -0.036682
0.177292 -0.042942
0.294062 -0.046324
0.426474 -0.047350
0.561900 -0.046509
0.689881 -0.044254
0.803075 -0.041002
0.892407 -0.037160
0.944162 -0.032988
0.947714 -0.028740
0.902086 -0.024614
0.815893 -0.020750
0.703152 -0.017238
0.578614 -0.014124
0.454577 -0.011425
0.339574 -0.009131
0.238423 -0.007214
0.153003 -0.005638
0.083224 -0.004362
0.027880 -0.003341
-0.014725 -0.002536
-0.046013 -0.001908
-0.062105 -0.001424
-0.051583 -0.001054
-0.004145 -0.000774
0.081976 -0.000564
0.199440 -0.000409
0.335589 -0.000253
0.476935 -0.000139
0.611892 -0.000058
0.727276 0.000000
0.806115 0.000000
0.835579 0.000000
0.813431 0.000000
0.747730 0.000000
0.652402 0.000000
0.542356 0.000000
0.430172 0.000000
0.324692 0.000000
0.231036 0.000000
0.151361 0.000000
0.085829 0.000000
0.033467 0.000000
-0.007205 0.000000
-0.037789 0.000000
-0.059809 0.000000
-0.074601 0.000000
-0.083444 0.000000
-0.087429 0.000000
-0.087540 0.000378
-0.084666 0.006719
-0.079609 0.031986
-0.073076 0.087849
-0.065675 0.176914
-0.057911 0.287343
-0.050225 0.394488
-0.042865 0.474051
-0.036040 0.512588
-0.029881 0.509391
-0.024451 0.472652
-0.019762 0.414248
-0.015787 0.345682
-0.012472 0.275925
-0.009750 0.210829
-0.007546 0.153479
-0.005785 0.104951
-0.004395 0.065079
-0.003310 0.033072
-0.002095 0.007922
0.004887 -0.011363
0.030680 -0.025671
0.086935 -0.035769
0.176670 -0.042320
0.293654 -0.045915
0.425844 -0.047097
0.555041 -0.046369
0.657836 -0.044196
0.715604 -0.041002
0.721834 -0.037160
0.682085 -0.032988
0.609088 -0.028740
0.517478 -0.024614
0.420074 -0.020750
0.326174 -0.017238
0.241387 -0.014124
0.168310 -0.011425
0.107464 -0.009131
0.058171 -0.007214
0.019196 -0.005638
-0.010463 -0.004362
-0.026536 -0.003341
-0.017242 -0.002536
0.028058 -0.001908
0.111054 -0.001424
0.219080 -0.001054
0.326735 -0.000774
0.409027 -0.000564
0.451887 -0.000409
0.454056 -0.000253
0.423256 -0.000139
0.370978 -0.000058
0.308427 0.000000
0.244355 0.000000
0.184469 0.000000
0.131772 0.000000
0.087306 0.000000
0.050910 0.000000
0.021824 0.000000
-0.000531 0.000000
-0.011506 0.000000
0.001035 0.000000
0.048055 0.000000
0.131554 0.000000
0.239149 0.000000
0.345698 0.000000
0.426434 0.000000
0.467479 0.000000
0.467766 0.000000
0.435083 0.000000
0.381007 0.000000
0.316802 0.000000
0.251253 0.000000
0.190078 0.000000
0.136241 0.000000
0.090827 0.000000
0.053654 0.000000
0.023941 0.000000
0.001086 0.000000
-0.010281 0.000000
0.001953 0.000000
0.048738 0.000000
0.132436 0.000000
0.246239 0.000000
0.377953 0.000000
0.514477 0.000000
0.644533 0.000000
0.755167 0.000000
0.829571 0.000000
0.855059 0.000000
0.829390 0.000000
0.760643 0.000000
0.662730 0.000000
0.550489 0.000000
0.436509 0.000000
0.329580 0.000000
0.234770 0.000000
0.154188 0.000000
0.087951 0.000000
0.035047 0.000000
-0.006038 0.000000
-0.036556 0.000000
-0.052467 0.000000
-0.042206 0.000000
0.004657 0.000000
0.089625 0.000000
0.199861 0.000000
0.309822 0.000000
0.394442 0.000000
0.439513 0.000000
0.443716 0.000000
0.414741 0.000000
0.364022 0.000000
0.302817 0.000000
0.239886 0.000000
0.180948 0.000000
0.129028 0.000000
0.085189 0.000000
0.049293 0.000000
0.020600 0.000000
-0.001828 0.000378
-0.018909 0.006719
-0.031456 0.031986
-0.040164 0.087849
-0.045630 0.177292
-0.048388 0.294062
-0.048930 0.426474
-0.047675 0.561900
-0.045110 0.689503
-0.041625 0.796733
-0.037569 0.867140
-0.033240 0.888299
-0.028880 0.858270
-0.024673 0.785316
-0.020750 0.683481
-0.017238 0.567727
-0.014124 0.450633
-0.011425 0.341005
-0.009131 0.243900
-0.007214 0.161401
-0.005638 0.093589
-0.004362 0.039408
-0.003341 -0.002697
-0.002158 -0.034397
0.004811 -0.057278
0.030562 -0.072769
0.086795 -0.082138
0.176518 -0.086516
0.293498 -0.086918
0.426066 -0.084258
0.561647 -0.079357
0.689741 -0.072936
0.803017 -0.065617
0.892407 -0.057911
0.944162 -0.050225
0.947714 -0.042865
0.902086 -0.036040
0.815893 -0.029881
0.703152 -0.024451
0.578614 -0.019762
0.454577 -0.015787
0.339574 -0.012472
0.238423 -0.009750
0.153003 -0.007546
0.083224 -0.005785
0.027880 -0.004395
-0.014725 -0.003310
-0.046391 -0.002095
-0.068825 0.004887
-0.083569 0.030680
-0.091993 0.086935
-0.095316 0.176670
-0.094623 0.293654
-0.090885 0.426222
-0.084965 0.561760
-0.077610 0.689822
-0.069458 0.803075
-0.061026 0.892407
-0.052720 0.944162
-0.044839 0.947714
-0.037586 0.902086
-0.031079 0.815893
-0.025370 0.703152
-0.020461 0.578614
-0.016313 0.454577
-0.012865 0.339574
-0.010041 0.238423
-0.007760 0.153003
-0.005941 0.083224
-0.004508 0.027880
-0.003391 -0.014725
-0.002531 -0.046013
-0.001832 -0.062105
-0.001306 -0.051583
-0.000913 -0.004145
-0.000622 0.081599
-0.000409 0.192720
-0.000253 0.303603
-0.000139 0.389087
-0.000058 0.434978
0.000000 0.439933
0.000000 0.411627
0.000000 0.361528
0.000000 0.300842
0.000000 0.238339
0.000000 0.179750
0.000000 0.128109
0.000000 0.084491
0.000000 0.048767
0.000000 0.020207
0.000000 -0.001741
0.000000 -0.012403
0.000000 0.000374
0.000000 0.047572
0.000000 0.131203
0.000000 0.238897
0.000000 0.345558
0.000000 0.426376
0.000000 0.467479
0.000000 0.467766
0.000000 0.435083
0.000000 0.381007
0.000000 0.316802
0.000000 0.251253
0.000000 0.190078
0.000000 0.136241
0.000000 0.090827
0.000000 0.053654
0.000000 0.023941
0.000378 0.000709
0.006719 -0.017001
0.031986 -0.030033
0.087849 -0.039110
0.177292 -0.044856
0.294062 -0.047824
0.426474 -0.048521
0.561522 -0.047423
0.683161 -0.044970
0.771467 -0.041567
0.811278 -0.037569
0.798855 -0.033240
0.741500 -0.028880
0.652904 -0.024673
0.548055 -0.020750
0.439746 -0.017238
0.337061 -0.014124
0.245331 -0.011425
0.166879 -0.009131
0.101987 -0.007214
0.049773 -0.005638
0.008832 -0.004362
-0.021991 -0.003341
-0.038565 -0.002536
-0.029236 -0.001908
0.016511 -0.001424
0.100632 -0.001054
0.215944 -0.000774
0.349543 -0.000564
0.482451 -0.000409
0.590566 -0.000253
0.654662 -0.000139
0.667764 -0.000058
0.634975 0.000000
0.568718 0.000000
0.483413 0.000000
0.391740 0.000000
0.302920 0.000000
0.222544 0.000000
0.153222 0.000000
0.095518 0.000000
0.048814 0.000000
0.011941 0.000000
-0.016412 0.000000
-0.037495 0.000000
-0.052425 0.000000
-0.062182 0.000000
-0.067257 0.000000
-0.062849 0.000000
-0.036681 0.000000
0.022202 0.000000
0.115805 0.000000
0.231756 0.000000
0.344953 0.000000
0.430724 0.000000
0.475333 0.000000
0.477820 0.000000
0.446292 0.000000
0.392540 0.000000
0.328036 0.000000
0.261756 0.000000
0.199581 0.000000
0.144648 0.000000
0.098089 0.000000
0.059799 0.000000
0.029047 0.000000
0.005259 0.000000
-0.006921 0.000000
0.004622 0.000000
0.050832 0.000000
0.133681 0.000000
0.240805 0.000000
0.346982 0.000000
0.427430 0.000000
0.468253 0.000000
0.468330 0.000000
0.435492 0.000000
0.381260 0.000000
0.316941 0.000000
0.251311 0.000000
0.190078 0.000000
0.136241 0.000000
0.090827 0.000000
0.053654 0.000000
0.023941 0.000000
0.000709 0.000000
-0.017001 0.000000
-0.030033 0.000000
-0.039110 0.000000
-0.044856 0.000000
-0.047824 0.000000
-0.048521 0.000000
-0.047423 0.000000
-0.044970 0.000000
-0.041567 0.000000
-0.037569 0.000000
-0.033240 0.000000
-0.028880 0.000000
-0.024673 0.000000
-0.020750 0.000000
-0.017238 0.000000
-0.014124 0.000000
-0.011425 0.000000
-0.009131 0.000000
-0.007214 0.000000
-0.005638 0.000000
-0.004362 0.000000
-0.003341 0.000000
-0.002536 0.000000
-0.001908 0.000000
-0.001424 0.000000
-0.001054 0.000000
-0.000774 0.000000
-0.000564 0.000000
-0.000409 0.000000
-0.000253 0.000000
-0.000139 0.000000
-0.000058 0.000000
0.000000 0.000000
0.000000 0.000000
0.000000 0.000000
0.000000 0.000000
0.000000 0.000000
0.000000 0.000000
0.000000 0.000000
0.000000 0.000000
0.000000 0.000000
0.000000 0.000000
0.000000 0.000000
0.000000 0.000000
0.000000 0.000000
0.000000 0.000000
0.000000 0.000000
0.000000 0.000000
0.000000 0.000000
0.000000 0.000000
0.000000 0.000000
0.000000 0.000000
0.000000 0.000000
0.000000 0.000000
0.000000 0.000000
0.000000 0.000000
0.000000 0.000000
0.000000 0.000000
0.000000 0.000000
0.000000 0.000000
0.000000 0.000000
0.000000 0.000000
0.000000 0.000000
0.000000 0.000000
0.000000 0.000000
0.000000 0.000000
0.000000 0.000000
0.000000 0.000000
0.000000 0.000000
0.000000 0.000000
0.000000 0.000000
0.000000 0.000000
0.000000 0.000000
0.000000 0.000000
0.000000 0.000000
0.000000 0.000000
0.000000 0.000000
0.000000 0.000000
0.000000 0.000000
0.000000 0.000000
0.000000 0.000000
0.000000 0.000000
0.000000 0.000000
0.000000 0.000000
0.000000 0.000000
0.000000 0.000000
0.000000 0.000000
0.000000 0.000000
0.000000 0.000000
0.000000 0.000000
0.000000 0.000000
0.000000 0.000000
