0.000000 0.000000
0.000000 0.000000
0.000000 0.000000
0.000000 0.000000
0.000000 0.000000
0.000000 0.000000
0.000000 0.000000
0.000000 0.000000
0.000000 0.000000
0.000000 0.000000
0.000000 0.000000
0.000000 0.000000
0.000000 0.000000
0.000000 0.000000
0.000000 0.000000
0.000000 0.000378
0.000000 0.006719
0.000000 0.031986
0.000000 0.087849
0.000000 0.177292
0.000000 0.294062
0.000000 0.426474
0.000000 0.561900
0.000000 0.689881
0.000000 0.803075
0.000000 0.892407
0.000000 0.944162
0.000000 0.947714
0.000000 0.902086
0.000000 0.815893
0.000000 0.703152
0.000000 0.578614
0.000000 0.454577
0.000000 0.339574
0.000000 0.238423
0.000000 0.153003
0.000000 0.083224
0.000000 0.027880
0.000000 -0.014725
0.000378 -0.046391
0.006719 -0.068825
0.031986 -0.083569
0.087849 -0.091993
0.177292 -0.095316
0.294062 -0.094623
0.426474 -0.090885
0.561900 -0.084965
0.689503 -0.077610
0.796733 -0.069458
0.867140 -0.061026
0.888299 -0.052720
0.858270 -0.044839
0.785316 -0.037586
0.683481 -0.031079
0.567727 -0.025370
0.450633 -0.020461
0.341005 -0.016313
0.243900 -0.012865
0.161401 -0.010041
0.093589 -0.007760
0.039408 -0.005941
-0.002697 -0.004508
-0.034019 -0.003391
-0.050558 -0.002531
-0.040783 -0.001832
0.005711 -0.001306
0.090776 -0.000913
0.207145 -0.000622
0.341838 -0.000409
0.475824 -0.000253
0.584958 -0.000139
0.649988 -0.000058
0.663923 0.000000
0.631860 0.000000
0.566224 0.000000
0.481438 0.000000
0.390193 0.000000
0.301722 0.000000
0.221625 0.000000
0.152523 0.000000
0.094992 0.000000
0.048421 0.000000
0.011650 0.000000
-0.016625 0.000378
-0.037651 0.006719
-0.052538 0.031986
-0.062263 0.087849
-0.067692 0.177292
-0.069569 0.294062
-0.068667 0.426474
-0.065647 0.561900
-0.061110 0.689881
-0.055587 0.803453
-0.049535 0.898749
-0.043328 0.969428
-0.037255 1.003576
-0.031570 0.991530
-0.026360 0.932663
-0.021707 0.835564
-0.017645 0.714039
-0.014169 0.582558
-0.011247 0.453146
-0.008831 0.334096
-0.006862 0.230025
-0.005280 0.142639
-0.004025 0.071696
-0.003041 0.015851
-0.002278 -0.026719
-0.001693 -0.057938
-0.001248 -0.079625
-0.000913 -0.093424
-0.000622 -0.100793
-0.000031 -0.103021
0.006467 -0.101250
0.031847 -0.096493
0.087790 -0.089639
0.177292 -0.081451
0.294062 -0.072572
0.426474 -0.063520
0.561522 -0.054695
0.683161 -0.046386
0.771467 -0.038784
0.811278 -0.031998
0.798855 -0.026069
0.741500 -0.020987
0.652904 -0.016706
0.548055 -0.013156
0.439746 -0.010255
0.337061 -0.007916
0.245331 -0.006054
0.166879 -0.004589
0.101987 -0.003450
0.049773 -0.002531
0.008832 -0.001832
-0.021991 -0.001306
-0.038565 -0.000913
-0.029236 -0.000622
0.016511 -0.000409
0.100254 -0.000253
0.209225 -0.000139
0.317935 -0.000058
0.401322 0.000000
0.445260 0.000000
0.448448 0.000000
0.418582 0.000000
0.367137 0.000000
0.305312 0.000000
0.241861 0.000000
0.182494 0.000000
0.130226 0.000000
0.086108 0.000000
0.049991 0.000000
0.021126 0.000000
-0.001435 0.000000
-0.018618 0.000000
-0.031242 0.000000
-0.040008 0.000000
-0.045517 0.000000
-0.047929 0.000000
-0.042152 0.000000
-0.015689 0.000000
0.042739 0.000000
0.135667 0.000000
0.256493 0.000000
0.393234 0.000000
0.533020 0.000000
0.665208 0.000000
0.782325 0.000000
0.875169 0.000000
0.930037 0.000000
0.936288 0.000000
0.892955 0.000000
0.808679 0.000000
0.697514 0.000000
0.574252 0.000000
0.451236 0.000000
0.337038 0.000000
0.236515 0.000000
0.151580 0.000000
0.082170 0.000000
0.027106 0.000000
-0.015290 0.000000
-0.046800 0.000378
-0.069077 0.006719
-0.083708 0.031986
-0.092052 0.087849
-0.095316 0.177292
-0.094623 0.294062
-0.090885 0.426474
-0.084965 0.561900
-0.077610 0.689881
-0.069458 0.803453
-0.061026 0.898749
-0.052720 0.969428
-0.044839 1.003576
-0.037586 0.991530
-0.031079 0.932663
-0.025370 0.835564
-0.020461 0.714039
-0.016313 0.582558
-0.012865 0.453146
-0.010041 0.334096
-0.007760 0.230025
-0.005941 0.142639
-0.004508 0.071696
-0.003391 0.015851
-0.002531 -0.026719
-0.001832 -0.057938
-0.001306 -0.079625
-0.000913 -0.093424
-0.000622 -0.100793
-0.000409 -0.103021
-0.000253 -0.100872
-0.000139 -0.089774
-0.000058 -0.057653
0.000000 0.006397
0.000000 0.104720
0.000000 0.230164
0.000000 0.365060
0.000000 0.483528
0.000000 0.563248
0.000000 0.594163
0.000000 0.578995
0.000000 0.528687
0.000000 0.456957
0.000000 0.376342
0.000000 0.296247
0.000000 0.222584
0.000000 0.158312
0.000000 0.104306
0.000000 0.060199
0.000000 0.025064
0.000378 -0.002308
0.006719 -0.023033
0.031986 -0.038113
0.087849 -0.048420
0.176914 -0.054722
0.287343 -0.057715
0.394488 -0.058037
0.474051 -0.056283
0.512588 -0.052996
0.509391 -0.048707
0.472652 -0.043788
0.414248 -0.038596
0.345682 -0.033414
0.275925 -0.028455
0.210829 -0.023865
0.153479 -0.019732
0.104951 -0.016099
0.065079 -0.012971
0.033072 -0.010328
0.008300 -0.008133
-0.004643 -0.006336
0.006315 -0.004888
0.052080 -0.003734
0.134595 -0.002827
0.241427 -0.002122
0.347391 -0.001580
0.427682 -0.001167
0.468392 -0.000855
0.468388 -0.000622
0.435492 -0.000409
0.381260 -0.000253
0.316941 -0.000139
0.251311 -0.000058
0.190078 0.000000
0.136241 0.000000
0.090827 0.000000
0.053654 0.000000
0.023941 0.000000
0.001086 0.000000
-0.010281 0.000000
0.001953 0.000000
0.048738 0.000000
0.132436 0.000000
0.246239 0.000000
0.377953 0.000000
0.514477 0.000000
0.644533 0.000000
0.755167 0.000000
0.829571 0.000000
0.855059 0.000000
0.829390 0.000000
0.760643 0.000000
0.662730 0.000000
0.550489 0.000000
0.436509 0.000000
0.329580 0.000000
0.234770 0.000000
0.154188 0.000000
0.087951 0.000000
0.035047 0.000000
-0.006038 0.000000
-0.036933 0.000000
-0.059186 0.000000
-0.074192 0.000378
-0.083192 0.006719
-0.087290 0.031986
-0.087482 0.087849
-0.084666 0.176914
-0.079609 0.287343
-0.073076 0.394488
-0.065675 0.474051
-0.057911 0.512588
-0.050225 0.509391
-0.042865 0.472652
-0.036040 0.414248
-0.029881 0.345682
-0.024451 0.275925
-0.019762 0.210829
-0.015787 0.153479
-0.012472 0.104951
-0.009750 0.065079
-0.007546 0.033072
-0.005785 0.008300
-0.004395 -0.004643
-0.003310 0.006315
-0.002472 0.052080
-0.001832 0.134973
-0.001306 0.248147
-0.000913 0.379377
-0.000622 0.515531
-0.000409 0.645684
-0.000253 0.762073
-0.000139 0.855246
-0.000058 0.911174
0.000000 0.918974
0.000000 0.877472
0.000000 0.795142
0.000000 0.685915
0.000000 0.564489
0.000000 0.443152
0.000000 0.330443
0.000000 0.231209
0.000000 0.147365
0.000000 0.078863
0.000000 0.024538
0.000000 -0.017262
0.000000 -0.048299
0.000000 -0.070248
0.000000 -0.084623
0.000000 -0.092767
0.000000 -0.095880
0.000378 -0.095031
0.006719 -0.091138
0.031986 -0.085104
0.087849 -0.077669
0.177292 -0.069458
0.294062 -0.061026
0.426474 -0.052720
0.561900 -0.044839
0.689881 -0.037586
0.803453 -0.031079
0.898749 -0.025370
0.969428 -0.020461
1.003576 -0.016313
0.991530 -0.012865
0.932663 -0.010041
0.835564 -0.007760
0.714039 -0.005941
0.582558 -0.004508
0.453146 -0.003391
0.334096 -0.002531
0.230025 -0.001832
0.142639 -0.001306
0.071696 -0.000913
0.015851 -0.000622
-0.026719 -0.000409
-0.057938 0.000125
-0.079625 0.006580
-0.093424 0.031928
-0.100793 0.087849
-0.103021 0.177292
-0.101250 0.294062
-0.096493 0.426474
-0.089639 0.561900
-0.081451 0.689881
-0.072572 0.803075
-0.063520 0.892407
-0.054695 0.944162
-0.046386 0.947714
-0.038784 0.902086
-0.031998 0.815893
-0.026069 0.703152
-0.020987 0.578614
-0.016706 0.454577
-0.013156 0.339574
-0.010255 0.238423
-0.007916 0.153003
-0.006054 0.083224
-0.004589 0.027880
-0.003450 -0.014725
-0.002531 -0.046013
-0.001832 -0.062105
-0.001306 -0.051583
-0.000913 -0.004145
-0.000622 0.081976
-0.000409 0.199440
-0.000253 0.335211
-0.000139 0.470216
-0.000058 0.580284
0.000000 0.646147
0.000000 0.660809
0.000000 0.629365
0.000000 0.564249
0.000000 0.479892
0.000000 0.388995
0.000000 0.300803
0.000000 0.220927
0.000000 0.151997
0.000000 0.094600
0.000000 0.048130
0.000000 0.011436
0.000000 -0.016404
0.000000 -0.031044
0.000000 -0.020633
0.000000 0.025527
0.000000 0.109600
0.000000 0.224494
0.000000 0.357808
0.000000 0.496253
0.000000 0.628771
0.000000 0.747866
0.000000 0.849213
0.000000 0.926100
0.000000 0.966321
0.000000 0.959960
0.000000 0.906303
0.000000 0.813857
0.000000 0.696394
0.000000 0.568388
0.000000 0.441898
0.000000 0.325265
0.000000 0.223162
0.000000 0.137358
0.000000 0.067670
0.000000 0.012810
0.000000 -0.028997
0.000000 -0.059630
0.000000 -0.080873
0.000000 -0.094338
0.000000 -0.101416
0.000000 -0.103429
0.000000 -0.101125
0.000000 -0.089913
0.000000 -0.057711
0.000000 0.006397
0.000000 0.104342
0.000000 0.223822
0.000000 0.339793
0.000000 0.427666
0.000000 0.473805
0.000000 0.477393
0.000000 0.446583
0.000000 0.393261
0.000000 0.328976
0.000000 0.262770
0.000000 0.200574
0.000000 0.145563
0.000000 0.098897
0.000000 0.060490
0.000000 0.029622
0.000000 0.005770
0.000000 -0.006475
0.000000 0.005009
0.000000 0.051166
0.000000 0.133972
0.000000 0.241019
0.000000 0.347138
0.000000 0.427543
0.000000 0.468334
0.000000 0.468388
0.000000 0.435492
0.000000 0.381260
0.000000 0.316941
0.000000 0.251311
0.000000 0.190078
0.000000 0.136241
0.000000 0.090827
0.000000 0.053654
0.000000 0.023941
0.000000 0.001086
0.000000 -0.010281
0.000000 0.001953
0.000000 0.048738
0.000000 0.132436
0.000000 0.246239
0.000000 0.377953
0.000000 0.514099
0.000000 0.638191
0.000000 0.729900
0.000000 0.773709
0.000000 0.765615
0.000000 0.712620
0.000000 0.628231
0.000000 0.527305
0.000000 0.422508
0.000000 0.322937
0.000000 0.233906
0.000000 0.157748
0.000000 0.094773
0.000000 0.044135
0.000000 0.004470
0.000000 -0.025332
0.000000 -0.041101
0.000000 -0.031144
0.000000 0.015087
0.000000 0.099578
0.000000 0.215170
0.000000 0.348979
0.000000 0.482043
0.000000 0.590314
0.000000 0.654522
0.000000 0.667706
0.000000 0.634975
0.000000 0.568718
0.000000 0.483413
0.000000 0.391740
0.000000 0.302920
0.000000 0.222544
0.000000 0.153222
0.000000 0.095518
0.000000 0.048814
0.000000 0.011941
0.000000 -0.016034
0.000000 -0.030775
0.000000 -0.020439
0.000000 0.025667
0.000000 0.109658
0.000000 0.224494
0.000000 0.357808
0.000000 0.495875
0.000000 0.622052
0.000000 0.715879
0.000000 0.761742
0.000000 0.755528
0.000000 0.704245
0.000000 0.621334
0.000000 0.521695
0.000000 0.418039
0.000000 0.319415
0.000000 0.231162
0.000000 0.155631
0.000000 0.093156
0.000000 0.042910
0.000000 0.003551
0.000378 -0.026394
0.006719 -0.048325
0.031986 -0.063500
0.087849 -0.073030
0.177292 -0.077909
0.294062 -0.079031
0.426474 -0.077175
0.561900 -0.073138
0.689503 -0.067581
0.796733 -0.061082
0.867140 -0.054128
0.888299 -0.047111
0.858270 -0.040370
0.785316 -0.034065
0.683481 -0.028335
0.567727 -0.023253
0.450633 -0.018843
0.341005 -0.015088
0.243900 -0.011946
0.161401 -0.009357
0.093589 -0.007255
0.039408 -0.005571
-0.002697 -0.004239
-0.034019 -0.003197
-0.050558 -0.002391
-0.040783 -0.001774
0.005711 -0.001306
0.090398 -0.000913
0.200425 -0.000622
0.310230 -0.000409
0.394695 -0.000253
0.439652 -0.000139
0.443774 -0.000058
0.414741 0.000000
0.364022 0.000000
0.302817 0.000000
0.239886 0.000000
0.180948 0.000000
0.129028 0.000000
0.085189 0.000000
0.049293 0.000000
0.020600 0.000000
-0.001450 0.000000
-0.012189 0.000000
0.000530 0.000000
0.047685 0.000000
0.131662 0.000000
0.245297 0.000000
0.370825 0.000000
0.482239 0.000000
0.556922 0.000000
0.584536 0.000000
0.567495 0.000000
0.516433 0.000000
0.444783 0.000000
0.364825 0.000000
0.285752 0.000000
0.213263 0.000000
0.150242 0.000000
0.097470 0.000000
0.054518 0.000000
0.020380 0.000000
-0.005736 0.000000
-0.019369 0.000000
-0.008555 0.000000
0.037515 0.000000
0.120693 0.000000
0.228457 0.000000
0.335537 0.000000
0.417053 0.000000
0.459028 0.000000
0.460275 0.000000
0.428612 0.000000
0.375512 0.000000
0.312209 0.000000
0.247470 0.000000
0.186963 0.000000
0.133747 0.000000
0.088852 0.000000
0.052108 0.000000
0.022743 0.000000
-0.000210 0.000000
-0.017699 0.000000
-0.030559 0.000000
-0.039503 0.000000
-0.044769 0.000000
-0.041318 0.000000
-0.016691 0.000000
0.040313 0.000000
0.131863 0.000000
0.245718 0.000000
0.356919 0.000000
0.440811 0.000000
0.483709 0.000000
0.484718 0.000000
0.451902 0.000000
0.397010 0.000000
0.331557 0.000000
0.264500 0.000000
0.201698 0.000000
0.146265 0.000000
0.099313 0.000000
0.060718 0.000000
0.029730 0.000000
0.005386 0.000378
-0.013271 0.006719
-0.027095 0.031986
-0.036822 0.087849
-0.043094 0.177292
-0.046480 0.294062
-0.047506 0.426474
-0.046622 0.561900
-0.044336 0.689881
-0.041060 0.803075
-0.037160 0.892407
-0.032988 0.944162
-0.028740 0.947714
-0.024614 0.902086
-0.020750 0.815893
-0.017238 0.703152
-0.014124 0.578614
-0.011425 0.454577
-0.009131 0.339574
-0.007214 0.238423
-0.005638 0.153003
-0.004362 0.083224
-0.003341 0.027880
-0.002536 -0.014725
-0.001530 -0.046391
0.005296 -0.068825
0.030932 -0.083569
0.087075 -0.091993
0.176350 -0.095316
0.286934 -0.094623
0.394236 -0.090885
0.473912 -0.084965
0.512530 -0.077610
0.509391 -0.069458
0.472652 -0.061026
0.414248 -0.052720
0.345682 -0.044839
0.275925 -0.037586
0.210829 -0.031079
0.153479 -0.025370
0.104951 -0.020461
0.065079 -0.016313
0.033072 -0.012865
0.008300 -0.010041
-0.004643 -0.007760
0.006315 -0.005941
0.052080 -0.004508
0.134973 -0.003391
0.248147 -0.002531
0.378999 -0.001832
0.508811 -0.001306
0.613698 -0.000913
0.674602 -0.000622
0.684674 -0.000409
0.649098 -0.000253
0.580348 -0.000139
0.492864 -0.000058
0.399324 0.000000
0.308936 0.000000
0.227263 0.000000
0.156885 0.000000
0.098334 0.000000
0.050957 0.000000
0.013558 0.000000
-0.015202 0.000000
-0.036597 0.000000
-0.051387 0.000000
-0.054980 0.000000
-0.035298 0.000000
0.018532 0.000000
0.108765 0.000000
0.228474 0.000000
0.365365 0.000000
0.506313 0.000000
0.639967 0.000000
0.753405 0.000000
0.829885 0.000000
0.856729 0.000000
0.831910 0.000000
0.763609 0.000000
0.665835 0.000000
0.553557 0.000000
0.439386 0.000000
0.332174 0.000000
0.237038 0.000000
0.156121 0.000000
0.089564 0.000000
0.036367 0.000000
-0.004975 0.000000
-0.035712 0.000000
-0.051807 0.000000
-0.041696 0.000000
0.005088 0.000000
0.090368 0.000000
0.206892 0.000000
0.342077 0.000000
0.482485 0.000000
0.616944 0.000000
0.737458 0.000000
0.834496 0.000000
0.893936 0.000000
0.904849 0.000000
0.866046 0.000000
0.786012 0.000000
0.678701 0.000000
0.558851 0.000000
0.438790 0.000000
0.327102 0.000000
0.228673 0.000000
0.145457 0.000000
0.077439 0.000000
0.023485 0.000000
-0.018036 0.000000
-0.048863 0.000378
-0.070657 0.006719
-0.084875 0.031986
-0.092907 0.087849
-0.095938 0.176914
-0.095031 0.287343
-0.091138 0.394488
-0.085104 0.474051
-0.077669 0.512588
-0.069458 0.509391
-0.061026 0.472652
-0.052720 0.414248
-0.044839 0.345682
-0.037586 0.275925
-0.031079 0.210829
-0.025370 0.153479
-0.020461 0.104951
-0.016313 0.065079
-0.012865 0.033072
-0.010041 0.008300
-0.007760 -0.004643
-0.005941 0.006315
-0.004508 0.052080
-0.003391 0.134973
-0.002531 0.248147
-0.001832 0.379377
-0.001306 0.515531
-0.000913 0.645684
-0.000622 0.762450
-0.000409 0.861588
-0.000253 0.936440
-0.000139 0.974836
-0.000058 0.966915
0.000000 0.911912
0.000000 0.818327
0.000000 0.699915
0.000000 0.571132
0.000000 0.444015
0.000000 0.326883
0.000000 0.224387
0.000000 0.138277
0.000000 0.068354
0.000000 0.013315
0.000000 -0.028627
0.000000 -0.058984
0.000000 -0.073959
0.000000 -0.062212
0.000000 -0.013509
0.000000 0.073863
0.000000 0.192560
0.000000 0.329464
0.000000 0.465484
0.000000 0.576443
0.000000 0.643032
0.000000 0.658314
0.000000 0.627390
0.000000 0.562702
0.000000 0.478694
0.000000 0.388076
0.000000 0.300105
0.000000 0.220401
0.000000 0.151604
0.000000 0.094309
0.000000 0.047916
0.000000 0.011280
0.000000 -0.016895
0.000000 -0.037845
0.000000 -0.052678
0.000000 -0.062321
0.000000 -0.067692
0.000000 -0.069569
0.000000 -0.068667
0.000000 -0.065647
0.000000 -0.061110
0.000000 -0.055587
0.000000 -0.049535
0.000000 -0.043328
0.000000 -0.037255
0.000000 -0.031570
0.000000 -0.026360
0.000000 -0.021707
0.000000 -0.017645
0.000000 -0.014169
0.000000 -0.011247
0.000000 -0.008831
0.000000 -0.006862
0.000000 -0.005280
0.000000 -0.004025
0.000000 -0.003041
0.000000 -0.002278
0.000000 -0.001693
0.000000 -0.001248
0.000000 -0.000913
0.000000 -0.000622
0.000000 -0.000409
0.000000 -0.000253
0.000000 -0.000139
0.000000 -0.000058
0.000000 0.000000
0.000000 0.000000
0.000000 0.000000
0.000000 0.000000
0.000000 0.000000
0.000000 0.000000
0.000000 0.000000
0.000000 0.000000
0.000000 0.000000
0.000000 0.000000
0.000000 0.000000
0.000000 0.000000
0.000000 0.000000
0.000000 0.000000
0.000000 0.000000
0.000000 0.000000
0.000000 0.000000
0.000000 0.000000
0.000000 0.000000
0.000000 0.000000
0.000000 0.000000
0.000000 0.000000
0.000000 0.000000
0.000000 0.000000
0.000000 0.000000
0.000000 0.000000
0.000000 0.000000
0.000000 0.000000
0.000000 0.000000
0.000000 0.000000
0.000000 0.000000
0.000000 0.000000
0.000000 0.000000
0.000000 0.000000
0.000000 0.000000
0.000000 0.000000
0.000000 0.000000
0.000000 0.000000
0.000000 0.000000
