0.000000 0.000000
0.000000 0.000000
0.000000 0.000000
0.000000 0.000000
0.000000 0.000000
0.000000 0.000000
0.000000 0.000000
0.000000 0.000000
0.000000 0.000000
0.000000 0.000000
0.000000 0.000000
0.000000 0.000000
0.000000 0.000000
0.000000 0.000000
0.000000 0.000000
0.000000 0.000378
0.000000 0.006719
0.000000 0.031986
0.000000 0.087849
0.000000 0.176914
0.000000 0.287343
0.000000 0.394488
0.000000 0.474051
0.000000 0.512588
0.000000 0.509391
0.000000 0.472652
0.000000 0.414248
0.000000 0.345682
0.000000 0.275925
0.000000 0.210829
0.000000 0.153479
0.000000 0.104951
0.000000 0.065079
0.000000 0.033072
0.000378 0.007922
0.006719 -0.011363
0.031986 -0.025671
0.087849 -0.035769
0.177292 -0.042320
0.294062 -0.045915
0.426474 -0.047097
0.561900 -0.046369
0.689881 -0.044196
0.803453 -0.041002
0.898749 -0.037160
0.969428 -0.032988
1.003576 -0.028740
0.991530 -0.024614
0.932663 -0.020750
0.835564 -0.017238
0.714039 -0.014124
0.582558 -0.011425
0.453146 -0.009131
0.334096 -0.007214
0.230025 -0.005638
0.142639 -0.004362
0.071696 -0.003341
0.015851 -0.002536
-0.026719 -0.001908
-0.057938 -0.001046
-0.079625 0.005666
-0.093424 0.031212
-0.100793 0.087284
-0.103021 0.176506
-0.101250 0.287090
-0.096493 0.394349
-0.089639 0.473993
-0.081451 0.512588
-0.072572 0.509391
-0.063520 0.472652
-0.054695 0.414248
-0.046386 0.345682
-0.038784 0.275925
-0.031998 0.210829
-0.026069 0.153479
-0.020987 0.104951
-0.016706 0.065079
-0.013156 0.033072
-0.010255 0.008300
-0.007916 -0.004643
-0.006054 0.006315
-0.004589 0.052080
-0.003450 0.134595
-0.002531 0.241427
-0.001832 0.347391
-0.001306 0.427682
-0.000913 0.468392
-0.000622 0.468388
-0.000409 0.435492
-0.000253 0.381260
-0.000139 0.316941
-0.000058 0.251311
0.000000 0.190078
0.000000 0.136241
0.000000 0.090827
0.000000 0.053654
0.000000 0.023941
0.000000 0.001086
0.000000 -0.010281
0.000000 0.001953
0.000000 0.048738
0.000000 0.132059
0.000000 0.239519
0.000000 0.345967
0.000000 0.426629
0.000000 0.467618
0.000000 0.467824
0.000000 0.435083
0.000000 0.381007
0.000000 0.316802
0.000000 0.251253
0.000000 0.190078
0.000000 0.136241
0.000000 0.090827
0.000000 0.053654
0.000000 0.023941
0.000000 0.000709
0.000000 -0.017001
0.000000 -0.030033
0.000000 -0.039110
0.000000 -0.044856
0.000000 -0.047446
0.000000 -0.041802
0.000000 -0.015437
0.000000 0.042878
0.000000 0.135348
0.000000 0.249774
0.000000 0.361248
0.000000 0.445172
0.000000 0.487916
0.000000 0.488640
0.000000 0.455414
0.000000 0.400123
0.000000 0.334256
0.000000 0.266795
0.000000 0.203615
0.000000 0.147841
0.000000 0.100590
0.000000 0.061738
0.000000 0.030536
0.000378 0.006014
0.006719 -0.012786
0.031986 -0.026725
0.087849 -0.036543
0.176914 -0.042884
0.287343 -0.046324
0.394488 -0.047350
0.474051 -0.046509
0.512588 -0.044254
0.509391 -0.041002
0.472652 -0.037160
0.414248 -0.032988
0.345682 -0.028740
0.275925 -0.024614
0.210829 -0.020750
0.153479 -0.017238
0.104951 -0.014124
0.065079 -0.011425
0.033072 -0.009131
0.007922 -0.006836
-0.011363 0.001081
-0.025671 0.027625
-0.035769 0.084507
-0.042320 0.174756
-0.045915 0.292154
-0.047097 0.425050
-0.046369 0.560469
-0.044196 0.682387
-0.041002 0.770902
-0.037160 0.810869
-0.032988 0.798603
-0.028740 0.741361
-0.024614 0.652846
-0.020750 0.548055
-0.017238 0.439746
-0.014124 0.337061
-0.011425 0.245331
-0.009131 0.166879
-0.007214 0.101987
-0.005638 0.049773
-0.004362 0.008832
-0.003341 -0.022369
-0.002158 -0.045284
0.004811 -0.061222
0.030562 -0.071338
0.086795 -0.076660
0.176518 -0.078118
0.293120 -0.076553
0.419346 -0.072729
0.529661 -0.067328
0.601893 -0.060943
0.626102 -0.054070
0.605064 -0.047111
0.549673 -0.040370
0.473662 -0.034065
0.389498 -0.028335
0.306502 -0.023253
0.230500 -0.018843
0.164366 -0.015088
0.108895 -0.011946
0.063648 -0.009357
0.027594 -0.007255
-0.000476 -0.005194
-0.021727 0.002480
-0.037200 0.028789
-0.047797 0.085457
-0.054313 0.175518
-0.057462 0.292756
-0.057898 0.425561
-0.056225 0.561278
-0.052996 0.689472
-0.048707 0.803200
-0.043788 0.898609
-0.038596 0.969370
-0.033414 1.003576
-0.028455 0.991530
-0.023865 0.932663
-0.019732 0.835564
-0.016099 0.714039
-0.012971 0.582558
-0.010328 0.453146
-0.008133 0.334096
-0.006336 0.230025
-0.004888 0.142639
-0.003734 0.071696
-0.002827 0.015851
-0.002122 -0.026719
-0.001202 -0.057938
0.005553 -0.079625
0.031131 -0.093424
0.087226 -0.100793
0.176884 -0.103021
0.293810 -0.101250
0.426335 -0.096493
0.561464 -0.089639
0.683161 -0.081451
0.771467 -0.072572
0.811278 -0.063520
0.798855 -0.054695
0.741500 -0.046386
0.652904 -0.038784
0.548055 -0.031998
0.439746 -0.026069
0.337061 -0.020987
0.245331 -0.016706
0.166879 -0.013156
0.101987 -0.010255
0.049773 -0.007916
0.008832 -0.006054
-0.021991 -0.004589
-0.038565 -0.003450
-0.029236 -0.002531
0.016511 -0.001832
0.100254 -0.001306
0.209225 -0.000913
0.317935 -0.000622
0.401322 -0.000409
0.445260 -0.000253
0.448448 -0.000139
0.418582 -0.000058
0.367137 0.000000
0.305312 0.000000
0.241861 0.000000
0.182494 0.000000
0.130226 0.000000
0.086108 0.000000
0.049991 0.000000
0.021126 0.000000
-0.001435 0.000378
-0.018618 0.006719
-0.031242 0.031986
-0.040008 0.087849
-0.045517 0.177292
-0.048306 0.294062
-0.048872 0.426474
-0.047675 0.561900
-0.045110 0.689881
-0.041625 0.803453
-0.037569 0.898749
-0.033240 0.969428
-0.028880 1.003576
-0.024673 0.991530
-0.020750 0.932663
-0.017238 0.835564
-0.014124 0.714039
-0.011425 0.582558
-0.009131 0.453146
-0.007214 0.334096
-0.005638 0.230025
-0.004362 0.142639
-0.003341 0.071696
-0.002536 0.015851
-0.001908 -0.026719
-0.001424 -0.057938
-0.001054 -0.079625
-0.000774 -0.093424
-0.000187 -0.100793
0.006311 -0.103021
0.031734 -0.101250
0.087709 -0.096493
0.177234 -0.089639
0.293684 -0.081451
0.419755 -0.072572
0.529914 -0.063520
0.602032 -0.054695
0.626161 -0.046386
0.605064 -0.038784
0.549673 -0.031998
0.473662 -0.026069
0.389498 -0.020987
0.306502 -0.016706
0.230500 -0.013156
0.164366 -0.010255
0.108895 -0.007916
0.063648 -0.006054
0.027594 -0.004589
-0.000476 -0.003072
-0.021727 0.004189
-0.037200 0.030154
-0.047797 0.086542
-0.054313 0.176379
-0.057462 0.293440
-0.057898 0.426066
-0.056225 0.561647
-0.052996 0.689741
-0.048707 0.803395
-0.043788 0.898749
-0.038596 0.969428
-0.033414 1.003576
-0.028455 0.991530
-0.023865 0.932663
-0.019732 0.835564
-0.016099 0.714039
-0.012971 0.582558
-0.010328 0.453146
-0.008133 0.334096
-0.006336 0.230025
-0.004888 0.142639
-0.003734 0.071696
-0.002827 0.015851
-0.002122 -0.026719
-0.001580 -0.057560
-0.001167 -0.072906
-0.000855 -0.061438
-0.000622 -0.012945
-0.000409 0.074272
-0.000253 0.192434
-0.000139 0.323261
-0.000058 0.440275
0.000000 0.520581
0.000000 0.553588
0.000000 0.541544
0.000000 0.494979
0.000000 0.427277
0.000000 0.350714
0.000000 0.274504
0.000000 0.204432
0.000000 0.143379
0.000000 0.092190
0.000000 0.050493
0.000000 0.017339
0.000000 -0.008014
0.000000 -0.021062
0.000000 -0.009803
0.000000 0.036602
0.000000 0.120448
0.000000 0.234768
0.000000 0.367270
0.000000 0.504762
0.000000 0.635884
0.000000 0.747617
0.000000 0.823100
0.000000 0.849564
0.000000 0.824798
0.000000 0.756861
0.000000 0.659616
0.000000 0.547994
0.000000 0.434534
0.000000 0.328033
0.000000 0.233572
0.000000 0.153269
0.000000 0.087252
0.000000 0.034521
0.000000 -0.006431
0.000000 -0.036847
0.000000 -0.052681
0.000000 -0.042362
0.000000 0.004544
0.000000 0.089921
0.000000 0.206522
0.000000 0.341808
0.000000 0.481913
0.000000 0.610085
0.000000 0.705792
0.000000 0.753367
0.000000 0.748630
0.000000 0.698635
0.000000 0.616864
0.000000 0.518174
0.000000 0.415295
0.000000 0.317299
0.000000 0.229545
0.000000 0.154407
0.000000 0.092237
0.000000 0.042227
0.000000 0.003046
0.000378 -0.026764
0.006719 -0.048594
0.031986 -0.063694
0.087849 -0.073170
0.176914 -0.077967
0.287343 -0.079031
0.394488 -0.077175
0.474051 -0.073138
0.512588 -0.067581
0.509391 -0.061082
0.472652 -0.054128
0.414248 -0.047111
0.345682 -0.040370
0.275925 -0.034065
0.210829 -0.028335
0.153479 -0.023253
0.104951 -0.018843
0.065079 -0.015088
0.033072 -0.011946
0.008300 -0.009357
-0.004643 -0.007255
0.006315 -0.005571
0.052080 -0.004239
0.134973 -0.003197
0.248147 -0.002391
0.379377 -0.001774
0.515153 -0.001306
0.638965 -0.000913
0.730464 -0.000622
0.774117 -0.000409
0.765868 -0.000253
0.712760 -0.000139
0.628290 -0.000058
0.527305 0.000000
0.422508 0.000000
0.322937 0.000000
0.233906 0.000000
0.157748 0.000000
0.094773 0.000000
0.044135 0.000000
0.004470 0.000000
-0.025710 0.000378
-0.047820 0.006719
-0.063130 0.031986
-0.072761 0.087849
-0.077714 0.176914
-0.078892 0.287343
-0.077117 0.394488
-0.073138 0.474051
-0.067581 0.512588
-0.061082 0.509391
-0.054128 0.472652
-0.047111 0.414248
-0.040370 0.345682
-0.034065 0.275925
-0.028335 0.210829
-0.023253 0.153479
-0.018843 0.104951
-0.015088 0.065079
-0.011946 0.033072
-0.009357 0.008300
-0.007255 -0.004643
-0.005571 0.006315
-0.004239 0.052080
-0.003197 0.134973
-0.002391 0.248147
-0.001774 0.379377
-0.001306 0.515531
-0.000913 0.645307
-0.000622 0.755731
-0.000409 0.829980
-0.000253 0.855311
-0.000139 0.829530
-0.000058 0.760701
0.000000 0.662730
0.000000 0.550489
0.000000 0.436509
0.000000 0.329580
0.000000 0.234770
0.000000 0.154188
0.000000 0.087951
0.000000 0.035047
0.000000 -0.006038
0.000000 -0.036556
0.000000 -0.052467
0.000000 -0.042206
0.000000 0.004657
0.000000 0.090002
0.000000 0.206203
0.000000 0.335088
0.000000 0.450305
0.000000 0.528956
0.000000 0.560486
0.000000 0.547153
0.000000 0.499448
0.000000 0.430798
0.000000 0.353458
0.000000 0.276621
0.000000 0.206049
0.000000 0.144604
0.000000 0.093109
0.000000 0.051177
0.000000 0.017844
0.000000 -0.007644
0.000000 -0.020793
0.000000 -0.009609
0.000000 0.036741
0.000000 0.120506
0.000000 0.234390
0.000000 0.360551
0.000000 0.472776
0.000000 0.548414
0.000000 0.577045
0.000000 0.561024
0.000000 0.510938
0.000000 0.440190
0.000000 0.361042
0.000000 0.282637
0.000000 0.210768
0.000000 0.148267
0.000000 0.095924
0.000000 0.053320
0.000000 0.019462
0.000000 -0.006812
0.000000 -0.026615
0.000000 -0.040934
0.000000 -0.050624
0.000000 -0.056435
0.000000 -0.058664
0.000000 -0.052345
0.000000 -0.025094
0.000000 0.034230
0.000000 0.128176
0.000000 0.250022
0.000000 0.387739
0.000000 0.528428
0.000000 0.661048
0.000000 0.772868
0.000000 0.847408
0.000000 0.872200
0.000000 0.845299
0.000000 0.774987
0.000000 0.675348
0.000000 0.561390
0.000000 0.445746
0.000000 0.337271
0.000000 0.241073
0.000000 0.159279
0.000000 0.092009
0.000000 0.038242
0.000000 -0.003552
0.000000 -0.035020
0.000000 -0.057686
0.000000 -0.073021
0.000378 -0.082277
0.006719 -0.086574
0.031986 -0.086918
0.087849 -0.084258
0.176914 -0.079357
0.287343 -0.072936
0.394488 -0.065617
0.474051 -0.057911
0.512588 -0.050225
0.509391 -0.042865
0.472652 -0.036040
0.414248 -0.029881
0.345682 -0.024451
0.275925 -0.019762
0.210829 -0.015787
0.153479 -0.012472
0.104951 -0.009750
0.065079 -0.007546
0.033072 -0.005785
0.007922 -0.004017
-0.011363 0.003409
-0.025671 0.029514
-0.035769 0.086016
-0.042320 0.175986
-0.045915 0.292771
-0.047097 0.419132
-0.046369 0.529505
-0.044196 0.601780
-0.041002 0.626021
-0.037160 0.605006
-0.032988 0.549673
-0.028740 0.473662
-0.024614 0.389498
-0.020750 0.306502
-0.017238 0.230500
-0.014124 0.164366
-0.011425 0.108895
-0.009131 0.063648
-0.007214 0.027594
-0.005260 -0.000476
0.002358 -0.021727
0.028645 -0.037200
0.085312 -0.047797
0.175006 -0.054313
0.285919 -0.057462
0.393434 -0.057898
0.473278 -0.056225
0.512024 -0.052996
0.508982 -0.048707
0.472400 -0.043788
0.414108 -0.038596
0.345623 -0.033414
0.275925 -0.028455
0.210829 -0.023865
0.153479 -0.019732
0.104951 -0.016099
0.065079 -0.012971
0.033072 -0.010328
0.008300 -0.008133
-0.004643 -0.006336
0.006315 -0.004888
0.052080 -0.003734
0.134973 -0.002827
0.248147 -0.002122
0.379377 -0.001580
0.515531 -0.001167
0.645307 -0.000855
0.755731 -0.000622
0.829980 -0.000409
0.855311 -0.000253
0.829530 -0.000139
0.760701 -0.000058
0.662730 0.000000
0.550489 0.000000
0.436509 0.000000
0.329580 0.000000
0.234770 0.000000
0.154188 0.000000
0.087951 0.000000
0.035047 0.000000
-0.006038 0.000000
-0.036556 0.000000
-0.052467 0.000000
-0.042206 0.000000
0.004657 0.000000
0.089625 0.000000
0.199861 0.000000
0.309822 0.000000
0.394442 0.000000
0.439513 0.000000
0.443716 0.000000
0.414741 0.000000
0.364022 0.000000
0.302817 0.000000
0.239886 0.000000
0.180948 0.000000
0.129028 0.000000
0.085189 0.000000
0.049293 0.000000
0.020600 0.000000
-0.001828 0.000000
-0.018909 0.000000
-0.031456 0.000000
-0.040164 0.000000
-0.045630 0.000000
-0.048010 0.000000
-0.042210 0.000000
-0.015689 0.000000
0.042739 0.000000
0.135667 0.000000
0.256115 0.000000
0.386515 0.000000
0.501034 0.000000
0.577359 0.000000
0.605410 0.000000
0.587826 0.000000
0.535549 0.000000
0.462237 0.000000
0.380367 0.000000
0.299288 0.000000
0.224862 0.000000
0.160005 0.000000
0.105554 0.000000
0.061112 0.000000
0.025686 0.000000
-0.001522 0.000000
-0.016061 0.000000
-0.005988 0.000000
0.039487 0.000000
0.122193 0.000000
0.229628 0.000000
0.336451 0.000000
0.417769 0.000000
0.459592 0.000000
0.460683 0.000000
0.428864 0.000000
0.375652 0.000000
0.312267 0.000000
0.247470 0.000000
0.186963 0.000000
0.133747 0.000000
0.088852 0.000000
0.052108 0.000000
0.022743 0.000000
0.000167 0.000000
-0.010980 0.000000
0.001427 0.000000
0.048346 0.000000
0.132145 0.000000
0.245647 0.000000
0.371077 0.000000
0.482378 0.000000
0.556981 0.000000
0.584536 0.000000
0.567495 0.000000
0.516433 0.000000
0.444783 0.000000
0.364825 0.000000
0.285752 0.000000
0.213263 0.000000
0.150242 0.000000
0.097470 0.000000
0.054518 0.000000
0.020380 0.000000
-0.005736 0.000000
-0.019369 0.000000
-0.008555 0.000000
0.037515 0.000000
0.121071 0.000000
0.234799 0.000000
0.360803 0.000000
0.472915 0.000000
0.548472 0.000000
0.577045 0.000000
0.561024 0.000000
0.510938 0.000000
0.440190 0.000000
0.361042 0.000000
0.282637 0.000000
0.210768 0.000000
0.148267 0.000000
0.095924 0.000000
0.053320 0.000000
0.019462 0.000000
-0.006812 0.000000
-0.026615 0.000000
-0.040934 0.000000
-0.050624 0.000000
-0.056058 0.000000
-0.052322 0.000000
-0.027078 0.000000
0.030769 0.000000
0.123674 0.000000
0.244946 0.000000
0.382434 0.000000
0.522787 0.000000
0.649689 0.000000
0.743011 0.000000
0.787413 0.000000
0.779123 0.000000
0.725401 0.000000
0.639933 0.000000
0.537726 0.000000
0.431613 0.000000
0.330724 0.000000
0.240444 0.000000
0.163145 0.000000
0.099160 0.000000
0.047651 0.000000
0.007252 0.000000
-0.023158 0.000000
-0.039420 0.000000
-0.029858 0.000000
0.016102 0.000000
0.100379 0.000000
0.215805 0.000000
0.349863 0.000000
0.489171 0.000000
0.622552 0.000000
0.742132 0.000000
0.838337 0.000000
0.897051 0.000000
0.907344 0.000000
0.868021 0.000000
0.787558 0.000000
0.679899 0.000000
0.559770 0.000000
0.439489 0.000000
0.327628 0.000000
0.229066 0.000000
0.145748 0.000000
0.077653 0.000000
0.023641 0.000000
-0.017922 0.000000
-0.048782 0.000000
-0.070599 0.000000
-0.084875 0.000000
-0.092907 0.000000
-0.095938 0.000000
-0.095031 0.000000
-0.091138 0.000000
-0.085104 0.000000
-0.077669 0.000000
-0.069458 0.000000
-0.061026 0.000000
-0.052720 0.000000
-0.044839 0.000000
-0.037586 0.000000
-0.031079 0.000000
-0.025370 0.000000
-0.020461 0.000000
-0.016313 0.000000
-0.012865 0.000000
-0.010041 0.000000
-0.007760 0.000000
-0.005941 0.000000
-0.004508 0.000000
-0.003391 0.000000
-0.002531 0.000000
-0.001832 0.000000
-0.001306 0.000000
-0.000913 0.000000
-0.000622 0.000000
-0.000409 0.000000
-0.000253 0.000000
-0.000139 0.000000
-0.000058 0.000000
0.000000 0.000000
0.000000 0.000000
0.000000 0.000000
0.000000 0.000000
0.000000 0.000000
0.000000 0.000000
0.000000 0.000000
0.000000 0.000000
0.000000 0.000000
0.000000 0.000000
0.000000 0.000000
0.000000 0.000000
0.000000 0.000000
0.000000 0.000000
0.000000 0.000000
0.000000 0.000000
0.000000 0.000000
0.000000 0.000000
0.000000 0.000000
0.000000 0.000000
0.000000 0.000000
0.000000 0.000000
0.000000 0.000000
0.000000 0.000000
0.000000 0.000000
0.000000 0.000000
0.000000 0.000000
0.000000 0.000000
0.000000 0.000000
0.000000 0.000000
0.000000 0.000000
0.000000 0.000000
0.000000 0.000000
0.000000 0.000000
0.000000 0.000000
0.000000 0.000000
0.000000 0.000000
0.000000 0.000000
0.000000 0.000000
0.000000 0.000000
0.000000 0.000000
0.000000 0.000000
0.000000 0.000000
0.000000 0.000000
0.000000 0.000000
0.000000 0.000000
0.000000 0.000000
0.000000 0.000000
0.000000 0.000000
0.000000 0.000000
0.000000 0.000000
0.000000 0.000000
0.000000 0.000000
0.000000 0.000000
0.000000 0.000000
0.000000 0.000000
0.000000 0.000000
0.000000 0.000000
0.000000 0.000000
0.000000 0.000000
0.000000 0.000000
0.000000 0.000000
0.000000 0.000000
0.000000 0.000000
0.000000 0.000000
0.000000 0.000000
0.000000 0.000000
0.000000 0.000000
0.000000 0.000000
0.000000 0.000000
0.000000 0.000000
0.000000 0.000000
0.000000 0.000000
