0.000000 0.000000
0.000000 0.000000
0.000000 0.000000
0.000000 0.000000
0.000000 0.000000
0.000000 0.000000
0.000000 0.000000
0.000000 0.000000
0.000000 0.000000
0.000000 0.000000
0.000000 0.000000
0.000000 0.000000
0.000000 0.000000
0.000000 0.000000
0.000000 0.000000
0.000000 0.000378
0.000000 0.006719
0.000000 0.031986
0.000000 0.087849
0.000000 0.177292
0.000000 0.293684
0.000000 0.419755
0.000000 0.529914
0.000000 0.602032
0.000000 0.626161
0.000000 0.605064
0.000000 0.549673
0.000000 0.473662
0.000000 0.389498
0.000000 0.306502
0.000000 0.230500
0.000000 0.164366
0.000000 0.108895
0.000000 0.063648
0.000000 0.027594
0.000000 -0.000098
0.000000 -0.015008
0.000000 -0.005214
0.000000 0.040051
0.000000 0.122979
0.000000 0.236600
0.000000 0.368576
0.000000 0.505675
0.000000 0.636885
0.000000 0.754368
0.000000 0.848619
0.000000 0.905566
0.000000 0.914300
0.000000 0.873631
0.000000 0.792028
0.000000 0.683420
0.000000 0.562514
0.000000 0.441606
0.000000 0.329245
0.000000 0.230290
0.000000 0.146667
0.000000 0.078337
0.000000 0.024145
0.000000 -0.017553
0.000000 -0.048513
0.000000 -0.070404
0.000378 -0.084736
0.006719 -0.092849
0.031986 -0.095938
0.087849 -0.095031
0.177292 -0.091138
0.294062 -0.085104
0.426474 -0.077669
0.561900 -0.069458
0.689881 -0.061026
0.803453 -0.052720
0.898749 -0.044839
0.969428 -0.037586
1.003576 -0.031079
0.991530 -0.025370
0.932663 -0.020461
0.835564 -0.016313
0.714039 -0.012865
0.582558 -0.010041
0.453146 -0.007760
0.334096 -0.005941
0.230025 -0.004508
0.142639 -0.003391
0.071696 -0.002531
0.015851 -0.001832
-0.026719 -0.001306
-0.057938 -0.000913
-0.079625 -0.000245
-0.093424 0.006311
-0.100793 0.031734
-0.103021 0.087709
-0.101250 0.177234
-0.096493 0.294062
-0.089639 0.426474
-0.081451 0.561522
-0.072572 0.683161
-0.063520 0.771467
-0.054695 0.811278
-0.046386 0.798855
-0.038784 0.741500
-0.031998 0.652904
-0.026069 0.548055
-0.020987 0.439746
-0.016706 0.337061
-0.013156 0.245331
-0.010255 0.166879
-0.007916 0.101987
-0.006054 0.049773
-0.004589 0.008832
-0.003072 -0.022369
0.004189 -0.045284
0.030154 -0.061222
0.086542 -0.071338
0.176379 -0.076660
0.293062 -0.078118
0.419346 -0.076553
0.529661 -0.072729
0.601893 -0.067328
0.626102 -0.060943
0.605064 -0.054070
0.549673 -0.047111
0.473662 -0.040370
0.389498 -0.034065
0.306502 -0.028335
0.230500 -0.023253
0.164366 -0.018843
0.108895 -0.015088
0.063648 -0.011946
0.027594 -0.009357
-0.000098 -0.007255
-0.015008 -0.005571
-0.005214 -0.004239
0.040051 -0.003197
0.122979 -0.002391
0.236600 -0.001774
0.368576 -0.001306
0.505675 -0.000913
0.636507 -0.000622
0.748026 -0.000409
0.823352 -0.000253
0.849703 -0.000139
0.824856 -0.000058
0.756861 0.000000
0.659616 0.000000
0.547994 0.000000
0.434534 0.000000
0.328033 0.000000
0.233572 0.000000
0.153269 0.000000
0.087252 0.000000
0.034521 0.000000
-0.006431 0.000000
-0.037224 0.000378
-0.059400 0.006719
-0.074348 0.031986
-0.083305 0.087849
-0.087371 0.176914
-0.087540 0.287343
-0.084666 0.394488
-0.079609 0.474051
-0.073076 0.512588
-0.065675 0.509391
-0.057911 0.472652
-0.050225 0.414248
-0.042865 0.345682
-0.036040 0.275925
-0.029881 0.210829
-0.024451 0.153479
-0.019762 0.104951
-0.015787 0.065079
-0.012472 0.033072
-0.009750 0.008300
-0.007546 -0.004643
-0.005785 0.006315
-0.004395 0.052080
-0.003310 0.134973
-0.002472 0.247769
-0.001832 0.372657
-0.001306 0.483545
-0.000913 0.557836
-0.000622 0.585158
-0.000409 0.567904
-0.000253 0.516686
-0.000139 0.444922
-0.000058 0.364883
0.000000 0.285752
0.000000 0.213263
0.000000 0.150242
0.000000 0.097470
0.000000 0.054518
0.000000 0.020380
0.000000 -0.006114
0.000378 -0.026089
0.006719 -0.040541
0.031986 -0.050333
0.087849 -0.056222
0.176914 -0.058886
0.287343 -0.058951
0.394488 -0.056999
0.474051 -0.053560
0.512588 -0.049116
0.509391 -0.044040
0.472652 -0.038735
0.414248 -0.033472
0.345682 -0.028455
0.275925 -0.023865
0.210829 -0.019732
0.153479 -0.016099
0.104951 -0.012971
0.065079 -0.010328
0.033072 -0.008133
0.007922 -0.005959
-0.011363 0.001832
-0.025671 0.028252
-0.035769 0.085021
-0.042320 0.175170
-0.045915 0.292483
-0.047097 0.425307
-0.046369 0.560667
-0.044196 0.682539
-0.041002 0.771058
-0.037160 0.811025
-0.032988 0.798716
-0.028740 0.741442
-0.024614 0.652904
-0.020750 0.548055
-0.017238 0.439746
-0.014124 0.337061
-0.011425 0.245331
-0.009131 0.166879
-0.007214 0.101987
-0.005638 0.049773
-0.004362 0.008832
-0.002964 -0.022369
0.004183 -0.045284
0.030078 -0.061222
0.086425 -0.071338
0.175861 -0.076660
0.286569 -0.078118
0.393924 -0.076553
0.473643 -0.072729
0.512336 -0.067328
0.509251 -0.060943
0.472594 -0.054070
0.414248 -0.047111
0.345682 -0.040370
0.275925 -0.034065
0.210829 -0.028335
0.153479 -0.023253
0.104951 -0.018843
0.065079 -0.015088
0.033072 -0.011946
0.007922 -0.009357
-0.011363 -0.007255
-0.025671 -0.005571
-0.035769 -0.004239
-0.042320 -0.002819
-0.045915 0.004328
-0.047097 0.030212
-0.046369 0.086542
-0.044196 0.176379
-0.041002 0.293440
-0.037160 0.426066
-0.032988 0.561647
-0.028740 0.689741
-0.024614 0.803017
-0.020750 0.892407
-0.017238 0.944162
-0.014124 0.947714
-0.011425 0.902086
-0.009131 0.815893
-0.007214 0.703152
-0.005638 0.578614
-0.004362 0.454577
-0.003341 0.339574
-0.002536 0.238423
-0.001908 0.153003
-0.001424 0.083224
-0.001054 0.027880
-0.000774 -0.014725
-0.000187 -0.046391
0.006311 -0.068825
0.031734 -0.083569
0.087709 -0.091993
0.176856 -0.095316
0.287343 -0.094623
0.394488 -0.090885
0.474051 -0.084965
0.512588 -0.077610
0.509391 -0.069458
0.472652 -0.061026
0.414248 -0.052720
0.345682 -0.044839
0.275925 -0.037586
0.210829 -0.031079
0.153479 -0.025370
0.104951 -0.020461
0.065079 -0.016313
0.033072 -0.012865
0.007922 -0.009663
-0.011363 -0.001041
-0.025671 0.026045
-0.035769 0.083340
-0.042320 0.173901
-0.045915 0.291532
-0.047097 0.424642
-0.046369 0.560216
-0.044196 0.682248
-0.041002 0.770844
-0.037160 0.810869
-0.032988 0.798603
-0.028740 0.741361
-0.024614 0.652846
-0.020750 0.548055
-0.017238 0.439746
-0.014124 0.337061
-0.011425 0.245331
-0.009131 0.166879
-0.007214 0.101987
-0.005638 0.049773
-0.004362 0.008832
-0.003341 -0.022369
-0.002536 -0.044906
-0.001908 -0.054502
-0.001424 -0.039352
-0.001054 0.011188
-0.000774 0.099174
-0.000564 0.217509
-0.000409 0.353367
-0.000253 0.487852
-0.000139 0.596952
-0.000058 0.661534
0.000000 0.674724
0.000000 0.641716
0.000000 0.575023
0.000000 0.489143
0.000000 0.396821
0.000000 0.307331
0.000000 0.226299
0.000000 0.156364
0.000000 0.098107
0.000000 0.050916
0.000000 0.013625
0.000000 -0.014702
0.000000 -0.029733
0.000000 -0.019633
0.000000 0.026284
0.000000 0.110126
0.000000 0.224886
0.000000 0.357721
0.000000 0.489748
0.000000 0.596941
0.000000 0.660130
0.000000 0.672380
0.000000 0.638816
0.000000 0.571833
0.000000 0.485908
0.000000 0.393714
0.000000 0.304467
0.000000 0.223742
0.000000 0.154141
0.000000 0.096217
0.000000 0.049340
0.000000 0.012334
0.000000 -0.016121
0.000000 -0.037281
0.000000 -0.052269
0.000000 -0.061691
0.000000 -0.060833
0.000000 -0.037524
0.000000 0.019182
0.000000 0.111645
0.000000 0.232953
0.000000 0.370887
0.000000 0.512365
0.000000 0.646175
0.000000 0.759478
0.000000 0.835570
0.000000 0.861939
0.000000 0.836563
0.000000 0.767671
0.000000 0.669311
0.000000 0.556479
0.000000 0.441802
0.000000 0.334142
0.000000 0.238620
0.000000 0.157376
0.000000 0.090548
0.000000 0.037130
0.000000 -0.004390
0.000000 -0.035645
0.000378 -0.058191
0.006719 -0.073391
0.031986 -0.082546
0.087849 -0.086768
0.176914 -0.087057
0.287343 -0.084316
0.394488 -0.079357
0.474051 -0.072936
0.512588 -0.065617
0.509391 -0.057911
0.472652 -0.050225
0.414248 -0.042865
0.345682 -0.036040
0.275925 -0.029881
0.210829 -0.024451
0.153479 -0.019762
0.104951 -0.015787
0.065079 -0.012472
0.033072 -0.009750
0.008300 -0.007546
-0.004643 -0.005785
0.006315 -0.004395
0.052080 -0.003310
0.134973 -0.002472
0.248147 -0.001832
0.378999 -0.001306
0.508811 -0.000913
0.613698 -0.000622
0.674602 -0.000409
0.684674 -0.000253
0.649098 -0.000139
0.580348 -0.000058
0.492864 0.000000
0.399324 0.000000
0.308936 0.000000
0.227263 0.000000
0.156885 0.000000
0.098334 0.000000
0.050957 0.000000
0.013558 0.000000
-0.015202 0.000000
-0.036597 0.000000
-0.051764 0.000000
-0.061699 0.000000
-0.067284 0.000000
-0.068938 0.000000
-0.061808 0.000000
-0.033603 0.000000
0.026739 0.000000
0.121705 0.000000
0.244527 0.000000
0.382769 0.000000
0.517925 0.000000
0.626324 0.000000
0.689244 0.000000
0.700127 0.000000
0.664440 0.000000
0.594919 0.000000
0.506231 0.000000
0.411243 0.000000
0.319311 0.000000
0.236107 0.000000
0.164285 0.000000
0.104423 0.000000
0.055893 0.000000
0.017503 0.000000
-0.012088 0.000378
-0.034169 0.006719
-0.049851 0.031986
-0.060199 0.087849
-0.066113 0.177292
-0.068402 0.294062
-0.067811 0.426096
-0.065024 0.555180
-0.060701 0.657895
-0.055335 0.715604
-0.049396 0.721834
-0.043270 0.682085
-0.037255 0.609088
-0.031570 0.517478
-0.026360 0.420074
-0.021707 0.326174
-0.017645 0.241387
-0.014169 0.168310
-0.011247 0.107464
-0.008831 0.058171
-0.006862 0.019196
-0.004903 -0.010840
0.002694 -0.033256
0.028945 -0.049228
0.085570 -0.059791
0.175599 -0.065860
0.292814 -0.068262
0.425561 -0.067753
0.560900 -0.065024
0.682753 -0.060701
0.771214 -0.055335
0.811138 -0.049396
0.798797 -0.043270
0.741500 -0.037255
0.652904 -0.031570
0.548055 -0.026360
0.439746 -0.021707
0.337061 -0.017645
0.245331 -0.014169
0.166879 -0.011247
0.101987 -0.008831
0.049773 -0.006862
0.008832 -0.005280
-0.021991 -0.004025
-0.038565 -0.003041
-0.029236 -0.002278
0.016511 -0.001693
0.100254 -0.001248
0.209225 -0.000913
0.317935 -0.000622
0.401322 -0.000409
0.445260 -0.000253
0.448448 -0.000139
0.418582 -0.000058
0.367137 0.000000
0.305312 0.000000
0.241861 0.000000
0.182494 0.000000
0.130226 0.000000
0.086108 0.000000
0.049991 0.000000
0.021126 0.000000
-0.001057 0.000000
-0.011898 0.000000
0.000744 0.000000
0.047841 0.000000
0.131398 0.000000
0.239036 0.000000
0.345617 0.000000
0.426376 0.000000
0.467479 0.000000
0.467766 0.000000
0.435083 0.000000
0.381007 0.000000
0.316802 0.000000
0.251253 0.000000
0.190078 0.000000
0.136241 0.000000
0.090827 0.000000
0.053654 0.000000
0.023941 0.000000
0.000709 0.000378
-0.017001 0.006719
-0.030033 0.031986
-0.039110 0.087849
-0.044856 0.176914
-0.047824 0.287343
-0.048521 0.394488
-0.047423 0.474051
-0.044970 0.512588
-0.041567 0.509391
-0.037569 0.472652
-0.033240 0.414248
-0.028880 0.345682
-0.024673 0.275925
-0.020750 0.210829
-0.017238 0.153479
-0.014124 0.104951
-0.011425 0.065079
-0.009131 0.033072
-0.007214 0.007922
-0.005638 -0.011363
-0.004362 -0.025671
-0.002964 -0.035769
0.004183 -0.042320
0.030078 -0.045915
0.086425 -0.047097
0.176238 -0.046369
0.293288 -0.044196
0.425532 -0.041002
0.554772 -0.037160
0.657642 -0.032988
0.715465 -0.028740
0.721776 -0.024614
0.682085 -0.020750
0.609088 -0.017238
0.517478 -0.014124
0.420074 -0.011425
0.326174 -0.009131
0.241387 -0.007214
0.168310 -0.005638
0.107464 -0.004362
0.058171 -0.003341
0.019196 -0.002536
-0.010463 -0.001908
-0.026536 -0.001424
-0.017242 -0.001054
0.028058 -0.000774
0.111432 -0.000564
0.225800 -0.000409
0.358343 -0.000253
0.490156 -0.000139
0.597194 -0.000058
0.660270 0.000000
0.672438 0.000000
0.638816 0.000000
0.571833 0.000000
0.485908 0.000000
0.393714 0.000000
0.304467 0.000000
0.223742 0.000000
0.154141 0.000000
0.096217 0.000000
0.049340 0.000000
0.012334 0.000000
-0.015743 0.000000
-0.030562 0.000000
-0.020283 0.000000
0.025780 0.000000
0.109739 0.000000
0.224552 0.000000
0.357808 0.000000
0.495875 0.000000
0.622052 0.000000
0.715879 0.000000
0.761742 0.000000
0.755528 0.000000
0.704245 0.000000
0.621334 0.000000
0.521695 0.000000
0.418039 0.000000
0.319415 0.000000
0.231162 0.000000
0.155631 0.000000
0.093156 0.000000
0.042910 0.000000
0.003551 0.000000
-0.026016 0.000000
-0.041606 0.000000
-0.031514 0.000000
0.014818 0.000000
0.099006 0.000000
0.208311 0.000000
0.317313 0.000000
0.400914 0.000000
0.445007 0.000000
0.448308 0.000000
0.418524 0.000000
0.367137 0.000000
0.305312 0.000000
0.241861 0.000000
0.182494 0.000000
0.130226 0.000000
0.086108 0.000000
0.049991 0.000000
0.021126 0.000000
-0.001435 0.000000
-0.018618 0.000000
-0.031242 0.000000
-0.040008 0.000000
-0.045517 0.000378
-0.048306 0.006719
-0.048872 0.031986
-0.047675 0.087849
-0.045110 0.177292
-0.041625 0.294062
-0.037569 0.426474
-0.033240 0.561522
-0.028880 0.683161
-0.024673 0.771467
-0.020750 0.811278
-0.017238 0.798855
-0.014124 0.741500
-0.011425 0.652904
-0.009131 0.548055
-0.007214 0.439746
-0.005638 0.337061
-0.004362 0.245331
-0.003341 0.166879
-0.002536 0.101987
-0.001908 0.049773
-0.001424 0.008832
-0.001054 -0.022369
-0.000774 -0.045284
-0.000564 -0.060844
-0.000409 -0.064618
-0.000253 -0.044674
-0.000139 0.009731
-0.000058 0.100361
0.000000 0.214613
0.000000 0.327160
0.000000 0.413109
0.000000 0.458518
0.000000 0.462280
0.000000 0.432282
0.000000 0.380183
0.000000 0.317347
0.000000 0.252672
0.000000 0.191985
0.000000 0.138391
0.000000 0.093006
0.000000 0.055722
0.000000 0.025816
0.000000 0.002729
0.000000 -0.008882
0.000000 0.003118
0.000000 0.049689
0.000000 0.133198
0.000000 0.246463
0.000000 0.371744
0.000000 0.482922
0.000000 0.557427
0.000000 0.584906
0.000000 0.567764
0.000000 0.516628
0.000000 0.444922
0.000000 0.364883
0.000000 0.285752
0.000000 0.213263
0.000000 0.150242
0.000000 0.097470
0.000000 0.054518
0.000000 0.020380
0.000000 -0.005736
0.000000 -0.019369
0.000000 -0.008555
0.000000 0.037515
0.000000 0.120693
0.000000 0.228457
0.000000 0.335537
0.000000 0.417053
0.000000 0.459028
0.000000 0.460275
0.000000 0.428612
0.000000 0.375512
0.000000 0.312209
0.000000 0.247470
0.000000 0.186963
0.000000 0.133747
0.000000 0.088852
0.000000 0.052108
0.000000 0.022743
0.000378 -0.000210
0.006719 -0.017699
0.031986 -0.030559
0.087849 -0.039503
0.177292 -0.045147
0.294062 -0.048037
0.426096 -0.048677
0.555180 -0.047536
0.657895 -0.045052
0.715604 -0.041625
0.721834 -0.037569
0.682085 -0.033240
0.609088 -0.028880
0.517478 -0.024673
0.420074 -0.020750
0.326174 -0.017238
0.241387 -0.014124
0.168310 -0.011425
0.107464 -0.009131
0.058171 -0.007214
0.019196 -0.005638
-0.010840 -0.003984
-0.033256 0.003378
-0.049228 0.029450
-0.059791 0.085940
-0.065860 0.175868
-0.068262 0.292631
-0.067753 0.418981
-0.065024 0.529350
-0.060701 0.601624
-0.055335 0.625908
-0.049396 0.604925
-0.043270 0.549615
-0.037255 0.473662
-0.031570 0.389498
-0.026360 0.306502
-0.021707 0.230500
-0.017645 0.164366
-0.014169 0.108895
-0.011247 0.063648
-0.008831 0.027594
-0.006485 -0.000476
0.001439 -0.021727
0.027961 -0.037200
0.084807 -0.047797
0.175014 -0.054313
0.292369 -0.057462
0.425226 -0.057898
0.560987 -0.056225
0.688880 -0.052996
0.796325 -0.048707
0.866888 -0.043788
0.888160 -0.038596
0.858212 -0.033414
0.785316 -0.028455
0.683481 -0.023865
0.567727 -0.019732
0.450633 -0.016099
0.341005 -0.012971
0.243900 -0.010328
0.161401 -0.008133
0.093589 -0.006336
0.039408 -0.004888
-0.002697 -0.003734
-0.034397 -0.002827
-0.057278 -0.002122
-0.072769 -0.001580
-0.082138 -0.001167
-0.086516 -0.000855
-0.086918 -0.000622
-0.084258 -0.000409
-0.079357 -0.000253
-0.072936 -0.000139
-0.065617 -0.000058
-0.057911 0.000000
-0.050225 0.000000
-0.042865 0.000000
-0.036040 0.000000
-0.029881 0.000000
-0.024451 0.000000
-0.019762 0.000000
-0.015787 0.000000
-0.012472 0.000000
-0.009750 0.000000
-0.007546 0.000000
-0.005785 0.000000
-0.004395 0.000000
-0.003310 0.000000
-0.002472 0.000000
-0.001832 0.000000
-0.001306 0.000000
-0.000913 0.000000
-0.000622 0.000000
-0.000409 0.000000
-0.000253 0.000000
-0.000139 0.000000
-0.000058 0.000000
0.000000 0.000000
0.000000 0.000000
0.000000 0.000000
0.000000 0.000000
0.000000 0.000000
0.000000 0.000000
0.000000 0.000000
0.000000 0.000000
0.000000 0.000000
0.000000 0.000000
0.000000 0.000000
0.000000 0.000000
0.000000 0.000000
0.000000 0.000000
0.000000 0.000000
0.000000 0.000000
0.000000 0.000000
0.000000 0.000000
0.000000 0.000000
0.000000 0.000000
0.000000 0.000000
0.000000 0.000000
0.000000 0.000000
0.000000 0.000000
0.000000 0.000000
0.000000 0.000000
0.000000 0.000000
0.000000 0.000000
0.000000 0.000000
0.000000 0.000000
0.000000 0.000000
0.000000 0.000000
0.000000 0.000000
0.000000 0.000000
0.000000 0.000000
0.000000 0.000000
0.000000 0.000000
0.000000 0.000000
0.000000 0.000000
0.000000 0.000000
0.000000 0.000000
0.000000 0.000000
0.000000 0.000000
0.000000 0.000000
0.000000 0.000000
0.000000 0.000000
0.000000 0.000000
0.000000 0.000000
0.000000 0.000000
0.000000 0.000000
0.000000 0.000000
0.000000 0.000000
0.000000 0.000000
0.000000 0.000000
0.000000 0.000000
0.000000 0.000000
0.000000 0.000000
0.000000 0.000000
0.000000 0.000000
0.000000 0.000000
0.000000 0.000000
0.000000 0.000000
0.000000 0.000000
0.000000 0.000000
0.000000 0.000000
0.000000 0.000000
0.000000 0.000000
0.000000 0.000000
0.000000 0.000000
0.000000 0.000000
0.000000 0.000000
0.000000 0.000000
0.000000 0.000000
0.000000 0.000000
