0.000000
0.000000
0.000000
0.000000
0.000000
0.000000
0.000000
0.000000
0.000000
0.000000
0.000000
0.000000
0.000000
0.000000
0.000000
0.000000
0.000000
0.000000
0.000000
0.000000
0.000000
0.000000
0.000000
0.000000
0.000000
0.000000
0.000000
0.000000
0.000000
0.000000
0.000000
0.000378
0.006719
0.031986
0.087849
0.177292
0.294062
0.426474
0.561900
0.689881
0.803453
0.899126
0.976148
1.035562
1.079378
1.109955
1.129627
1.140514
1.144458
1.143027
1.137549
1.129151
1.118786
1.107258
1.095229
1.083236
1.071689
1.060889
1.051033
1.042233
1.034528
1.027901
1.022293
1.017241
1.007059
0.978677
0.920320
0.828902
0.710585
0.576975
0.440631
0.311952
0.197853
0.101787
0.024475
-0.035154
-0.079126
-0.109815
-0.129569
-0.140514
-0.144458
-0.143027
-0.137549
-0.129151
-0.118786
-0.107258
-0.095229
-0.083236
-0.071689
-0.060889
-0.051033
-0.042233
-0.034528
-0.027523
-0.015573
0.014367
0.074070
0.166629
0.285894
0.420280
0.557252
0.686431
0.800922
0.897294
0.974841
1.034649
1.078756
1.109546
1.129374
1.140374
1.144399
1.143027
1.137549
1.129151
1.118786
1.107258
1.095229
1.083236
1.071689
1.060889
1.051033
1.042233
1.034528
1.027901
1.022293
1.017241
1.007059
0.978677
0.920320
0.828902
0.710585
0.576975
0.440631
0.311952
0.197853
0.101787
0.024475
-0.035154
-0.079126
-0.109815
-0.129569
-0.140514
-0.144458
-0.143027
-0.137549
-0.129151
-0.118786
-0.107258
-0.095229
-0.083236
-0.071689
-0.060889
-0.051033
-0.042233
-0.034528
-0.027523
-0.015573
0.014367
0.074070
0.166629
0.285894
0.420280
0.557252
0.686431
0.800922
0.897294
0.974841
1.034649
1.078756
1.109546
1.129374
1.140374
1.144399
1.143027
1.137549
1.129151
1.118786
1.107258
1.095229
1.083236
1.071689
1.060889
1.051033
1.042233
1.034528
1.027901
1.022293
1.017241
1.007059
0.978677
0.920320
0.828902
0.710585
0.576975
0.440631
0.311952
0.197853
0.101787
0.024475
-0.035154
-0.079126
-0.109815
-0.129569
-0.140514
-0.144458
-0.143027
-0.137549
-0.129151
-0.118786
-0.107258
-0.095229
-0.083236
-0.071689
-0.060889
-0.051033
-0.042233
-0.034528
-0.027901
-0.022293
-0.017619
-0.013778
-0.010663
-0.008169
-0.006194
-0.004648
-0.003450
-0.002531
-0.001832
-0.001306
-0.000913
-0.000622
-0.000409
-0.000253
-0.000139
-0.000058
0.000000
0.000000
0.000000
0.000000
0.000000
