0.000000 0.000000
0.000000 0.000000
0.000000 0.000000
0.000000 0.000000
0.000000 0.000000
0.000000 0.000000
0.000000 0.000000
0.000000 0.000000
0.000025 0.000000
0.000555 0.000000
0.003274 0.000000
0.011019 0.000000
0.026988 0.000000
0.053839 0.000000
0.093053 0.000000
0.144714 0.000000
0.207593 0.000000
0.279044 0.000000
0.354654 0.000000
0.428682 0.000000
0.495151 0.000000
0.548973 0.000000
0.586696 0.000000
0.606771 0.000000
0.609424 0.000025
0.596273 0.000555
0.569859 0.003274
0.533175 0.011019
0.489288 0.026988
0.441052 0.053839
0.390935 0.093053
0.340937 0.144714
0.292571 0.207593
0.246904 0.279044
0.204612 0.354654
0.166059 0.428682
0.131367 0.495151
0.100489 0.548973
0.073263 0.586696
0.049462 0.606771
0.028851 0.609424
0.011641 0.596273
-0.000744 0.569859
-0.005718 0.533175
-0.000307 0.489288
0.017934 0.441052
0.050297 0.390935
0.096686 0.340937
0.155709 0.292571
0.224563 0.246904
0.298689 0.204612
0.372204 0.166059
0.438998 0.131367
0.493854 0.100489
0.533201 0.073263
0.555377 0.049462
0.560502 0.028851
0.550098 0.011641
0.526619 -0.000744
0.492982 -0.005718
0.452186 -0.000307
0.407027 0.017934
0.359926 0.050297
0.312843 0.096686
0.267264 0.155709
0.224230 0.224563
0.184403 0.298689
0.148136 0.372204
0.115549 0.438998
0.086592 0.493854
0.061109 0.533201
0.038879 0.555377
0.019649 0.560526
0.003160 0.550653
-0.010838 0.529894
-0.022581 0.504001
-0.032286 0.479174
-0.040151 0.460866
-0.046357 0.452979
-0.051071 0.457557
-0.054448 0.474857
-0.056634 0.503273
-0.057768 0.539057
-0.057983 0.576818
-0.057406 0.610700
-0.056158 0.635565
-0.054354 0.647805
-0.052103 0.645650
-0.049481 0.629072
-0.046073 0.599433
-0.040310 0.559021
-0.029430 0.510594
-0.010296 0.457002
0.019692 0.400901
0.061971 0.344578
0.116588 0.289866
0.182286 0.238123
0.256369 0.190270
0.334444 0.146845
0.410759 0.108076
0.479333 0.073961
0.535077 0.044331
0.574542 0.018909
0.596188 -0.002641
0.600271 -0.020680
0.588901 -0.035541
0.566314 -0.047603
0.538349 -0.057185
0.511286 -0.064580
0.490644 -0.070052
0.480387 -0.073838
0.482607 -0.076153
0.497600 -0.077191
0.523795 -0.077155
0.557464 -0.076175
0.593237 -0.074401
0.625266 -0.071972
0.648423 -0.069015
0.659099 -0.065648
0.655524 -0.061977
0.637690 -0.058099
0.607461 -0.054101
0.568769 -0.050058
0.527202 -0.046037
0.488799 -0.042093
0.458864 -0.038272
0.441159 -0.034610
0.437590 -0.031136
0.448280 -0.027871
0.471467 -0.024827
0.503301 -0.022012
0.538263 -0.019427
0.570365 -0.017070
0.594343 -0.014935
0.606464 -0.013013
0.604840 -0.011293
0.589328 -0.009737
0.561185 -0.007825
0.522601 -0.003890
0.476246 0.004919
0.424890 0.021815
0.371122 0.049470
0.317170 0.089379
0.264816 0.141638
0.215380 0.205029
0.169749 0.276891
0.128437 0.352852
0.091658 0.427178
0.059395 0.493900
0.031473 0.547934
0.007615 0.585836
-0.012515 0.606061
-0.029273 0.608864
-0.043014 0.596374
-0.054077 0.572788
-0.062774 0.543938
-0.069388 0.516094
-0.074176 0.494769
-0.077366 0.483915
-0.079164 0.485617
-0.079755 0.500164
-0.079308 0.525948
-0.077977 0.559266
-0.075905 0.594741
-0.073224 0.626518
-0.070054 0.649462
-0.066508 0.659959
-0.062687 0.656233
-0.058683 0.638274
-0.054554 0.607914
-0.050403 0.569114
-0.046293 0.527457
-0.042275 0.488981
-0.038394 0.458986
-0.034683 0.441232
-0.031169 0.437622
-0.027871 0.448280
-0.024827 0.471467
-0.022012 0.503301
-0.019427 0.538263
-0.017070 0.570365
-0.014935 0.594343
-0.013013 0.606464
-0.011293 0.604840
-0.009762 0.589353
-0.008380 0.561740
-0.007164 0.525875
-0.006100 0.487264
-0.005173 0.451879
-0.004369 0.424961
-0.003674 0.410223
-0.003076 0.409529
-0.002564 0.422973
-0.002153 0.448793
-0.001802 0.483091
-0.001504 0.520340
-0.001252 0.554546
-0.001039 0.580447
-0.000860 0.594311
-0.000710 0.594256
-0.000560 0.580151
0.000101 0.553259
0.002929 0.515781
0.010763 0.470401
0.026806 0.419900
0.053717 0.366876
0.092980 0.313569
0.144681 0.261773
0.207593 0.212816
0.279044 0.167596
0.354654 0.126635
0.428682 0.090153
0.495151 0.058143
0.548973 0.030434
0.586696 0.006755
0.606771 -0.013225
0.609448 -0.029857
0.596828 -0.043468
0.573133 -0.054422
0.544194 -0.063029
0.516276 -0.069571
0.494891 -0.074298
0.483988 -0.077439
0.485650 -0.079197
0.500164 -0.079755
0.525948 -0.079308
0.559266 -0.077977
0.594741 -0.075905
0.626518 -0.073224
0.649462 -0.070054
0.659959 -0.066508
0.656233 -0.062687
0.638274 -0.058683
0.607914 -0.054554
0.569114 -0.050403
0.527457 -0.046293
0.488981 -0.042275
0.458986 -0.038394
0.441232 -0.034683
0.437622 -0.031169
0.448280 -0.027871
0.471467 -0.024827
0.503301 -0.022012
0.538263 -0.019427
0.570365 -0.017070
0.594343 -0.014935
0.606464 -0.013013
0.604840 -0.011293
0.589353 -0.009762
0.561740 -0.008380
0.525875 -0.007164
0.487264 -0.006100
0.451879 -0.005173
0.424961 -0.004369
0.410223 -0.003674
0.409529 -0.003076
0.422973 -0.002564
0.448793 -0.002153
0.483091 -0.001802
0.520340 -0.001504
0.554546 -0.001252
0.580447 -0.001039
0.594311 -0.000860
0.594256 -0.000710
0.580151 -0.000560
0.553259 0.000101
0.515781 0.002929
0.470401 0.010763
0.419900 0.026806
0.366876 0.053717
0.313569 0.092980
0.261773 0.144681
0.212816 0.207593
0.167596 0.279044
0.126635 0.354654
0.090153 0.428682
0.058143 0.495151
0.030434 0.548973
0.006755 0.586696
-0.013225 0.606771
-0.029833 0.609424
-0.042913 0.596273
-0.051148 0.569859
-0.052011 0.533175
-0.042583 0.489288
-0.020460 0.441052
0.015614 0.390935
0.065517 0.340937
0.127838 0.292571
0.199736 0.246904
0.276677 0.204612
0.352777 0.166059
0.421927 0.131367
0.478919 0.100489
0.520188 0.073263
0.544084 0.049462
0.550740 0.028851
0.541719 0.011641
0.519455 -0.000744
0.486882 -0.005718
0.447013 -0.000307
0.402658 0.017934
0.356252 0.050297
0.309767 0.096686
0.264700 0.155709
0.222077 0.224563
0.182601 0.298689
0.146632 0.372204
0.114297 0.438998
0.085553 0.493854
0.060250 0.533201
0.038169 0.555377
0.019065 0.560526
0.002707 0.550653
-0.011183 0.529894
-0.022837 0.504001
-0.032469 0.479174
-0.040273 0.460866
-0.046430 0.452979
-0.051104 0.457557
-0.054448 0.474857
-0.056634 0.503273
-0.057768 0.539057
-0.057983 0.576818
-0.057406 0.610700
-0.056158 0.635565
-0.054354 0.647805
-0.052103 0.645650
-0.049506 0.629097
-0.046628 0.599988
-0.043584 0.562295
-0.040448 0.521613
-0.037284 0.483990
-0.034147 0.454740
-0.031082 0.437631
-0.028126 0.434579
-0.025307 0.445716
-0.022674 0.469314
-0.020210 0.501499
-0.017923 0.536758
-0.015818 0.569113
-0.013896 0.593304
-0.012153 0.605604
-0.010583 0.604130
-0.009177 0.588768
-0.007926 0.561287
-0.006819 0.525530
-0.005844 0.487009
-0.004991 0.451696
-0.004247 0.424839
-0.003601 0.410150
-0.003043 0.409497
-0.002564 0.422973
-0.002153 0.448793
-0.001802 0.483091
-0.001504 0.520340
-0.001252 0.554546
-0.001039 0.580447
-0.000860 0.594311
-0.000710 0.594256
-0.000584 0.580175
-0.000453 0.553813
-0.000345 0.519056
-0.000256 0.481420
-0.000182 0.446888
-0.000122 0.420714
-0.000073 0.406622
-0.000033 0.406486
0.000000 0.420409
0.000000 0.446640
0.000000 0.481289
0.000000 0.518836
0.000000 0.553294
0.000000 0.579408
0.000000 0.593451
0.000000 0.593547
0.000025 0.579567
0.000555 0.552806
0.003274 0.515437
0.011019 0.470146
0.026988 0.419717
0.053839 0.366754
0.093053 0.313496
0.144714 0.261740
0.207593 0.212816
0.279044 0.167596
0.354654 0.126635
0.428682 0.090153
0.495151 0.058143
0.548973 0.030434
0.586696 0.006755
0.606771 -0.013225
0.609424 -0.029833
0.596273 -0.042913
0.569859 -0.051148
0.533175 -0.052011
0.489288 -0.042583
0.441052 -0.020460
0.390935 0.015614
0.340937 0.065517
0.292571 0.127838
0.246904 0.199736
0.204612 0.276677
0.166059 0.352777
0.131367 0.421927
0.100489 0.478919
0.073263 0.520188
0.049462 0.544084
0.028851 0.550740
0.011641 0.541719
-0.000744 0.519455
-0.005718 0.486882
-0.000307 0.447013
0.017934 0.402658
0.050297 0.356252
0.096686 0.309767
0.155709 0.264700
0.224563 0.222077
0.298689 0.182601
0.372204 0.146632
0.438998 0.114297
0.493854 0.085553
0.533201 0.060250
0.555377 0.038169
0.560502 0.019089
0.550098 0.003262
0.526619 -0.007908
0.492982 -0.011818
0.452186 -0.005480
0.407027 0.013565
0.359926 0.046623
0.312843 0.093610
0.267264 0.153145
0.224230 0.222410
0.184403 0.296886
0.148136 0.370699
0.115549 0.437746
0.086592 0.492815
0.061109 0.532342
0.038879 0.554668
0.019673 0.559918
0.003715 0.549645
-0.007563 0.526274
-0.011562 0.492727
-0.005298 0.452004
0.013687 0.406905
0.046696 0.359853
0.093643 0.312811
0.153145 0.267264
0.222410 0.224230
0.296886 0.184403
0.370699 0.148136
0.437746 0.115549
0.492815 0.086592
0.532342 0.061109
0.554668 0.038879
0.559942 0.019649
0.550200 0.003160
0.529549 -0.010838
0.503745 -0.022581
0.478992 -0.032286
0.460744 -0.040151
0.452906 -0.046357
0.457524 -0.051071
0.474857 -0.054448
0.503273 -0.056634
0.539057 -0.057768
0.576818 -0.057983
0.610700 -0.057406
0.635565 -0.056158
0.647805 -0.054354
0.645650 -0.052103
0.629072 -0.049481
0.599433 -0.046073
0.559021 -0.040310
0.510594 -0.029430
0.457002 -0.010296
0.400901 0.019692
0.344578 0.061971
0.289866 0.116588
0.238123 0.182286
0.190270 0.256369
0.146845 0.334444
0.108076 0.410759
0.073961 0.479333
0.044331 0.535077
0.018909 0.574542
-0.002641 0.596188
-0.020680 0.600271
-0.035541 0.588901
-0.047603 0.566314
-0.057185 0.538349
-0.064580 0.511286
-0.070052 0.490644
-0.073838 0.480387
-0.076153 0.482607
-0.077191 0.497600
-0.077155 0.523795
-0.076175 0.557464
-0.074401 0.593237
-0.071972 0.625266
-0.069015 0.648423
-0.065648 0.659099
-0.061977 0.655524
-0.058075 0.637666
-0.053546 0.606907
-0.046784 0.565495
-0.035018 0.516183
-0.015105 0.461810
0.015567 0.405025
0.058443 0.348106
0.113577 0.292876
0.179722 0.240687
0.254217 0.192423
0.332642 0.148647
0.409255 0.109580
0.478081 0.075213
0.534038 0.045370
0.573683 0.019768
0.595478 -0.001932
0.599662 -0.020071
0.587893 -0.034533
0.562694 -0.043984
0.527075 -0.045911
0.484115 -0.037410
0.436683 -0.016091
0.387262 0.019287
0.337861 0.068593
0.290007 0.130402
0.244751 0.201889
0.202810 0.278479
0.164555 0.354281
0.130115 0.423179
0.099450 0.479958
0.072403 0.521048
0.048752 0.544794
0.028267 0.551324
0.011188 0.542172
-0.001089 0.519800
-0.005974 0.487138
-0.000490 0.447195
0.017812 0.402780
0.050224 0.356325
0.096653 0.309800
0.155709 0.264700
0.224563 0.222077
0.298689 0.182601
0.372204 0.146632
0.438998 0.114297
0.493854 0.085553
0.533201 0.060250
0.555377 0.038169
0.560502 0.019089
0.550098 0.003262
0.526619 -0.007908
0.492982 -0.011818
0.452186 -0.005480
0.407027 0.013565
0.359926 0.046623
0.312843 0.093610
0.267264 0.153145
0.224230 0.222410
0.184403 0.296886
0.148136 0.370699
0.115549 0.437746
0.086592 0.492815
0.061109 0.532342
0.038879 0.554668
0.019673 0.559918
0.003715 0.549645
-0.007563 0.526274
-0.011562 0.492727
-0.005298 0.452004
0.013687 0.406905
0.046696 0.359853
0.093643 0.312811
0.153145 0.267264
0.222410 0.224230
0.296886 0.184403
0.370699 0.148136
0.437746 0.115549
0.492815 0.086592
0.532342 0.061109
0.554668 0.038879
0.559942 0.019649
0.550200 0.003160
0.529549 -0.010838
0.503745 -0.022581
0.478992 -0.032286
0.460744 -0.040151
0.452906 -0.046357
0.457524 -0.051071
0.474857 -0.054448
0.503273 -0.056634
0.539057 -0.057768
0.576818 -0.057983
0.610700 -0.057406
0.635565 -0.056158
0.647805 -0.054354
0.645650 -0.052103
0.629097 -0.049506
0.599988 -0.046628
0.562295 -0.043584
0.521613 -0.040448
0.483990 -0.037284
0.454740 -0.034147
0.437631 -0.031082
0.434579 -0.028126
0.445716 -0.025307
0.469314 -0.022674
0.501499 -0.020210
0.536758 -0.017923
0.569113 -0.015818
0.593304 -0.013896
0.605604 -0.012153
0.604130 -0.010583
0.588744 -0.009153
0.560732 -0.007372
0.522256 -0.003545
0.475990 0.005174
0.424708 0.021997
0.371000 0.049592
0.317097 0.089452
0.264783 0.141670
0.215380 0.205029
0.169749 0.276891
0.128437 0.352852
0.091658 0.427178
0.059395 0.493900
0.031473 0.547934
0.007615 0.585836
-0.012515 0.606061
-0.029273 0.608864
-0.043014 0.596374
-0.054077 0.572788
-0.062774 0.543938
-0.069388 0.516094
-0.074176 0.494769
-0.077366 0.483915
-0.079164 0.485617
-0.079755 0.500164
-0.079308 0.525948
-0.077977 0.559266
-0.075905 0.594741
-0.073224 0.626518
-0.070054 0.649462
-0.066508 0.659959
-0.062687 0.656233
-0.058659 0.638250
-0.054000 0.607360
-0.047129 0.565840
-0.035274 0.516438
-0.015287 0.461993
0.015445 0.405147
0.058370 0.348179
0.113544 0.292909
0.179722 0.240687
0.254217 0.192423
0.332642 0.148647
0.409255 0.109580
0.478081 0.075213
0.534038 0.045370
0.573683 0.019768
0.595478 -0.001932
0.599686 -0.020095
0.588448 -0.035088
0.565969 -0.047258
0.538094 -0.056929
0.511103 -0.064398
0.490522 -0.069930
0.480314 -0.073765
0.482574 -0.076121
0.497600 -0.077191
0.523795 -0.077155
0.557464 -0.076175
0.593237 -0.074401
0.625266 -0.071972
0.648423 -0.069015
0.659099 -0.065648
0.655524 -0.061977
0.637666 -0.058075
0.606907 -0.053546
0.565495 -0.046784
0.516183 -0.035018
0.461810 -0.015105
0.405025 0.015567
0.348106 0.058443
0.292876 0.113577
0.240687 0.179722
0.192423 0.254217
0.148647 0.332642
0.109580 0.409255
0.075213 0.478081
0.045370 0.534038
0.019768 0.573683
-0.001932 0.595478
-0.020071 0.599662
-0.034533 0.587893
-0.043984 0.562694
-0.045911 0.527075
-0.037410 0.484115
-0.016091 0.436683
0.019287 0.387262
0.068593 0.337861
0.130402 0.290007
0.201889 0.244751
0.278479 0.202810
0.354281 0.164555
0.423179 0.130115
0.479958 0.099450
0.521048 0.072403
0.544794 0.048752
0.551324 0.028267
0.542172 0.011188
0.519800 -0.001089
0.487138 -0.005974
0.447195 -0.000490
0.402780 0.017812
0.356325 0.050224
0.309800 0.096653
0.264700 0.155709
0.222077 0.224563
0.182601 0.298689
0.146632 0.372204
0.114297 0.438998
0.085553 0.493854
0.060250 0.533201
0.038169 0.555377
0.019065 0.560526
0.002707 0.550653
-0.011183 0.529894
-0.022837 0.504001
-0.032469 0.479174
-0.040273 0.460866
-0.046430 0.452979
-0.051104 0.457557
-0.054448 0.474857
-0.056634 0.503273
-0.057768 0.539057
-0.057983 0.576818
-0.057406 0.610700
-0.056158 0.635565
-0.054354 0.647805
-0.052103 0.645650
-0.049481 0.629072
-0.046073 0.599433
-0.040310 0.559021
-0.029430 0.510594
-0.010296 0.457002
0.019692 0.400901
0.061971 0.344578
0.116588 0.289866
0.182286 0.238123
0.256369 0.190270
0.334444 0.146845
0.410759 0.108076
0.479333 0.073961
0.535077 0.044331
0.574542 0.018909
0.596188 -0.002641
0.600246 -0.020655
0.588347 -0.034987
0.563039 -0.044329
0.527331 -0.046166
0.484298 -0.037592
0.436806 -0.016213
0.387334 0.019215
0.337893 0.068560
0.290007 0.130402
0.244751 0.201889
0.202810 0.278479
0.164555 0.354281
0.130115 0.423179
0.099450 0.479958
0.072403 0.521048
0.048752 0.544794
0.028242 0.551349
0.010633 0.542727
-0.004364 0.523074
-0.016992 0.498157
-0.027478 0.474183
-0.036027 0.456619
-0.042829 0.449378
-0.048060 0.454514
-0.051884 0.472293
-0.054481 0.501121
-0.055965 0.537255
-0.056478 0.575314
-0.056154 0.609448
-0.055119 0.634526
-0.053494 0.646945
-0.051394 0.644940
-0.048922 0.628513
-0.046175 0.599535
-0.043239 0.561950
-0.040193 0.521357
-0.037102 0.483808
-0.034025 0.454617
-0.031009 0.437558
-0.028093 0.434547
-0.025307 0.445716
-0.022674 0.469314
-0.020210 0.501499
-0.017923 0.536758
-0.015818 0.569113
-0.013896 0.593304
-0.012153 0.605604
-0.010583 0.604130
-0.009153 0.588744
-0.007372 0.560732
-0.003545 0.522256
0.005174 0.475990
0.021997 0.424708
0.049592 0.371000
0.089452 0.317097
0.141670 0.264783
0.205029 0.215380
0.276891 0.169749
0.352852 0.128437
0.427178 0.091658
0.493900 0.059395
0.547934 0.031473
0.585836 0.007615
0.606061 -0.012515
0.608839 -0.029248
0.595820 -0.042460
0.569514 -0.050803
0.532920 -0.051755
0.489106 -0.042400
0.440930 -0.020338
0.390862 0.015687
0.340904 0.065550
0.292571 0.127838
0.246904 0.199736
0.204612 0.276677
0.166059 0.352777
0.131367 0.421927
0.100489 0.478919
0.073263 0.520188
0.049462 0.544084
0.028826 0.550765
0.011087 0.542273
-0.004019 0.522730
-0.016737 0.497901
-0.027296 0.474001
-0.035905 0.456497
-0.042756 0.449305
-0.048028 0.454481
-0.051884 0.472293
-0.054481 0.501121
-0.055965 0.537255
-0.056478 0.575314
-0.056154 0.609448
-0.055119 0.634526
-0.053494 0.646945
-0.051394 0.644940
-0.048922 0.628513
-0.046175 0.599535
-0.043239 0.561950
-0.040193 0.521357
-0.037102 0.483808
-0.034025 0.454617
-0.031009 0.437558
-0.028093 0.434547
-0.025307 0.445716
-0.022674 0.469314
-0.020210 0.501499
-0.017923 0.536758
-0.015818 0.569113
-0.013896 0.593304
-0.012153 0.605604
-0.010583 0.604130
-0.009153 0.588744
-0.007372 0.560732
-0.003545 0.522256
0.005174 0.475990
0.021997 0.424708
0.049592 0.371000
0.089452 0.317097
0.141670 0.264783
0.205029 0.215380
0.276891 0.169749
0.352852 0.128437
0.427178 0.091658
0.493900 0.059395
0.547934 0.031473
0.585836 0.007615
0.606061 -0.012515
0.608864 -0.029273
0.596374 -0.043014
0.572788 -0.054077
0.543938 -0.062774
0.516094 -0.069388
0.494769 -0.074176
0.483915 -0.077366
0.485617 -0.079164
0.500164 -0.079755
0.525948 -0.079308
0.559266 -0.077977
0.594741 -0.075905
0.626518 -0.073224
0.649462 -0.070054
0.659959 -0.066508
0.656233 -0.062687
0.638274 -0.058683
0.607914 -0.054554
0.569114 -0.050403
0.527457 -0.046293
0.488981 -0.042275
0.458986 -0.038394
0.441232 -0.034683
0.437622 -0.031169
0.448280 -0.027871
0.471467 -0.024827
0.503301 -0.022012
0.538263 -0.019427
0.570365 -0.017070
0.594343 -0.014935
0.606464 -0.013013
0.604840 -0.011293
0.589353 -0.009762
0.561740 -0.008380
0.525875 -0.007164
0.487264 -0.006100
0.451879 -0.005173
0.424961 -0.004369
0.410223 -0.003674
0.409529 -0.003076
0.422973 -0.002564
0.448793 -0.002153
0.483091 -0.001802
0.520340 -0.001504
0.554546 -0.001252
0.580447 -0.001039
0.594311 -0.000860
0.594256 -0.000710
0.580151 -0.000560
0.553259 0.000101
0.515781 0.002929
0.470401 0.010763
0.419900 0.026806
0.366876 0.053717
0.313569 0.092980
0.261773 0.144681
0.212816 0.207593
0.167596 0.279044
0.126635 0.354654
0.090153 0.428682
0.058143 0.495151
0.030434 0.548973
0.006755 0.586696
-0.013225 0.606771
-0.029857 0.609448
-0.043468 0.596828
-0.054422 0.573133
-0.063029 0.544194
-0.069571 0.516276
-0.074298 0.494891
-0.077439 0.483988
-0.079197 0.485650
-0.079755 0.500164
-0.079308 0.525948
-0.077977 0.559266
-0.075905 0.594741
-0.073224 0.626518
-0.070054 0.649462
-0.066508 0.659959
-0.062687 0.656233
-0.058683 0.638274
-0.054554 0.607914
-0.050403 0.569114
-0.046293 0.527457
-0.042275 0.488981
-0.038394 0.458986
-0.034683 0.441232
-0.031169 0.437622
-0.027871 0.448280
-0.024827 0.471467
-0.022012 0.503301
-0.019427 0.538263
-0.017070 0.570365
-0.014935 0.594343
-0.013013 0.606464
-0.011293 0.604840
-0.009737 0.589328
-0.007825 0.561185
-0.003890 0.522601
0.004919 0.476246
0.021815 0.424890
0.049470 0.371122
0.089379 0.317170
0.141638 0.264816
0.205029 0.215380
0.276891 0.169749
0.352852 0.128437
0.427178 0.091658
0.493900 0.059395
0.547934 0.031473
0.585836 0.007615
0.606061 -0.012515
0.608864 -0.029273
0.596374 -0.043014
0.572788 -0.054077
0.543938 -0.062774
0.516094 -0.069388
0.494769 -0.074176
0.483915 -0.077366
0.485617 -0.079164
0.500164 -0.079755
0.525948 -0.079308
0.559266 -0.077977
0.594741 -0.075905
0.626518 -0.073224
0.649462 -0.070054
0.659959 -0.066508
0.656233 -0.062687
0.638274 -0.058683
0.607914 -0.054554
0.569114 -0.050403
0.527457 -0.046293
0.488981 -0.042275
0.458986 -0.038394
0.441232 -0.034683
0.437622 -0.031169
0.448280 -0.027871
0.471467 -0.024827
0.503301 -0.022012
0.538263 -0.019427
0.570365 -0.017070
0.594343 -0.014935
0.606464 -0.013013
0.604840 -0.011293
0.589353 -0.009762
0.561740 -0.008380
0.525875 -0.007164
0.487264 -0.006100
0.451879 -0.005173
0.424961 -0.004369
0.410223 -0.003674
0.409529 -0.003076
0.422973 -0.002564
0.448793 -0.002153
0.483091 -0.001802
0.520340 -0.001504
0.554546 -0.001252
0.580447 -0.001039
0.594311 -0.000860
0.594256 -0.000710
0.580151 -0.000560
0.553259 0.000101
0.515781 0.002929
0.470401 0.010763
0.419900 0.026806
0.366876 0.053717
0.313569 0.092980
0.261773 0.144681
0.212816 0.207593
0.167596 0.279044
0.126635 0.354654
0.090153 0.428682
0.058143 0.495151
0.030434 0.548973
0.006755 0.586696
-0.013225 0.606771
-0.029833 0.609424
-0.042913 0.596273
-0.051148 0.569859
-0.052011 0.533175
-0.042583 0.489288
-0.020460 0.441052
0.015614 0.390935
0.065517 0.340937
0.127838 0.292571
0.199736 0.246904
0.276677 0.204612
0.352777 0.166059
0.421927 0.131367
0.478919 0.100489
0.520188 0.073263
0.544084 0.049462
0.550740 0.028851
0.541719 0.011641
0.519455 -0.000744
0.486882 -0.005718
0.447013 -0.000307
0.402658 0.017934
0.356252 0.050297
0.309767 0.096686
0.264700 0.155709
0.222077 0.224563
0.182601 0.298689
0.146632 0.372204
0.114297 0.438998
0.085553 0.493854
0.060250 0.533201
0.038169 0.555377
0.019065 0.560526
0.002707 0.550653
-0.011183 0.529894
-0.022837 0.504001
-0.032469 0.479174
-0.040273 0.460866
-0.046430 0.452979
-0.051104 0.457557
-0.054448 0.474857
-0.056634 0.503273
-0.057768 0.539057
-0.057983 0.576818
-0.057406 0.610700
-0.056158 0.635565
-0.054354 0.647805
-0.052103 0.645650
-0.049506 0.629097
-0.046628 0.599988
-0.043584 0.562295
-0.040448 0.521613
-0.037284 0.483990
-0.034147 0.454740
-0.031082 0.437631
-0.028126 0.434579
-0.025307 0.445716
-0.022674 0.469314
-0.020210 0.501499
-0.017923 0.536758
-0.015818 0.569113
-0.013896 0.593304
-0.012153 0.605604
-0.010583 0.604130
-0.009177 0.588768
-0.007926 0.561287
-0.006819 0.525530
-0.005844 0.487009
-0.004991 0.451696
-0.004247 0.424839
-0.003601 0.410150
-0.003043 0.409497
-0.002564 0.422973
-0.002153 0.448793
-0.001802 0.483091
-0.001504 0.520340
-0.001252 0.554546
-0.001039 0.580447
-0.000860 0.594311
-0.000710 0.594256
-0.000584 0.580175
-0.000453 0.553813
-0.000345 0.519056
-0.000256 0.481420
-0.000182 0.446888
-0.000122 0.420714
-0.000073 0.406622
-0.000033 0.406486
0.000000 0.420409
0.000000 0.446640
0.000000 0.481289
0.000000 0.518836
0.000000 0.553294
0.000000 0.579408
0.000000 0.593451
0.000000 0.593547
0.000000 0.579591
0.000000 0.553360
0.000000 0.518711
0.000000 0.481164
0.000000 0.446706
0.000000 0.420592
0.000000 0.406549
0.000000 0.406453
0.000000 0.420409
0.000000 0.446640
0.000000 0.481289
0.000000 0.518836
0.000000 0.553294
0.000000 0.579408
0.000000 0.593451
0.000000 0.593547
0.000000 0.579591
0.000000 0.553360
0.000000 0.518711
0.000000 0.481164
0.000000 0.446706
0.000000 0.420592
0.000000 0.406549
0.000000 0.406453
0.000000 0.420409
0.000000 0.446640
0.000000 0.481289
0.000000 0.518836
0.000000 0.553294
0.000000 0.579408
0.000000 0.593451
0.000000 0.593547
0.000025 0.579567
0.000555 0.552806
0.003274 0.515437
0.011019 0.470146
0.026988 0.419717
0.053839 0.366754
0.093053 0.313496
0.144714 0.261740
0.207593 0.212816
0.279044 0.167596
0.354654 0.126635
0.428682 0.090153
0.495151 0.058143
0.548973 0.030434
0.586696 0.006755
0.606771 -0.013225
0.609424 -0.029833
0.596273 -0.042913
0.569859 -0.051148
0.533175 -0.052011
0.489288 -0.042583
0.441052 -0.020460
0.390935 0.015614
0.340937 0.065517
0.292571 0.127838
0.246904 0.199736
0.204612 0.276677
0.166059 0.352777
0.131367 0.421927
0.100489 0.478919
0.073263 0.520188
0.049462 0.544084
0.028851 0.550740
0.011641 0.541719
-0.000744 0.519455
-0.005718 0.486882
-0.000307 0.447013
0.017934 0.402658
0.050297 0.356252
0.096686 0.309767
0.155709 0.264700
0.224563 0.222077
0.298689 0.182601
0.372204 0.146632
0.438998 0.114297
0.493854 0.085553
0.533201 0.060250
0.555377 0.038169
0.560526 0.019065
0.550653 0.002707
0.529894 -0.011183
0.504001 -0.022837
0.479174 -0.032469
0.460866 -0.040273
0.452979 -0.046430
0.457557 -0.051104
0.474857 -0.054448
0.503273 -0.056634
0.539057 -0.057768
0.576818 -0.057983
0.610700 -0.057406
0.635565 -0.056158
0.647805 -0.054354
0.645650 -0.052103
0.629097 -0.049506
0.599988 -0.046628
0.562295 -0.043584
0.521613 -0.040448
0.483990 -0.037284
0.454740 -0.034147
0.437631 -0.031082
0.434579 -0.028126
0.445716 -0.025307
0.469314 -0.022674
0.501499 -0.020210
0.536758 -0.017923
0.569113 -0.015818
0.593304 -0.013896
0.605604 -0.012153
0.604130 -0.010583
0.588768 -0.009177
0.561287 -0.007926
0.525530 -0.006819
0.487009 -0.005844
0.451696 -0.004991
0.424839 -0.004247
0.410150 -0.003601
0.409497 -0.003043
0.422973 -0.002564
0.448793 -0.002153
0.483091 -0.001802
0.520340 -0.001504
0.554546 -0.001252
0.580447 -0.001039
0.594311 -0.000860
0.594256 -0.000710
0.580175 -0.000584
0.553813 -0.000453
0.519056 -0.000345
0.481420 -0.000256
0.446888 -0.000182
0.420714 -0.000122
0.406622 -0.000073
0.406486 -0.000033
0.420409 0.000000
0.446640 0.000000
0.481289 0.000000
0.518836 0.000000
0.553294 0.000000
0.579408 0.000000
0.593451 0.000000
0.593547 0.000000
0.579591 0.000000
0.553360 0.000000
0.518711 0.000000
0.481164 0.000000
0.446706 0.000000
0.420592 0.000000
0.406549 0.000000
0.406453 0.000000
0.420409 0.000000
0.446640 0.000000
0.481289 0.000000
0.518836 0.000000
0.553294 0.000000
0.579408 0.000000
0.593451 0.000000
0.593547 0.000000
0.579567 0.000025
0.552806 0.000555
0.515437 0.003274
0.470146 0.011019
0.419717 0.026988
0.366754 0.053839
0.313496 0.093053
0.261740 0.144714
0.212816 0.207593
0.167596 0.279044
0.126635 0.354654
0.090153 0.428682
0.058143 0.495151
0.030434 0.548973
0.006755 0.586696
-0.013225 0.606771
-0.029857 0.609448
-0.043468 0.596828
-0.054422 0.573133
-0.063029 0.544194
-0.069571 0.516276
-0.074298 0.494891
-0.077439 0.483988
-0.079197 0.485650
-0.079755 0.500164
-0.079308 0.525948
-0.077977 0.559266
-0.075905 0.594741
-0.073224 0.626518
-0.070054 0.649462
-0.066508 0.659959
-0.062687 0.656233
-0.058659 0.638250
-0.054000 0.607360
-0.047129 0.565840
-0.035274 0.516438
-0.015287 0.461993
0.015445 0.405147
0.058370 0.348179
0.113544 0.292909
0.179722 0.240687
0.254217 0.192423
0.332642 0.148647
0.409255 0.109580
0.478081 0.075213
0.534038 0.045370
0.573683 0.019768
0.595478 -0.001932
0.599662 -0.020071
0.587893 -0.034533
0.562694 -0.043984
0.527075 -0.045911
0.484115 -0.037410
0.436683 -0.016091
0.387262 0.019287
0.337861 0.068593
0.290007 0.130402
0.244751 0.201889
0.202810 0.278479
0.164555 0.354281
0.130115 0.423179
0.099450 0.479958
0.072403 0.521048
0.048752 0.544794
0.028267 0.551324
0.011188 0.542172
-0.001089 0.519800
-0.005974 0.487138
-0.000490 0.447195
0.017812 0.402780
0.050224 0.356325
0.096653 0.309800
0.155709 0.264700
0.224563 0.222077
0.298689 0.182601
0.372204 0.146632
0.438998 0.114297
0.493854 0.085553
0.533201 0.060250
0.555377 0.038169
0.560526 0.019065
0.550653 0.002707
0.529894 -0.011183
0.504001 -0.022837
0.479174 -0.032469
0.460866 -0.040273
0.452979 -0.046430
0.457557 -0.051104
0.474857 -0.054448
0.503273 -0.056634
0.539057 -0.057768
0.576818 -0.057983
0.610700 -0.057406
0.635565 -0.056158
0.647805 -0.054354
0.645650 -0.052103
0.629097 -0.049506
0.599988 -0.046628
0.562295 -0.043584
0.521613 -0.040448
0.483990 -0.037284
0.454740 -0.034147
0.437631 -0.031082
0.434579 -0.028126
0.445716 -0.025307
0.469314 -0.022674
0.501499 -0.020210
0.536758 -0.017923
0.569113 -0.015818
0.593304 -0.013896
0.605604 -0.012153
0.604130 -0.010583
0.588744 -0.009153
0.560732 -0.007372
0.522256 -0.003545
0.475990 0.005174
0.424708 0.021997
0.371000 0.049592
0.317097 0.089452
0.264783 0.141670
0.215380 0.205029
0.169749 0.276891
0.128437 0.352852
0.091658 0.427178
0.059395 0.493900
0.031473 0.547934
0.007615 0.585836
-0.012515 0.606061
-0.029248 0.608839
-0.042460 0.595820
-0.050803 0.569514
-0.051755 0.532920
-0.042400 0.489106
-0.020338 0.440930
0.015687 0.390862
0.065550 0.340904
0.127838 0.292571
0.199736 0.246904
0.276677 0.204612
0.352777 0.166059
0.421927 0.131367
0.478919 0.100489
0.520188 0.073263
0.544084 0.049462
0.550740 0.028851
0.541719 0.011641
0.519455 -0.000744
0.486882 -0.005718
0.447013 -0.000307
0.402658 0.017934
0.356252 0.050297
0.309767 0.096686
0.264700 0.155709
0.222077 0.224563
0.182601 0.298689
0.146632 0.372204
0.114297 0.438998
0.085553 0.493854
0.060250 0.533201
0.038169 0.555377
0.019089 0.560502
0.003262 0.550098
-0.007908 0.526619
-0.011818 0.492982
-0.005480 0.452186
0.013565 0.407027
0.046623 0.359926
0.093610 0.312843
0.153145 0.267264
0.222410 0.224230
0.296886 0.184403
0.370699 0.148136
0.437746 0.115549
0.492815 0.086592
0.532342 0.061109
0.554668 0.038879
0.559942 0.019649
0.550200 0.003160
0.529549 -0.010838
0.503745 -0.022581
0.478992 -0.032286
0.460744 -0.040151
0.452906 -0.046357
0.457524 -0.051071
0.474857 -0.054448
0.503273 -0.056634
0.539057 -0.057768
0.576818 -0.057983
0.610700 -0.057406
0.635565 -0.056158
0.647805 -0.054354
0.645650 -0.052103
0.629097 -0.049506
0.599988 -0.046628
0.562295 -0.043584
0.521613 -0.040448
0.483990 -0.037284
0.454740 -0.034147
0.437631 -0.031082
0.434579 -0.028126
0.445716 -0.025307
0.469314 -0.022674
0.501499 -0.020210
0.536758 -0.017923
0.569113 -0.015818
0.593304 -0.013896
0.605604 -0.012153
0.604130 -0.010583
0.588744 -0.009153
0.560732 -0.007372
0.522256 -0.003545
0.475990 0.005174
0.424708 0.021997
0.371000 0.049592
0.317097 0.089452
0.264783 0.141670
0.215380 0.205029
0.169749 0.276891
0.128437 0.352852
0.091658 0.427178
0.059395 0.493900
0.031473 0.547934
0.007615 0.585836
-0.012515 0.606061
-0.029248 0.608839
-0.042460 0.595820
-0.050803 0.569514
-0.051755 0.532920
-0.042400 0.489106
-0.020338 0.440930
0.015687 0.390862
0.065550 0.340904
0.127838 0.292571
0.199736 0.246904
0.276677 0.204612
0.352777 0.166059
0.421927 0.131367
0.478919 0.100489
0.520188 0.073263
0.544084 0.049462
0.550740 0.028851
0.541719 0.011641
0.519455 -0.000744
0.486882 -0.005718
0.447013 -0.000307
0.402658 0.017934
0.356252 0.050297
0.309767 0.096686
0.264700 0.155709
0.222077 0.224563
0.182601 0.298689
0.146632 0.372204
0.114297 0.438998
0.085553 0.493854
0.060250 0.533201
0.038169 0.555377
0.019089 0.560502
0.003262 0.550098
-0.007908 0.526619
-0.011818 0.492982
-0.005480 0.452186
0.013565 0.407027
0.046623 0.359926
0.093610 0.312843
0.153145 0.267264
0.222410 0.224230
0.296886 0.184403
0.370699 0.148136
0.437746 0.115549
0.492815 0.086592
0.532342 0.061109
0.554668 0.038879
0.559942 0.019649
0.550200 0.003160
0.529549 -0.010838
0.503745 -0.022581
0.478992 -0.032286
0.460744 -0.040151
0.452906 -0.046357
0.457524 -0.051071
0.474857 -0.054448
0.503273 -0.056634
0.539057 -0.057768
0.576818 -0.057983
0.610700 -0.057406
0.635565 -0.056158
0.647805 -0.054354
0.645650 -0.052103
0.629097 -0.049506
0.599988 -0.046628
0.562295 -0.043584
0.521613 -0.040448
0.483990 -0.037284
0.454740 -0.034147
0.437631 -0.031082
0.434579 -0.028126
0.445716 -0.025307
0.469314 -0.022674
0.501499 -0.020210
0.536758 -0.017923
0.569113 -0.015818
0.593304 -0.013896
0.605604 -0.012153
0.604130 -0.010583
0.588744 -0.009153
0.560732 -0.007372
0.522256 -0.003545
0.475990 0.005174
0.424708 0.021997
0.371000 0.049592
0.317097 0.089452
0.264783 0.141670
0.215380 0.205029
0.169749 0.276891
0.128437 0.352852
0.091658 0.427178
0.059395 0.493900
0.031473 0.547934
0.007615 0.585836
-0.012515 0.606061
-0.029273 0.608864
-0.043014 0.596374
-0.054077 0.572788
-0.062774 0.543938
-0.069388 0.516094
-0.074176 0.494769
-0.077366 0.483915
-0.079164 0.485617
-0.079755 0.500164
-0.079308 0.525948
-0.077977 0.559266
-0.075905 0.594741
-0.073224 0.626518
-0.070054 0.649462
-0.066508 0.659959
-0.062687 0.656233
-0.058659 0.638250
-0.054000 0.607360
-0.047129 0.565840
-0.035274 0.516438
-0.015287 0.461993
0.015445 0.405147
0.058370 0.348179
0.113544 0.292909
0.179722 0.240687
0.254217 0.192423
0.332642 0.148647
0.409255 0.109580
0.478081 0.075213
0.534038 0.045370
0.573683 0.019768
0.595478 -0.001932
0.599662 -0.020071
0.587893 -0.034533
0.562694 -0.043984
0.527075 -0.045911
0.484115 -0.037410
0.436683 -0.016091
0.387262 0.019287
0.337861 0.068593
0.290007 0.130402
0.244751 0.201889
0.202810 0.278479
0.164555 0.354281
0.130115 0.423179
0.099450 0.479958
0.072403 0.521048
0.048752 0.544794
0.028242 0.551349
0.010633 0.542727
-0.004364 0.523074
-0.016992 0.498157
-0.027478 0.474183
-0.036027 0.456619
-0.042829 0.449378
-0.048060 0.454514
-0.051884 0.472293
-0.054481 0.501121
-0.055965 0.537255
-0.056478 0.575314
-0.056154 0.609448
-0.055119 0.634526
-0.053494 0.646945
-0.051394 0.644940
-0.048897 0.628488
-0.045620 0.598980
-0.039965 0.558676
-0.029174 0.510338
-0.010114 0.456820
0.019814 0.400779
0.062044 0.344505
0.116620 0.289833
0.182286 0.238123
0.256369 0.190270
0.334444 0.146845
0.410759 0.108076
0.479333 0.073961
0.535077 0.044331
0.574542 0.018909
0.596188 -0.002641
0.600246 -0.020655
0.588347 -0.034987
0.563039 -0.044329
0.527331 -0.046166
0.484298 -0.037592
0.436806 -0.016213
0.387334 0.019215
0.337893 0.068560
0.290007 0.130402
0.244751 0.201889
0.202810 0.278479
0.164555 0.354281
0.130115 0.423179
0.099450 0.479958
0.072403 0.521048
0.048752 0.544794
0.028267 0.551324
0.011188 0.542172
-0.001089 0.519800
-0.005974 0.487138
-0.000490 0.447195
0.017812 0.402780
0.050224 0.356325
0.096653 0.309800
0.155709 0.264700
0.224563 0.222077
0.298689 0.182601
0.372204 0.146632
0.438998 0.114297
0.493854 0.085553
0.533201 0.060250
0.555377 0.038169
0.560502 0.019089
0.550098 0.003262
0.526619 -0.007908
0.492982 -0.011818
0.452186 -0.005480
0.407027 0.013565
0.359926 0.046623
0.312843 0.093610
0.267264 0.153145
0.224230 0.222410
0.184403 0.296886
0.148136 0.370699
0.115549 0.437746
0.086592 0.492815
0.061109 0.532342
0.038879 0.554668
0.019673 0.559918
0.003715 0.549645
-0.007563 0.526274
-0.011562 0.492727
-0.005298 0.452004
0.013687 0.406905
0.046696 0.359853
0.093643 0.312811
0.153145 0.267264
0.222410 0.224230
0.296886 0.184403
0.370699 0.148136
0.437746 0.115549
0.492815 0.086592
0.532342 0.061109
0.554668 0.038879
0.559942 0.019649
0.550200 0.003160
0.529549 -0.010838
0.503745 -0.022581
0.478992 -0.032286
0.460744 -0.040151
0.452906 -0.046357
0.457524 -0.051071
0.474857 -0.054448
0.503273 -0.056634
0.539057 -0.057768
0.576818 -0.057983
0.610700 -0.057406
0.635565 -0.056158
0.647805 -0.054354
0.645650 -0.052103
0.629072 -0.049481
0.599433 -0.046073
0.559021 -0.040310
0.510594 -0.029430
0.457002 -0.010296
0.400901 0.019692
0.344578 0.061971
0.289866 0.116588
0.238123 0.182286
0.190270 0.256369
0.146845 0.334444
0.108076 0.410759
0.073961 0.479333
0.044331 0.535077
0.018909 0.574542
-0.002641 0.596188
-0.020680 0.600271
-0.035541 0.588901
-0.047603 0.566314
-0.057185 0.538349
-0.064580 0.511286
-0.070052 0.490644
-0.073838 0.480387
-0.076153 0.482607
-0.077191 0.497600
-0.077155 0.523795
-0.076175 0.557464
-0.074401 0.593237
-0.071972 0.625266
-0.069015 0.648423
-0.065648 0.659099
-0.061977 0.655524
-0.058099 0.637690
-0.054101 0.607461
-0.050058 0.568769
-0.046037 0.527202
-0.042093 0.488799
-0.038272 0.458864
-0.034610 0.441159
-0.031136 0.437590
-0.027871 0.448280
-0.024827 0.471467
-0.022012 0.503301
-0.019427 0.538263
-0.017070 0.570365
-0.014935 0.594343
-0.013013 0.606464
-0.011293 0.604840
-0.009762 0.589353
-0.008380 0.561740
-0.007164 0.525875
-0.006100 0.487264
-0.005173 0.451879
-0.004369 0.424961
-0.003674 0.410223
-0.003076 0.409529
-0.002564 0.422973
-0.002153 0.448793
-0.001802 0.483091
-0.001504 0.520340
-0.001252 0.554546
-0.001039 0.580447
-0.000860 0.594311
-0.000710 0.594256
-0.000584 0.580175
-0.000453 0.553813
-0.000345 0.519056
-0.000256 0.481420
-0.000182 0.446888
-0.000122 0.420714
-0.000073 0.406622
-0.000033 0.406486
0.000000 0.420409
0.000000 0.446640
0.000000 0.481289
0.000000 0.518836
0.000000 0.553294
0.000000 0.579408
0.000000 0.593451
0.000000 0.593547
0.000025 0.579567
0.000555 0.552806
0.003274 0.515437
0.011019 0.470146
0.026988 0.419717
0.053839 0.366754
0.093053 0.313496
0.144714 0.261740
0.207593 0.212816
0.279044 0.167596
0.354654 0.126635
0.428682 0.090153
0.495151 0.058143
0.548973 0.030434
0.586696 0.006755
0.606771 -0.013225
0.609448 -0.029857
0.596828 -0.043468
0.573133 -0.054422
0.544194 -0.063029
0.516276 -0.069571
0.494891 -0.074298
0.483988 -0.077439
0.485650 -0.079197
0.500164 -0.079755
0.525948 -0.079308
0.559266 -0.077977
0.594741 -0.075905
0.626518 -0.073224
0.649462 -0.070054
0.659959 -0.066508
0.656233 -0.062687
0.638274 -0.058683
0.607914 -0.054554
0.569114 -0.050403
0.527457 -0.046293
0.488981 -0.042275
0.458986 -0.038394
0.441232 -0.034683
0.437622 -0.031169
0.448280 -0.027871
0.471467 -0.024827
0.503301 -0.022012
0.538263 -0.019427
0.570365 -0.017070
0.594343 -0.014935
0.606464 -0.013013
0.604840 -0.011293
0.589353 -0.009762
0.561740 -0.008380
0.525875 -0.007164
0.487264 -0.006100
0.451879 -0.005173
0.424961 -0.004369
0.410223 -0.003674
0.409529 -0.003076
0.422973 -0.002564
0.448793 -0.002153
0.483091 -0.001802
0.520340 -0.001504
0.554546 -0.001252
0.580447 -0.001039
0.594311 -0.000860
0.594256 -0.000710
0.580151 -0.000560
0.553259 0.000101
0.515781 0.002929
0.470401 0.010763
0.419900 0.026806
0.366876 0.053717
0.313569 0.092980
0.261773 0.144681
0.212816 0.207593
0.167596 0.279044
0.126635 0.354654
0.090153 0.428682
0.058143 0.495151
0.030434 0.548973
0.006755 0.586696
-0.013225 0.606771
-0.029833 0.609424
-0.042913 0.596273
-0.051148 0.569859
-0.052011 0.533175
-0.042583 0.489288
-0.020460 0.441052
0.015614 0.390935
0.065517 0.340937
0.127838 0.292571
0.199736 0.246904
0.276677 0.204612
0.352777 0.166059
0.421927 0.131367
0.478919 0.100489
0.520188 0.073263
0.544084 0.049462
0.550765 0.028826
0.542273 0.011087
0.522730 -0.004019
0.497901 -0.016737
0.474001 -0.027296
0.456497 -0.035905
0.449305 -0.042756
0.454481 -0.048028
0.472293 -0.051884
0.501121 -0.054481
0.537255 -0.055965
0.575314 -0.056478
0.609448 -0.056154
0.634526 -0.055119
0.646945 -0.053494
0.644940 -0.051394
0.628488 -0.048897
0.598980 -0.045620
0.558676 -0.039965
0.510338 -0.029174
0.456820 -0.010114
0.400779 0.019814
0.344505 0.062044
0.289833 0.116620
0.238123 0.182286
0.190270 0.256369
0.146845 0.334444
0.108076 0.410759
0.073961 0.479333
0.044331 0.535077
0.018909 0.574542
-0.002641 0.596188
-0.020680 0.600271
-0.035541 0.588901
-0.047603 0.566314
-0.057185 0.538349
-0.064580 0.511286
-0.070052 0.490644
-0.073838 0.480387
-0.076153 0.482607
-0.077191 0.497600
-0.077155 0.523795
-0.076175 0.557464
-0.074401 0.593237
-0.071972 0.625266
-0.069015 0.648423
-0.065648 0.659099
-0.061977 0.655524
-0.058099 0.637690
-0.054101 0.607461
-0.050058 0.568769
-0.046037 0.527202
-0.042093 0.488799
-0.038272 0.458864
-0.034610 0.441159
-0.031136 0.437590
-0.027871 0.448280
-0.024827 0.471467
-0.022012 0.503301
-0.019427 0.538263
-0.017070 0.570365
-0.014935 0.594343
-0.013013 0.606464
-0.011293 0.604840
-0.009762 0.589353
-0.008380 0.561740
-0.007164 0.525875
-0.006100 0.487264
-0.005173 0.451879
-0.004369 0.424961
-0.003674 0.410223
-0.003076 0.409529
-0.002564 0.422973
-0.002153 0.448793
-0.001802 0.483091
-0.001504 0.520340
-0.001252 0.554546
-0.001039 0.580447
-0.000860 0.594311
-0.000710 0.594256
-0.000584 0.580175
-0.000453 0.553813
-0.000345 0.519056
-0.000256 0.481420
-0.000182 0.446888
-0.000122 0.420714
-0.000073 0.406622
-0.000033 0.406486
0.000000 0.420409
0.000000 0.446640
0.000000 0.481289
0.000000 0.518836
0.000000 0.553294
0.000000 0.579408
0.000000 0.593451
0.000000 0.593547
0.000025 0.579567
0.000555 0.552806
0.003274 0.515437
0.011019 0.470146
0.026988 0.419717
0.053839 0.366754
0.093053 0.313496
0.144714 0.261740
0.207593 0.212816
0.279044 0.167596
0.354654 0.126635
0.428682 0.090153
0.495151 0.058143
0.548973 0.030434
0.586696 0.006755
0.606771 -0.013225
0.609424 -0.029833
0.596273 -0.042913
0.569859 -0.051148
0.533175 -0.052011
0.489288 -0.042583
0.441052 -0.020460
0.390935 0.015614
0.340937 0.065517
0.292571 0.127838
0.246904 0.199736
0.204612 0.276677
0.166059 0.352777
0.131367 0.421927
0.100489 0.478919
0.073263 0.520188
0.049462 0.544084
0.028826 0.550765
0.011087 0.542273
-0.004019 0.522730
-0.016737 0.497901
-0.027296 0.474001
-0.035905 0.456497
-0.042756 0.449305
-0.048028 0.454481
-0.051884 0.472293
-0.054481 0.501121
-0.055965 0.537255
-0.056478 0.575314
-0.056154 0.609448
-0.055119 0.634526
-0.053494 0.646945
-0.051394 0.644940
-0.048922 0.628513
-0.046175 0.599535
-0.043239 0.561950
-0.040193 0.521357
-0.037102 0.483808
-0.034025 0.454617
-0.031009 0.437558
-0.028093 0.434547
-0.025307 0.445716
-0.022674 0.469314
-0.020210 0.501499
-0.017923 0.536758
-0.015818 0.569113
-0.013896 0.593304
-0.012153 0.605604
-0.010583 0.604130
-0.009177 0.588768
-0.007926 0.561287
-0.006819 0.525530
-0.005844 0.487009
-0.004991 0.451696
-0.004247 0.424839
-0.003601 0.410150
-0.003043 0.409497
-0.002564 0.422973
-0.002153 0.448793
-0.001802 0.483091
-0.001504 0.520340
-0.001252 0.554546
-0.001039 0.580447
-0.000860 0.594311
-0.000710 0.594256
-0.000584 0.580175
-0.000453 0.553813
-0.000345 0.519056
-0.000256 0.481420
-0.000182 0.446888
-0.000122 0.420714
-0.000073 0.406622
-0.000033 0.406486
0.000000 0.420409
0.000000 0.446640
0.000000 0.481289
0.000000 0.518836
0.000000 0.553294
0.000000 0.579408
0.000000 0.593451
0.000000 0.593547
0.000025 0.579567
0.000555 0.552806
0.003274 0.515437
0.011019 0.470146
0.026988 0.419717
0.053839 0.366754
0.093053 0.313496
0.144714 0.261740
0.207593 0.212816
0.279044 0.167596
0.354654 0.126635
0.428682 0.090153
0.495151 0.058143
0.548973 0.030434
0.586696 0.006755
0.606771 -0.013225
0.609424 -0.029833
0.596273 -0.042913
0.569859 -0.051148
0.533175 -0.052011
0.489288 -0.042583
0.441052 -0.020460
0.390935 0.015614
0.340937 0.065517
0.292571 0.127838
0.246904 0.199736
0.204612 0.276677
0.166059 0.352777
0.131367 0.421927
0.100489 0.478919
0.073263 0.520188
0.049462 0.544084
0.028851 0.550740
0.011641 0.541719
-0.000744 0.519455
-0.005718 0.486882
-0.000307 0.447013
0.017934 0.402658
0.050297 0.356252
0.096686 0.309767
0.155709 0.264700
0.224563 0.222077
0.298689 0.182601
0.372204 0.146632
0.438998 0.114297
0.493854 0.085553
0.533201 0.060250
0.555377 0.038169
0.560526 0.019065
0.550653 0.002707
0.529894 -0.011183
0.504001 -0.022837
0.479174 -0.032469
0.460866 -0.040273
0.452979 -0.046430
0.457557 -0.051104
0.474857 -0.054448
0.503273 -0.056634
0.539057 -0.057768
0.576818 -0.057983
0.610700 -0.057406
0.635565 -0.056158
0.647805 -0.054354
0.645650 -0.052103
0.629072 -0.049481
0.599433 -0.046073
0.559021 -0.040310
0.510594 -0.029430
0.457002 -0.010296
0.400901 0.019692
0.344578 0.061971
0.289866 0.116563
0.238123 0.181755
0.190270 0.253650
0.146845 0.326700
0.108076 0.394790
0.073961 0.452483
0.044331 0.495863
0.018909 0.522882
-0.002641 0.533284
-0.020680 0.528265
-0.035541 0.510017
-0.047603 0.481267
-0.057185 0.444892
-0.064580 0.403625
-0.070052 0.359869
-0.073838 0.315599
-0.076153 0.272337
-0.077191 0.231177
-0.077155 0.192836
-0.076175 0.157721
-0.074401 0.126003
-0.071972 0.097679
-0.069015 0.072630
-0.065648 0.050666
-0.061977 0.031562
-0.058099 0.015079
-0.054101 0.001010
-0.050058 -0.010899
-0.046037 -0.020852
-0.042093 -0.029036
-0.038272 -0.035621
-0.034610 -0.040766
-0.031136 -0.044615
-0.027871 -0.047308
-0.024827 -0.048999
-0.022012 -0.049783
-0.019427 -0.049779
-0.017070 -0.049103
-0.014935 -0.047862
-0.013013 -0.046160
-0.011293 -0.044092
-0.009762 -0.041749
-0.008380 -0.039208
-0.007164 -0.036544
-0.006100 -0.033818
-0.005173 -0.031086
-0.004369 -0.028392
-0.003674 -0.025775
-0.003076 -0.023264
-0.002564 -0.020881
-0.002153 -0.018643
-0.001802 -0.016561
-0.001504 -0.014639
-0.001252 -0.012879
-0.001039 -0.011279
-0.000860 -0.009835
-0.000710 -0.008540
-0.000584 -0.007384
-0.000453 -0.006360
-0.000345 -0.005457
-0.000256 -0.004665
