0.000000
0.000000
0.000000
0.000000
0.000000
0.000000
0.000000
0.000000
0.000000
0.000000
0.000000
0.000000
0.000000
0.000000
0.000000
0.000000
0.000000
0.000000
0.000000
0.000000
0.000000
0.000000
0.000000
0.000000
0.000000
0.000000
0.000000
0.000000
0.000000
0.000000
0.000000
0.000000
0.000000
0.000000
0.000000
0.000000
0.000000
0.000000
0.000000
0.000000
0.000000
0.000000
0.000025
0.000555
0.003250
0.010464
0.023714
0.042820
0.066065
0.090875
0.114564
0.134885
0.150311
0.160103
0.164211
0.163111
0.157634
0.149227
0.140542
0.134851
0.134460
0.139825
0.149706
0.161863
0.173821
0.183442
0.189239
0.190457
0.186998
0.179271
0.168005
0.154090
0.138444
0.121917
0.105237
0.088983
0.073583
0.059324
0.046375
0.034807
0.024619
0.015762
0.008151
0.001685
-0.003744
-0.008244
-0.011917
-0.014860
-0.017158
-0.018888
-0.020121
-0.020895
-0.020784
-0.018180
-0.010777
0.002899
0.022628
0.046655
0.072374
0.097066
0.118456
0.134992
0.145912
0.151147
0.151156
0.146732
0.138830
0.128433
0.116478
0.104231
0.093985
0.088571
0.089839
0.097821
0.110914
0.126586
0.142138
0.155278
0.164417
0.168743
0.168134
0.162994
0.154066
0.142285
0.128558
0.113730
0.098581
0.083705
0.069542
0.056390
0.044425
0.033723
0.024291
0.016081
0.009016
0.003001
-0.002068
-0.006264
-0.009715
-0.012533
-0.014764
-0.016478
-0.017737
-0.018596
-0.019104
-0.019306
-0.019244
-0.018954
-0.018473
-0.017834
-0.017067
-0.016203
-0.015266
-0.014282
-0.013271
-0.012253
-0.011243
-0.010256
-0.009303
-0.008368
-0.006977
-0.003475
0.004489
0.018430
0.038169
0.061989
0.087318
0.111474
0.132210
0.148005
0.158122
0.162516
0.161693
0.156454
0.148226
0.139696
0.134138
0.133861
0.139323
0.149287
0.161514
0.173532
0.183203
0.189041
0.190294
0.186865
0.179161
0.167915
0.154017
0.138412
0.121917
0.105237
0.088983
0.073583
0.059324
0.046375
0.034807
0.024619
0.015762
0.008151
0.001685
-0.003744
-0.008244
-0.011917
-0.014860
-0.017158
-0.018888
-0.020121
-0.020919
-0.021338
-0.021430
-0.021241
-0.020815
-0.020192
-0.019410
-0.018501
-0.017498
-0.016429
-0.015319
-0.014191
-0.013064
-0.011955
-0.010877
-0.009843
-0.008835
-0.007379
-0.003819
0.004195
0.018180
0.037957
0.061810
0.087167
0.111347
0.132104
0.147917
0.158049
0.162456
0.161616
0.156340
0.147599
0.136413
0.123674
0.110147
0.096503
0.083222
0.070640
0.058967
0.048318
0.038730
0.030191
0.022654
0.016050
0.010306
0.005345
0.001119
-0.002469
-0.005509
-0.008021
-0.010058
-0.011664
-0.012881
-0.013750
-0.014309
-0.014592
-0.014636
-0.014475
-0.014139
-0.013637
-0.012515
-0.009141
-0.001185
0.012847
0.032757
0.056809
0.082418
0.106885
0.127952
0.144088
0.154546
0.159276
0.158749
0.153773
0.145314
0.134364
0.121845
0.108549
0.095113
0.082019
0.069602
0.058077
0.047556
0.038106
0.030196
0.025438
0.026122
0.033691
0.047889
0.066928
0.088166
0.108858
0.126701
0.140120
0.148329
0.151240
0.149288
0.143268
0.134080
0.122656
0.109912
0.096607
0.083343
0.070571
0.058597
0.047607
0.037690
0.028864
0.021099
0.014330
0.008480
0.003463
-0.000805
-0.004404
-0.007404
-0.009870
-0.011858
-0.013417
-0.014592
-0.015423
-0.015947
-0.016200
-0.016214
-0.016022
-0.015654
-0.015140
-0.014483
-0.013228
-0.009740
-0.001687
0.012428
0.032408
0.056520
0.082179
0.106687
0.127790
0.143954
0.154437
0.159187
0.158677
0.153740
0.145314
0.134364
0.121845
0.108549
0.095113
0.082019
0.069602
0.058077
0.047556
0.038082
0.029641
0.022188
0.015658
0.009977
0.005069
0.000863
-0.002709
-0.005706
-0.008184
-0.010191
-0.011773
-0.012946
-0.013269
-0.011091
-0.004128
0.009078
0.028345
0.051925
0.077213
0.101495
0.122494
0.138662
0.149236
0.154148
0.153856
0.149152
0.140993
0.130360
0.118164
0.105190
0.092070
0.079279
0.067152
0.055897
0.045629
0.036387
0.028157
0.020896
0.014538
0.009010
0.004238
0.000151
-0.003315
-0.006222
-0.008620
-0.010559
-0.012082
-0.013230
-0.014040
-0.014548
-0.014790
-0.014799
-0.014608
-0.014249
-0.013751
-0.013143
-0.012423
-0.011625
-0.010312
-0.006814
0.001209
0.015257
0.035140
0.059132
0.084652
0.109008
0.129950
0.145949
0.156266
0.160852
0.160183
0.155068
0.146476
0.135401
0.122765
0.109360
0.095825
0.082640
0.070142
0.058543
0.047958
0.038427
0.029935
0.022439
0.015870
0.010156
0.005220
0.000990
-0.002603
-0.005618
-0.008111
-0.010131
-0.011696
-0.012881
-0.013726
-0.013754
-0.011342
-0.004172
0.009239
0.028681
0.052403
0.077805
0.102174
0.123236
0.139444
0.150039
0.154956
0.154654
0.149930
0.141740
0.131069
0.118831
0.105811
0.092643
0.079804
0.067629
0.056328
0.046016
0.036731
0.028463
0.021165
0.014774
0.009216
0.004417
0.000306
-0.003182
-0.006107
-0.008523
-0.010476
-0.012012
-0.013171
-0.013990
-0.014506
-0.014755
-0.014745
-0.014029
-0.010979
-0.003270
0.010611
0.030429
0.054416
0.080008
0.104501
0.125629
0.141854
0.152423
0.157279
0.156888
0.152053
0.143738
0.132931
0.120550
0.107387
0.094077
0.081100
0.068791
0.057365
0.046935
0.037542
0.029174
0.021786
0.015314
0.009683
0.004819
0.000651
-0.002888
-0.005857
-0.008311
-0.010297
-0.011861
-0.013019
-0.013329
-0.011168
-0.004217
0.009005
0.028313
0.051925
0.077213
0.101495
0.122494
0.138662
0.149236
0.154148
0.153856
0.149152
0.140993
0.130360
0.118164
0.105190
0.092070
0.079279
0.067152
0.055897
0.045629
0.036387
0.028157
0.020896
0.014538
0.009010
0.004238
0.000151
-0.003315
-0.006222
-0.008620
-0.010559
-0.012082
-0.013230
-0.014040
-0.014548
-0.014765
-0.014244
-0.011358
-0.003785
0.009963
0.029678
0.053641
0.079226
0.103697
0.124821
0.141056
0.151646
0.156532
0.156179
0.151386
0.143116
0.132357
0.120050
0.107464
0.096895
0.091177
0.092160
0.099880
0.112731
0.128181
0.143533
0.156492
0.165470
0.169652
0.168916
0.163664
0.154663
0.143300
0.132172
0.124504
0.122557
0.126746
0.135793
0.147421
0.159119
0.168716
0.174692
0.176285
0.173337
0.166201
0.155614
0.142441
0.127577
0.111854
0.095982
0.080526
0.065904
0.052392
0.040152
0.029251
0.019684
0.011400
0.004314
-0.001674
-0.006672
-0.010785
-0.014114
-0.016751
-0.018780
-0.020274
-0.021301
-0.021920
-0.022184
-0.022143
-0.021815
-0.020762
-0.017361
-0.009294
0.004924
0.025083
0.049438
0.075393
0.100240
0.121712
0.138267
0.149152
0.154336
0.154252
0.149676
0.141603
0.131023
0.118853
0.105883
0.092750
0.079933
0.067771
0.056476
0.046163
0.036874
0.028599
0.021292
0.014891
0.009322
0.004539
0.000439
-0.003068
-0.006010
-0.008440
-0.010406
-0.011953
-0.013121
-0.013948
-0.014471
-0.014726
-0.014746
-0.014564
-0.014212
-0.013694
-0.013070
-0.012391
-0.011649
-0.010867
-0.010064
-0.009255
-0.008457
-0.007655
-0.006378
-0.002973
0.004908
0.018779
0.038458
0.062228
0.087516
0.111636
0.132343
0.148114
0.158211
0.162589
0.161725
0.156429
0.147672
0.136446
0.123674
0.110147
0.096503
0.083222
0.070640
0.058967
0.048318
0.038730
0.030216
0.023208
0.019300
0.020770
0.029059
0.043940
0.063596
0.085366
0.106543
0.124827
0.138647
0.147221
0.150461
0.148803
0.143017
0.134036
0.122818
0.110247
0.097084
0.083935
0.071250
0.059339
0.048389
0.038494
0.029673
0.021897
0.015108
0.009227
0.004172
-0.000138
-0.003783
-0.006831
-0.009345
-0.011380
-0.012986
-0.014205
-0.015078
-0.015642
-0.015930
-0.015978
-0.015816
-0.015475
-0.014961
-0.013820
-0.010419
-0.002428
0.011646
0.031605
0.055712
0.081380
0.105910
0.127043
0.143245
0.153770
0.158566
0.158103
0.153239
0.145391
0.137183
0.131923
0.131918
0.137628
0.147814
0.160241
0.172435
0.182262
0.188238
0.189611
0.186285
0.178672
0.167503
0.153672
0.138096
0.121628
0.104998
0.088786
0.073420
0.059191
0.046266
0.034717
0.024547
0.015754
0.008705
0.004935
0.006720
0.015470
0.030903
0.051205
0.073717
0.095676
0.114763
0.129392
0.138764
0.142781
0.141870
0.136794
0.128480
0.117883
0.105886
0.093248
0.080576
0.068322
0.056797
0.046193
0.036602
0.028051
0.020511
0.013928
0.008226
0.003326
-0.000851
-0.004382
-0.007332
-0.009764
-0.011729
-0.013275
-0.014445
-0.015276
-0.015804
-0.016064
-0.016063
-0.015351
-0.012298
-0.004554
0.009339
0.029152
0.053173
0.078807
0.103349
0.124532
0.140816
0.151448
0.156369
0.156045
0.151277
0.143027
0.132284
0.120017
0.107464
0.096895
0.091177
0.092160
0.099880
0.112731
0.128181
0.143533
0.156492
0.165470
0.169652
0.168916
0.163664
0.154638
0.142745
0.128922
0.114040
0.098843
0.083926
0.069728
0.056546
0.044555
0.033831
0.024381
0.016182
0.009126
0.003090
-0.001995
-0.006232
-0.009715
-0.012533
-0.014764
-0.016478
-0.017737
-0.018596
-0.019080
-0.018752
-0.015994
-0.008490
0.005241
0.024986
0.048997
0.074672
0.099298
0.120603
0.137040
0.147850
0.152968
0.152855
0.148331
0.140835
0.133011
0.128126
0.128485
0.134541
0.145055
0.157787
0.170264
0.180351
0.186564
0.188151
0.185018
0.177576
0.166586
0.152911
0.137444
0.121071
0.104524
0.088384
0.073082
0.058906
0.046027
0.034518
0.024380
0.015564
0.007988
0.001551
-0.003853
-0.008333
-0.011990
-0.014893
-0.017158
-0.018888
-0.020121
-0.020919
-0.021338
-0.021430
-0.021241
-0.020815
-0.020192
-0.019410
-0.018501
-0.017498
-0.016429
-0.015319
-0.014191
-0.013064
-0.011955
-0.010877
-0.009843
-0.008835
-0.007379
-0.003819
0.004195
0.018180
0.037957
0.061810
0.087167
0.111347
0.132104
0.147917
0.158049
0.162456
0.161616
0.156340
0.147599
0.136413
0.123674
0.110147
0.096503
0.083222
0.070640
0.058967
0.048318
0.038730
0.030191
0.022654
0.016050
0.010306
0.005345
0.001119
-0.002469
-0.005484
-0.007467
-0.006808
-0.001200
0.010832
0.029070
0.051756
0.076283
0.099928
0.120410
0.136172
0.146441
0.151142
0.150720
0.145960
0.137806
0.127229
0.115131
0.102289
0.089325
0.076708
0.064765
0.053700
0.043622
0.034566
0.026518
0.019428
0.013232
0.007854
0.003221
-0.000739
-0.004091
-0.006894
-0.009201
-0.011059
-0.012510
-0.013594
-0.014349
-0.014810
-0.015011
-0.014985
-0.014739
-0.013824
-0.010609
-0.002768
0.011189
0.031061
0.055108
0.080738
0.105276
0.126428
0.142631
0.153170
0.157988
0.157555
0.152674
0.144311
0.133456
0.121028
0.107818
0.094463
0.081444
0.069097
0.057634
0.047171
0.037748
0.029353
0.021941
0.015447
0.009821
0.005471
0.003983
0.007646
0.017916
0.034559
0.055809
0.079048
0.101550
0.121025
0.135913
0.145438
0.149542
0.148637
0.143470
0.135011
0.124223
0.111996
0.099097
0.086138
0.073577
0.061733
0.050799
0.040878
0.031995
0.024131
0.017231
0.011225
0.006034
0.001581
-0.002207
-0.005397
-0.008050
-0.010218
-0.011949
-0.013286
-0.014267
-0.014930
-0.015309
-0.015438
-0.015349
-0.015073
-0.014641
-0.014080
-0.013418
-0.012680
-0.011889
-0.011065
-0.010202
-0.008834
-0.005316
0.002695
0.016708
0.036564
0.060509
0.085940
0.110203
0.131048
0.146952
0.157175
0.161670
0.160914
0.155718
0.147051
0.135906
0.123207
0.109745
0.096159
0.082928
0.070389
0.058755
0.048139
0.038580
0.030065
0.022548
0.015962
0.010233
0.005284
0.001067
-0.002004
-0.002332
0.002410
0.013656
0.031156
0.053183
0.077124
0.100256
0.120293
0.135675
0.145628
0.150072
0.149450
0.144564
0.136836
0.128893
0.123984
0.124396
0.130569
0.141249
0.154183
0.166888
0.177219
0.183683
0.185522
0.182637
0.175434
0.164646
0.151162
0.135903
0.119721
0.103346
0.087361
0.072197
0.058145
0.045374
0.033961
0.023906
0.015163
0.007649
0.001266
-0.004092
-0.008533
-0.012157
-0.015058
-0.017320
-0.019022
-0.020231
-0.021009
-0.021411
-0.021463
-0.021241
-0.020815
-0.020192
-0.019410
-0.018501
-0.017498
-0.016429
-0.015294
-0.013636
-0.009814
-0.001491
0.012836
0.032977
0.057206
0.082941
0.107495
0.128616
0.144777
0.155239
0.159956
0.159404
0.154392
0.145892
0.134898
0.122333
0.108990
0.095509
0.082372
0.069914
0.058377
0.047844
0.038329
0.029853
0.022369
0.015811
0.010106
0.005178
0.000955
-0.002632
-0.005642
-0.008131
-0.010147
-0.011737
-0.012914
-0.013750
-0.014309
-0.014592
-0.014636
-0.014475
-0.014139
-0.013661
-0.013045
-0.011836
-0.008399
-0.000403
0.013650
0.033565
0.057608
0.083195
0.107632
0.128662
0.144755
0.155167
0.159850
0.159275
0.154250
0.145745
0.134751
0.122190
0.108855
0.095383
0.082255
0.069808
0.058256
0.047711
0.038215
0.029755
0.022286
0.015741
0.010047
0.005129
0.000913
-0.002667
-0.005671
-0.008155
-0.010167
-0.011753
-0.012954
-0.013783
-0.014309
-0.014592
-0.014636
-0.014475
-0.014139
-0.013661
-0.013070
-0.012391
-0.011649
-0.010867
-0.010064
-0.009255
-0.008432
-0.007125
-0.003683
0.004241
0.018158
0.037885
0.061703
0.087038
0.111205
0.131957
0.147770
0.157906
0.162320
0.161489
0.156248
0.148048
0.139541
0.134005
0.133747
0.139226
0.149204
0.161444
0.173472
0.183153
0.189000
0.190259
0.186836
0.179137
0.167895
0.154001
0.138372
0.121885
0.105237
0.088983
0.073583
0.059324
0.046375
0.034807
0.024619
0.015762
0.008151
0.001685
-0.003744
-0.008244
-0.011917
-0.014860
-0.017158
-0.018888
-0.020097
-0.020365
-0.018088
-0.010966
0.002473
0.022005
0.045872
0.071465
0.096063
0.117387
0.133882
0.144784
0.150021
0.150047
0.145654
0.137795
0.127450
0.115528
0.102813
0.089935
0.077396
0.066009
0.057643
0.054766
0.058934
0.069957
0.086071
0.104640
0.122906
0.138547
0.149968
0.156364
0.157629
0.154211
0.146838
0.136410
0.123909
0.110218
0.096089
0.082123
0.068765
0.056316
0.044954
0.034762
0.025749
0.017874
0.011065
0.005260
0.000332
-0.003838
-0.007305
-0.010149
-0.012417
-0.013690
-0.012364
-0.006135
0.006471
0.025233
0.048397
0.073355
0.097387
0.118214
0.134280
0.144819
0.149756
0.149541
0.144959
0.136960
0.126516
0.114532
0.101788
0.088906
0.076360
0.064476
0.053461
0.043424
0.034404
0.026384
0.019319
0.013142
0.007781
0.003188
-0.000739
-0.004091
-0.006894
-0.009201
-0.011059
-0.012510
-0.013594
-0.014349
-0.014810
-0.015011
-0.014985
-0.014764
-0.014379
-0.013859
-0.013232
-0.012524
-0.011759
-0.010956
-0.010136
-0.009264
-0.007902
-0.004430
0.003532
0.017491
0.037264
0.061130
0.086513
0.110728
0.131526
0.147383
0.157561
0.162014
0.161220
0.155987
0.147287
0.136113
0.123386
0.109900
0.096292
0.083042
0.070487
0.058838
0.048209
0.038639
0.030115
0.022590
0.015997
0.010262
0.005308
0.001063
-0.002542
-0.005541
-0.008021
-0.010058
-0.011664
-0.012881
-0.013750
-0.014309
-0.014592
-0.014636
-0.014450
-0.013585
-0.010412
-0.002606
0.011323
0.031171
0.055198
0.080811
0.105309
0.126428
0.142631
0.153170
0.157988
0.157555
0.152674
0.144311
0.133456
0.121028
0.107818
0.094463
0.081444
0.069097
0.057659
0.047726
0.040998
0.039817
0.045655
0.058267
0.075861
0.095791
0.115298
0.132067
0.144513
0.151842
0.153956
0.151285
0.144619
0.135367
0.126144
0.120186
0.119791
0.125350
0.135566
0.148201
0.160751
0.171051
0.177590
0.179590
0.176935
0.170015
0.159548
0.146411
0.131512
0.115694
0.099681
0.084048
0.069221
0.055488
0.043016
0.031879
0.022078
0.013565
0.006260
0.000063
-0.005130
-0.009423
-0.012894
-0.015152
-0.014621
-0.009023
0.003091
0.021482
0.044378
0.069156
0.093084
0.113872
0.129956
0.140559
0.145601
0.145524
0.141108
0.133321
0.123102
0.111323
0.098791
0.086127
0.073798
0.062129
0.051323
0.041488
0.032659
0.024820
0.017924
0.011904
0.006688
0.002200
-0.001629
-0.004864
-0.007562
-0.009777
-0.011553
-0.012933
-0.013955
-0.014629
-0.015021
-0.015191
-0.015138
-0.014893
-0.014488
-0.013951
-0.013309
-0.012588
-0.011812
-0.011001
-0.010173
-0.009345
-0.008505
-0.007158
-0.003683
0.004241
0.018158
0.037885
0.061703
0.087038
0.111205
0.131957
0.147770
0.157906
0.162320
0.161489
0.156223
0.147493
0.136291
0.123541
0.110033
0.096406
0.083139
0.070569
0.058908
0.048268
0.038689
0.030157
0.022624
0.016026
0.010286
0.005328
0.001079
-0.002502
-0.005484
-0.007467
-0.006808
-0.001200
0.010832
0.029070
0.051756
0.076283
0.099928
0.120410
0.136172
0.146441
0.151142
0.150720
0.145984
0.138360
0.130479
0.125595
0.126003
0.132145
0.142773
0.155640
0.168265
0.178507
0.184877
0.186620
0.183639
0.176343
0.165488
0.152448
0.139803
0.130760
0.127565
0.130624
0.138647
0.149353
0.160226
0.169093
0.174429
0.175446
0.172014
0.164507
0.153626
0.140231
0.125212
0.109393
0.093503
0.078581
0.066697
0.060500
0.061632
0.069947
0.083752
0.100414
0.117159
0.131635
0.142205
0.148022
0.148935
0.145323
0.137935
0.128142
0.118530
0.112310
0.111736
0.117215
0.127464
0.140202
0.152915
0.163433
0.170236
0.172540
0.170221
0.163663
0.153575
0.140829
0.126352
0.111461
0.098535
0.090499
0.089291
0.095042
0.106171
0.120148
0.134321
0.146392
0.154754
0.158570
0.157687
0.152473
0.143638
0.132057
0.118639
0.104229
0.089551
0.075207
0.061590
0.048959
0.037514
0.027323
0.018387
0.010655
0.004047
-0.001536
-0.006196
-0.010035
-0.013148
-0.015622
-0.017536
-0.018931
-0.019901
-0.020523
-0.020815
-0.020820
-0.020553
-0.019572
-0.016250
-0.008266
0.005867
0.025941
0.050214
0.076090
0.100861
0.122262
0.138752
0.149578
0.154681
0.154553
0.149964
0.141851
0.131235
0.119033
0.106036
0.092879
0.080042
0.067862
0.056552
0.046227
0.036927
0.028667
0.021883
0.018197
0.019859
0.028285
0.043259
0.062997
0.084865
0.106124
0.124479
0.138358
0.146982
0.150263
0.148640
0.142908
0.134482
0.125978
0.120639
0.120766
0.126755
0.137315
0.150214
0.162954
0.173378
0.179984
0.182000
0.179319
0.172338
0.161806
0.149089
0.136759
0.128020
0.125115
0.128444
0.136720
0.147658
0.158743
0.167800
0.173309
0.174479
0.171182
0.163795
0.153019
0.139716
0.124776
0.109025
0.093169
0.077768
0.063230
0.049830
0.037720
0.026965
0.017553
0.009429
0.002505
-0.003323
-0.008138
-0.012080
-0.015252
-0.017233
-0.016449
-0.010621
0.001701
0.020279
0.043341
0.068265
0.092323
0.113223
0.129406
0.140094
0.145209
0.145195
0.140857
0.133619
0.126112
0.121590
0.122342
0.128814
0.139754
0.152914
0.165814
0.176340
0.182970
0.184923
0.182135
0.175016
0.164322
0.151428
0.138914
0.129987
0.126897
0.130048
0.138153
0.148930
0.159866
0.168813
0.174217
0.175266
0.171861
0.164378
0.153541
0.140694
0.128385
0.119793
0.117139
0.120803
0.129475
0.140854
0.152410
0.161979
0.167998
0.169641
0.166806
0.159861
0.149504
0.136592
0.122016
0.106599
0.091047
0.075920
0.061628
0.048447
0.036532
0.025948
0.016686
0.008693
0.001882
-0.003849
-0.008607
-0.012499
-0.015625
-0.018077
-0.019939
-0.021283
-0.022175
-0.022675
-0.022833
-0.022699
-0.022315
-0.021694
-0.020905
-0.020008
-0.019002
-0.017917
-0.016753
-0.015053
-0.011180
-0.002797
0.011596
0.031809
0.056113
0.081926
0.106558
0.127783
0.144042
0.154569
0.159348
0.158856
0.153926
0.146010
0.137761
0.132457
0.132406
0.138069
0.148211
0.160594
0.172747
0.182563
0.188526
0.189858
0.186497
0.178852
0.167656
0.153801
0.138230
0.122274
0.108324
0.099314
0.097187
0.102055
0.112367
0.125649
0.139184
0.150647
0.158462
0.161788
0.160467
0.154867
0.145692
0.133813
0.120134
0.105498
0.090625
0.076085
0.062303
0.049558
0.038015
0.027742
0.018736
0.010969
0.004841
0.001912
0.004431
0.013813
0.029782
0.050532
0.073412
0.095666
0.114984
0.129788
0.139288
0.143392
0.142533
0.137508
0.129728
0.121812
0.117004
0.117581
0.123974
0.134921
0.148160
0.161198
0.171883
0.178714
0.180926
0.178440
0.171625
0.161207
0.148587
0.136341
0.127671
0.124825
0.128205
0.136522
0.147495
0.158609
0.167691
0.173219
0.174406
0.171150
0.163795
0.153019
0.139716
0.124776
0.109025
0.093169
0.077768
0.063230
0.049830
0.037720
0.026965
0.017553
0.009429
0.002505
-0.003323
-0.008138
-0.012080
-0.015277
-0.017788
-0.019699
-0.021085
-0.022013
-0.022541
-0.022724
-0.022610
-0.022242
-0.021661
-0.020905
-0.020008
-0.019002
-0.017917
-0.016777
-0.015608
-0.014430
-0.013237
-0.011563
-0.007761
0.000512
0.014765
0.034814
0.058963
0.084606
0.109031
0.130022
0.146056
0.156395
0.160994
0.160330
0.155215
0.146619
0.135537
0.122892
0.109477
0.095931
0.082762
0.070275
0.058657
0.048056
0.038509
0.030006
0.022498
0.015920
0.010198
0.005255
0.001019
-0.002554
-0.005043
-0.004844
0.000374
0.012050
0.029939
0.052314
0.076566
0.099972
0.120249
0.135836
0.145963
0.150550
0.150041
0.145218
0.137023
0.126425
0.114323
0.101490
0.088548
0.075961
0.064055
0.053033
0.043001
0.033993
0.025992
0.018951
0.012801
0.007467
0.002876
-0.001045
-0.004360
-0.007130
-0.009407
-0.011238
-0.012665
-0.013727
-0.014463
-0.014907
-0.015094
-0.015055
-0.014823
-0.014429
-0.013901
-0.013267
-0.012553
-0.011758
-0.010422
-0.006903
0.001136
0.015224
0.035140
0.059132
0.084652
0.109008
0.129950
0.145949
0.156266
0.160852
0.160183
0.155068
0.146476
0.135401
0.122765
0.109360
0.095825
0.082665
0.070697
0.061793
0.058422
0.062140
0.072755
0.088503
0.106745
0.124721
0.140105
0.151301
0.157500
0.158593
0.155000
0.147478
0.136976
0.124411
0.110636
0.096437
0.082412
0.069005
0.056514
0.045117
0.034920
0.026413
0.021213
0.021602
0.029006
0.043152
0.062227
0.083570
0.104416
0.122444
0.136067
0.144489
0.147612
0.145868
0.140022
0.131030
0.120327
0.110459
0.104539
0.104688
0.111178
0.122597
0.136561
0.150472
0.162100
0.169889
0.173035
0.171412
0.165409
0.155770
0.143867
0.132277
0.124210
0.121914
0.125797
0.134573
0.145964
0.157456
0.166904
0.172756
0.174198
0.171138
0.163952
0.153343
0.140175
0.125341
0.109669
0.093869
0.078501
0.063979
0.050578
0.038456
0.027677
0.018258
0.010627
0.006356
0.007698
0.016061
0.031184
0.051219
0.073473
0.095210
0.114105
0.128568
0.137798
0.141693
0.140680
0.135522
0.127144
0.116501
0.104476
0.091826
0.079158
0.066923
0.055430
0.044868
0.035331
0.026840
0.019367
0.012855
0.007227
0.002429
-0.001651
-0.005117
-0.008003
-0.010372
-0.012276
-0.013765
-0.014881
-0.015662
-0.016145
-0.016362
-0.016348
-0.016131
-0.015744
-0.015213
-0.014540
-0.013783
-0.012990
-0.012151
-0.011286
-0.010412
-0.009545
-0.008696
-0.007877
-0.007095
-0.006357
-0.005666
-0.005024
-0.004435
-0.003869
-0.003359
-0.002928
-0.002541
-0.002197
-0.001891
-0.001622
-0.001386
-0.001180
-0.001001
-0.000846
-0.000713
-0.000599
-0.000501
-0.000419
-0.000348
-0.000289
-0.000239
-0.000198
-0.000163
-0.000134
-0.000109
-0.000089
-0.000073
-0.000033
0.000000
0.000000
0.000000
0.000000
0.000000
0.000000
0.000000
0.000000
0.000000
0.000000
0.000000
