0.000000
0.000000
0.000000
0.000000
0.000000
0.000000
0.000000
0.000000
0.000000
0.000000
0.000000
0.000000
0.000000
0.000000
0.000000
0.000000
0.000000
0.000000
0.000000
0.000000
0.000000
0.000000
0.000000
0.000000
0.000000
0.000000
0.000000
0.000000
0.000000
0.000000
0.000000
0.000000
0.000000
0.000000
0.000000
0.000000
0.000000
0.000000
0.000000
0.000000
0.000000
0.000000
0.000000
0.000000
0.000000
0.000000
0.000000
0.000000
0.000000
0.000000
0.000000
0.000000
0.000000
0.000000
0.000000
0.000000
0.000000
0.000000
0.000000
0.000000
0.000000
0.000000
0.000000
0.000000
0.000000
0.000000
0.000000
0.000000
0.000000
0.000000
0.000000
0.000000
0.000000
0.000000
0.000000
0.000000
0.000000
0.000000
0.000678
0.011239
0.050276
0.130346
0.249286
0.393342
0.544878
0.688622
0.814531
0.917932
0.998247
1.057385
1.098400
1.124597
1.139051
1.144423
1.142947
1.136480
1.125885
1.103241
1.051006
0.957465
0.825430
0.669122
0.506479
0.352941
0.218601
0.108100
0.021926
-0.041961
-0.086759
-0.115923
-0.132668
-0.139786
-0.139624
-0.134132
-0.124931
-0.113368
-0.100543
-0.087339
-0.074432
-0.062311
-0.051295
-0.041563
-0.033132
-0.026033
-0.020173
-0.015424
-0.011641
-0.008675
-0.006383
-0.004637
-0.003324
-0.002348
-0.001632
-0.001112
-0.000738
-0.000472
-0.000284
-0.000153
-0.000062
0.000000
0.000000
0.000000
0.000000
0.000000
0.000000
0.000000
0.000000
0.000000
0.000000
0.000000
0.000000
0.000000
0.000000
0.000000
0.000000
0.000000
0.000000
0.000000
0.000000
0.000000
0.000000
0.000000
0.000000
0.000000
0.000000
0.000000
0.000000
0.000000
0.000000
0.000000
0.000000
0.000000
0.000000
0.000000
0.000000
0.000000
0.000000
0.000000
0.000000
0.000000
0.000000
0.000000
0.000000
0.000000
0.000000
0.000000
0.000000
0.000000
0.000000
0.000000
0.000000
0.000000
0.000000
0.000000
0.000000
0.000000
0.000000
0.000000
0.000000
0.000000
0.000000
0.000000
0.000000
0.000000
0.000000
0.000000
0.000000
0.000000
0.000000
0.000000
0.000000
0.000000
0.000000
0.000000
0.000000
0.000000
0.000000
0.000000
0.000000
0.000000
0.000000
0.000000
0.000000
0.000000
0.000000
0.000000
0.000000
0.000000
0.000000
0.000000
0.000000
0.000000
0.000000
0.000000
0.000000
0.000000
0.000000
0.000000
0.000000
0.000000
0.000000
0.000000
0.000000
0.000000
0.000000
0.000000
0.000678
0.011239
0.050276
0.130346
0.249286
0.393342
0.544878
0.688622
0.814531
0.917932
0.998247
1.057385
1.098400
1.124597
1.139051
1.144423
1.142947
1.136480
1.125885
1.103241
1.051006
0.957465
0.825430
0.669122
0.506479
0.352941
0.218601
0.108100
0.021926
-0.041961
-0.086759
-0.115923
-0.132668
-0.139786
-0.139624
-0.134132
-0.124931
-0.113368
