0.000000 0.000000
0.000000 0.000000
0.000000 0.000000
0.000000 0.000000
0.000000 0.000000
0.000000 0.000000
0.000000 0.000000
0.000000 0.000000
0.000000 0.000000
0.000000 0.000000
0.000000 0.000000
0.000000 0.000000
0.000000 0.000000
0.000000 0.000000
0.000000 0.000000
0.000000 0.000378
0.000000 0.006719
0.000000 0.031986
0.000000 0.087849
0.000000 0.176914
0.000000 0.287343
0.000000 0.394488
0.000000 0.474051
0.000000 0.512588
0.000000 0.509391
0.000000 0.472652
0.000000 0.414248
0.000000 0.345682
0.000000 0.275925
0.000000 0.210829
0.000000 0.153479
0.000000 0.104951
0.000000 0.065079
0.000000 0.033072
0.000378 0.007922
0.006719 -0.011363
0.031986 -0.025671
0.087849 -0.035769
0.177292 -0.042320
0.294062 -0.045915
0.426474 -0.047097
0.561900 -0.046369
0.689881 -0.044196
0.803075 -0.041002
0.892407 -0.037160
0.944162 -0.032988
0.947714 -0.028740
0.902086 -0.024614
0.815893 -0.020750
0.703152 -0.017238
0.578614 -0.014124
0.454577 -0.011425
0.339574 -0.009131
0.238423 -0.007214
0.153003 -0.005638
0.083224 -0.004362
0.027880 -0.003341
-0.014725 -0.002536
-0.046391 -0.001530
-0.068825 0.005296
-0.083569 0.030932
-0.091993 0.087075
-0.095316 0.176350
-0.094623 0.286934
-0.090885 0.394236
-0.084965 0.473912
-0.077610 0.512530
-0.069458 0.509391
-0.061026 0.472652
-0.052720 0.414248
-0.044839 0.345682
-0.037586 0.275925
-0.031079 0.210829
-0.025370 0.153479
-0.020461 0.104951
-0.016313 0.065079
-0.012865 0.033072
-0.010041 0.007922
-0.007760 -0.011363
-0.005941 -0.025293
-0.004508 -0.029049
-0.003391 -0.010334
-0.002531 0.041933
-0.001832 0.130195
-0.001306 0.247693
-0.000913 0.382278
-0.000622 0.520898
-0.000409 0.652720
-0.000253 0.770465
-0.000139 0.870008
-0.000058 0.944814
0.000000 0.982826
0.000000 0.974292
0.000000 0.918538
0.000000 0.824139
0.000000 0.704909
0.000000 0.575344
0.000000 0.447508
0.000000 0.329735
0.000000 0.226683
0.000000 0.140103
0.000000 0.069787
0.000000 0.014428
0.000000 -0.027773
0.000000 -0.058712
0.000000 -0.080189
0.000378 -0.093833
0.006719 -0.101046
0.031986 -0.103160
0.087849 -0.101308
0.176914 -0.096493
0.287343 -0.089639
0.394488 -0.081451
0.474051 -0.072572
0.512588 -0.063520
0.509391 -0.054695
0.472652 -0.046386
0.414248 -0.038784
0.345682 -0.031998
0.275925 -0.026069
0.210829 -0.020987
0.153479 -0.016706
0.104951 -0.013156
0.065079 -0.010255
0.033072 -0.007916
0.007922 -0.005677
-0.011363 0.002130
-0.025671 0.028536
-0.035769 0.085318
-0.042320 0.175460
-0.045915 0.292756
-0.047097 0.425561
-0.046369 0.561278
-0.044196 0.689472
-0.041002 0.803200
-0.037160 0.898609
-0.032988 0.969370
-0.028740 1.003576
-0.024614 0.991530
-0.020750 0.932663
-0.017238 0.835564
-0.014124 0.714039
-0.011425 0.582558
-0.009131 0.453146
-0.007214 0.334096
-0.005638 0.230025
-0.004362 0.142639
-0.003341 0.071696
-0.002536 0.015851
-0.001908 -0.026719
-0.001424 -0.057560
-0.001054 -0.072906
-0.000774 -0.061438
-0.000564 -0.012945
-0.000409 0.073894
-0.000253 0.186093
-0.000139 0.297995
-0.000058 0.384413
0.000000 0.431137
0.000000 0.436818
0.000000 0.409132
0.000000 0.359553
0.000000 0.299296
0.000000 0.237142
0.000000 0.178831
0.000000 0.127410
0.000000 0.083965
0.000000 0.048374
0.000000 0.019916
0.000378 -0.002332
0.006719 -0.019279
0.031986 -0.031725
0.087849 -0.040358
0.176914 -0.045769
0.287343 -0.048446
0.394488 -0.048930
0.474051 -0.047675
0.512588 -0.045110
0.509391 -0.041625
0.472652 -0.037569
0.414248 -0.033240
0.345682 -0.028880
0.275925 -0.024673
0.210829 -0.020750
0.153479 -0.017238
0.104951 -0.014124
0.065079 -0.011425
0.033072 -0.009131
0.007922 -0.006836
-0.011363 0.001081
-0.025671 0.027625
-0.035769 0.084507
-0.042320 0.174378
-0.045915 0.285435
-0.047097 0.393064
-0.046369 0.472998
-0.044196 0.511815
-0.041002 0.508826
-0.037160 0.472244
-0.032988 0.413995
-0.028740 0.345542
-0.024614 0.275867
-0.020750 0.210829
-0.017238 0.153479
-0.014124 0.104951
-0.011425 0.065079
-0.009131 0.033072
-0.006836 0.007922
0.001081 -0.011363
0.027625 -0.025671
0.084507 -0.035769
0.174756 -0.042320
0.291776 -0.045915
0.418331 -0.047097
0.528860 -0.046369
0.601258 -0.044196
0.625596 -0.041002
0.604656 -0.037160
0.549421 -0.032988
0.473523 -0.028740
0.389439 -0.024614
0.306502 -0.020750
0.230500 -0.017238
0.164366 -0.014124
0.108895 -0.011425
0.063648 -0.009131
0.027594 -0.007214
-0.000476 -0.005260
-0.021727 0.002358
-0.037200 0.028645
-0.047797 0.085312
-0.054313 0.175384
-0.057462 0.292639
-0.057898 0.425420
-0.056225 0.561126
-0.052996 0.689316
-0.048707 0.803044
-0.043788 0.898496
-0.038596 0.969289
-0.033414 1.003518
-0.028455 0.991530
-0.023865 0.932663
-0.019732 0.835564
-0.016099 0.714039
-0.012971 0.582558
-0.010328 0.453146
-0.008133 0.334096
-0.006336 0.230025
-0.004888 0.142639
-0.003734 0.071696
-0.002827 0.015851
-0.002122 -0.026719
-0.001202 -0.057938
0.005553 -0.079625
0.031131 -0.093424
0.087226 -0.100793
0.176884 -0.103021
0.293810 -0.101250
0.426335 -0.096493
0.561842 -0.089639
0.689881 -0.081451
0.803075 -0.072572
0.892407 -0.063520
0.944162 -0.054695
0.947714 -0.046386
0.902086 -0.038784
0.815893 -0.031998
0.703152 -0.026069
0.578614 -0.020987
0.454577 -0.016706
0.339574 -0.013156
0.238423 -0.010255
0.153003 -0.007916
0.083224 -0.006054
0.027880 -0.004589
-0.014725 -0.003450
-0.046391 -0.002153
-0.068825 0.004887
-0.083569 0.030680
-0.091993 0.086935
-0.095316 0.176670
-0.094623 0.293654
-0.090885 0.425844
-0.084965 0.555041
-0.077610 0.657836
-0.069458 0.715604
-0.061026 0.721834
-0.052720 0.682085
-0.044839 0.609088
-0.037586 0.517478
-0.031079 0.420074
-0.025370 0.326174
-0.020461 0.241387
-0.016313 0.168310
-0.012865 0.107464
-0.010041 0.058171
-0.007760 0.019196
-0.005941 -0.010463
-0.004508 -0.026536
-0.003391 -0.017242
-0.002531 0.028058
-0.001832 0.111054
-0.001306 0.219080
-0.000913 0.326735
-0.000622 0.409027
-0.000409 0.451887
-0.000253 0.454056
-0.000139 0.423256
-0.000058 0.370978
0.000000 0.308427
0.000000 0.244355
0.000000 0.184469
0.000000 0.131772
0.000000 0.087306
0.000000 0.050910
0.000000 0.021824
0.000000 -0.000531
0.000000 -0.011506
0.000000 0.001035
0.000000 0.048055
0.000000 0.131554
0.000000 0.239149
0.000000 0.345698
0.000000 0.426434
0.000000 0.467479
0.000000 0.467766
0.000000 0.435083
0.000000 0.381007
0.000000 0.316802
0.000000 0.251253
0.000000 0.190078
0.000000 0.136241
0.000000 0.090827
0.000000 0.053654
0.000000 0.023941
0.000000 0.000709
0.000000 -0.017001
0.000000 -0.030033
0.000000 -0.038732
0.000000 -0.038136
0.000000 -0.015837
0.000000 0.039327
0.000000 0.129492
0.000000 0.242373
0.000000 0.352922
0.000000 0.436482
0.000000 0.479348
0.000000 0.480511
0.000000 0.447980
0.000000 0.393497
0.000000 0.328444
0.000000 0.261801
0.000000 0.199403
0.000000 0.144349
0.000000 0.097738
0.000000 0.059441
0.000000 0.028710
0.000000 0.004581
0.000000 -0.013899
0.000000 -0.027579
0.000000 -0.037192
0.000000 -0.043373
0.000378 -0.046689
0.006719 -0.047662
0.031986 -0.046778
0.087849 -0.044449
0.177292 -0.041142
0.294062 -0.037219
0.426096 -0.032988
0.555180 -0.028740
0.657895 -0.024614
0.715604 -0.020750
0.721834 -0.017238
0.682085 -0.014124
0.609088 -0.011425
0.517478 -0.009131
0.420074 -0.007214
0.326174 -0.005638
0.241387 -0.004362
0.168310 -0.003341
0.107464 -0.002536
0.058171 -0.001908
0.019196 -0.001424
-0.010463 -0.001054
-0.026536 -0.000774
-0.017242 -0.000564
0.028058 -0.000409
0.111054 -0.000253
0.219080 -0.000139
0.326735 -0.000058
0.409027 0.000000
0.451887 0.000000
0.454056 0.000000
0.423256 0.000000
0.370978 0.000000
0.308427 0.000000
0.244355 0.000000
0.184469 0.000000
0.131772 0.000000
0.087306 0.000000
0.050910 0.000000
0.021824 0.000000
-0.000531 0.000000
-0.011506 0.000000
0.001035 0.000000
0.048055 0.000000
0.131931 0.000000
0.245869 0.000000
0.377684 0.000000
0.513905 0.000000
0.638051 0.000000
0.729842 0.000000
0.773709 0.000000
0.765615 0.000000
0.712620 0.000000
0.628231 0.000000
0.527305 0.000000
0.422508 0.000000
0.322937 0.000000
0.233906 0.000000
0.157748 0.000000
0.094773 0.000000
0.044135 0.000000
0.004470 0.000000
-0.025710 0.000378
-0.047820 0.006719
-0.063130 0.031986
-0.072761 0.087849
-0.077714 0.177292
-0.078892 0.294062
-0.077117 0.426474
-0.073138 0.561900
-0.067581 0.689881
-0.061082 0.803453
-0.054128 0.898749
-0.047111 0.969428
-0.040370 1.003576
-0.034065 0.991530
-0.028335 0.932663
-0.023253 0.835564
-0.018843 0.714039
-0.015088 0.582558
-0.011946 0.453146
-0.009357 0.334096
-0.007255 0.230025
-0.005571 0.142639
-0.004239 0.071696
-0.003197 0.015851
-0.002391 -0.026719
-0.001774 -0.057560
-0.001306 -0.072906
-0.000913 -0.061438
-0.000622 -0.012945
-0.000409 0.073894
-0.000253 0.186093
-0.000139 0.297995
-0.000058 0.384413
0.000000 0.431137
0.000000 0.436818
0.000000 0.409132
0.000000 0.359553
0.000000 0.299296
0.000000 0.237142
0.000000 0.178831
0.000000 0.127410
0.000000 0.083965
0.000000 0.048374
0.000000 0.019916
0.000000 -0.001955
0.000000 -0.012559
0.000000 0.000261
0.000000 0.047490
0.000000 0.131523
0.000000 0.245616
0.000000 0.377544
0.000000 0.514225
0.000000 0.644771
0.000000 0.761450
0.000000 0.854838
0.000000 0.910921
0.000000 0.918834
0.000000 0.877413
0.000000 0.795142
0.000000 0.685915
0.000000 0.564489
0.000000 0.443152
0.000000 0.330443
0.000000 0.231209
0.000000 0.147365
0.000000 0.078863
0.000000 0.024538
0.000000 -0.017262
0.000378 -0.048299
0.006719 -0.070248
0.031986 -0.084623
0.087849 -0.092767
0.177292 -0.095880
0.293684 -0.095031
0.419755 -0.091138
0.529914 -0.085104
0.602032 -0.077669
0.626161 -0.069458
0.605064 -0.061026
0.549673 -0.052720
0.473662 -0.044839
0.389498 -0.037586
0.306502 -0.031079
0.230500 -0.025370
0.164366 -0.020461
0.108895 -0.016313
0.063648 -0.012865
0.027594 -0.010041
-0.000476 -0.007382
-0.021727 0.000778
-0.037200 0.027478
-0.047797 0.084457
-0.054313 0.174384
-0.057462 0.285511
-0.057898 0.393182
-0.056225 0.473138
-0.052996 0.511966
-0.048707 0.508982
-0.043788 0.472400
-0.038596 0.414108
-0.033414 0.345623
-0.028455 0.275925
-0.023865 0.210829
-0.019732 0.153479
-0.016099 0.104951
-0.012971 0.065079
-0.010328 0.033072
-0.008133 0.008300
-0.006336 -0.004643
-0.004888 0.006315
-0.003734 0.052080
-0.002827 0.134973
-0.002122 0.248147
-0.001580 0.379377
-0.001167 0.515531
-0.000855 0.645307
-0.000622 0.755731
-0.000409 0.829980
-0.000253 0.855311
-0.000139 0.829530
-0.000058 0.760701
0.000000 0.662730
0.000000 0.550489
0.000000 0.436509
0.000000 0.329580
0.000000 0.234770
0.000000 0.154188
0.000000 0.087951
0.000000 0.035047
0.000000 -0.006038
0.000000 -0.036933
0.000000 -0.058808
0.000000 -0.067473
0.000000 -0.051206
0.000000 0.000559
0.000000 0.089433
0.000000 0.202676
0.000000 0.314879
0.000000 0.400975
0.000000 0.446914
0.000000 0.451480
0.000000 0.422427
0.000000 0.371383
0.000000 0.309642
0.000000 0.246044
0.000000 0.186377
0.000000 0.133717
0.000000 0.089165
0.000000 0.052608
0.000000 0.023322
0.000000 0.000376
0.000000 -0.017148
0.000000 -0.030066
0.000000 -0.039079
0.000378 -0.044792
0.006719 -0.047748
0.031986 -0.048404
0.087849 -0.047283
0.176914 -0.044819
0.287343 -0.041411
0.394488 -0.037413
0.474051 -0.033127
0.512588 -0.028798
0.509391 -0.024614
0.472652 -0.020750
0.414248 -0.017238
0.345682 -0.014124
0.275925 -0.011425
0.210829 -0.009131
0.153479 -0.007214
0.104951 -0.005638
0.065079 -0.004362
0.033072 -0.003341
0.007922 -0.002536
-0.011363 -0.001908
-0.025671 -0.001424
-0.035769 -0.001054
-0.041942 -0.000774
-0.039196 -0.000564
-0.015111 -0.000409
0.041479 -0.000253
0.132718 -0.000139
0.246340 -0.000058
0.357328 0.000000
0.441064 0.000000
0.483848 0.000000
0.484776 0.000000
0.451902 0.000000
0.397010 0.000000
0.331557 0.000000
0.264500 0.000000
0.201698 0.000000
0.146265 0.000000
0.099313 0.000000
0.060718 0.000000
0.029730 0.000000
0.005386 0.000378
-0.013271 0.006719
-0.027095 0.031986
-0.036822 0.087849
-0.043094 0.177292
-0.046480 0.293684
-0.047506 0.419755
-0.046622 0.529914
-0.044336 0.602032
-0.041060 0.626161
-0.037160 0.605064
-0.032988 0.549673
-0.028740 0.473662
-0.024614 0.389498
-0.020750 0.306502
-0.017238 0.230500
-0.014124 0.164366
-0.011425 0.108895
-0.009131 0.063648
-0.007214 0.027594
-0.005638 -0.000476
-0.004362 -0.021727
-0.003341 -0.037200
-0.002158 -0.047797
0.004811 -0.054313
0.030562 -0.057462
0.086795 -0.057898
0.176141 -0.056225
0.286778 -0.052996
0.394080 -0.048707
0.473799 -0.043788
0.512449 -0.038596
0.509332 -0.033414
0.472652 -0.028455
0.414248 -0.023865
0.345682 -0.019732
0.275925 -0.016099
0.210829 -0.012971
0.153479 -0.010328
0.104951 -0.008133
0.065079 -0.006336
0.033072 -0.004888
0.008300 -0.003734
-0.004643 -0.002827
0.006315 -0.002122
0.052080 -0.001580
0.134973 -0.001167
0.248147 -0.000855
0.379377 -0.000622
0.515531 -0.000409
0.645684 -0.000253
0.762073 -0.000139
0.855246 -0.000058
0.911174 0.000000
0.918974 0.000000
0.877472 0.000000
0.795142 0.000000
0.685915 0.000000
0.564489 0.000000
0.443152 0.000000
0.330443 0.000000
0.231209 0.000000
0.147365 0.000000
0.078863 0.000000
0.024538 0.000000
-0.017262 0.000000
-0.047921 0.000000
-0.063529 0.000000
-0.052637 0.000000
-0.004919 0.000000
0.081034 0.000000
0.192312 0.000000
0.303350 0.000000
0.388947 0.000000
0.434920 0.000000
0.439933 0.000000
0.411627 0.000000
0.361528 0.000000
0.300842 0.000000
0.238339 0.000000
0.179750 0.000000
0.128109 0.000000
0.084491 0.000000
0.048767 0.000000
0.020207 0.000000
-0.001741 0.000000
-0.012403 0.000000
0.000374 0.000000
0.047572 0.000000
0.131203 0.000000
0.238897 0.000000
0.345558 0.000000
0.426376 0.000000
0.467479 0.000000
0.467766 0.000000
0.435083 0.000000
0.381007 0.000000
0.316802 0.000000
0.251253 0.000000
0.190078 0.000000
0.136241 0.000000
0.090827 0.000000
0.053654 0.000000
0.023941 0.000000
0.001086 0.000000
-0.010281 0.000000
0.001953 0.000000
0.048738 0.000000
0.132059 0.000000
0.239519 0.000000
0.345967 0.000000
0.426629 0.000000
0.467618 0.000000
0.467824 0.000000
0.435083 0.000000
0.381007 0.000000
0.316802 0.000000
0.251253 0.000000
0.190078 0.000000
0.136241 0.000000
0.090827 0.000000
0.053654 0.000000
0.023941 0.000000
0.001086 0.000000
-0.010281 0.000000
0.001953 0.000000
0.048738 0.000000
0.132436 0.000000
0.246239 0.000000
0.377953 0.000000
0.514477 0.000000
0.644533 0.000000
0.755167 0.000000
0.829571 0.000000
0.855059 0.000000
0.829390 0.000000
0.760643 0.000000
0.662730 0.000000
0.550489 0.000000
0.436509 0.000000
0.329580 0.000000
0.234770 0.000000
0.154188 0.000000
0.087951 0.000000
0.035047 0.000000
-0.006038 0.000000
-0.036556 0.000000
-0.052467 0.000000
-0.042206 0.000000
0.004657 0.000000
0.090002 0.000000
0.206203 0.000000
0.335088 0.000000
0.450305 0.000000
0.528956 0.000000
0.560486 0.000000
0.547153 0.000000
0.499448 0.000000
0.430798 0.000000
0.353458 0.000000
0.276621 0.000000
0.206049 0.000000
0.144604 0.000000
0.093109 0.000000
0.051177 0.000000
0.017844 0.000000
-0.008022 0.000000
-0.027512 0.000000
-0.041595 0.000000
-0.051107 0.000000
-0.056786 0.000000
-0.059294 0.000000
-0.059204 0.000000
-0.057138 0.000000
-0.053618 0.000000
-0.049116 0.000000
-0.044040 0.000000
-0.038735 0.000000
-0.033472 0.000000
-0.028455 0.000000
-0.023865 0.000000
-0.019732 0.000000
-0.016099 0.000000
-0.012971 0.000000
-0.010328 0.000000
-0.008133 0.000000
-0.006336 0.000000
-0.004888 0.000000
-0.003734 0.000000
-0.002827 0.000000
-0.002122 0.000000
-0.001580 0.000000
-0.001167 0.000000
-0.000855 0.000000
-0.000622 0.000000
-0.000409 0.000000
-0.000253 0.000000
-0.000139 0.000000
-0.000058 0.000000
0.000000 0.000000
0.000000 0.000000
0.000000 0.000000
0.000000 0.000000
0.000000 0.000000
0.000000 0.000000
0.000000 0.000000
0.000000 0.000000
0.000000 0.000000
0.000000 0.000000
0.000000 0.000000
0.000000 0.000000
0.000000 0.000000
0.000000 0.000000
0.000000 0.000000
0.000000 0.000000
0.000000 0.000000
0.000000 0.000000
0.000000 0.000000
0.000000 0.000000
0.000000 0.000000
0.000000 0.000000
0.000000 0.000000
0.000000 0.000000
0.000000 0.000000
0.000000 0.000000
0.000000 0.000000
0.000000 0.000000
0.000000 0.000000
0.000000 0.000000
0.000000 0.000000
0.000000 0.000000
0.000000 0.000000
0.000000 0.000000
0.000000 0.000000
0.000000 0.000000
0.000000 0.000000
0.000000 0.000000
0.000000 0.000000
0.000000 0.000000
0.000000 0.000000
0.000000 0.000000
0.000000 0.000000
0.000000 0.000000
0.000000 0.000000
0.000000 0.000000
0.000000 0.000000
0.000000 0.000000
0.000000 0.000000
0.000000 0.000000
0.000000 0.000000
0.000000 0.000000
0.000000 0.000000
0.000000 0.000000
0.000000 0.000000
0.000000 0.000000
0.000000 0.000000
0.000000 0.000000
0.000000 0.000000
0.000000 0.000000
0.000000 0.000000
0.000000 0.000000
0.000000 0.000000
0.000000 0.000000
0.000000 0.000000
0.000000 0.000000
0.000000 0.000000
0.000000 0.000000
0.000000 0.000000
0.000000 0.000000
0.000000 0.000000
0.000000 0.000000
0.000000 0.000000
0.000000 0.000000
0.000000 0.000000
0.000000 0.000000
0.000000 0.000000
0.000000 0.000000
0.000000 0.000000
0.000000 0.000000
0.000000 0.000000
