0.000000 0.000000
0.000000 0.000000
0.000000 0.000000
0.000000 0.000000
0.000000 0.000000
0.000000 0.000000
0.000000 0.000000
0.000000 0.000000
0.000000 0.000000
0.000000 0.000000
0.000000 0.000000
0.000000 0.000000
0.000000 0.000000
0.000000 0.000000
0.000000 0.000000
0.000378 0.000000
0.006719 0.000000
0.031986 0.000000
0.087849 0.000000
0.177292 0.000000
0.293684 0.000000
0.419755 0.000000
0.529914 0.000000
0.602032 0.000000
0.626161 0.000000
0.605064 0.000000
0.549673 0.000000
0.473662 0.000000
0.389498 0.000000
0.306502 0.000000
0.230500 0.000000
0.164366 0.000000
0.108895 0.000000
0.063648 0.000000
0.027594 0.000000
-0.000098 0.000000
-0.015008 0.000000
-0.005214 0.000000
0.040051 0.000000
0.122601 0.000000
0.229881 0.000000
0.336590 0.000000
0.417827 0.000000
0.459592 0.000000
0.460683 0.000000
0.428864 0.000000
0.375652 0.000000
0.312267 0.000000
0.247470 0.000000
0.186963 0.000000
0.133747 0.000000
0.088852 0.000000
0.052108 0.000000
0.022743 0.000000
-0.000210 0.000378
-0.017699 0.006719
-0.030559 0.031986
-0.039503 0.087849
-0.045147 0.177292
-0.048037 0.294062
-0.048677 0.426474
-0.047536 0.561900
-0.045052 0.689881
-0.041625 0.803453
-0.037569 0.898749
-0.033240 0.969428
-0.028880 1.003576
-0.024673 0.991530
-0.020750 0.932663
-0.017238 0.835564
-0.014124 0.714039
-0.011425 0.582558
-0.009131 0.453146
-0.007214 0.334096
-0.005638 0.230025
-0.004362 0.142639
-0.003341 0.071696
-0.002536 0.015851
-0.001908 -0.026719
-0.001046 -0.057938
0.005666 -0.079625
0.031212 -0.093424
0.087284 -0.100793
0.176506 -0.103021
0.287090 -0.101250
0.394349 -0.096493
0.473993 -0.089639
0.512588 -0.081451
0.509391 -0.072572
0.472652 -0.063520
0.414248 -0.054695
0.345682 -0.046386
0.275925 -0.038784
0.210829 -0.031998
0.153479 -0.026069
0.104951 -0.020987
0.065079 -0.016706
0.033072 -0.013156
0.007922 -0.009877
-0.011363 -0.001197
-0.025671 0.025932
-0.035769 0.083259
-0.042320 0.173843
-0.045915 0.291532
-0.047097 0.424642
-0.046369 0.560594
-0.044196 0.688589
-0.041002 0.796111
-0.037160 0.866732
-0.032988 0.888047
-0.028740 0.858131
-0.024614 0.785258
-0.020750 0.683481
-0.017238 0.567727
-0.014124 0.450633
-0.011425 0.341005
-0.009131 0.243900
-0.007214 0.161401
-0.005638 0.093589
-0.004362 0.039408
-0.003341 -0.002697
-0.002158 -0.034397
0.004811 -0.057278
0.030562 -0.072769
0.086795 -0.082138
0.176141 -0.086516
0.286778 -0.086918
0.394080 -0.084258
0.473799 -0.079357
0.512449 -0.072936
0.509332 -0.065617
0.472652 -0.057911
0.414248 -0.050225
0.345682 -0.042865
0.275925 -0.036040
0.210829 -0.029881
0.153479 -0.024451
0.104951 -0.019762
0.065079 -0.015787
0.033072 -0.012472
0.008300 -0.009750
-0.004643 -0.007546
0.006315 -0.005785
0.052080 -0.004395
0.134973 -0.003310
0.248147 -0.002472
0.379377 -0.001832
0.515531 -0.001306
0.645684 -0.000913
0.762073 -0.000622
0.855246 -0.000409
0.911174 -0.000253
0.918974 -0.000139
0.877472 -0.000058
0.795142 0.000000
0.685915 0.000000
0.564489 0.000000
0.443152 0.000000
0.330443 0.000000
0.231209 0.000000
0.147365 0.000000
0.078863 0.000000
0.024538 0.000000
-0.017262 0.000000
-0.048299 0.000378
-0.070248 0.006719
-0.084623 0.031986
-0.092767 0.087849
-0.095880 0.177292
-0.095031 0.294062
-0.091138 0.426474
-0.085104 0.561522
-0.077669 0.683161
-0.069458 0.771467
-0.061026 0.811278
-0.052720 0.798855
-0.044839 0.741500
-0.037586 0.652904
-0.031079 0.548055
-0.025370 0.439746
-0.020461 0.337061
-0.016313 0.245331
-0.012865 0.166879
-0.010041 0.101987
-0.007760 0.049773
-0.005941 0.008832
-0.004508 -0.022369
-0.003391 -0.045284
-0.002531 -0.061222
-0.001832 -0.071338
-0.001306 -0.076283
-0.000913 -0.071398
-0.000622 -0.044567
-0.000409 0.015119
-0.000253 0.109586
-0.000139 0.226400
-0.000058 0.340418
0.000000 0.426941
0.000000 0.472219
0.000000 0.475326
0.000000 0.444317
0.000000 0.390994
0.000000 0.326838
0.000000 0.260837
0.000000 0.198883
0.000000 0.144122
0.000000 0.097696
0.000000 0.059508
0.000000 0.028833
0.000378 0.004725
0.006719 -0.013754
0.031986 -0.027445
0.087849 -0.037075
0.177292 -0.043233
0.293684 -0.046538
0.419755 -0.047506
0.529914 -0.046622
0.602032 -0.044336
0.626161 -0.041060
0.605064 -0.037160
0.549673 -0.032988
0.473662 -0.028740
0.389498 -0.024614
0.306502 -0.020750
0.230500 -0.017238
0.164366 -0.014124
0.108895 -0.011425
0.063648 -0.009131
0.027594 -0.007214
-0.000476 -0.005260
-0.021727 0.002358
-0.037200 0.028645
-0.047797 0.085312
-0.054313 0.175006
-0.057462 0.285919
-0.057898 0.393434
-0.056225 0.473278
-0.052996 0.512024
-0.048707 0.508982
-0.043788 0.472400
-0.038596 0.414108
-0.033414 0.345623
-0.028455 0.275925
-0.023865 0.210829
-0.019732 0.153479
-0.016099 0.104951
-0.012971 0.065079
-0.010328 0.033072
-0.008133 0.008300
-0.006336 -0.004643
-0.004888 0.006315
-0.003734 0.052080
-0.002827 0.134973
-0.002122 0.247769
-0.001580 0.372657
-0.001167 0.483545
-0.000855 0.557836
-0.000622 0.585158
-0.000409 0.567904
-0.000253 0.516686
-0.000139 0.444922
-0.000058 0.364883
0.000000 0.285752
0.000000 0.213263
0.000000 0.150242
0.000000 0.097470
0.000000 0.054518
0.000000 0.020380
0.000378 -0.006114
0.006719 -0.026089
0.031986 -0.040541
0.087849 -0.050333
0.176914 -0.056222
0.287343 -0.058886
0.394488 -0.058951
0.474051 -0.056999
0.512588 -0.053560
0.509391 -0.049116
0.472652 -0.044040
0.414248 -0.038735
0.345682 -0.033472
0.275925 -0.028455
0.210829 -0.023865
0.153479 -0.019732
0.104951 -0.016099
0.065079 -0.012971
0.033072 -0.010328
0.007922 -0.007755
-0.011363 0.000383
-0.025671 0.027099
-0.035769 0.084114
-0.042320 0.174465
-0.045915 0.291940
-0.047097 0.424894
-0.046369 0.560733
-0.044196 0.689025
-0.041002 0.802830
-0.037160 0.898340
-0.032988 0.969176
-0.028740 1.003437
-0.024614 0.991471
-0.020750 0.932663
-0.017238 0.835564
-0.014124 0.714039
-0.011425 0.582558
-0.009131 0.453146
-0.007214 0.334096
-0.005638 0.230025
-0.004362 0.142639
-0.003341 0.071696
-0.002536 0.015851
-0.001908 -0.026719
-0.001046 -0.057938
0.005666 -0.079625
0.031212 -0.093424
0.087284 -0.100793
0.176506 -0.103021
0.287090 -0.101250
0.394349 -0.096493
0.473993 -0.089639
0.512588 -0.081451
0.509391 -0.072572
0.472652 -0.063520
0.414248 -0.054695
0.345682 -0.046386
0.275925 -0.038784
0.210829 -0.031998
0.153479 -0.026069
0.104951 -0.020987
0.065079 -0.016706
0.033072 -0.013156
0.008300 -0.010255
-0.004643 -0.007916
0.006315 -0.006054
0.052080 -0.004589
0.134973 -0.003450
0.248147 -0.002531
0.379377 -0.001832
0.515531 -0.001306
0.645307 -0.000913
0.755731 -0.000622
0.829980 -0.000409
0.855311 -0.000253
0.829530 -0.000139
0.760701 -0.000058
0.662730 0.000000
0.550489 0.000000
0.436509 0.000000
0.329580 0.000000
0.234770 0.000000
0.154188 0.000000
0.087951 0.000000
0.035047 0.000000
-0.006038 0.000000
-0.036933 0.000000
-0.059186 0.000378
-0.074192 0.006719
-0.083192 0.031986
-0.087290 0.087849
-0.087482 0.177292
-0.084666 0.293684
-0.079609 0.419755
-0.073076 0.529914
-0.065675 0.602032
-0.057911 0.626161
-0.050225 0.605064
-0.042865 0.549673
-0.036040 0.473662
-0.029881 0.389498
-0.024451 0.306502
-0.019762 0.230500
-0.015787 0.164366
-0.012472 0.108895
-0.009750 0.063648
-0.007546 0.027594
-0.005785 -0.000476
-0.004395 -0.021727
-0.003310 -0.037200
-0.002472 -0.047797
-0.001832 -0.054313
-0.000928 -0.057462
0.005806 -0.057898
0.031364 -0.056225
0.087440 -0.052996
0.176662 -0.048707
0.287203 -0.043788
0.394430 -0.038596
0.474051 -0.033414
0.512588 -0.028455
0.509391 -0.023865
0.472652 -0.019732
0.414248 -0.016099
0.345682 -0.012971
0.275925 -0.010328
0.210829 -0.008133
0.153479 -0.006336
0.104951 -0.004888
0.065079 -0.003734
0.033072 -0.002827
0.008300 -0.002122
-0.004643 -0.001580
0.006315 -0.001167
0.052080 -0.000855
0.134595 -0.000622
0.241427 -0.000409
0.347391 -0.000253
0.427682 -0.000139
0.468392 -0.000058
0.468388 0.000000
0.435492 0.000000
0.381260 0.000000
0.316941 0.000000
0.251311 0.000000
0.190078 0.000000
0.136241 0.000000
0.090827 0.000000
0.053654 0.000000
0.023941 0.000000
0.001086 0.000000
-0.010281 0.000000
0.001953 0.000000
0.048738 0.000000
0.132436 0.000000
0.246239 0.000000
0.377953 0.000000
0.514477 0.000000
0.644910 0.000000
0.761508 0.000000
0.854838 0.000000
0.910921 0.000000
0.918834 0.000000
0.877413 0.000000
0.795142 0.000000
0.685915 0.000000
0.564489 0.000000
0.443152 0.000000
0.330443 0.000000
0.231209 0.000000
0.147365 0.000000
0.078863 0.000000
0.024538 0.000000
-0.017262 0.000000
-0.047921 0.000000
-0.063529 0.000000
-0.052637 0.000000
-0.004919 0.000000
0.081412 0.000000
0.199031 0.000000
0.334959 0.000000
0.470076 0.000000
0.580226 0.000000
0.646147 0.000000
0.660809 0.000000
0.629365 0.000000
0.564249 0.000000
0.479892 0.000000
0.388995 0.000000
0.300803 0.000000
0.220927 0.000000
0.151997 0.000000
0.094600 0.000000
0.048130 0.000000
0.011436 0.000000
-0.016782 0.000378
-0.037764 0.006719
-0.052620 0.031986
-0.062321 0.087849
-0.067692 0.177292
-0.069569 0.294062
-0.068667 0.426474
-0.065647 0.561900
-0.061110 0.689881
-0.055587 0.803075
-0.049535 0.892407
-0.043328 0.944162
-0.037255 0.947714
-0.031570 0.902086
-0.026360 0.815893
-0.021707 0.703152
-0.017645 0.578614
-0.014169 0.454577
-0.011247 0.339574
-0.008831 0.238423
-0.006862 0.153003
-0.005280 0.083224
-0.004025 0.027880
-0.003041 -0.014725
-0.002278 -0.046391
-0.001693 -0.068825
-0.001248 -0.083569
-0.000913 -0.091993
-0.000622 -0.095316
-0.000031 -0.094623
0.006467 -0.090885
0.031847 -0.084965
0.087790 -0.077610
0.177292 -0.069458
0.294062 -0.061026
0.426474 -0.052720
0.561522 -0.044839
0.683161 -0.037586
0.771467 -0.031079
0.811278 -0.025370
0.798855 -0.020461
0.741500 -0.016313
0.652904 -0.012865
0.548055 -0.010041
0.439746 -0.007760
0.337061 -0.005941
0.245331 -0.004508
0.166879 -0.003391
0.101987 -0.002531
0.049773 -0.001832
0.008832 -0.001306
-0.021991 -0.000913
-0.038565 -0.000622
-0.029236 -0.000409
0.016511 -0.000253
0.100632 -0.000139
0.215944 -0.000058
0.349543 0.000000
0.482451 0.000000
0.590566 0.000000
0.654662 0.000000
0.667764 0.000000
0.634975 0.000000
0.568718 0.000000
0.483413 0.000000
0.391740 0.000000
0.302920 0.000000
0.222544 0.000000
0.153222 0.000000
0.095518 0.000000
0.048814 0.000000
0.011941 0.000000
-0.016034 0.000000
-0.030775 0.000000
-0.020439 0.000000
0.025667 0.000000
0.109658 0.000000
0.224494 0.000000
0.357808 0.000000
0.496253 0.000000
0.628771 0.000000
0.747866 0.000000
0.849213 0.000000
0.926100 0.000000
0.966321 0.000000
0.959960 0.000000
0.906303 0.000000
0.813857 0.000000
0.696394 0.000000
0.568388 0.000000
0.441898 0.000000
0.325265 0.000000
0.223162 0.000000
0.137358 0.000000
0.067670 0.000000
0.012810 0.000000
-0.028997 0.000000
-0.059630 0.000378
-0.080873 0.006719
-0.094338 0.031986
-0.101416 0.087849
-0.103429 0.176914
-0.101503 0.287343
-0.096633 0.394488
-0.089697 0.474051
-0.081451 0.512588
-0.072572 0.509391
-0.063520 0.472652
-0.054695 0.414248
-0.046386 0.345682
-0.038784 0.275925
-0.031998 0.210829
-0.026069 0.153479
-0.020987 0.104951
-0.016706 0.065079
-0.013156 0.033072
-0.010255 0.007922
-0.007916 -0.011363
-0.006054 -0.025293
-0.004589 -0.029049
-0.003450 -0.010334
-0.002531 0.041933
-0.001832 0.130195
-0.001306 0.247315
-0.000913 0.375558
-0.000622 0.488912
-0.000409 0.564872
-0.000253 0.593173
-0.000139 0.576324
-0.000058 0.525059
0.000000 0.452912
0.000000 0.372260
0.000000 0.292378
0.000000 0.219075
0.000000 0.155236
0.000000 0.101682
0.000000 0.058010
0.000000 0.023233
0.000000 -0.003817
0.000000 -0.024263
0.000000 -0.039108
0.000000 -0.049221
0.000378 -0.055367
0.006719 -0.058236
0.031986 -0.058462
0.087849 -0.056633
0.176914 -0.053249
0.287343 -0.048847
0.394488 -0.043846
0.474051 -0.038596
0.512588 -0.033414
0.509391 -0.028455
0.472652 -0.023865
0.414248 -0.019732
0.345682 -0.016099
0.275925 -0.012971
0.210829 -0.010328
0.153479 -0.008133
0.104951 -0.006336
0.065079 -0.004888
0.033072 -0.003734
0.008300 -0.002827
-0.004643 -0.002122
0.006315 -0.001580
0.052080 -0.001167
0.134973 -0.000855
0.248147 -0.000622
0.379377 -0.000409
0.515531 -0.000253
0.645684 -0.000139
0.762450 -0.000058
0.861588 0.000000
0.936440 0.000000
0.974836 0.000000
0.966915 0.000000
0.911912 0.000000
0.818327 0.000000
0.699915 0.000000
0.571132 0.000000
0.444015 0.000000
0.326883 0.000000
0.224387 0.000000
0.138277 0.000000
0.068354 0.000000
0.013315 0.000000
-0.028627 0.000000
-0.059361 0.000378
-0.080679 0.006719
-0.094198 0.031986
-0.101357 0.087849
-0.103429 0.176914
-0.101503 0.287343
-0.096633 0.394488
-0.089697 0.474051
-0.081451 0.512588
-0.072572 0.509391
-0.063520 0.472652
-0.054695 0.414248
-0.046386 0.345682
-0.038784 0.275925
-0.031998 0.210829
-0.026069 0.153479
-0.020987 0.104951
-0.016706 0.065079
-0.013156 0.033072
-0.010255 0.008300
-0.007916 -0.004643
-0.006054 0.006315
-0.004589 0.052080
-0.003450 0.134973
-0.002531 0.248147
-0.001832 0.379377
-0.001306 0.515531
-0.000913 0.645307
-0.000622 0.755731
-0.000409 0.829980
-0.000253 0.855311
-0.000139 0.829530
-0.000058 0.760701
0.000000 0.662730
0.000000 0.550489
0.000000 0.436509
0.000000 0.329580
0.000000 0.234770
0.000000 0.154188
0.000000 0.087951
0.000000 0.035047
0.000000 -0.006038
0.000000 -0.036556
0.000000 -0.052467
0.000000 -0.042206
0.000000 0.004657
0.000000 0.089625
0.000000 0.199861
0.000000 0.309822
0.000000 0.394442
0.000000 0.439513
0.000000 0.443716
0.000000 0.414741
0.000000 0.364022
0.000000 0.302817
0.000000 0.239886
0.000000 0.180948
0.000000 0.129028
0.000000 0.085189
0.000000 0.049293
0.000000 0.020600
0.000000 -0.001828
0.000000 -0.018531
0.000000 -0.024737
0.000000 -0.008178
0.000000 0.042219
0.000000 0.128904
0.000000 0.245133
0.000000 0.378799
0.000000 0.516790
0.000000 0.648256
0.000000 0.765506
0.000000 0.859167
0.000000 0.915282
0.000000 0.923041
0.000000 0.881336
0.000000 0.798655
0.000000 0.689028
0.000000 0.567188
0.000000 0.445446
0.000000 0.332360
0.000000 0.232785
0.000000 0.148642
0.000000 0.079883
0.000000 0.025343
0.000000 -0.016634
0.000000 -0.047437
0.000000 -0.063159
0.000000 -0.052357
0.000000 -0.004709
0.000000 0.081190
0.000000 0.192468
0.000000 0.303463
0.000000 0.389028
0.000000 0.434978
0.000000 0.439933
0.000000 0.411627
0.000000 0.361528
0.000000 0.300842
0.000000 0.238339
0.000000 0.179750
0.000000 0.128109
0.000000 0.084491
0.000000 0.048767
0.000000 0.020207
0.000000 -0.001741
0.000000 -0.012403
0.000000 0.000374
0.000000 0.047572
0.000000 0.131203
0.000000 0.238897
0.000000 0.345558
0.000000 0.426376
0.000000 0.467479
0.000000 0.467766
0.000000 0.435083
0.000000 0.381007
0.000000 0.316802
0.000000 0.251253
0.000000 0.190078
0.000000 0.136241
0.000000 0.090827
0.000000 0.053654
0.000000 0.023941
0.000000 0.000709
0.000000 -0.017001
0.000000 -0.029655
0.000000 -0.032391
0.000000 -0.012870
0.000000 0.040025
0.000000 0.128393
0.000000 0.239920
0.000000 0.349518
0.000000 0.432485
0.000000 0.475019
0.000000 0.476150
0.000000 0.443772
0.000000 0.389575
0.000000 0.324931
0.000000 0.258688
0.000000 0.196704
0.000000 0.142054
0.000000 0.095821
0.000000 0.057866
0.000000 0.027434
0.000000 0.003561
0.000000 -0.014704
0.000000 -0.028207
0.000000 -0.037677
0.000000 -0.043743
0.000000 -0.046969
0.000000 -0.047871
0.000000 -0.046933
0.000000 -0.044605
0.000000 -0.041255
0.000000 -0.037300
0.000000 -0.033046
0.000000 -0.028740
0.000000 -0.024614
0.000000 -0.020750
0.000000 -0.017238
0.000000 -0.014124
0.000000 -0.011425
0.000000 -0.009131
0.000000 -0.007214
0.000000 -0.005638
0.000000 -0.004362
0.000000 -0.003341
0.000000 -0.002536
0.000000 -0.001908
0.000000 -0.001424
0.000000 -0.001054
0.000000 -0.000774
0.000000 -0.000564
0.000000 -0.000409
0.000000 -0.000253
0.000000 -0.000139
0.000000 -0.000058
0.000000 0.000000
0.000000 0.000000
0.000000 0.000000
0.000000 0.000000
0.000000 0.000000
0.000000 0.000000
0.000000 0.000000
0.000000 0.000000
0.000000 0.000000
0.000000 0.000000
0.000000 0.000000
0.000000 0.000000
0.000000 0.000000
0.000000 0.000000
0.000000 0.000000
0.000000 0.000000
0.000000 0.000000
0.000000 0.000000
0.000000 0.000000
0.000000 0.000000
0.000000 0.000000
0.000000 0.000000
0.000000 0.000000
0.000000 0.000000
0.000000 0.000000
0.000000 0.000000
0.000000 0.000000
0.000000 0.000000
0.000000 0.000000
0.000000 0.000000
0.000000 0.000000
0.000000 0.000000
0.000000 0.000000
0.000000 0.000000
0.000000 0.000000
0.000000 0.000000
0.000000 0.000000
0.000000 0.000000
0.000000 0.000000
0.000000 0.000000
0.000000 0.000000
0.000000 0.000000
0.000000 0.000000
0.000000 0.000000
0.000000 0.000000
0.000000 0.000000
0.000000 0.000000
0.000000 0.000000
0.000000 0.000000
0.000000 0.000000
0.000000 0.000000
0.000000 0.000000
0.000000 0.000000
0.000000 0.000000
0.000000 0.000000
0.000000 0.000000
0.000000 0.000000
0.000000 0.000000
0.000000 0.000000
0.000000 0.000000
0.000000 0.000000
0.000000 0.000000
0.000000 0.000000
0.000000 0.000000
0.000000 0.000000
0.000000 0.000000
0.000000 0.000000
0.000000 0.000000
0.000000 0.000000
0.000000 0.000000
0.000000 0.000000
0.000000 0.000000
0.000000 0.000000
