0.000000 0.000000
0.000000 0.000000
0.000000 0.000000
0.000000 0.000000
0.000000 0.000000
0.000000 0.000000
0.000000 0.000000
0.000000 0.000000
0.000000 0.000000
0.000000 0.000000
0.000000 0.000000
0.000000 0.000000
0.000000 0.000000
0.000000 0.000000
0.000000 0.000000
0.000000 0.000000
0.000378 0.000000
0.006719 0.000000
0.031986 0.000000
0.087849 0.000000
0.177292 0.000000
0.293684 0.000000
0.419755 0.000000
0.529914 0.000000
0.602032 0.000000
0.626161 0.000000
0.605064 0.000000
0.549673 0.000000
0.473662 0.000000
0.389498 0.000000
0.306502 0.000000
0.230500 0.000000
0.164366 0.000000
0.108895 0.000000
0.063648 0.000000
0.027594 0.000000
-0.000098 0.000000
-0.015008 0.000000
-0.005214 0.000000
0.040051 0.000000
0.122601 0.000000
0.229881 0.000000
0.336590 0.000000
0.417827 0.000000
0.459592 0.000000
0.460683 0.000000
0.428864 0.000000
0.375652 0.000000
0.312267 0.000000
0.247470 0.000000
0.186963 0.000000
0.133747 0.000000
0.088852 0.000000
0.052108 0.000000
0.022743 0.000000
0.000167 0.000000
-0.010980 0.000000
0.001427 0.000000
0.048346 0.000000
0.131768 0.000000
0.239305 0.000000
0.345811 0.000000
0.426516 0.000000
0.467537 0.000000
0.467766 0.000000
0.435083 0.000000
0.381007 0.000000
0.316802 0.000000
0.251253 0.000000
0.190078 0.000000
0.136241 0.000000
0.090827 0.000000
0.053654 0.000000
0.023941 0.000000
0.000709 0.000378
-0.017001 0.006719
-0.030033 0.031986
-0.039110 0.087849
-0.044856 0.177292
-0.047824 0.294062
-0.048521 0.426474
-0.047423 0.561900
-0.044970 0.689881
-0.041567 0.803075
-0.037569 0.892407
-0.033240 0.944162
-0.028880 0.947714
-0.024673 0.902086
-0.020750 0.815893
-0.017238 0.703152
-0.014124 0.578614
-0.011425 0.454577
-0.009131 0.339574
-0.007214 0.238423
-0.005638 0.153003
-0.004362 0.083224
-0.003341 0.027880
-0.002536 -0.014725
-0.001530 -0.046391
0.005296 -0.068825
0.030932 -0.083569
0.087075 -0.091993
0.176350 -0.095316
0.286934 -0.094623
0.394236 -0.090885
0.473912 -0.084965
0.512530 -0.077610
0.509391 -0.069458
0.472652 -0.061026
0.414248 -0.052720
0.345682 -0.044839
0.275925 -0.037586
0.210829 -0.031079
0.153479 -0.025370
0.104951 -0.020461
0.065079 -0.016313
0.033072 -0.012865
0.007922 -0.009663
-0.011363 -0.001041
-0.025671 0.026045
-0.035769 0.083340
-0.042320 0.173901
-0.045915 0.291532
-0.047097 0.424642
-0.046369 0.560216
-0.044196 0.682248
-0.041002 0.770844
-0.037160 0.810869
-0.032988 0.798603
-0.028740 0.741361
-0.024614 0.652846
-0.020750 0.548055
-0.017238 0.439746
-0.014124 0.337061
-0.011425 0.245331
-0.009131 0.166879
-0.007214 0.101987
-0.005638 0.049773
-0.004362 0.008832
-0.002964 -0.022369
0.004183 -0.045284
0.030078 -0.061222
0.086425 -0.071338
0.175861 -0.076660
0.286569 -0.078118
0.393924 -0.076553
0.473643 -0.072729
0.512336 -0.067328
0.509251 -0.060943
0.472594 -0.054070
0.414248 -0.047111
0.345682 -0.040370
0.275925 -0.034065
0.210829 -0.028335
0.153479 -0.023253
0.104951 -0.018843
0.065079 -0.015088
0.033072 -0.011946
0.007922 -0.008979
-0.011363 -0.000536
-0.025671 0.026415
-0.035769 0.083610
-0.042320 0.174095
-0.045915 0.291671
-0.047097 0.424700
-0.046369 0.560594
-0.044196 0.688967
-0.041002 0.802453
-0.037160 0.891998
-0.032988 0.943909
-0.028740 0.947574
-0.024614 0.902028
-0.020750 0.815893
-0.017238 0.703152
-0.014124 0.578614
-0.011425 0.454577
-0.009131 0.339574
-0.007214 0.238423
-0.005638 0.153003
-0.004362 0.083224
-0.003341 0.027880
-0.002536 -0.014725
-0.001530 -0.046391
0.005296 -0.068825
0.030932 -0.083569
0.087075 -0.091993
0.176350 -0.095316
0.286934 -0.094623
0.394236 -0.090885
0.473912 -0.084965
0.512530 -0.077610
0.509391 -0.069458
0.472652 -0.061026
0.414248 -0.052720
0.345682 -0.044839
0.275925 -0.037586
0.210829 -0.031079
0.153479 -0.025370
0.104951 -0.020461
0.065079 -0.016313
0.033072 -0.012865
0.007922 -0.009663
-0.011363 -0.001041
-0.025671 0.026045
-0.035769 0.083340
-0.042320 0.173901
-0.045915 0.291154
-0.047097 0.417922
-0.046369 0.528608
-0.044196 0.601119
-0.041002 0.625538
-0.037160 0.604656
-0.032988 0.549421
-0.028740 0.473523
-0.024614 0.389439
-0.020750 0.306502
-0.017238 0.230500
-0.014124 0.164366
-0.011425 0.108895
-0.009131 0.063648
-0.007214 0.027594
-0.005638 -0.000098
-0.004362 -0.015008
-0.003341 -0.005214
-0.002536 0.040051
-0.001908 0.122979
-0.001424 0.236600
-0.001054 0.368199
-0.000774 0.498956
-0.000564 0.604899
-0.000409 0.666897
-0.000253 0.678046
-0.000139 0.643490
-0.000058 0.575674
0.000000 0.489023
0.000000 0.396209
0.000000 0.306442
0.000000 0.225288
0.000000 0.155339
0.000000 0.097136
0.000000 0.050038
0.000000 0.012860
0.000378 -0.015728
0.006719 -0.036990
0.031986 -0.052055
0.087849 -0.061913
0.176914 -0.067440
0.287343 -0.069429
0.394488 -0.068608
0.474051 -0.065647
0.512588 -0.061110
0.509391 -0.055587
0.472652 -0.049535
0.414248 -0.043328
0.345682 -0.037255
0.275925 -0.031570
0.210829 -0.026360
0.153479 -0.021707
0.104951 -0.017645
0.065079 -0.014169
0.033072 -0.011247
0.007922 -0.008831
-0.011363 -0.006862
-0.025671 -0.004903
-0.035769 0.002694
-0.042320 0.028945
-0.045915 0.085570
-0.047097 0.175599
-0.046369 0.292814
-0.044196 0.425561
-0.041002 0.561278
-0.037160 0.689472
-0.032988 0.803200
-0.028740 0.898609
-0.024614 0.969370
-0.020750 1.003576
-0.017238 0.991530
-0.014124 0.932663
-0.011425 0.835564
-0.009131 0.714039
-0.007214 0.582558
-0.005638 0.453146
-0.004362 0.334096
-0.003341 0.230025
-0.002536 0.142639
-0.001908 0.071696
-0.001424 0.015851
-0.001054 -0.026719
-0.000396 -0.057938
0.006155 -0.079625
0.031578 -0.093424
0.087596 -0.100793
0.177153 -0.103021
0.293626 -0.101250
0.419755 -0.096493
0.529914 -0.089639
0.602032 -0.081451
0.626161 -0.072572
0.605064 -0.063520
0.549673 -0.054695
0.473662 -0.046386
0.389498 -0.038784
0.306502 -0.031998
0.230500 -0.026069
0.164366 -0.020987
0.108895 -0.016706
0.063648 -0.013156
0.027594 -0.010255
-0.000098 -0.007916
-0.015008 -0.006054
-0.005214 -0.004589
0.040051 -0.003450
0.122979 -0.002531
0.236600 -0.001832
0.368576 -0.001306
0.505675 -0.000913
0.636885 -0.000622
0.754746 -0.000409
0.854961 -0.000253
0.930832 -0.000139
0.970162 -0.000058
0.963074 0.000000
0.908798 0.000000
0.815832 0.000000
0.697940 0.000000
0.569586 0.000000
0.442817 0.000000
0.325964 0.000000
0.223688 0.000000
0.137751 0.000000
0.067961 0.000000
0.013024 0.000000
-0.028841 0.000000
-0.059517 0.000378
-0.080792 0.006719
-0.094280 0.031986
-0.101416 0.087849
-0.103429 0.177292
-0.101503 0.293684
-0.096633 0.419755
-0.089697 0.529914
-0.081451 0.602032
-0.072572 0.626161
-0.063520 0.605064
-0.054695 0.549673
-0.046386 0.473662
-0.038784 0.389498
-0.031998 0.306502
-0.026069 0.230500
-0.020987 0.164366
-0.016706 0.108895
-0.013156 0.063648
-0.010255 0.027594
-0.007916 -0.000098
-0.006054 -0.015008
-0.004589 -0.005214
-0.003450 0.040051
-0.002531 0.122979
-0.001832 0.236600
-0.001306 0.368199
-0.000913 0.498956
-0.000622 0.604899
-0.000409 0.666897
-0.000253 0.678046
-0.000139 0.643490
-0.000058 0.575674
0.000000 0.489023
0.000000 0.396209
0.000000 0.306442
0.000000 0.225288
0.000000 0.155339
0.000000 0.097136
0.000000 0.050038
0.000000 0.012860
0.000000 -0.015350
0.000000 -0.030271
0.000000 -0.020069
0.000000 0.025936
0.000000 0.109475
0.000000 0.217914
0.000000 0.325880
0.000000 0.408405
0.000000 0.451479
0.000000 0.453803
0.000000 0.423117
0.000000 0.370920
0.000000 0.308427
0.000000 0.244355
0.000000 0.184469
0.000000 0.131772
0.000000 0.087306
0.000000 0.050910
0.000000 0.021824
0.000378 -0.000909
0.006719 -0.018225
0.031986 -0.030951
0.087849 -0.039794
0.177292 -0.045361
0.294062 -0.048193
0.426474 -0.048790
0.561522 -0.047617
0.683161 -0.045110
0.771467 -0.041625
0.811278 -0.037569
0.798855 -0.033240
0.741500 -0.028880
0.652904 -0.024673
0.548055 -0.020750
0.439746 -0.017238
0.337061 -0.014124
0.245331 -0.011425
0.166879 -0.009131
0.101987 -0.007214
0.049773 -0.005638
0.008832 -0.004362
-0.021991 -0.003341
-0.038565 -0.002536
-0.029236 -0.001908
0.016511 -0.001424
0.100632 -0.001054
0.215944 -0.000774
0.349921 -0.000564
0.489171 -0.000409
0.622552 -0.000253
0.742510 -0.000139
0.844679 -0.000058
0.922318 0.000000
0.963206 0.000000
0.957465 0.000000
0.904328 0.000000
0.812311 0.000000
0.695196 0.000000
0.567469 0.000000
0.441200 0.000000
0.324739 0.000000
0.222770 0.000000
0.137067 0.000000
0.067457 0.000000
0.012654 0.000000
-0.029110 0.000000
-0.059712 0.000378
-0.080931 0.006719
-0.094338 0.031986
-0.101416 0.087849
-0.103429 0.177292
-0.101503 0.294062
-0.096633 0.426474
-0.089697 0.561900
-0.081451 0.689881
-0.072572 0.803453
-0.063520 0.898749
-0.054695 0.969428
-0.046386 1.003576
-0.038784 0.991530
-0.031998 0.932663
-0.026069 0.835564
-0.020987 0.714039
-0.016706 0.582558
-0.013156 0.453146
-0.010255 0.334096
-0.007916 0.230025
-0.006054 0.142639
-0.004589 0.071696
-0.003450 0.015851
-0.002531 -0.026719
-0.001832 -0.057560
-0.001306 -0.072906
-0.000913 -0.061438
-0.000622 -0.012945
-0.000409 0.074272
-0.000253 0.192812
-0.000139 0.329981
-0.000058 0.472261
0.000000 0.608052
0.000000 0.724161
0.000000 0.803620
0.000000 0.833604
0.000000 0.811884
0.000000 0.746532
0.000000 0.651483
0.000000 0.541658
0.000000 0.429646
0.000000 0.324299
0.000000 0.230745
0.000000 0.151147
0.000000 0.085673
0.000000 0.033354
0.000000 -0.007286
0.000000 -0.037469
0.000000 -0.053089
0.000000 -0.042615
0.000000 0.004404
0.000000 0.089863
0.000000 0.206522
0.000000 0.341808
0.000000 0.482291
0.000000 0.616805
0.000000 0.737400
0.000000 0.834496
0.000000 0.893936
0.000000 0.904849
0.000000 0.866046
0.000000 0.786012
0.000000 0.678701
0.000000 0.558851
0.000000 0.438790
0.000000 0.327102
0.000000 0.228673
0.000000 0.145457
0.000000 0.077439
0.000000 0.023485
0.000000 -0.018036
0.000378 -0.048863
0.006719 -0.070657
0.031986 -0.084875
0.087849 -0.092907
0.177292 -0.095938
0.294062 -0.095031
0.426474 -0.091138
0.561522 -0.085104
0.683161 -0.077669
0.771467 -0.069458
0.811278 -0.061026
0.798855 -0.052720
0.741500 -0.044839
0.652904 -0.037586
0.548055 -0.031079
0.439746 -0.025370
0.337061 -0.020461
0.245331 -0.016313
0.166879 -0.012865
0.101987 -0.010041
0.049773 -0.007760
0.008832 -0.005941
-0.021991 -0.004508
-0.038565 -0.003391
-0.029236 -0.002531
0.016511 -0.001832
0.100254 -0.001306
0.209225 -0.000913
0.317935 -0.000622
0.401322 -0.000409
0.445260 -0.000253
0.448448 -0.000139
0.418582 -0.000058
0.367137 0.000000
0.305312 0.000000
0.241861 0.000000
0.182494 0.000000
0.130226 0.000000
0.086108 0.000000
0.049991 0.000000
0.021126 0.000000
-0.001435 0.000000
-0.018618 0.000000
-0.030865 0.000000
-0.033288 0.000000
-0.013531 0.000000
0.039542 0.000000
0.128043 0.000000
0.239667 0.000000
0.349378 0.000000
0.432427 0.000000
0.475019 0.000000
0.476150 0.000000
0.443772 0.000000
0.389575 0.000000
0.324931 0.000000
0.258688 0.000000
0.196704 0.000000
0.142054 0.000000
0.095821 0.000000
0.057866 0.000000
0.027434 0.000000
0.003939 0.000000
-0.007984 0.000000
0.003779 0.000000
0.050172 0.000000
0.133549 0.000000
0.247093 0.000000
0.378603 0.000000
0.514967 0.000000
0.644898 0.000000
0.755479 0.000000
0.829840 0.000000
0.855253 0.000000
0.829530 0.000000
0.760701 0.000000
0.662730 0.000000
0.550489 0.000000
0.436509 0.000000
0.329580 0.000000
0.234770 0.000000
0.154188 0.000000
0.087951 0.000000
0.035047 0.000000
-0.006038 0.000000
-0.036933 0.000000
-0.059186 0.000000
-0.074192 0.000000
-0.083192 0.000000
-0.086912 0.000000
-0.080762 0.000000
-0.052680 0.000000
0.008239 0.000000
0.104216 0.000000
0.228387 0.000000
0.368186 0.000000
0.504955 0.000000
0.615030 0.000000
0.679565 0.000000
0.691953 0.000000
0.657634 0.000000
0.589326 0.000000
0.501691 0.000000
0.407602 0.000000
0.316424 0.000000
0.233841 0.000000
0.162525 0.000000
0.103069 0.000000
0.054861 0.000000
0.016724 0.000000
-0.012295 0.000000
-0.027843 0.000000
-0.018155 0.000000
0.027435 0.000000
0.111023 0.000000
0.225547 0.000000
0.358581 0.000000
0.496440 0.000000
0.622460 0.000000
0.716132 0.000000
0.761882 0.000000
0.755586 0.000000
0.704245 0.000000
0.621334 0.000000
0.521695 0.000000
0.418039 0.000000
0.319415 0.000000
0.231162 0.000000
0.155631 0.000000
0.093156 0.000000
0.042910 0.000000
0.003551 0.000000
-0.026394 0.000378
-0.048325 0.006719
-0.063500 0.031986
-0.073030 0.087849
-0.077909 0.177292
-0.079031 0.294062
-0.077175 0.426474
-0.073138 0.561900
-0.067581 0.689503
-0.061082 0.796733
-0.054128 0.867140
-0.047111 0.888299
-0.040370 0.858270
-0.034065 0.785316
-0.028335 0.683481
-0.023253 0.567727
-0.018843 0.450633
-0.015088 0.341005
-0.011946 0.243900
-0.009357 0.161401
-0.007255 0.093589
-0.005571 0.039408
-0.004239 -0.002697
-0.002819 -0.034397
0.004328 -0.057278
0.030212 -0.072769
0.086542 -0.082138
0.176001 -0.086516
0.286720 -0.086918
0.394080 -0.084258
0.473799 -0.079357
0.512449 -0.072936
0.509332 -0.065617
0.472652 -0.057911
0.414248 -0.050225
0.345682 -0.042865
0.275925 -0.036040
0.210829 -0.029881
0.153479 -0.024451
0.104951 -0.019762
0.065079 -0.015787
0.033072 -0.012472
0.007922 -0.009372
-0.011363 -0.000827
-0.025671 0.026201
-0.035769 0.083453
-0.042320 0.173982
-0.045915 0.291590
-0.047097 0.424642
-0.046369 0.560594
-0.044196 0.688967
-0.041002 0.802830
-0.037160 0.898340
-0.032988 0.969176
-0.028740 1.003437
-0.024614 0.991471
-0.020750 0.932663
-0.017238 0.835564
-0.014124 0.714039
-0.011425 0.582558
-0.009131 0.453146
-0.007214 0.334096
-0.005638 0.230025
-0.004362 0.142639
-0.003341 0.071696
-0.002536 0.015851
-0.001908 -0.026719
-0.001424 -0.057938
-0.001054 -0.079625
-0.000774 -0.093047
-0.000564 -0.094074
-0.000409 -0.071035
-0.000253 -0.013402
-0.000139 0.080799
-0.000058 0.204423
0.000000 0.345023
0.000000 0.489328
0.000000 0.626360
0.000000 0.748380
0.000000 0.846021
0.000000 0.905378
0.000000 0.915716
0.000000 0.876017
0.000000 0.794906
0.000000 0.686447
0.000000 0.565458
0.000000 0.444322
0.000000 0.331658
0.000000 0.232369
0.000000 0.148414
0.000000 0.079775
0.000000 0.025349
0.000000 -0.016558
0.000000 -0.047319
0.000000 -0.063019
0.000000 -0.052205
0.000000 -0.004553
0.000000 0.081724
0.000000 0.199300
0.000000 0.335531
0.000000 0.476935
0.000000 0.611892
0.000000 0.727276
0.000000 0.806115
0.000000 0.835579
0.000000 0.813431
0.000000 0.747730
0.000000 0.652402
0.000000 0.542356
0.000000 0.430172
0.000000 0.324692
0.000000 0.231036
0.000000 0.151361
0.000000 0.085829
0.000000 0.033467
0.000000 -0.007205
0.000000 -0.037789
0.000000 -0.059431
0.000000 -0.067881
0.000000 -0.051458
0.000000 0.000419
0.000000 0.089374
0.000000 0.202676
0.000000 0.314879
0.000000 0.400975
0.000000 0.446914
0.000000 0.451480
0.000000 0.422427
0.000000 0.371383
0.000000 0.309642
0.000000 0.246044
0.000000 0.186377
0.000000 0.133717
0.000000 0.089165
0.000000 0.052608
0.000000 0.023322
0.000000 0.000376
0.000000 -0.016770
0.000000 -0.023347
0.000000 -0.007093
0.000000 0.043056
0.000000 0.129545
0.000000 0.245659
0.000000 0.378814
0.000000 0.510362
0.000000 0.616484
0.000000 0.678191
0.000000 0.688707
0.000000 0.653287
0.000000 0.584474
0.000000 0.496728
0.000000 0.402837
0.000000 0.312050
0.000000 0.229962
0.000000 0.159179
0.000000 0.100251
0.000000 0.052533
0.000000 0.014835
0.000000 -0.014182
0.000000 -0.035792
0.000000 -0.051136
0.000000 -0.061215
0.000000 -0.066914
0.000000 -0.069036
0.000000 -0.068317
0.000000 -0.065433
0.000000 -0.060954
0.000000 -0.055474
0.000000 -0.049454
0.000000 -0.043270
0.000000 -0.037255
0.000000 -0.031570
0.000000 -0.026360
0.000000 -0.021707
0.000000 -0.017645
0.000000 -0.014169
0.000000 -0.011247
0.000000 -0.008831
0.000000 -0.006862
0.000000 -0.005280
0.000000 -0.004025
0.000000 -0.003041
0.000000 -0.002278
0.000000 -0.001693
0.000000 -0.001248
0.000000 -0.000913
0.000000 -0.000622
0.000000 -0.000409
0.000000 -0.000253
0.000000 -0.000139
0.000000 -0.000058
0.000000 0.000000
0.000000 0.000000
0.000000 0.000000
0.000000 0.000000
0.000000 0.000000
0.000000 0.000000
0.000000 0.000000
0.000000 0.000000
0.000000 0.000000
0.000000 0.000000
0.000000 0.000000
0.000000 0.000000
0.000000 0.000000
0.000000 0.000000
0.000000 0.000000
0.000000 0.000000
0.000000 0.000000
0.000000 0.000000
0.000000 0.000000
0.000000 0.000000
0.000000 0.000000
0.000000 0.000000
0.000000 0.000000
0.000000 0.000000
0.000000 0.000000
0.000000 0.000000
0.000000 0.000000
0.000000 0.000000
0.000000 0.000000
0.000000 0.000000
0.000000 0.000000
0.000000 0.000000
0.000000 0.000000
0.000000 0.000000
0.000000 0.000000
0.000000 0.000000
0.000000 0.000000
0.000000 0.000000
0.000000 0.000000
0.000000 0.000000
0.000000 0.000000
0.000000 0.000000
0.000000 0.000000
0.000000 0.000000
0.000000 0.000000
0.000000 0.000000
0.000000 0.000000
0.000000 0.000000
0.000000 0.000000
0.000000 0.000000
0.000000 0.000000
0.000000 0.000000
0.000000 0.000000
0.000000 0.000000
0.000000 0.000000
0.000000 0.000000
0.000000 0.000000
0.000000 0.000000
0.000000 0.000000
0.000000 0.000000
0.000000 0.000000
0.000000 0.000000
0.000000 0.000000
0.000000 0.000000
0.000000 0.000000
