0.000000 0.000000
0.000000 0.000000
0.000000 0.000000
0.000000 0.000000
0.000000 0.000000
0.000000 0.000000
0.000000 0.000000
0.000000 0.000000
0.000000 0.000000
0.000000 0.000000
0.000000 0.000000
0.000000 0.000000
0.000000 0.000000
0.000000 0.000000
0.000000 0.000000
0.000378 0.000000
0.006719 0.000000
0.031986 0.000000
0.087849 0.000000
0.177292 0.000000
0.293684 0.000000
0.419755 0.000000
0.529914 0.000000
0.602032 0.000000
0.626161 0.000000
0.605064 0.000000
0.549673 0.000000
0.473662 0.000000
0.389498 0.000000
0.306502 0.000000
0.230500 0.000000
0.164366 0.000000
0.108895 0.000000
0.063648 0.000000
0.027594 0.000000
-0.000098 0.000000
-0.015008 0.000000
-0.005214 0.000000
0.040051 0.000000
0.122979 0.000000
0.236600 0.000000
0.368576 0.000000
0.505675 0.000000
0.636885 0.000000
0.754368 0.000000
0.848619 0.000000
0.905566 0.000000
0.914300 0.000000
0.873631 0.000000
0.792028 0.000000
0.683420 0.000000
0.562514 0.000000
0.441606 0.000000
0.329245 0.000000
0.230290 0.000000
0.146667 0.000000
0.078337 0.000000
0.024145 0.000000
-0.017553 0.000000
-0.048135 0.000000
-0.063685 0.000000
-0.052750 0.000000
-0.005000 0.000000
0.080976 0.000000
0.192312 0.000000
0.303350 0.000000
0.388947 0.000000
0.434920 0.000000
0.439933 0.000000
0.411627 0.000000
0.361528 0.000000
0.300842 0.000000
0.238339 0.000000
0.179750 0.000000
0.128109 0.000000
0.084491 0.000000
0.048767 0.000000
0.020207 0.000000
-0.002119 0.000000
-0.019123 0.000000
-0.031612 0.000000
-0.040277 0.000378
-0.045711 0.006719
-0.048446 0.031986
-0.048930 0.087849
-0.047675 0.176914
-0.045110 0.287343
-0.041625 0.394488
-0.037569 0.474051
-0.033240 0.512588
-0.028880 0.509391
-0.024673 0.472652
-0.020750 0.414248
-0.017238 0.345682
-0.014124 0.275925
-0.011425 0.210829
-0.009131 0.153479
-0.007214 0.104951
-0.005638 0.065079
-0.004362 0.033072
-0.003341 0.008300
-0.002536 -0.004643
-0.001908 0.006315
-0.001424 0.052080
-0.001054 0.134973
-0.000774 0.248147
-0.000564 0.379377
-0.000409 0.515531
-0.000253 0.645684
-0.000139 0.762450
-0.000058 0.861588
0.000000 0.936440
0.000000 0.974836
0.000000 0.966915
0.000000 0.911912
0.000000 0.818327
0.000000 0.699915
0.000000 0.571132
0.000000 0.444015
0.000000 0.326883
0.000000 0.224387
0.000000 0.138277
0.000000 0.068354
0.000000 0.013315
0.000000 -0.028627
0.000000 -0.058984
0.000000 -0.073959
0.000000 -0.062212
0.000000 -0.013509
0.000000 0.073863
0.000000 0.192560
0.000000 0.329841
0.000000 0.472203
0.000000 0.608052
0.000000 0.724161
0.000000 0.803620
0.000000 0.833604
0.000000 0.811884
0.000000 0.746532
0.000000 0.651483
0.000000 0.541658
0.000000 0.429646
0.000000 0.324299
0.000000 0.230745
0.000000 0.151147
0.000000 0.085673
0.000000 0.033354
0.000000 -0.007286
0.000378 -0.037847
0.006719 -0.059809
0.031986 -0.074601
0.087849 -0.083444
0.177292 -0.087429
0.294062 -0.087540
0.426474 -0.084666
0.561522 -0.079609
0.683161 -0.073076
0.771467 -0.065675
0.811278 -0.057911
0.798855 -0.050225
0.741500 -0.042865
0.652904 -0.036040
0.548055 -0.029881
0.439746 -0.024451
0.337061 -0.019762
0.245331 -0.015787
0.166879 -0.012472
0.101987 -0.009750
0.049773 -0.007546
0.008832 -0.005785
-0.022369 -0.004395
-0.045284 -0.003310
-0.061222 -0.002095
-0.071338 0.004887
-0.076660 0.030680
-0.078118 0.086935
-0.076553 0.176670
-0.072729 0.293654
-0.067328 0.426222
-0.060943 0.561383
-0.054070 0.683103
-0.047111 0.771467
-0.040370 0.811278
-0.034065 0.798855
-0.028335 0.741500
-0.023253 0.652904
-0.018843 0.548055
-0.015088 0.439746
-0.011946 0.337061
-0.009357 0.245331
-0.007255 0.166879
-0.005571 0.101987
-0.004239 0.049773
-0.003197 0.008832
-0.002391 -0.021991
-0.001774 -0.038565
-0.001306 -0.029236
-0.000913 0.016511
-0.000622 0.100632
-0.000409 0.215944
-0.000253 0.349543
-0.000139 0.482451
-0.000058 0.590566
0.000000 0.654662
0.000000 0.667764
0.000000 0.634975
0.000000 0.568718
0.000000 0.483413
0.000000 0.391740
0.000000 0.302920
0.000000 0.222544
0.000000 0.153222
0.000000 0.095518
0.000000 0.048814
0.000000 0.011941
0.000000 -0.016034
0.000000 -0.030775
0.000000 -0.020439
0.000000 0.025667
0.000000 0.109280
0.000000 0.217774
0.000000 0.325821
0.000000 0.408405
0.000000 0.451479
0.000000 0.453803
0.000000 0.423117
0.000000 0.370920
0.000000 0.308427
0.000000 0.244355
0.000000 0.184469
0.000000 0.131772
0.000000 0.087306
0.000000 0.050910
0.000000 0.021824
0.000378 -0.000909
0.006719 -0.018225
0.031986 -0.030951
0.087849 -0.039794
0.176914 -0.045361
0.287343 -0.048193
0.394488 -0.048790
0.474051 -0.047617
0.512588 -0.045110
0.509391 -0.041625
0.472652 -0.037569
0.414248 -0.033240
0.345682 -0.028880
0.275925 -0.024673
0.210829 -0.020750
0.153479 -0.017238
0.104951 -0.014124
0.065079 -0.011425
0.033072 -0.009131
0.008300 -0.007214
-0.004643 -0.005638
0.006315 -0.004362
0.052080 -0.003341
0.134595 -0.002536
0.241427 -0.001908
0.347391 -0.001424
0.427682 -0.001054
0.468392 -0.000774
0.468388 -0.000564
0.435492 -0.000409
0.381260 -0.000253
0.316941 -0.000139
0.251311 -0.000058
0.190078 0.000000
0.136241 0.000000
0.090827 0.000000
0.053654 0.000000
0.023941 0.000000
0.000709 0.000000
-0.017001 0.000000
-0.030033 0.000000
-0.038732 0.000000
-0.038136 0.000000
-0.015837 0.000000
0.039327 0.000000
0.129869 0.000000
0.248714 0.000000
0.378188 0.000000
0.492345 0.000000
0.568792 0.000000
0.597281 0.000000
0.580391 0.000000
0.528923 0.000000
0.456425 0.000000
0.375373 0.000000
0.295077 0.000000
0.221370 0.000000
0.157152 0.000000
0.103257 0.000000
0.059287 0.000000
0.024253 0.000000
-0.002634 0.000000
-0.016916 0.000000
-0.006637 0.000000
0.038998 0.000000
0.122205 0.000000
0.236036 0.000000
0.368168 0.000000
0.505423 0.000000
0.636367 0.000000
0.747968 0.000000
0.823352 0.000000
0.849703 0.000000
0.824856 0.000000
0.756861 0.000000
0.659616 0.000000
0.547994 0.000000
0.434534 0.000000
0.328033 0.000000
0.233572 0.000000
0.153269 0.000000
0.087252 0.000000
0.034521 0.000000
-0.006431 0.000000
-0.036847 0.000000
-0.052681 0.000000
-0.042362 0.000000
0.004544 0.000000
0.089921 0.000000
0.206522 0.000000
0.341808 0.000000
0.481913 0.000000
0.610085 0.000000
0.705792 0.000000
0.753367 0.000000
0.748630 0.000000
0.698635 0.000000
0.616864 0.000000
0.518174 0.000000
0.415295 0.000000
0.317299 0.000000
0.229545 0.000000
0.154407 0.000000
0.092237 0.000000
0.042227 0.000000
0.003046 0.000000
-0.026764 0.000378
-0.048594 0.006719
-0.063694 0.031986
-0.073170 0.087849
-0.077967 0.177292
-0.079031 0.294062
-0.077175 0.426474
-0.073138 0.561900
-0.067581 0.689503
-0.061082 0.796733
-0.054128 0.867140
-0.047111 0.888299
-0.040370 0.858270
-0.034065 0.785316
-0.028335 0.683481
-0.023253 0.567727
-0.018843 0.450633
-0.015088 0.341005
-0.011946 0.243900
-0.009357 0.161401
-0.007255 0.093589
-0.005571 0.039408
-0.004239 -0.002697
-0.002819 -0.034397
0.004328 -0.057278
0.030212 -0.072769
0.086542 -0.082138
0.176001 -0.086516
0.286720 -0.086918
0.394080 -0.084258
0.473799 -0.079357
0.512449 -0.072936
0.509332 -0.065617
0.472652 -0.057911
0.414248 -0.050225
0.345682 -0.042865
0.275925 -0.036040
0.210829 -0.029881
0.153479 -0.024451
0.104951 -0.019762
0.065079 -0.015787
0.033072 -0.012472
0.008300 -0.009750
-0.004643 -0.007546
0.006315 -0.005785
0.052080 -0.004395
0.134595 -0.003310
0.241427 -0.002472
0.347391 -0.001832
0.427682 -0.001306
0.468392 -0.000913
0.468388 -0.000622
0.435492 -0.000409
0.381260 -0.000253
0.316941 -0.000139
0.251311 -0.000058
0.190078 0.000000
0.136241 0.000000
0.090827 0.000000
0.053654 0.000000
0.023941 0.000000
0.001086 0.000000
-0.010281 0.000000
0.001953 0.000000
0.048738 0.000000
0.132059 0.000000
0.239519 0.000000
0.345967 0.000000
0.426629 0.000000
0.467618 0.000000
0.467824 0.000000
0.435083 0.000000
0.381007 0.000000
0.316802 0.000000
0.251253 0.000000
0.190078 0.000000
0.136241 0.000000
0.090827 0.000000
0.053654 0.000000
0.023941 0.000000
0.000709 0.000000
-0.017001 0.000000
-0.030033 0.000000
-0.039110 0.000000
-0.044856 0.000000
-0.047824 0.000378
-0.048521 0.006719
-0.047423 0.031986
-0.044970 0.087849
-0.041567 0.177292
-0.037569 0.294062
-0.033240 0.426474
-0.028880 0.561522
-0.024673 0.683161
-0.020750 0.771467
-0.017238 0.811278
-0.014124 0.798855
-0.011425 0.741500
-0.009131 0.652904
-0.007214 0.548055
-0.005638 0.439746
-0.004362 0.337061
-0.003341 0.245331
-0.002536 0.166879
-0.001908 0.101987
-0.001424 0.049773
-0.001054 0.008832
-0.000396 -0.022369
0.006155 -0.045284
0.031578 -0.061222
0.087596 -0.071338
0.177153 -0.076660
0.294004 -0.078118
0.426474 -0.076553
0.561900 -0.072729
0.689881 -0.067328
0.803075 -0.060943
0.892407 -0.054070
0.944162 -0.047111
0.947714 -0.040370
0.902086 -0.034065
0.815893 -0.028335
0.703152 -0.023253
0.578614 -0.018843
0.454577 -0.015088
0.339574 -0.011946
0.238423 -0.009357
0.153003 -0.007255
0.083224 -0.005571
0.027880 -0.004239
-0.014725 -0.003197
-0.046391 -0.002013
-0.068825 0.004945
-0.083569 0.030680
-0.091993 0.086935
-0.095316 0.176670
-0.094623 0.293654
-0.090885 0.426222
-0.084965 0.561760
-0.077610 0.689445
-0.069458 0.796733
-0.061026 0.867140
-0.052720 0.888299
-0.044839 0.858270
-0.037586 0.785316
-0.031079 0.683481
-0.025370 0.567727
-0.020461 0.450633
-0.016313 0.341005
-0.012865 0.243900
-0.010041 0.161401
-0.007760 0.093589
-0.005941 0.039408
-0.004508 -0.002697
-0.003014 -0.034397
0.004189 -0.057278
0.030154 -0.072769
0.086542 -0.082138
0.176001 -0.086516
0.286720 -0.086918
0.394080 -0.084258
0.473799 -0.079357
0.512449 -0.072936
0.509332 -0.065617
0.472652 -0.057911
0.414248 -0.050225
0.345682 -0.042865
0.275925 -0.036040
0.210829 -0.029881
0.153479 -0.024451
0.104951 -0.019762
0.065079 -0.015787
0.033072 -0.012472
0.008300 -0.009750
-0.004643 -0.007546
0.006315 -0.005785
0.052080 -0.004395
0.134973 -0.003310
0.248147 -0.002472
0.379377 -0.001832
0.515531 -0.001306
0.645307 -0.000913
0.755731 -0.000622
0.829980 -0.000409
0.855311 -0.000253
0.829530 -0.000139
0.760701 -0.000058
0.662730 0.000000
0.550489 0.000000
0.436509 0.000000
0.329580 0.000000
0.234770 0.000000
0.154188 0.000000
0.087951 0.000000
0.035047 0.000000
-0.006038 0.000000
-0.036556 0.000000
-0.052467 0.000000
-0.042206 0.000000
0.004657 0.000000
0.090002 0.000000
0.206580 0.000000
0.341808 0.000000
0.482291 0.000000
0.616805 0.000000
0.737400 0.000000
0.834496 0.000000
0.893936 0.000000
0.904849 0.000000
0.866046 0.000000
0.786012 0.000000
0.678701 0.000000
0.558851 0.000000
0.438790 0.000000
0.327102 0.000000
0.228673 0.000000
0.145457 0.000000
0.077439 0.000000
0.023485 0.000000
-0.018036 0.000000
-0.048863 0.000378
-0.070657 0.006719
-0.084875 0.031986
-0.092907 0.087849
-0.095938 0.177292
-0.095031 0.294062
-0.091138 0.426096
-0.085104 0.555180
-0.077669 0.657895
-0.069458 0.715604
-0.061026 0.721834
-0.052720 0.682085
-0.044839 0.609088
-0.037586 0.517478
-0.031079 0.420074
-0.025370 0.326174
-0.020461 0.241387
-0.016313 0.168310
-0.012865 0.107464
-0.010041 0.058171
-0.007760 0.019196
-0.005941 -0.010463
-0.004508 -0.026536
-0.003391 -0.017242
-0.002531 0.028058
-0.001832 0.111054
-0.001306 0.219080
-0.000913 0.326735
-0.000622 0.409027
-0.000409 0.451887
-0.000253 0.454056
-0.000139 0.423256
-0.000058 0.370978
0.000000 0.308427
0.000000 0.244355
0.000000 0.184469
0.000000 0.131772
0.000000 0.087306
0.000000 0.050910
0.000000 0.021824
0.000378 -0.000909
0.006719 -0.018225
0.031986 -0.030951
0.087849 -0.039794
0.177292 -0.045361
0.294062 -0.048193
0.426474 -0.048790
0.561900 -0.047617
0.689881 -0.045110
0.803453 -0.041625
0.898749 -0.037569
0.969428 -0.033240
1.003576 -0.028880
0.991530 -0.024673
0.932663 -0.020750
0.835564 -0.017238
0.714039 -0.014124
0.582558 -0.011425
0.453146 -0.009131
0.334096 -0.007214
0.230025 -0.005638
0.142639 -0.004362
0.071696 -0.003341
0.015851 -0.002536
-0.026719 -0.001908
-0.057938 -0.001046
-0.079625 0.005666
-0.093424 0.031212
-0.100793 0.087284
-0.103021 0.176884
-0.101250 0.293810
-0.096493 0.425957
-0.089639 0.555122
-0.081451 0.657895
-0.072572 0.715604
-0.063520 0.721834
-0.054695 0.682085
-0.046386 0.609088
-0.038784 0.517478
-0.031998 0.420074
-0.026069 0.326174
-0.020987 0.241387
-0.016706 0.168310
-0.013156 0.107464
-0.010255 0.058171
-0.007916 0.019196
-0.005677 -0.010840
0.002130 -0.033256
0.028536 -0.049228
0.085318 -0.059791
0.175082 -0.065860
0.286037 -0.068262
0.393575 -0.067753
0.473429 -0.065024
0.512180 -0.060701
0.509138 -0.055335
0.472513 -0.049396
0.414189 -0.043270
0.345682 -0.037255
0.275925 -0.031570
0.210829 -0.026360
0.153479 -0.021707
0.104951 -0.017645
0.065079 -0.014169
0.033072 -0.011247
0.007922 -0.008453
-0.011363 -0.000143
-0.025671 0.026706
-0.035769 0.083823
-0.042320 0.173873
-0.045915 0.285065
-0.047097 0.392795
-0.046369 0.472803
-0.044196 0.511675
-0.041002 0.508768
-0.037160 0.472244
-0.032988 0.413995
-0.028740 0.345542
-0.024614 0.275867
-0.020750 0.210829
-0.017238 0.153479
-0.014124 0.104951
-0.011425 0.065079
-0.009131 0.033072
-0.007214 0.008300
-0.005638 -0.004643
-0.004362 0.006315
-0.003341 0.052080
-0.002536 0.134595
-0.001908 0.241427
-0.001424 0.347391
-0.001054 0.427682
-0.000774 0.468392
-0.000564 0.468388
-0.000409 0.435492
-0.000253 0.381260
-0.000139 0.316941
-0.000058 0.251311
0.000000 0.190078
0.000000 0.136241
0.000000 0.090827
0.000000 0.053654
0.000000 0.023941
0.000000 0.000709
0.000000 -0.017001
0.000000 -0.030033
0.000000 -0.039110
0.000000 -0.044478
0.000000 -0.041104
0.000000 -0.016535
0.000000 0.040426
0.000000 0.132322
0.000000 0.252496
0.000000 0.388527
0.000000 0.521940
0.000000 0.629015
0.000000 0.690932
0.000000 0.701084
0.000000 0.664848
0.000000 0.594964
0.000000 0.506053
0.000000 0.410944
0.000000 0.318960
0.000000 0.235749
0.000000 0.163948
0.000000 0.104123
0.000000 0.055635
0.000000 0.017288
0.000000 -0.011886
0.000000 -0.027590
0.000000 -0.018016
0.000000 0.027493
0.000000 0.111023
0.000000 0.225547
0.000000 0.358204
0.000000 0.490098
0.000000 0.597194
0.000000 0.660270
0.000000 0.672438
0.000000 0.638816
0.000000 0.571833
0.000000 0.485908
0.000000 0.393714
0.000000 0.304467
0.000000 0.223742
0.000000 0.154141
0.000000 0.096217
0.000000 0.049340
0.000000 0.012334
0.000000 -0.015743
0.000000 -0.030562
0.000000 -0.020283
0.000000 0.025780
0.000000 0.109739
0.000000 0.224552
0.000000 0.357808
0.000000 0.496253
0.000000 0.628393
0.000000 0.741146
0.000000 0.817605
0.000000 0.844971
0.000000 0.821015
0.000000 0.753746
0.000000 0.657121
0.000000 0.546019
0.000000 0.432988
0.000000 0.326835
0.000000 0.232653
0.000000 0.152570
0.000000 0.086726
0.000000 0.034128
0.000000 -0.006722
0.000000 -0.037438
0.000000 -0.059556
0.000000 -0.074461
0.000000 -0.083386
0.000000 -0.087052
0.000000 -0.080821
0.000000 -0.052680
0.000000 0.008239
0.000000 0.103838
0.000000 0.221668
0.000000 0.336577
0.000000 0.423826
0.000000 0.469724
0.000000 0.473351
0.000000 0.442771
0.000000 0.389796
0.000000 0.325919
0.000000 0.260139
0.000000 0.198357
0.000000 0.143729
0.000000 0.097405
0.000000 0.059294
0.000000 0.028677
0.000000 0.004612
0.000000 -0.013835
0.000000 -0.027503
0.000000 -0.037075
0.000000 -0.043233
0.000000 -0.046538
0.000000 -0.047506
0.000000 -0.046622
0.000000 -0.044336
0.000000 -0.041060
0.000000 -0.037160
0.000000 -0.032988
0.000000 -0.028740
0.000000 -0.024614
0.000000 -0.020750
0.000000 -0.017238
0.000000 -0.014124
0.000000 -0.011425
0.000000 -0.009131
0.000000 -0.007214
0.000000 -0.005638
0.000000 -0.004362
0.000000 -0.003341
0.000000 -0.002536
0.000000 -0.001908
0.000000 -0.001424
0.000000 -0.001054
0.000000 -0.000774
0.000000 -0.000564
0.000000 -0.000409
0.000000 -0.000253
0.000000 -0.000139
0.000000 -0.000058
0.000000 0.000000
0.000000 0.000000
0.000000 0.000000
0.000000 0.000000
0.000000 0.000000
0.000000 0.000000
0.000000 0.000000
0.000000 0.000000
0.000000 0.000000
0.000000 0.000000
0.000000 0.000000
0.000000 0.000000
0.000000 0.000000
0.000000 0.000000
0.000000 0.000000
0.000000 0.000000
0.000000 0.000000
0.000000 0.000000
0.000000 0.000000
0.000000 0.000000
0.000000 0.000000
0.000000 0.000000
0.000000 0.000000
0.000000 0.000000
0.000000 0.000000
0.000000 0.000000
0.000000 0.000000
0.000000 0.000000
0.000000 0.000000
0.000000 0.000000
0.000000 0.000000
0.000000 0.000000
0.000000 0.000000
0.000000 0.000000
0.000000 0.000000
0.000000 0.000000
0.000000 0.000000
0.000000 0.000000
0.000000 0.000000
0.000000 0.000000
0.000000 0.000000
0.000000 0.000000
0.000000 0.000000
0.000000 0.000000
0.000000 0.000000
0.000000 0.000000
0.000000 0.000000
0.000000 0.000000
0.000000 0.000000
0.000000 0.000000
0.000000 0.000000
0.000000 0.000000
0.000000 0.000000
0.000000 0.000000
0.000000 0.000000
0.000000 0.000000
0.000000 0.000000
0.000000 0.000000
0.000000 0.000000
0.000000 0.000000
0.000000 0.000000
0.000000 0.000000
0.000000 0.000000
0.000000 0.000000
0.000000 0.000000
0.000000 0.000000
0.000000 0.000000
0.000000 0.000000
0.000000 0.000000
0.000000 0.000000
0.000000 0.000000
0.000000 0.000000
