0.000000 0.000000
0.000000 0.000000
0.000000 0.000000
0.000000 0.000000
0.000000 0.000000
0.000000 0.000000
0.000000 0.000000
0.000000 0.000000
0.000000 0.000000
0.000000 0.000000
0.000000 0.000000
0.000000 0.000000
0.000000 0.000000
0.000000 0.000000
0.000000 0.000000
0.000000 0.000000
0.000000 0.000000
0.000000 0.000000
0.000000 0.000000
0.000000 0.000000
0.000000 0.000378
0.000000 0.006719
0.000000 0.031986
0.000000 0.087849
0.000000 0.177292
0.000000 0.294062
0.000000 0.426474
0.000000 0.561522
0.000000 0.683161
0.000000 0.771467
0.000000 0.811278
0.000000 0.798855
0.000000 0.741500
0.000000 0.652904
0.000000 0.548055
0.000000 0.439746
0.000000 0.337061
0.000000 0.245331
0.000000 0.166879
0.000000 0.101987
0.000000 0.049773
0.000000 0.008832
0.000378 -0.022369
0.006719 -0.045284
0.031986 -0.061222
0.087849 -0.071338
0.177292 -0.076660
0.294062 -0.078118
0.426474 -0.076553
0.561900 -0.072729
0.689881 -0.067328
0.803453 -0.060943
0.898749 -0.054070
0.969428 -0.047111
1.003576 -0.040370
0.991530 -0.034065
0.932663 -0.028335
0.835564 -0.023253
0.714039 -0.018843
0.582558 -0.015088
0.453146 -0.011946
0.334096 -0.009357
0.230025 -0.007255
0.142639 -0.005571
0.071696 -0.004239
0.015851 -0.003197
-0.026719 -0.002391
-0.057560 -0.001774
-0.072906 -0.001306
-0.061438 -0.000913
-0.012945 -0.000622
0.074272 -0.000409
0.192812 -0.000253
0.329603 -0.000139
0.465542 -0.000058
0.576443 0.000000
0.643032 0.000000
0.658314 0.000000
0.627390 0.000000
0.562702 0.000000
0.478694 0.000000
0.388076 0.000000
0.300105 0.000000
0.220401 0.000000
0.151604 0.000000
0.094309 0.000000
0.047916 0.000000
0.011280 0.000000
-0.016895 0.000378
-0.037845 0.006719
-0.052678 0.031986
-0.062321 0.087849
-0.067692 0.176914
-0.069569 0.287343
-0.068667 0.394488
-0.065647 0.474051
-0.061110 0.512588
-0.055587 0.509391
-0.049535 0.472652
-0.043328 0.414248
-0.037255 0.345682
-0.031570 0.275925
-0.026360 0.210829
-0.021707 0.153479
-0.017645 0.104951
-0.014169 0.065079
-0.011247 0.033072
-0.008453 0.007922
-0.000143 -0.011363
0.026706 -0.025671
0.083823 -0.035769
0.174251 -0.042320
0.291784 -0.045915
0.424781 -0.047097
0.560652 -0.046369
0.688967 -0.044196
0.802453 -0.041002
0.891998 -0.037160
0.943909 -0.032988
0.947574 -0.028740
0.902028 -0.024614
0.815893 -0.020750
0.703152 -0.017238
0.578614 -0.014124
0.454577 -0.011425
0.339574 -0.009131
0.238423 -0.007214
0.153003 -0.005638
0.083224 -0.004362
0.027880 -0.003341
-0.014725 -0.002536
-0.046013 -0.001908
-0.062105 -0.001424
-0.051583 -0.001054
-0.004145 -0.000774
0.081976 -0.000564
0.199440 -0.000409
0.335589 -0.000253
0.476935 -0.000139
0.611892 -0.000058
0.727276 0.000000
0.806115 0.000000
0.835579 0.000000
0.813431 0.000000
0.747730 0.000000
0.652402 0.000000
0.542356 0.000000
0.430172 0.000000
0.324692 0.000000
0.231036 0.000000
0.151361 0.000000
0.085829 0.000000
0.033467 0.000000
-0.007205 0.000000
-0.037411 0.000000
-0.053089 0.000000
-0.042615 0.000000
0.004404 0.000000
0.089485 0.000000
0.199803 0.000000
0.309822 0.000000
0.394442 0.000000
0.439513 0.000000
0.443716 0.000000
0.414741 0.000000
0.364022 0.000000
0.302817 0.000000
0.239886 0.000000
0.180948 0.000000
0.129028 0.000000
0.085189 0.000000
0.049293 0.000000
0.020600 0.000000
-0.001828 0.000378
-0.018909 0.006719
-0.031456 0.031986
-0.040164 0.087849
-0.045630 0.177292
-0.048388 0.293684
-0.048930 0.419755
-0.047675 0.529914
-0.045110 0.602032
-0.041625 0.626161
-0.037569 0.605064
-0.033240 0.549673
-0.028880 0.473662
-0.024673 0.389498
-0.020750 0.306502
-0.017238 0.230500
-0.014124 0.164366
-0.011425 0.108895
-0.009131 0.063648
-0.007214 0.027594
-0.005260 -0.000476
0.002358 -0.021727
0.028645 -0.037200
0.085312 -0.047797
0.175384 -0.054313
0.292639 -0.057462
0.425420 -0.057898
0.561126 -0.056225
0.688939 -0.052996
0.796325 -0.048707
0.866888 -0.043788
0.888160 -0.038596
0.858212 -0.033414
0.785316 -0.028455
0.683481 -0.023865
0.567727 -0.019732
0.450633 -0.016099
0.341005 -0.012971
0.243900 -0.010328
0.161401 -0.008133
0.093589 -0.006336
0.039408 -0.004888
-0.002697 -0.003734
-0.034397 -0.002449
-0.057278 0.004597
-0.072769 0.030406
-0.082138 0.086682
-0.086516 0.176059
-0.086918 0.286720
-0.084258 0.394080
-0.079357 0.473799
-0.072936 0.512449
-0.065617 0.509332
-0.057911 0.472652
-0.050225 0.414248
-0.042865 0.345682
-0.036040 0.275925
-0.029881 0.210829
-0.024451 0.153479
-0.019762 0.104951
-0.015787 0.065079
-0.012472 0.033072
-0.009372 0.007922
-0.000827 -0.011363
0.026201 -0.025671
0.083453 -0.035769
0.173604 -0.042320
0.284870 -0.045915
0.392656 -0.047097
0.472745 -0.046369
0.511675 -0.044196
0.508768 -0.041002
0.472244 -0.037160
0.413995 -0.032988
0.345542 -0.028740
0.275867 -0.024614
0.210829 -0.020750
0.153479 -0.017238
0.104951 -0.014124
0.065079 -0.011425
0.033072 -0.009131
0.008300 -0.007214
-0.004643 -0.005638
0.006315 -0.004362
0.052080 -0.003341
0.134595 -0.002536
0.241427 -0.001908
0.347391 -0.001424
0.427682 -0.001054
0.468392 -0.000774
0.468388 -0.000564
0.435492 -0.000409
0.381260 -0.000253
0.316941 -0.000139
0.251311 -0.000058
0.190078 0.000000
0.136241 0.000000
0.090827 0.000000
0.053654 0.000000
0.023941 0.000000
0.001086 0.000000
-0.010281 0.000000
0.001953 0.000000
0.048738 0.000000
0.132436 0.000000
0.246239 0.000000
0.377575 0.000000
0.507758 0.000000
0.612924 0.000000
0.674038 0.000000
0.684265 0.000000
0.648845 0.000000
0.580208 0.000000
0.492806 0.000000
0.399324 0.000000
0.308936 0.000000
0.227263 0.000000
0.156885 0.000000
0.098334 0.000000
0.050957 0.000000
0.013558 0.000000
-0.015202 0.000000
-0.036597 0.000000
-0.051764 0.000000
-0.061699 0.000000
-0.067284 0.000378
-0.069316 0.006719
-0.068527 0.031986
-0.065589 0.087849
-0.061110 0.176914
-0.055587 0.287343
-0.049535 0.394488
-0.043328 0.474051
-0.037255 0.512588
-0.031570 0.509391
-0.026360 0.472652
-0.021707 0.414248
-0.017645 0.345682
-0.014169 0.275925
-0.011247 0.210829
-0.008831 0.153479
-0.006862 0.104951
-0.005280 0.065079
-0.004025 0.033072
-0.003041 0.008300
-0.002278 -0.004643
-0.001693 0.006315
-0.001248 0.052080
-0.000913 0.134595
-0.000622 0.241427
-0.000409 0.347391
-0.000253 0.427682
-0.000139 0.468392
-0.000058 0.468388
0.000000 0.435492
0.000000 0.381260
0.000000 0.316941
0.000000 0.251311
0.000000 0.190078
0.000000 0.136241
0.000000 0.090827
0.000000 0.053654
0.000000 0.023941
0.000378 0.000709
0.006719 -0.017001
0.031986 -0.030033
0.087849 -0.039110
0.177292 -0.044856
0.294062 -0.047824
0.426474 -0.048521
0.561900 -0.047423
0.689881 -0.044970
0.803453 -0.041567
0.898749 -0.037569
0.969428 -0.033240
1.003576 -0.028880
0.991530 -0.024673
0.932663 -0.020750
0.835564 -0.017238
0.714039 -0.014124
0.582558 -0.011425
0.453146 -0.009131
0.334096 -0.007214
0.230025 -0.005638
0.142639 -0.004362
0.071696 -0.003341
0.015851 -0.002536
-0.026719 -0.001908
-0.057938 -0.001046
-0.079625 0.005666
-0.093424 0.031212
-0.100793 0.087284
-0.103021 0.176506
-0.101250 0.287090
-0.096493 0.394349
-0.089639 0.473993
-0.081451 0.512588
-0.072572 0.509391
-0.063520 0.472652
-0.054695 0.414248
-0.046386 0.345682
-0.038784 0.275925
-0.031998 0.210829
-0.026069 0.153479
-0.020987 0.104951
-0.016706 0.065079
-0.013156 0.033072
-0.009877 0.007922
-0.001197 -0.011363
0.025932 -0.025671
0.083259 -0.035769
0.173843 -0.042320
0.291532 -0.045915
0.424642 -0.047097
0.560594 -0.046369
0.688967 -0.044196
0.802830 -0.041002
0.898340 -0.037160
0.969176 -0.032988
1.003437 -0.028740
0.991471 -0.024614
0.932663 -0.020750
0.835564 -0.017238
0.714039 -0.014124
0.582558 -0.011425
0.453146 -0.009131
0.334096 -0.007214
0.230025 -0.005638
0.142639 -0.004362
0.071696 -0.003341
0.015851 -0.002536
-0.026719 -0.001908
-0.057560 -0.001424
-0.072906 -0.001054
-0.061438 -0.000774
-0.012945 -0.000564
0.074272 -0.000409
0.192812 -0.000253
0.329981 -0.000139
0.472261 -0.000058
0.608052 0.000000
0.724161 0.000000
0.803620 0.000000
0.833604 0.000000
0.811884 0.000000
0.746532 0.000000
0.651483 0.000000
0.541658 0.000000
0.429646 0.000000
0.324299 0.000000
0.230745 0.000000
0.151147 0.000000
0.085673 0.000000
0.033354 0.000000
-0.007286 0.000000
-0.037469 0.000000
-0.053089 0.000000
-0.042615 0.000000
0.004404 0.000000
0.089863 0.000000
0.206522 0.000000
0.341808 0.000000
0.482291 0.000000
0.616427 0.000000
0.731058 0.000000
0.809229 0.000000
0.838074 0.000000
0.815406 0.000000
0.749276 0.000000
0.653600 0.000000
0.543275 0.000000
0.430871 0.000000
0.325218 0.000000
0.231428 0.000000
0.151652 0.000000
0.086043 0.000000
0.033623 0.000000
-0.007092 0.000000
-0.037707 0.000378
-0.059750 0.006719
-0.074601 0.031986
-0.083444 0.087849
-0.087429 0.177292
-0.087540 0.294062
-0.084666 0.426474
-0.079609 0.561900
-0.073076 0.689503
-0.065675 0.796733
-0.057911 0.867140
-0.050225 0.888299
-0.042865 0.858270
-0.036040 0.785316
-0.029881 0.683481
-0.024451 0.567727
-0.019762 0.450633
-0.015787 0.341005
-0.012472 0.243900
-0.009750 0.161401
-0.007546 0.093589
-0.005785 0.039408
-0.004395 -0.002697
-0.003310 -0.034019
-0.002472 -0.050558
-0.001832 -0.040783
-0.001306 0.005711
-0.000913 0.090398
-0.000622 0.200425
-0.000409 0.310230
-0.000253 0.394695
-0.000139 0.439652
-0.000058 0.443774
0.000000 0.414741
0.000000 0.364022
0.000000 0.302817
0.000000 0.239886
0.000000 0.180948
0.000000 0.129028
0.000000 0.085189
0.000000 0.049293
0.000000 0.020600
0.000000 -0.001450
0.000000 -0.012189
0.000000 0.000530
0.000000 0.047685
0.000000 0.131662
0.000000 0.245674
0.000000 0.377544
0.000000 0.514225
0.000000 0.644393
0.000000 0.755109
0.000000 0.829571
0.000000 0.855059
0.000000 0.829390
0.000000 0.760643
0.000000 0.662730
0.000000 0.550489
0.000000 0.436509
0.000000 0.329580
0.000000 0.234770
0.000000 0.154188
0.000000 0.087951
0.000000 0.035047
0.000000 -0.006038
0.000378 -0.036933
0.006719 -0.059186
0.031986 -0.074192
0.087849 -0.083192
0.177292 -0.087290
0.294062 -0.087482
0.426474 -0.084666
0.561900 -0.079609
0.689881 -0.073076
0.803453 -0.065675
0.898749 -0.057911
0.969428 -0.050225
1.003576 -0.042865
0.991530 -0.036040
0.932663 -0.029881
0.835564 -0.024451
0.714039 -0.019762
0.582558 -0.015787
0.453146 -0.012472
0.334096 -0.009750
0.230025 -0.007546
0.142639 -0.005785
0.071696 -0.004395
0.015851 -0.003310
-0.026719 -0.002472
-0.057938 -0.001454
-0.079625 0.005413
-0.093424 0.031073
-0.100793 0.087226
-0.103021 0.176506
-0.101250 0.287090
-0.096493 0.394349
-0.089639 0.473993
-0.081451 0.512588
-0.072572 0.509391
-0.063520 0.472652
-0.054695 0.414248
-0.046386 0.345682
-0.038784 0.275925
-0.031998 0.210829
-0.026069 0.153479
-0.020987 0.104951
-0.016706 0.065079
-0.013156 0.033072
-0.010255 0.007922
-0.007916 -0.011363
-0.006054 -0.025671
-0.004589 -0.035391
-0.003450 -0.035600
-0.002531 -0.013929
-0.001832 0.040751
-0.001306 0.130545
-0.000913 0.243146
-0.000622 0.353486
-0.000409 0.436891
-0.000253 0.479601
-0.000139 0.480650
-0.000058 0.448038
0.000000 0.393497
0.000000 0.328444
0.000000 0.261801
0.000000 0.199403
0.000000 0.144349
0.000000 0.097738
0.000000 0.059441
0.000000 0.028710
0.000000 0.004959
0.000000 -0.007179
0.000000 0.004407
0.000000 0.050656
0.000000 0.133919
0.000000 0.246995
0.000000 0.372093
0.000000 0.483136
0.000000 0.557583
0.000000 0.585019
0.000000 0.567845
0.000000 0.516686
0.000000 0.444922
0.000000 0.364883
0.000000 0.285752
0.000000 0.213263
0.000000 0.150242
0.000000 0.097470
0.000000 0.054518
0.000000 0.020380
0.000378 -0.006114
0.006719 -0.026089
0.031986 -0.040541
0.087849 -0.050333
0.176914 -0.056222
0.287343 -0.058886
0.394488 -0.058951
0.474051 -0.056999
0.512588 -0.053560
0.509391 -0.049116
0.472652 -0.044040
0.414248 -0.038735
0.345682 -0.033472
0.275925 -0.028455
0.210829 -0.023865
0.153479 -0.019732
0.104951 -0.016099
0.065079 -0.012971
0.033072 -0.010328
0.008300 -0.008133
-0.004643 -0.006336
0.006315 -0.004888
0.052080 -0.003734
0.134973 -0.002827
0.248147 -0.002122
0.379377 -0.001580
0.515153 -0.001167
0.638965 -0.000855
0.730464 -0.000622
0.774117 -0.000409
0.765868 -0.000253
0.712760 -0.000139
0.628290 -0.000058
0.527305 0.000000
0.422508 0.000000
0.322937 0.000000
0.233906 0.000000
0.157748 0.000000
0.094773 0.000000
0.044135 0.000000
0.004470 0.000000
-0.025332 0.000000
-0.041101 0.000000
-0.031144 0.000000
0.015087 0.000000
0.099578 0.000000
0.215170 0.000000
0.348979 0.000000
0.482043 0.000000
0.590314 0.000000
0.654522 0.000000
0.667706 0.000000
0.634975 0.000000
0.568718 0.000000
0.483413 0.000000
0.391740 0.000000
0.302920 0.000000
0.222544 0.000000
0.153222 0.000000
0.095518 0.000000
0.048814 0.000000
0.011941 0.000000
-0.016412 0.000000
-0.037495 0.000000
-0.052425 0.000000
-0.062182 0.000000
-0.067634 0.000378
-0.069569 0.006719
-0.068667 0.031986
-0.065647 0.087849
-0.061110 0.176914
-0.055587 0.287343
-0.049535 0.394488
-0.043328 0.474051
-0.037255 0.512588
-0.031570 0.509391
-0.026360 0.472652
-0.021707 0.414248
-0.017645 0.345682
-0.014169 0.275925
-0.011247 0.210829
-0.008831 0.153479
-0.006862 0.104951
-0.005280 0.065079
-0.004025 0.033072
-0.003041 0.008300
-0.002278 -0.004643
-0.001693 0.006315
-0.001248 0.052080
-0.000913 0.134973
-0.000622 0.248147
-0.000409 0.379377
-0.000253 0.515153
-0.000139 0.638965
-0.000058 0.730464
0.000000 0.774117
0.000000 0.765868
0.000000 0.712760
0.000000 0.628290
0.000000 0.527305
0.000000 0.422508
0.000000 0.322937
0.000000 0.233906
0.000000 0.157748
0.000000 0.094773
0.000000 0.044135
0.000000 0.004470
0.000000 -0.025710
0.000000 -0.047820
0.000000 -0.063130
0.000000 -0.072384
0.000000 -0.070995
0.000000 -0.046906
0.000000 0.010731
0.000000 0.104154
0.000000 0.226481
0.000000 0.365392
0.000000 0.507772
0.000000 0.642770
0.000000 0.762705
0.000000 0.858342
0.000000 0.915827
0.000000 0.924460
0.000000 0.883243
0.000000 0.800804
0.000000 0.691207
0.000000 0.569257
0.000000 0.447322
0.000000 0.334002
0.000000 0.234184
0.000000 0.149806
0.000000 0.080833
0.000000 0.026106
0.000000 -0.016032
0.000378 -0.047304
0.006719 -0.069447
0.031986 -0.083977
0.087849 -0.092246
0.177292 -0.095455
0.294062 -0.094681
0.426096 -0.090885
0.555180 -0.084965
0.657895 -0.077610
0.715604 -0.069458
0.721834 -0.061026
0.682085 -0.052720
0.609088 -0.044839
0.517478 -0.037586
0.420074 -0.031079
0.326174 -0.025370
0.241387 -0.020461
0.168310 -0.016313
0.107464 -0.012865
0.058171 -0.010041
0.019196 -0.007760
-0.010840 -0.005563
-0.033256 0.002211
-0.049228 0.028595
-0.059791 0.085318
-0.065860 0.175460
-0.068262 0.292756
-0.067753 0.425183
-0.065024 0.554558
-0.060701 0.657486
-0.055335 0.715352
-0.049396 0.721695
-0.043270 0.682027
-0.037255 0.609088
-0.031570 0.517478
-0.026360 0.420074
-0.021707 0.326174
-0.017645 0.241387
-0.014169 0.168310
-0.011247 0.107464
-0.008831 0.058171
-0.006862 0.019196
-0.005280 -0.010840
-0.004025 -0.033256
-0.003041 -0.049228
-0.002278 -0.059791
-0.001693 -0.065482
-0.001248 -0.061543
-0.000913 -0.035767
-0.000622 0.022824
-0.000409 0.116591
-0.000253 0.238350
-0.000139 0.370359
-0.000058 0.486644
0.000000 0.564777
0.000000 0.594591
0.000000 0.578704
0.000000 0.527966
0.000000 0.456017
0.000000 0.375328
0.000000 0.295255
0.000000 0.221669
0.000000 0.157504
0.000000 0.103615
0.000000 0.059623
0.000000 0.024553
0.000000 -0.002754
0.000000 -0.023420
0.000000 -0.038448
0.000000 -0.048711
0.000000 -0.054936
0.000000 -0.057871
0.000000 -0.058150
0.000000 -0.056364
0.000000 -0.053054
0.000000 -0.048707
0.000000 -0.043788
0.000000 -0.038596
0.000000 -0.033414
0.000000 -0.028455
0.000000 -0.023865
0.000000 -0.019732
0.000000 -0.016099
0.000000 -0.012971
0.000000 -0.010328
0.000000 -0.008133
0.000000 -0.006336
0.000000 -0.004888
0.000000 -0.003734
0.000000 -0.002827
0.000000 -0.002122
0.000000 -0.001580
0.000000 -0.001167
0.000000 -0.000855
0.000000 -0.000622
0.000000 -0.000409
0.000000 -0.000253
0.000000 -0.000139
0.000000 -0.000058
0.000000 0.000000
0.000000 0.000000
0.000000 0.000000
0.000000 0.000000
0.000000 0.000000
0.000000 0.000000
0.000000 0.000000
0.000000 0.000000
0.000000 0.000000
0.000000 0.000000
0.000000 0.000000
0.000000 0.000000
0.000000 0.000000
0.000000 0.000000
0.000000 0.000000
0.000000 0.000000
0.000000 0.000000
0.000000 0.000000
0.000000 0.000000
0.000000 0.000000
0.000000 0.000000
0.000000 0.000000
0.000000 0.000000
0.000000 0.000000
0.000000 0.000000
0.000000 0.000000
0.000000 0.000000
0.000000 0.000000
0.000000 0.000000
0.000000 0.000000
0.000000 0.000000
0.000000 0.000000
0.000000 0.000000
0.000000 0.000000
0.000000 0.000000
0.000000 0.000000
0.000000 0.000000
0.000000 0.000000
0.000000 0.000000
0.000000 0.000000
0.000000 0.000000
0.000000 0.000000
0.000000 0.000000
0.000000 0.000000
0.000000 0.000000
0.000000 0.000000
0.000000 0.000000
0.000000 0.000000
0.000000 0.000000
0.000000 0.000000
0.000000 0.000000
0.000000 0.000000
0.000000 0.000000
0.000000 0.000000
0.000000 0.000000
0.000000 0.000000
0.000000 0.000000
0.000000 0.000000
0.000000 0.000000
0.000000 0.000000
0.000000 0.000000
0.000000 0.000000
0.000000 0.000000
0.000000 0.000000
0.000000 0.000000
