0.000000 0.000000
0.000000 0.000000
0.000000 0.000000
0.000000 0.000000
0.000000 0.000000
0.000000 0.000000
0.000000 0.000000
0.000000 0.000000
0.000000 0.000000
0.000000 0.000000
0.000000 0.000000
0.000000 0.000000
0.000000 0.000000
0.000000 0.000000
0.000000 0.000000
0.000378 0.000000
0.006719 0.000000
0.031986 0.000000
0.087849 0.000000
0.176914 0.000000
0.287343 0.000000
0.394488 0.000000
0.474051 0.000000
0.512588 0.000000
0.509391 0.000000
0.472652 0.000000
0.414248 0.000000
0.345682 0.000000
0.275925 0.000000
0.210829 0.000000
0.153479 0.000000
0.104951 0.000000
0.065079 0.000000
0.033072 0.000000
0.007922 0.000378
-0.011363 0.006719
-0.025671 0.031986
-0.035769 0.087849
-0.042320 0.177292
-0.045915 0.294062
-0.047097 0.426096
-0.046369 0.555180
-0.044196 0.657895
-0.041002 0.715604
-0.037160 0.721834
-0.032988 0.682085
-0.028740 0.609088
-0.024614 0.517478
-0.020750 0.420074
-0.017238 0.326174
-0.014124 0.241387
-0.011425 0.168310
-0.009131 0.107464
-0.007214 0.058171
-0.005638 0.019196
-0.004362 -0.010840
-0.003341 -0.033256
-0.002536 -0.049228
-0.001908 -0.059791
-0.001424 -0.065860
-0.001054 -0.067885
-0.000774 -0.061034
-0.000564 -0.033038
-0.000409 0.027148
-0.000253 0.121957
-0.000139 0.244666
-0.000058 0.383204
0.000000 0.524645
0.000000 0.658311
0.000000 0.777093
0.000000 0.877041
0.000000 0.951783
0.000000 0.989407
0.000000 0.980282
0.000000 0.923832
0.000000 0.828702
0.000000 0.708759
0.000000 0.578532
0.000000 0.450105
0.000000 0.331818
0.000000 0.228332
0.000000 0.141391
0.000000 0.070782
0.000000 0.015229
0.000000 -0.027128
0.000378 -0.058190
0.006719 -0.079764
0.031986 -0.093483
0.087849 -0.100793
0.177292 -0.103021
0.294062 -0.101250
0.426474 -0.096493
0.561900 -0.089639
0.689503 -0.081451
0.796733 -0.072572
0.867140 -0.063520
0.888299 -0.054695
0.858270 -0.046386
0.785316 -0.038784
0.683481 -0.031998
0.567727 -0.026069
0.450633 -0.020987
0.341005 -0.016706
0.243900 -0.013156
0.161401 -0.010255
0.093589 -0.007916
0.039408 -0.006054
-0.002697 -0.004589
-0.034397 -0.003072
-0.057278 0.004189
-0.072769 0.030154
-0.082138 0.086542
-0.086516 0.176379
-0.086918 0.293440
-0.084258 0.426066
-0.079357 0.561647
-0.072936 0.689741
-0.065617 0.803017
-0.057911 0.892407
-0.050225 0.944162
-0.042865 0.947714
-0.036040 0.902086
-0.029881 0.815893
-0.024451 0.703152
-0.019762 0.578614
-0.015787 0.454577
-0.012472 0.339574
-0.009750 0.238423
-0.007546 0.153003
-0.005785 0.083224
-0.004395 0.027880
-0.003310 -0.014725
-0.002472 -0.046013
-0.001832 -0.062105
-0.001306 -0.051583
-0.000913 -0.004145
-0.000622 0.081976
-0.000409 0.199440
-0.000253 0.335589
-0.000139 0.476935
-0.000058 0.612270
0.000000 0.733995
0.000000 0.837723
0.000000 0.916708
0.000000 0.958737
0.000000 0.953944
0.000000 0.901584
0.000000 0.810194
0.000000 0.693579
0.000000 0.566245
0.000000 0.440281
0.000000 0.324055
0.000000 0.222265
0.000000 0.136698
0.000000 0.067187
0.000000 0.012460
0.000000 -0.029250
0.000378 -0.059770
0.006719 -0.080931
0.031986 -0.094338
0.087849 -0.101416
0.177292 -0.103429
0.294062 -0.101503
0.426474 -0.096633
0.561900 -0.089697
0.689503 -0.081451
0.796733 -0.072572
0.867140 -0.063520
0.888299 -0.054695
0.858270 -0.046386
0.785316 -0.038784
0.683481 -0.031998
0.567727 -0.026069
0.450633 -0.020987
0.341005 -0.016706
0.243900 -0.013156
0.161401 -0.010255
0.093589 -0.007916
0.039408 -0.006054
-0.002697 -0.004589
-0.034019 -0.003450
-0.050558 -0.002531
-0.040783 -0.001832
0.005711 -0.001306
0.090776 -0.000913
0.207145 -0.000622
0.342216 -0.000409
0.482543 -0.000253
0.616944 -0.000139
0.737836 -0.000058
0.840838 0.000000
0.919203 0.000000
0.960712 0.000000
0.955490 0.000000
0.902782 0.000000
0.811113 0.000000
0.694277 0.000000
0.566771 0.000000
0.440674 0.000000
0.324346 0.000000
0.222479 0.000000
0.136854 0.000000
0.067301 0.000000
0.012541 0.000000
-0.029192 0.000000
-0.059392 0.000000
-0.074212 0.000000
-0.062352 0.000000
-0.013567 0.000000
0.073863 0.000000
0.192560 0.000000
0.329464 0.000000
0.465484 0.000000
0.576443 0.000000
0.643032 0.000000
0.658314 0.000000
0.627390 0.000000
0.562702 0.000000
0.478694 0.000000
0.388076 0.000000
0.300105 0.000000
0.220401 0.000000
0.151604 0.000000
0.094309 0.000000
0.047916 0.000000
0.011280 0.000000
-0.016895 0.000378
-0.037845 0.006719
-0.052678 0.031986
-0.062321 0.087849
-0.067692 0.176914
-0.069569 0.287343
-0.068667 0.394488
-0.065647 0.474051
-0.061110 0.512588
-0.055587 0.509391
-0.049535 0.472652
-0.043328 0.414248
-0.037255 0.345682
-0.031570 0.275925
-0.026360 0.210829
-0.021707 0.153479
-0.017645 0.104951
-0.014169 0.065079
-0.011247 0.033072
-0.008453 0.007922
-0.000143 -0.011363
0.026706 -0.025671
0.083823 -0.035769
0.173873 -0.042320
0.285065 -0.045915
0.392795 -0.047097
0.472803 -0.046369
0.511675 -0.044196
0.508768 -0.041002
0.472244 -0.037160
0.413995 -0.032988
0.345542 -0.028740
0.275867 -0.024614
0.210829 -0.020750
0.153479 -0.017238
0.104951 -0.014124
0.065079 -0.011425
0.033072 -0.009131
0.007922 -0.006836
-0.011363 0.001081
-0.025671 0.027625
-0.035769 0.084507
-0.042320 0.174378
-0.045915 0.285435
-0.047097 0.393064
-0.046369 0.472998
-0.044196 0.511815
-0.041002 0.508826
-0.037160 0.472244
-0.032988 0.413995
-0.028740 0.345542
-0.024614 0.275867
-0.020750 0.210829
-0.017238 0.153479
-0.014124 0.104951
-0.011425 0.065079
-0.009131 0.033072
-0.006836 0.007922
0.001081 -0.011363
0.027625 -0.025671
0.084507 -0.035769
0.174756 -0.042320
0.292154 -0.045915
0.425050 -0.047097
0.560846 -0.046369
0.688729 -0.044196
0.796169 -0.041002
0.866732 -0.037160
0.888047 -0.032988
0.858131 -0.028740
0.785258 -0.024614
0.683481 -0.020750
0.567727 -0.017238
0.450633 -0.014124
0.341005 -0.011425
0.243900 -0.009131
0.161401 -0.007214
0.093589 -0.005638
0.039408 -0.004362
-0.002697 -0.003341
-0.034019 -0.002536
-0.050558 -0.001908
-0.040783 -0.001424
0.005711 -0.001054
0.090776 -0.000774
0.207145 -0.000564
0.342216 -0.000409
0.482165 -0.000253
0.610225 -0.000139
0.705850 -0.000058
0.753367 0.000000
0.748630 0.000000
0.698635 0.000000
0.616864 0.000000
0.518174 0.000000
0.415295 0.000000
0.317299 0.000000
0.229545 0.000000
0.154407 0.000000
0.092237 0.000000
0.042227 0.000000
0.003046 0.000000
-0.026764 0.000378
-0.048594 0.006719
-0.063694 0.031986
-0.073170 0.087849
-0.077967 0.177292
-0.079031 0.294062
-0.077175 0.426474
-0.073138 0.561900
-0.067581 0.689503
-0.061082 0.796733
-0.054128 0.867140
-0.047111 0.888299
-0.040370 0.858270
-0.034065 0.785316
-0.028335 0.683481
-0.023253 0.567727
-0.018843 0.450633
-0.015088 0.341005
-0.011946 0.243900
-0.009357 0.161401
-0.007255 0.093589
-0.005571 0.039408
-0.004239 -0.002697
-0.002819 -0.034397
0.004328 -0.057278
0.030212 -0.072769
0.086542 -0.082138
0.176001 -0.086516
0.286720 -0.086918
0.394080 -0.084258
0.473799 -0.079357
0.512449 -0.072936
0.509332 -0.065617
0.472652 -0.057911
0.414248 -0.050225
0.345682 -0.042865
0.275925 -0.036040
0.210829 -0.029881
0.153479 -0.024451
0.104951 -0.019762
0.065079 -0.015787
0.033072 -0.012472
0.007922 -0.009372
-0.011363 -0.000827
-0.025671 0.026201
-0.035769 0.083453
-0.042320 0.173982
-0.045915 0.291590
-0.047097 0.424642
-0.046369 0.560216
-0.044196 0.682248
-0.041002 0.770844
-0.037160 0.810869
-0.032988 0.798603
-0.028740 0.741361
-0.024614 0.652846
-0.020750 0.548055
-0.017238 0.439746
-0.014124 0.337061
-0.011425 0.245331
-0.009131 0.166879
-0.007214 0.101987
-0.005638 0.049773
-0.004362 0.008832
-0.003341 -0.022369
-0.002536 -0.045284
-0.001908 -0.060844
-0.001424 -0.064618
-0.001054 -0.044674
-0.000774 0.009731
-0.000564 0.100739
-0.000409 0.221333
-0.000253 0.359146
-0.000139 0.500957
-0.000058 0.635433
0.000000 0.749623
0.000000 0.826770
0.000000 0.854234
0.000000 0.829935
0.000000 0.762062
0.000000 0.664637
0.000000 0.552638
0.000000 0.438687
0.000000 0.331648
0.000000 0.236645
0.000000 0.155830
0.000000 0.089350
0.000000 0.036211
0.000000 -0.005088
0.000378 -0.036171
0.006719 -0.058584
0.031986 -0.073682
0.087849 -0.082760
0.177292 -0.086924
0.294062 -0.087170
0.426096 -0.084397
0.555180 -0.079415
0.657895 -0.072936
0.715604 -0.065617
0.721834 -0.057911
0.682085 -0.050225
0.609088 -0.042865
0.517478 -0.036040
0.420074 -0.029881
0.326174 -0.024451
0.241387 -0.019762
0.168310 -0.015787
0.107464 -0.012472
0.058171 -0.009750
0.019196 -0.007546
-0.010840 -0.005407
-0.033256 0.002324
-0.049228 0.028676
-0.059791 0.085376
-0.065860 0.175460
-0.068262 0.292756
-0.067753 0.425561
-0.065024 0.561278
-0.060701 0.689472
-0.055335 0.803200
-0.049396 0.898609
-0.043270 0.969370
-0.037255 1.003576
-0.031570 0.991530
-0.026360 0.932663
-0.021707 0.835564
-0.017645 0.714039
-0.014169 0.582558
-0.011247 0.453146
-0.008831 0.334096
-0.006862 0.230025
-0.005280 0.142639
-0.004025 0.071696
-0.003041 0.015851
-0.002278 -0.026719
-0.001693 -0.057938
-0.001248 -0.079625
-0.000536 -0.093424
0.006097 -0.100793
0.031578 -0.103021
0.087596 -0.101250
0.176775 -0.096493
0.287285 -0.089639
0.394488 -0.081451
0.474051 -0.072572
0.512588 -0.063520
0.509391 -0.054695
0.472652 -0.046386
0.414248 -0.038784
0.345682 -0.031998
0.275925 -0.026069
0.210829 -0.020987
0.153479 -0.016706
0.104951 -0.013156
0.065079 -0.010255
0.033072 -0.007916
0.007922 -0.005677
-0.011363 0.002130
-0.025671 0.028536
-0.035769 0.085318
-0.042320 0.175460
-0.045915 0.292756
-0.047097 0.425561
-0.046369 0.560900
-0.044196 0.682753
-0.041002 0.771214
-0.037160 0.811138
-0.032988 0.798797
-0.028740 0.741500
-0.024614 0.652904
-0.020750 0.548055
-0.017238 0.439746
-0.014124 0.337061
-0.011425 0.245331
-0.009131 0.166879
-0.007214 0.101987
-0.005638 0.049773
-0.004362 0.008832
-0.003341 -0.022369
-0.002536 -0.045284
-0.001908 -0.061222
-0.001424 -0.070960
-0.001054 -0.069941
-0.000774 -0.046132
-0.000564 0.011296
-0.000409 0.104563
-0.000253 0.226734
-0.000139 0.365531
-0.000058 0.507830
0.000000 0.642392
0.000000 0.756363
0.000000 0.833075
0.000000 0.859964
0.000000 0.835017
0.000000 0.766473
0.000000 0.668392
0.000000 0.555781
0.000000 0.441276
0.000000 0.333750
0.000000 0.238329
0.000000 0.157162
0.000000 0.090392
0.000000 0.037017
0.000000 -0.004471
0.000378 -0.035703
0.006719 -0.058191
0.031986 -0.073391
0.087849 -0.082546
0.177292 -0.086768
0.293684 -0.087057
0.419755 -0.084316
0.529914 -0.079357
0.602032 -0.072936
0.626161 -0.065617
0.605064 -0.057911
0.549673 -0.050225
0.473662 -0.042865
0.389498 -0.036040
0.306502 -0.029881
0.230500 -0.024451
0.164366 -0.019762
0.108895 -0.015787
0.063648 -0.012472
0.027594 -0.009750
-0.000476 -0.007546
-0.021727 -0.005785
-0.036822 -0.004395
-0.041078 -0.003310
-0.022327 -0.002472
0.030386 -0.001832
0.119394 -0.001306
0.237838 -0.000913
0.373100 -0.000622
0.506473 -0.000409
0.614107 -0.000253
0.677009 -0.000139
0.688420 -0.000058
0.653630 0.000000
0.585223 0.000000
0.497746 0.000000
0.403975 0.000000
0.313202 0.000000
0.231059 0.000000
0.160177 0.000000
0.101128 0.000000
0.053283 0.000000
0.015462 0.000000
-0.013290 0.000000
-0.028658 0.000000
-0.018822 0.000000
0.026891 0.000000
0.110577 0.000000
0.225177 0.000000
0.358312 0.000000
0.496245 0.000000
0.622321 0.000000
0.716074 0.000000
0.761882 0.000000
0.755586 0.000000
0.704245 0.000000
0.621334 0.000000
0.521695 0.000000
0.418039 0.000000
0.319415 0.000000
0.231162 0.000000
0.155631 0.000000
0.093156 0.000000
0.042910 0.000000
0.003551 0.000000
-0.026394 0.000378
-0.048325 0.006719
-0.063500 0.031986
-0.073030 0.087849
-0.077909 0.176914
-0.079031 0.287343
-0.077175 0.394488
-0.073138 0.474051
-0.067581 0.512588
-0.061082 0.509391
-0.054128 0.472652
-0.047111 0.414248
-0.040370 0.345682
-0.034065 0.275925
-0.028335 0.210829
-0.023253 0.153479
-0.018843 0.104951
-0.015088 0.065079
-0.011946 0.033072
-0.008979 0.007922
-0.000536 -0.011363
0.026415 -0.025671
0.083610 -0.035769
0.173717 -0.042320
0.284952 -0.045915
0.392714 -0.047097
0.472745 -0.046369
0.511675 -0.044196
0.508768 -0.041002
0.472244 -0.037160
0.413995 -0.032988
0.345542 -0.028740
0.275867 -0.024614
0.210829 -0.020750
0.153479 -0.017238
0.104951 -0.014124
0.065079 -0.011425
0.033072 -0.009131
0.008300 -0.007214
-0.004643 -0.005638
0.006315 -0.004362
0.052080 -0.003341
0.134973 -0.002536
0.248147 -0.001908
0.379377 -0.001424
0.515153 -0.001054
0.638965 -0.000774
0.730464 -0.000564
0.774117 -0.000409
0.765868 -0.000253
0.712760 -0.000139
0.628290 -0.000058
0.527305 0.000000
0.422508 0.000000
0.322937 0.000000
0.233906 0.000000
0.157748 0.000000
0.094773 0.000000
0.044135 0.000000
0.004470 0.000000
-0.025332 0.000000
-0.041101 0.000000
-0.031144 0.000000
0.015087 0.000000
0.099578 0.000000
0.215170 0.000000
0.349357 0.000000
0.488384 0.000000
0.615580 0.000000
0.710384 0.000000
0.757150 0.000000
0.751745 0.000000
0.701130 0.000000
0.618839 0.000000
0.519720 0.000000
0.416493 0.000000
0.318218 0.000000
0.230243 0.000000
0.154933 0.000000
0.092630 0.000000
0.042518 0.000000
0.003260 0.000000
-0.026608 0.000000
-0.048481 0.000000
-0.063613 0.000000
-0.073112 0.000000
-0.077967 0.000000
-0.078654 0.000000
-0.070456 0.000000
-0.041152 0.000000
0.020268 0.000000
0.116210 0.000000
0.239934 0.000000
0.379364 0.000000
0.521530 0.000000
0.655816 0.000000
0.775118 0.000000
0.875495 0.000000
0.950585 0.000000
0.988488 0.000000
0.979584 0.000000
0.923306 0.000000
0.828309 0.000000
0.708468 0.000000
0.578319 0.000000
0.449949 0.000000
0.331705 0.000000
0.228251 0.000000
0.141333 0.000000
0.070782 0.000000
0.015229 0.000000
-0.027128 0.000000
-0.058190 0.000378
-0.079764 0.006719
-0.093483 0.031986
-0.100793 0.087849
-0.103021 0.177292
-0.101250 0.294062
-0.096493 0.426096
-0.089639 0.555180
-0.081451 0.657895
-0.072572 0.715604
-0.063520 0.721834
-0.054695 0.682085
-0.046386 0.609088
-0.038784 0.517478
-0.031998 0.420074
-0.026069 0.326174
-0.020987 0.241387
-0.016706 0.168310
-0.013156 0.107464
-0.010255 0.058171
-0.007916 0.019196
-0.006054 -0.010840
-0.004589 -0.033256
-0.003450 -0.049228
-0.002531 -0.059791
-0.001832 -0.065860
-0.001306 -0.067885
-0.000913 -0.061034
-0.000622 -0.033038
-0.000409 0.027148
-0.000253 0.121957
-0.000139 0.244666
-0.000058 0.383204
0.000000 0.524645
0.000000 0.658311
0.000000 0.776715
0.000000 0.870700
0.000000 0.926516
0.000000 0.933544
0.000000 0.890838
0.000000 0.807061
0.000000 0.696290
0.000000 0.573333
0.000000 0.450552
0.000000 0.336533
0.000000 0.236145
0.000000 0.151311
0.000000 0.081976
0.000000 0.026966
0.000000 -0.015348
0.000000 -0.046422
0.000000 -0.062358
0.000000 -0.051722
0.000000 -0.004203
0.000000 0.081976
0.000000 0.199440
0.000000 0.335589
0.000000 0.476935
0.000000 0.611892
0.000000 0.727276
0.000000 0.806115
0.000000 0.835579
0.000000 0.813431
0.000000 0.747730
0.000000 0.652402
0.000000 0.542356
0.000000 0.430172
0.000000 0.324692
0.000000 0.231036
0.000000 0.151361
0.000000 0.085829
0.000000 0.033467
0.000000 -0.007205
0.000000 -0.037789
0.000000 -0.059809
0.000000 -0.074601
0.000000 -0.083444
0.000000 -0.087429
0.000000 -0.087162
0.000000 -0.077947
0.000000 -0.047623
0.000000 0.014773
0.000000 0.111617
0.000000 0.236151
0.000000 0.376249
0.000000 0.519035
0.000000 0.653463
0.000000 0.766852
0.000000 0.842689
0.000000 0.868537
0.000000 0.842483
0.000000 0.772844
0.000000 0.673731
0.000000 0.560180
0.000000 0.444848
0.000000 0.336610
0.000000 0.240590
0.000000 0.158929
0.000000 0.091757
0.000000 0.038102
0.000000 -0.003610
0.000000 -0.034642
0.000000 -0.050967
0.000000 -0.041035
0.000000 0.005571
0.000000 0.090340
0.000000 0.200425
0.000000 0.310230
0.000000 0.394695
0.000000 0.439652
0.000000 0.443774
0.000000 0.414741
0.000000 0.364022
0.000000 0.302817
0.000000 0.239886
0.000000 0.180948
0.000000 0.129028
0.000000 0.085189
0.000000 0.049293
0.000000 0.020600
0.000000 -0.001828
0.000000 -0.018909
0.000000 -0.031456
0.000000 -0.040164
0.000000 -0.045630
0.000000 -0.048388
0.000000 -0.048930
0.000000 -0.047675
0.000000 -0.045110
0.000000 -0.041625
0.000000 -0.037569
0.000000 -0.033240
0.000000 -0.028880
0.000000 -0.024673
0.000000 -0.020750
0.000000 -0.017238
0.000000 -0.014124
0.000000 -0.011425
0.000000 -0.009131
0.000000 -0.007214
0.000000 -0.005638
0.000000 -0.004362
0.000000 -0.003341
0.000000 -0.002536
0.000000 -0.001908
0.000000 -0.001424
0.000000 -0.001054
0.000000 -0.000774
0.000000 -0.000564
0.000000 -0.000409
0.000000 -0.000253
0.000000 -0.000139
0.000000 -0.000058
0.000000 0.000000
0.000000 0.000000
0.000000 0.000000
0.000000 0.000000
0.000000 0.000000
0.000000 0.000000
0.000000 0.000000
0.000000 0.000000
0.000000 0.000000
0.000000 0.000000
0.000000 0.000000
0.000000 0.000000
0.000000 0.000000
0.000000 0.000000
0.000000 0.000000
0.000000 0.000000
0.000000 0.000000
0.000000 0.000000
0.000000 0.000000
0.000000 0.000000
0.000000 0.000000
0.000000 0.000000
0.000000 0.000000
0.000000 0.000000
0.000000 0.000000
0.000000 0.000000
0.000000 0.000000
0.000000 0.000000
0.000000 0.000000
0.000000 0.000000
0.000000 0.000000
0.000000 0.000000
0.000000 0.000000
0.000000 0.000000
0.000000 0.000000
0.000000 0.000000
0.000000 0.000000
0.000000 0.000000
