0.000000 0.000000
0.000000 0.000000
0.000000 0.000000
0.000000 0.000000
0.000000 0.000000
0.000000 0.000000
0.000000 0.000000
0.000000 0.000000
0.000000 0.000000
0.000000 0.000000
0.000000 0.000000
0.000000 0.000000
0.000000 0.000000
0.000000 0.000000
0.000000 0.000000
0.000000 0.000378
0.000000 0.006719
0.000000 0.031986
0.000000 0.087849
0.000000 0.176914
0.000000 0.287343
0.000000 0.394488
0.000000 0.474051
0.000000 0.512588
0.000000 0.509391
0.000000 0.472652
0.000000 0.414248
0.000000 0.345682
0.000000 0.275925
0.000000 0.210829
0.000000 0.153479
0.000000 0.104951
0.000000 0.065079
0.000000 0.033072
0.000378 0.007922
0.006719 -0.011363
0.031986 -0.025671
0.087849 -0.035769
0.177292 -0.042320
0.294062 -0.045915
0.426096 -0.047097
0.555180 -0.046369
0.657895 -0.044196
0.715604 -0.041002
0.721834 -0.037160
0.682085 -0.032988
0.609088 -0.028740
0.517478 -0.024614
0.420074 -0.020750
0.326174 -0.017238
0.241387 -0.014124
0.168310 -0.011425
0.107464 -0.009131
0.058171 -0.007214
0.019196 -0.005638
-0.010840 -0.004362
-0.033256 -0.003341
-0.049228 -0.002536
-0.059791 -0.001908
-0.065860 -0.001424
-0.068262 -0.000676
-0.067753 0.005946
-0.065024 0.031422
-0.060701 0.087440
-0.055335 0.177040
-0.049396 0.293923
-0.043270 0.426416
-0.037255 0.561900
-0.031570 0.689881
-0.026360 0.803075
-0.021707 0.892407
-0.017645 0.944162
-0.014169 0.947714
-0.011247 0.902086
-0.008831 0.815893
-0.006862 0.703152
-0.005280 0.578614
-0.004025 0.454577
-0.003041 0.339574
-0.002278 0.238423
-0.001693 0.153003
-0.001248 0.083224
-0.000913 0.027880
-0.000622 -0.014725
-0.000409 -0.046391
-0.000253 -0.068825
-0.000139 -0.083569
0.000320 -0.091993
0.006719 -0.095316
0.031986 -0.094623
0.087849 -0.090885
0.177292 -0.084965
0.293684 -0.077610
0.419755 -0.069458
0.529914 -0.061026
0.602032 -0.052720
0.626161 -0.044839
0.605064 -0.037586
0.549673 -0.031079
0.473662 -0.025370
0.389498 -0.020461
0.306502 -0.016313
0.230500 -0.012865
0.164366 -0.010041
0.108895 -0.007760
0.063648 -0.005941
0.027594 -0.004508
-0.000476 -0.003391
-0.021727 -0.002531
-0.037200 -0.001454
-0.047797 0.005413
-0.054313 0.031073
-0.057462 0.087226
-0.057898 0.176506
-0.056225 0.287090
-0.052996 0.394349
-0.048707 0.473993
-0.043788 0.512588
-0.038596 0.509391
-0.033414 0.472652
-0.028455 0.414248
-0.023865 0.345682
-0.019732 0.275925
-0.016099 0.210829
-0.012971 0.153479
-0.010328 0.104951
-0.008133 0.065079
-0.006336 0.033072
-0.004510 0.007922
0.002985 -0.011363
0.029159 -0.025671
0.085726 -0.035769
0.175712 -0.042320
0.292895 -0.045915
0.425619 -0.047097
0.561278 -0.046369
0.689094 -0.044196
0.796481 -0.041002
0.867001 -0.037160
0.888241 -0.032988
0.858270 -0.028740
0.785316 -0.024614
0.683481 -0.020750
0.567727 -0.017238
0.450633 -0.014124
0.341005 -0.011425
0.243900 -0.009131
0.161401 -0.007214
0.093589 -0.005638
0.039408 -0.004362
-0.002697 -0.003341
-0.034397 -0.002536
-0.057278 -0.001908
-0.072769 -0.001424
-0.082138 -0.001054
-0.086138 -0.000774
-0.080198 -0.000564
-0.052272 -0.000409
0.008492 -0.000253
0.104356 -0.000139
0.228445 -0.000058
0.368186 0.000000
0.504955 0.000000
0.615030 0.000000
0.679565 0.000000
0.691953 0.000000
0.657634 0.000000
0.589326 0.000000
0.501691 0.000000
0.407602 0.000000
0.316424 0.000000
0.233841 0.000000
0.162525 0.000000
0.103069 0.000000
0.054861 0.000000
0.016724 0.000000
-0.012295 0.000000
-0.027843 0.000000
-0.018155 0.000000
0.027435 0.000000
0.110646 0.000000
0.218828 0.000000
0.326595 0.000000
0.408969 0.000000
0.451887 0.000000
0.454056 0.000000
0.423256 0.000000
0.370978 0.000000
0.308427 0.000000
0.244355 0.000000
0.184469 0.000000
0.131772 0.000000
0.087306 0.000000
0.050910 0.000000
0.021824 0.000000
-0.000909 0.000378
-0.018225 0.006719
-0.030951 0.031986
-0.039794 0.087849
-0.045361 0.177292
-0.048193 0.294062
-0.048790 0.426474
-0.047617 0.561900
-0.045110 0.689881
-0.041625 0.803453
-0.037569 0.898749
-0.033240 0.969428
-0.028880 1.003576
-0.024673 0.991530
-0.020750 0.932663
-0.017238 0.835564
-0.014124 0.714039
-0.011425 0.582558
-0.009131 0.453146
-0.007214 0.334096
-0.005638 0.230025
-0.004362 0.142639
-0.003341 0.071696
-0.002536 0.015851
-0.001908 -0.026719
-0.001046 -0.057938
0.005666 -0.079625
0.031212 -0.093424
0.087284 -0.100793
0.176884 -0.103021
0.293432 -0.101250
0.419615 -0.096493
0.529856 -0.089639
0.602032 -0.081451
0.626161 -0.072572
0.605064 -0.063520
0.549673 -0.054695
0.473662 -0.046386
0.389498 -0.038784
0.306502 -0.031998
0.230500 -0.026069
0.164366 -0.020987
0.108895 -0.016706
0.063648 -0.013156
0.027594 -0.010255
-0.000476 -0.007916
-0.021727 -0.006054
-0.037200 -0.004212
-0.047797 0.003270
-0.054313 0.029455
-0.057462 0.086016
-0.057898 0.175608
-0.056225 0.286429
-0.052996 0.393866
-0.048707 0.473643
-0.043788 0.512336
-0.038596 0.509251
-0.033414 0.472594
-0.028455 0.414248
-0.023865 0.345682
-0.019732 0.275925
-0.016099 0.210829
-0.012971 0.153479
-0.010328 0.104951
-0.008133 0.065079
-0.006336 0.033072
-0.004888 0.008300
-0.003734 -0.004643
-0.002827 0.006315
-0.002122 0.052080
-0.001580 0.134595
-0.001167 0.241427
-0.000855 0.347391
-0.000622 0.427682
-0.000409 0.468392
-0.000253 0.468388
-0.000139 0.435492
-0.000058 0.381260
0.000000 0.316941
0.000000 0.251311
0.000000 0.190078
0.000000 0.136241
0.000000 0.090827
0.000000 0.053654
0.000000 0.023941
0.000000 0.001086
0.000000 -0.010281
0.000000 0.001953
0.000000 0.048738
0.000000 0.132059
0.000000 0.239519
0.000000 0.345967
0.000000 0.426629
0.000000 0.467618
0.000000 0.467824
0.000000 0.435083
0.000000 0.381007
0.000000 0.316802
0.000000 0.251253
0.000000 0.190078
0.000000 0.136241
0.000000 0.090827
0.000000 0.053654
0.000000 0.023941
0.000000 0.000709
0.000000 -0.017001
0.000000 -0.030033
0.000000 -0.039110
0.000378 -0.044856
0.006719 -0.047824
0.031986 -0.048521
0.087849 -0.047423
0.177292 -0.044970
0.294062 -0.041567
0.426474 -0.037569
0.561900 -0.033240
0.689503 -0.028880
0.796733 -0.024673
0.867140 -0.020750
0.888299 -0.017238
0.858270 -0.014124
0.785316 -0.011425
0.683481 -0.009131
0.567727 -0.007214
0.450633 -0.005638
0.341005 -0.004362
0.243900 -0.003341
0.161401 -0.002536
0.093589 -0.001908
0.039408 -0.001424
-0.002697 -0.001054
-0.034397 -0.000774
-0.057278 -0.000564
-0.072769 -0.000409
-0.082138 -0.000253
-0.086516 -0.000139
-0.086540 -0.000058
-0.077538 0.000000
-0.047371 0.000000
0.014912 0.000000
0.111675 0.000000
0.236151 0.000000
0.376249 0.000000
0.519035 0.000000
0.653463 0.000000
0.766852 0.000000
0.842689 0.000000
0.868537 0.000000
0.842483 0.000000
0.772844 0.000000
0.673731 0.000000
0.560180 0.000000
0.444848 0.000000
0.336610 0.000000
0.240590 0.000000
0.158929 0.000000
0.091757 0.000000
0.038102 0.000000
-0.003610 0.000000
-0.035020 0.000000
-0.057686 0.000000
-0.073021 0.000000
-0.082277 0.000000
-0.086574 0.000000
-0.086540 0.000000
-0.077538 0.000000
-0.047371 0.000000
0.014912 0.000000
0.111675 0.000000
0.236151 0.000000
0.376249 0.000000
0.519035 0.000000
0.653841 0.000000
0.773194 0.000000
0.867955 0.000000
0.924399 0.000000
0.931927 0.000000
0.889614 0.000000
0.806143 0.000000
0.695606 0.000000
0.572828 0.000000
0.450182 0.000000
0.336264 0.000000
0.235950 0.000000
0.151171 0.000000
0.081918 0.000000
0.026966 0.000000
-0.015348 0.000000
-0.046800 0.000378
-0.069077 0.006719
-0.083708 0.031986
-0.092052 0.087849
-0.095316 0.176914
-0.094623 0.287343
-0.090885 0.394488
-0.084965 0.474051
-0.077610 0.512588
-0.069458 0.509391
-0.061026 0.472652
-0.052720 0.414248
-0.044839 0.345682
-0.037586 0.275925
-0.031079 0.210829
-0.025370 0.153479
-0.020461 0.104951
-0.016313 0.065079
-0.012865 0.033072
-0.010041 0.008300
-0.007760 -0.004643
-0.005941 0.006315
-0.004508 0.052080
-0.003391 0.134973
-0.002531 0.248147
-0.001832 0.379377
-0.001306 0.515531
-0.000913 0.645307
-0.000622 0.755731
-0.000409 0.829980
-0.000253 0.855311
-0.000139 0.829530
-0.000058 0.760701
0.000000 0.662730
0.000000 0.550489
0.000000 0.436509
0.000000 0.329580
0.000000 0.234770
0.000000 0.154188
0.000000 0.087951
0.000000 0.035047
0.000000 -0.006038
0.000378 -0.036933
0.006719 -0.059186
0.031986 -0.074192
0.087849 -0.083192
0.177292 -0.087290
0.294062 -0.087482
0.426096 -0.084666
0.555180 -0.079609
0.657895 -0.073076
0.715604 -0.065675
0.721834 -0.057911
0.682085 -0.050225
0.609088 -0.042865
0.517478 -0.036040
0.420074 -0.029881
0.326174 -0.024451
0.241387 -0.019762
0.168310 -0.015787
0.107464 -0.012472
0.058171 -0.009750
0.019196 -0.007546
-0.010463 -0.005785
-0.026536 -0.004395
-0.017242 -0.003310
0.028058 -0.002472
0.111432 -0.001832
0.225800 -0.001306
0.358721 -0.000913
0.496498 -0.000622
0.622460 -0.000409
0.716132 -0.000253
0.761882 -0.000139
0.755586 -0.000058
0.704245 0.000000
0.621334 0.000000
0.521695 0.000000
0.418039 0.000000
0.319415 0.000000
0.231162 0.000000
0.155631 0.000000
0.093156 0.000000
0.042910 0.000000
0.003551 0.000000
-0.026394 0.000378
-0.048325 0.006719
-0.063500 0.031986
-0.073030 0.087849
-0.077909 0.176914
-0.079031 0.287343
-0.077175 0.394488
-0.073138 0.474051
-0.067581 0.512588
-0.061082 0.509391
-0.054128 0.472652
-0.047111 0.414248
-0.040370 0.345682
-0.034065 0.275925
-0.028335 0.210829
-0.023253 0.153479
-0.018843 0.104951
-0.015088 0.065079
-0.011946 0.033072
-0.008979 0.007922
-0.000536 -0.011363
0.026415 -0.025671
0.083610 -0.035769
0.173717 -0.042320
0.284952 -0.045915
0.392714 -0.047097
0.472745 -0.046369
0.511675 -0.044196
0.508768 -0.041002
0.472244 -0.037160
0.413995 -0.032988
0.345542 -0.028740
0.275867 -0.024614
0.210829 -0.020750
0.153479 -0.017238
0.104951 -0.014124
0.065079 -0.011425
0.033072 -0.009131
0.007922 -0.006836
-0.011363 0.001081
-0.025671 0.027625
-0.035769 0.084507
-0.042320 0.174378
-0.045915 0.285435
-0.047097 0.393064
-0.046369 0.472998
-0.044196 0.511815
-0.041002 0.508826
-0.037160 0.472244
-0.032988 0.413995
-0.028740 0.345542
-0.024614 0.275867
-0.020750 0.210829
-0.017238 0.153479
-0.014124 0.104951
-0.011425 0.065079
-0.009131 0.033072
-0.007214 0.008300
-0.005638 -0.004643
-0.004362 0.006315
-0.003341 0.052080
-0.002536 0.134973
-0.001908 0.248147
-0.001424 0.379377
-0.001054 0.515531
-0.000774 0.645307
-0.000564 0.755731
-0.000409 0.829980
-0.000253 0.855311
-0.000139 0.829530
-0.000058 0.760701
0.000000 0.662730
0.000000 0.550489
0.000000 0.436509
0.000000 0.329580
0.000000 0.234770
0.000000 0.154188
0.000000 0.087951
0.000000 0.035047
0.000000 -0.006038
0.000378 -0.036933
0.006719 -0.059186
0.031986 -0.074192
0.087849 -0.083192
0.176914 -0.087290
0.287343 -0.087482
0.394488 -0.084666
0.474051 -0.079609
0.512588 -0.073076
0.509391 -0.065675
0.472652 -0.057911
0.414248 -0.050225
0.345682 -0.042865
0.275925 -0.036040
0.210829 -0.029881
0.153479 -0.024451
0.104951 -0.019762
0.065079 -0.015787
0.033072 -0.012472
0.007922 -0.009372
-0.011363 -0.000827
-0.025671 0.026201
-0.035769 0.083453
-0.042320 0.173604
-0.045915 0.284870
-0.047097 0.392656
-0.046369 0.472745
-0.044196 0.511675
-0.041002 0.508768
-0.037160 0.472244
-0.032988 0.413995
-0.028740 0.345542
-0.024614 0.275867
-0.020750 0.210829
-0.017238 0.153479
-0.014124 0.104951
-0.011425 0.065079
-0.009131 0.033072
-0.006836 0.007922
0.001081 -0.011363
0.027625 -0.025671
0.084507 -0.035769
0.174756 -0.042320
0.292154 -0.045915
0.425050 -0.047097
0.560846 -0.046369
0.689107 -0.044196
0.802889 -0.041002
0.898340 -0.037160
0.969176 -0.032988
1.003437 -0.028740
0.991471 -0.024614
0.932663 -0.020750
0.835564 -0.017238
0.714039 -0.014124
0.582558 -0.011425
0.453146 -0.009131
0.334096 -0.007214
0.230025 -0.005638
0.142639 -0.004362
0.071696 -0.003341
0.015851 -0.002536
-0.026719 -0.001908
-0.057560 -0.001424
-0.072906 -0.001054
-0.061438 -0.000774
-0.012945 -0.000564
0.073894 -0.000409
0.186093 -0.000253
0.297995 -0.000139
0.384413 -0.000058
0.431137 0.000000
0.436818 0.000000
0.409132 0.000000
0.359553 0.000000
0.299296 0.000000
0.237142 0.000000
0.178831 0.000000
0.127410 0.000000
0.083965 0.000000
0.048374 0.000000
0.019916 0.000000
-0.002332 0.000000
-0.019279 0.000000
-0.031725 0.000000
-0.040358 0.000378
-0.045769 0.006719
-0.048446 0.031986
-0.048930 0.087849
-0.047675 0.176914
-0.045110 0.287343
-0.041625 0.394488
-0.037569 0.474051
-0.033240 0.512588
-0.028880 0.509391
-0.024673 0.472652
-0.020750 0.414248
-0.017238 0.345682
-0.014124 0.275925
-0.011425 0.210829
-0.009131 0.153479
-0.007214 0.104951
-0.005638 0.065079
-0.004362 0.033072
-0.003341 0.007922
-0.002536 -0.011363
-0.001908 -0.025671
-0.001424 -0.035391
-0.001054 -0.035600
-0.000774 -0.013929
-0.000564 0.040751
-0.000409 0.130923
-0.000253 0.249866
-0.000139 0.385472
-0.000058 0.524362
0.000000 0.650173
0.000000 0.742727
0.000000 0.786663
0.000000 0.778105
0.000000 0.724262
0.000000 0.638780
0.000000 0.536630
0.000000 0.430616
0.000000 0.329847
0.000000 0.239693
0.000000 0.162517
0.000000 0.098646
0.000000 0.047237
0.000000 0.006923
0.000378 -0.023793
0.006719 -0.046338
0.031986 -0.061996
0.087849 -0.071902
0.177292 -0.077069
0.294062 -0.078370
0.426096 -0.076692
0.555180 -0.072787
0.657895 -0.067328
0.715604 -0.060943
0.721834 -0.054070
0.682085 -0.047111
0.609088 -0.040370
0.517478 -0.034065
0.420074 -0.028335
0.326174 -0.023253
0.241387 -0.018843
0.168310 -0.015088
0.107464 -0.011946
0.058171 -0.009357
0.019196 -0.007255
-0.010840 -0.005194
-0.033256 0.002480
-0.049228 0.028789
-0.059791 0.085457
-0.065860 0.175518
-0.068262 0.292756
-0.067753 0.425183
-0.065024 0.554558
-0.060701 0.657486
-0.055335 0.715352
-0.049396 0.721695
-0.043270 0.682027
-0.037255 0.609088
-0.031570 0.517478
-0.026360 0.420074
-0.021707 0.326174
-0.017645 0.241387
-0.014169 0.168310
-0.011247 0.107464
-0.008831 0.058171
-0.006862 0.019196
-0.004903 -0.010840
0.002694 -0.033256
0.028945 -0.049228
0.085570 -0.059791
0.175222 -0.065860
0.286095 -0.068262
0.393575 -0.067753
0.473429 -0.065024
0.512180 -0.060701
0.509138 -0.055335
0.472513 -0.049396
0.414189 -0.043270
0.345682 -0.037255
0.275925 -0.031570
0.210829 -0.026360
0.153479 -0.021707
0.104951 -0.017645
0.065079 -0.014169
0.033072 -0.011247
0.007922 -0.008453
-0.011363 -0.000143
-0.025671 0.026706
-0.035769 0.083823
-0.042320 0.174251
-0.045915 0.291784
-0.047097 0.424781
-0.046369 0.560652
-0.044196 0.688589
-0.041002 0.796111
-0.037160 0.866732
-0.032988 0.888047
-0.028740 0.858131
-0.024614 0.785258
-0.020750 0.683481
-0.017238 0.567727
-0.014124 0.450633
-0.011425 0.341005
-0.009131 0.243900
-0.007214 0.161401
-0.005638 0.093589
-0.004362 0.039408
-0.003341 -0.002697
-0.002158 -0.034397
0.004811 -0.057278
0.030562 -0.072769
0.086795 -0.082138
0.176518 -0.086516
0.293120 -0.086918
0.419346 -0.084258
0.529661 -0.079357
0.601893 -0.072936
0.626102 -0.065617
0.605064 -0.057911
0.549673 -0.050225
0.473662 -0.042865
0.389498 -0.036040
0.306502 -0.029881
0.230500 -0.024451
0.164366 -0.019762
0.108895 -0.015787
0.063648 -0.012472
0.027594 -0.009750
-0.000476 -0.007168
-0.021727 0.000934
-0.037200 0.027591
-0.047797 0.084538
-0.054313 0.174442
-0.057462 0.285511
-0.057898 0.393182
-0.056225 0.473138
-0.052996 0.511966
-0.048707 0.508982
-0.043788 0.472400
-0.038596 0.414108
-0.033414 0.345623
-0.028455 0.275925
-0.023865 0.210829
-0.019732 0.153479
-0.016099 0.104951
-0.012971 0.065079
-0.010328 0.033072
-0.008133 0.007922
-0.006336 -0.011363
-0.004888 -0.025671
-0.003734 -0.035769
-0.002827 -0.042320
-0.002122 -0.045915
-0.001580 -0.047097
-0.001167 -0.046369
-0.000855 -0.044196
-0.000622 -0.041002
-0.000409 -0.037160
-0.000253 -0.032988
-0.000139 -0.028740
-0.000058 -0.024614
0.000000 -0.020750
0.000000 -0.017238
0.000000 -0.014124
0.000000 -0.011425
0.000000 -0.009131
0.000000 -0.007214
0.000000 -0.005638
0.000000 -0.004362
0.000000 -0.003341
0.000000 -0.002536
0.000000 -0.001908
0.000000 -0.001424
0.000000 -0.001054
0.000000 -0.000774
0.000000 -0.000564
0.000000 -0.000409
0.000000 -0.000253
0.000000 -0.000139
0.000000 -0.000058
0.000000 0.000000
0.000000 0.000000
0.000000 0.000000
0.000000 0.000000
0.000000 0.000000
0.000000 0.000000
0.000000 0.000000
0.000000 0.000000
0.000000 0.000000
0.000000 0.000000
0.000000 0.000000
0.000000 0.000000
0.000000 0.000000
0.000000 0.000000
0.000000 0.000000
0.000000 0.000000
0.000000 0.000000
0.000000 0.000000
0.000000 0.000000
0.000000 0.000000
0.000000 0.000000
0.000000 0.000000
0.000000 0.000000
0.000000 0.000000
0.000000 0.000000
0.000000 0.000000
0.000000 0.000000
0.000000 0.000000
0.000000 0.000000
0.000000 0.000000
0.000000 0.000000
0.000000 0.000000
0.000000 0.000000
0.000000 0.000000
0.000000 0.000000
0.000000 0.000000
0.000000 0.000000
0.000000 0.000000
0.000000 0.000000
0.000000 0.000000
0.000000 0.000000
0.000000 0.000000
0.000000 0.000000
0.000000 0.000000
0.000000 0.000000
0.000000 0.000000
0.000000 0.000000
0.000000 0.000000
0.000000 0.000000
0.000000 0.000000
0.000000 0.000000
0.000000 0.000000
0.000000 0.000000
0.000000 0.000000
0.000000 0.000000
0.000000 0.000000
0.000000 0.000000
0.000000 0.000000
0.000000 0.000000
0.000000 0.000000
0.000000 0.000000
0.000000 0.000000
0.000000 0.000000
0.000000 0.000000
0.000000 0.000000
0.000000 0.000000
0.000000 0.000000
