0.000000 0.000000
0.000000 0.000000
0.000000 0.000000
0.000000 0.000000
0.000000 0.000000
0.000000 0.000000
0.000000 0.000000
0.000000 0.000000
0.000000 0.000000
0.000000 0.000000
0.000000 0.000000
0.000000 0.000000
0.000000 0.000000
0.000000 0.000000
0.000000 0.000000
0.000000 0.000378
0.000000 0.006719
0.000000 0.031986
0.000000 0.087849
0.000000 0.177292
0.000000 0.294062
0.000000 0.426474
0.000000 0.561900
0.000000 0.689881
0.000000 0.803075
0.000000 0.892407
0.000000 0.944162
0.000000 0.947714
0.000000 0.902086
0.000000 0.815893
0.000000 0.703152
0.000000 0.578614
0.000000 0.454577
0.000000 0.339574
0.000000 0.238423
0.000000 0.153003
0.000000 0.083224
0.000000 0.027880
0.000000 -0.014725
0.000378 -0.046391
0.006719 -0.068825
0.031986 -0.083569
0.087849 -0.091993
0.177292 -0.095316
0.294062 -0.094623
0.426096 -0.090885
0.555180 -0.084965
0.657895 -0.077610
0.715604 -0.069458
0.721834 -0.061026
0.682085 -0.052720
0.609088 -0.044839
0.517478 -0.037586
0.420074 -0.031079
0.326174 -0.025370
0.241387 -0.020461
0.168310 -0.016313
0.107464 -0.012865
0.058171 -0.010041
0.019196 -0.007760
-0.010840 -0.005563
-0.033256 0.002211
-0.049228 0.028595
-0.059791 0.085318
-0.065860 0.175082
-0.068262 0.286037
-0.067753 0.393575
-0.065024 0.473429
-0.060701 0.512180
-0.055335 0.509138
-0.049396 0.472513
-0.043270 0.414189
-0.037255 0.345682
-0.031570 0.275925
-0.026360 0.210829
-0.021707 0.153479
-0.017645 0.104951
-0.014169 0.065079
-0.011247 0.033072
-0.008453 0.007922
-0.000143 -0.011363
0.026706 -0.025671
0.083823 -0.035769
0.173873 -0.042320
0.285065 -0.045915
0.392795 -0.047097
0.472803 -0.046369
0.511675 -0.044196
0.508768 -0.041002
0.472244 -0.037160
0.413995 -0.032988
0.345542 -0.028740
0.275867 -0.024614
0.210829 -0.020750
0.153479 -0.017238
0.104951 -0.014124
0.065079 -0.011425
0.033072 -0.009131
0.007922 -0.007214
-0.011363 -0.005638
-0.025671 -0.004362
-0.035769 -0.003341
-0.042320 -0.002158
-0.045915 0.004811
-0.047097 0.030562
-0.046369 0.086795
-0.044196 0.176518
-0.041002 0.293498
-0.037160 0.426066
-0.032988 0.561647
-0.028740 0.689741
-0.024614 0.803395
-0.020750 0.898749
-0.017238 0.969428
-0.014124 1.003576
-0.011425 0.991530
-0.009131 0.932663
-0.007214 0.835564
-0.005638 0.714039
-0.004362 0.582558
-0.003341 0.453146
-0.002536 0.334096
-0.001908 0.230025
-0.001424 0.142639
-0.001054 0.071696
-0.000774 0.015851
-0.000564 -0.026719
-0.000409 -0.057560
-0.000253 -0.072906
-0.000139 -0.061438
-0.000058 -0.012945
0.000000 0.073894
0.000000 0.186093
0.000000 0.297995
0.000000 0.384413
0.000000 0.431137
0.000000 0.436818
0.000000 0.409132
0.000000 0.359553
0.000000 0.299296
0.000000 0.237142
0.000000 0.178831
0.000000 0.127410
0.000000 0.083965
0.000000 0.048374
0.000000 0.019916
0.000000 -0.001955
0.000000 -0.012559
0.000000 0.000261
0.000000 0.047490
0.000000 0.131145
0.000000 0.238897
0.000000 0.345558
0.000000 0.426376
0.000000 0.467479
0.000000 0.467766
0.000000 0.435083
0.000000 0.381007
0.000000 0.316802
0.000000 0.251253
0.000000 0.190078
0.000000 0.136241
0.000000 0.090827
0.000000 0.053654
0.000000 0.023941
0.000000 0.000709
0.000000 -0.016623
0.000000 -0.023313
0.000000 -0.007124
0.000000 0.042993
0.000000 0.129091
0.000000 0.238822
0.000000 0.347065
0.000000 0.429081
0.000000 0.471022
0.000000 0.471822
0.000000 0.439412
0.000000 0.385368
0.000000 0.321009
0.000000 0.255175
0.000000 0.193591
0.000000 0.139355
0.000000 0.093526
0.000000 0.055949
0.000000 0.025858
0.000000 0.002284
0.000378 -0.015724
0.006719 -0.029012
0.031986 -0.038305
0.087849 -0.044228
0.176914 -0.047339
0.287343 -0.048151
0.394488 -0.047143
0.474051 -0.044761
0.512588 -0.041411
0.509391 -0.037413
0.472652 -0.033127
0.414248 -0.028798
0.345682 -0.024614
0.275925 -0.020750
0.210829 -0.017238
0.153479 -0.014124
0.104951 -0.011425
0.065079 -0.009131
0.033072 -0.007214
0.007922 -0.005260
-0.011363 0.002358
-0.025671 0.028645
-0.035769 0.085312
-0.042320 0.175384
-0.045915 0.292639
-0.047097 0.425420
-0.046369 0.561126
-0.044196 0.689316
-0.041002 0.803044
-0.037160 0.898496
-0.032988 0.969289
-0.028740 1.003518
-0.024614 0.991530
-0.020750 0.932663
-0.017238 0.835564
-0.014124 0.714039
-0.011425 0.582558
-0.009131 0.453146
-0.007214 0.334096
-0.005638 0.230025
-0.004362 0.142639
-0.003341 0.071696
-0.002536 0.015851
-0.001908 -0.026719
-0.001424 -0.057560
-0.001054 -0.072906
-0.000774 -0.061438
-0.000564 -0.012945
-0.000409 0.074272
-0.000253 0.192812
-0.000139 0.329981
-0.000058 0.471883
0.000000 0.601710
0.000000 0.698894
0.000000 0.747757
0.000000 0.744161
0.000000 0.695114
0.000000 0.614120
0.000000 0.516057
0.000000 0.413677
0.000000 0.316074
0.000000 0.228626
0.000000 0.153723
0.000000 0.091732
0.000000 0.041857
0.000000 0.002777
0.000378 -0.026958
0.006719 -0.048734
0.031986 -0.063752
0.087849 -0.073170
0.177292 -0.077967
0.294062 -0.079031
0.426096 -0.077175
0.555180 -0.073138
0.657895 -0.067581
0.715604 -0.061082
0.721834 -0.054128
0.682085 -0.047111
0.609088 -0.040370
0.517478 -0.034065
0.420074 -0.028335
0.326174 -0.023253
0.241387 -0.018843
0.168310 -0.015088
0.107464 -0.011946
0.058171 -0.009357
0.019196 -0.007255
-0.010463 -0.005571
-0.026536 -0.004239
-0.017242 -0.003197
0.028058 -0.002391
0.111054 -0.001774
0.219080 -0.001306
0.326735 -0.000913
0.409027 -0.000622
0.451887 -0.000409
0.454056 -0.000253
0.423256 -0.000139
0.370978 -0.000058
0.308427 0.000000
0.244355 0.000000
0.184469 0.000000
0.131772 0.000000
0.087306 0.000000
0.050910 0.000000
0.021824 0.000000
-0.000909 0.000000
-0.018225 0.000000
-0.030951 0.000378
-0.039794 0.006719
-0.045361 0.031986
-0.048193 0.087849
-0.048790 0.177292
-0.047617 0.293684
-0.045110 0.419755
-0.041625 0.529914
-0.037569 0.602032
-0.033240 0.626161
-0.028880 0.605064
-0.024673 0.549673
-0.020750 0.473662
-0.017238 0.389498
-0.014124 0.306502
-0.011425 0.230500
-0.009131 0.164366
-0.007214 0.108895
-0.005638 0.063648
-0.004362 0.027594
-0.003341 -0.000098
-0.002536 -0.015008
-0.001908 -0.005214
-0.001424 0.040051
-0.001054 0.122979
-0.000774 0.236600
-0.000564 0.368576
-0.000409 0.505675
-0.000253 0.636885
-0.000139 0.754368
-0.000058 0.848619
0.000000 0.905566
0.000000 0.914300
0.000000 0.873631
0.000000 0.792028
0.000000 0.683420
0.000000 0.562514
0.000000 0.441606
0.000000 0.329245
0.000000 0.230290
0.000000 0.146667
0.000000 0.078337
0.000000 0.024145
0.000000 -0.017553
0.000378 -0.048513
0.006719 -0.070404
0.031986 -0.084736
0.087849 -0.092849
0.176914 -0.095938
0.287343 -0.095031
0.394488 -0.091138
0.474051 -0.085104
0.512588 -0.077669
0.509391 -0.069458
0.472652 -0.061026
0.414248 -0.052720
0.345682 -0.044839
0.275925 -0.037586
0.210829 -0.031079
0.153479 -0.025370
0.104951 -0.020461
0.065079 -0.016313
0.033072 -0.012865
0.008300 -0.010041
-0.004643 -0.007760
0.006315 -0.005941
0.052080 -0.004508
0.134973 -0.003391
0.248147 -0.002531
0.379377 -0.001832
0.515531 -0.001306
0.645307 -0.000913
0.755731 -0.000622
0.829980 -0.000409
0.855311 -0.000253
0.829530 -0.000139
0.760701 -0.000058
0.662730 0.000000
0.550489 0.000000
0.436509 0.000000
0.329580 0.000000
0.234770 0.000000
0.154188 0.000000
0.087951 0.000000
0.035047 0.000000
-0.006038 0.000000
-0.036933 0.000000
-0.059186 0.000000
-0.074192 0.000000
-0.082814 0.000000
-0.080570 0.000000
-0.055496 0.000000
0.003182 0.000000
0.097683 0.000000
0.220986 0.000000
0.360422 0.000000
0.497270 0.000000
0.607669 0.000000
0.672740 0.000000
0.685794 0.000000
0.652205 0.000000
0.584637 0.000000
0.497716 0.000000
0.404287 0.000000
0.313702 0.000000
0.231637 0.000000
0.160764 0.000000
0.101679 0.000000
0.053776 0.000000
0.015886 0.000000
-0.013313 0.000000
-0.035088 0.000000
-0.050534 0.000000
-0.060704 0.000000
-0.066105 0.000000
-0.061951 0.000000
-0.036020 0.000000
0.022685 0.000000
0.116533 0.000000
0.238728 0.000000
0.377078 0.000000
0.518630 0.000000
0.652626 0.000000
0.771883 0.000000
0.872389 0.000000
0.947721 0.000000
0.985931 0.000000
0.977360 0.000000
0.921415 0.000000
0.826733 0.000000
0.707177 0.000000
0.577277 0.000000
0.449121 0.000000
0.331055 0.000000
0.227747 0.000000
0.140946 0.000000
0.070447 0.000000
0.014938 0.000000
-0.027342 0.000000
-0.058346 0.000378
-0.079878 0.006719
-0.093564 0.031986
-0.100851 0.087849
-0.103021 0.177292
-0.101250 0.293684
-0.096493 0.419755
-0.089639 0.529914
-0.081451 0.602032
-0.072572 0.626161
-0.063520 0.605064
-0.054695 0.549673
-0.046386 0.473662
-0.038784 0.389498
-0.031998 0.306502
-0.026069 0.230500
-0.020987 0.164366
-0.016706 0.108895
-0.013156 0.063648
-0.010255 0.027594
-0.007916 -0.000098
-0.006054 -0.015008
-0.004589 -0.005214
-0.003450 0.040051
-0.002531 0.122601
-0.001832 0.229881
-0.001306 0.336590
-0.000913 0.417827
-0.000622 0.459592
-0.000409 0.460683
-0.000253 0.428864
-0.000139 0.375652
-0.000058 0.312267
0.000000 0.247470
0.000000 0.186963
0.000000 0.133747
0.000000 0.088852
0.000000 0.052108
0.000000 0.022743
0.000000 -0.000210
0.000000 -0.017699
0.000000 -0.030181
0.000000 -0.032783
0.000000 -0.013161
0.000000 0.039811
0.000000 0.128237
0.000000 0.239807
0.000000 0.349437
0.000000 0.432427
0.000000 0.475019
0.000000 0.476150
0.000000 0.443772
0.000000 0.389575
0.000000 0.324931
0.000000 0.258688
0.000000 0.196704
0.000000 0.142054
0.000000 0.095821
0.000000 0.057866
0.000000 0.027434
0.000378 0.003561
0.006719 -0.014704
0.031986 -0.028207
0.087849 -0.037677
0.177292 -0.043743
0.294062 -0.046969
0.426474 -0.047871
0.561900 -0.046933
0.689881 -0.044605
0.803453 -0.041255
0.898749 -0.037300
0.969428 -0.033046
1.003576 -0.028740
0.991530 -0.024614
0.932663 -0.020750
0.835564 -0.017238
0.714039 -0.014124
0.582558 -0.011425
0.453146 -0.009131
0.334096 -0.007214
0.230025 -0.005638
0.142639 -0.004362
0.071696 -0.003341
0.015851 -0.002536
-0.026719 -0.001908
-0.057938 -0.001424
-0.079247 -0.001054
-0.086705 -0.000774
-0.068807 -0.000564
-0.015172 -0.000409
0.076042 -0.000253
0.197191 -0.000139
0.330116 -0.000058
0.448463 0.000000
0.529460 0.000000
0.562640 0.000000
0.550369 0.000000
0.503288 0.000000
0.434878 0.000000
0.357500 0.000000
0.280433 0.000000
0.209514 0.000000
0.147660 0.000000
0.095740 0.000000
0.053394 0.000000
0.019678 0.000000
-0.006152 0.000000
-0.019597 0.000000
-0.008663 0.000000
0.037521 0.000000
0.121147 0.000000
0.235294 0.000000
0.367663 0.000000
0.505053 0.000000
0.636098 0.000000
0.747774 0.000000
0.823213 0.000000
0.849645 0.000000
0.824856 0.000000
0.756861 0.000000
0.659616 0.000000
0.547994 0.000000
0.434534 0.000000
0.328033 0.000000
0.233572 0.000000
0.153269 0.000000
0.087252 0.000000
0.034521 0.000000
-0.006431 0.000000
-0.037224 0.000378
-0.059400 0.006719
-0.074348 0.031986
-0.083305 0.087849
-0.087371 0.176914
-0.087540 0.287343
-0.084666 0.394488
-0.079609 0.474051
-0.073076 0.512588
-0.065675 0.509391
-0.057911 0.472652
-0.050225 0.414248
-0.042865 0.345682
-0.036040 0.275925
-0.029881 0.210829
-0.024451 0.153479
-0.019762 0.104951
-0.015787 0.065079
-0.012472 0.033072
-0.009750 0.007922
-0.007546 -0.011363
-0.005785 -0.025671
-0.004395 -0.035769
-0.003310 -0.042320
-0.002095 -0.045915
0.004887 -0.047097
0.030680 -0.046369
0.086935 -0.044196
0.176292 -0.041002
0.286934 -0.037160
0.394236 -0.032988
0.473912 -0.028740
0.512530 -0.024614
0.509391 -0.020750
0.472652 -0.017238
0.414248 -0.014124
0.345682 -0.011425
0.275925 -0.009131
0.210829 -0.007214
0.153479 -0.005638
0.104951 -0.004362
0.065079 -0.003341
0.033072 -0.002536
0.007922 -0.001530
-0.011363 0.005296
-0.025671 0.030932
-0.035769 0.087075
-0.042320 0.176728
-0.045915 0.293654
-0.047097 0.426222
-0.046369 0.561760
-0.044196 0.689822
-0.041002 0.803075
-0.037160 0.892407
-0.032988 0.944162
-0.028740 0.947714
-0.024614 0.902086
-0.020750 0.815893
-0.017238 0.703152
-0.014124 0.578614
-0.011425 0.454577
-0.009131 0.339574
-0.007214 0.238423
-0.005638 0.153003
-0.004362 0.083224
-0.003341 0.027880
-0.002536 -0.014725
-0.001530 -0.046391
0.005296 -0.068825
0.030932 -0.083569
0.087075 -0.091993
0.176728 -0.095316
0.293654 -0.094623
0.426222 -0.090885
0.561760 -0.084965
0.689822 -0.077610
0.803075 -0.069458
0.892407 -0.061026
0.944162 -0.052720
0.947714 -0.044839
0.902086 -0.037586
0.815893 -0.031079
0.703152 -0.025370
0.578614 -0.020461
0.454577 -0.016313
0.339574 -0.012865
0.238423 -0.010041
0.153003 -0.007760
0.083224 -0.005941
0.027880 -0.004508
-0.014725 -0.003391
-0.046391 -0.002153
-0.068825 0.004887
-0.083569 0.030680
-0.091993 0.086935
-0.095316 0.176292
-0.094623 0.286934
-0.090885 0.394236
-0.084965 0.473912
-0.077610 0.512530
-0.069458 0.509391
-0.061026 0.472652
-0.052720 0.414248
-0.044839 0.345682
-0.037586 0.275925
-0.031079 0.210829
-0.025370 0.153479
-0.020461 0.104951
-0.016313 0.065079
-0.012865 0.033072
-0.010041 0.007922
-0.007760 -0.011363
-0.005941 -0.025671
-0.004130 -0.035769
0.003328 -0.042320
0.029455 -0.045915
0.086016 -0.047097
0.175608 -0.046369
0.286429 -0.044196
0.393866 -0.041002
0.473643 -0.037160
0.512336 -0.032988
0.509251 -0.028740
0.472594 -0.024614
0.414248 -0.020750
0.345682 -0.017238
0.275925 -0.014124
0.210829 -0.011425
0.153479 -0.009131
0.104951 -0.007214
0.065079 -0.005638
0.033072 -0.004362
0.008300 -0.003341
-0.004643 -0.002536
0.006315 -0.001908
0.052080 -0.001424
0.134973 -0.001054
0.248147 -0.000774
0.378999 -0.000564
0.508811 -0.000409
0.613698 -0.000253
0.674602 -0.000139
0.684674 -0.000058
0.649098 0.000000
0.580348 0.000000
0.492864 0.000000
0.399324 0.000000
0.308936 0.000000
0.227263 0.000000
0.156885 0.000000
0.098334 0.000000
0.050957 0.000000
0.013558 0.000000
-0.014824 0.000000
-0.029878 0.000000
-0.019778 0.000000
0.026149 0.000000
0.110008 0.000000
0.224746 0.000000
0.357947 0.000000
0.496311 0.000000
0.628393 0.000000
0.741146 0.000000
0.817605 0.000000
0.844971 0.000000
0.821015 0.000000
0.753746 0.000000
0.657121 0.000000
0.546019 0.000000
0.432988 0.000000
0.326835 0.000000
0.232653 0.000000
0.152570 0.000000
0.086726 0.000000
0.034128 0.000000
-0.006722 0.000000
-0.037061 0.000000
-0.052837 0.000000
-0.042475 0.000000
0.004463 0.000000
0.089485 0.000000
0.199803 0.000000
0.309822 0.000000
0.394442 0.000000
0.439513 0.000000
0.443716 0.000000
0.414741 0.000000
0.364022 0.000000
0.302817 0.000000
0.239886 0.000000
0.180948 0.000000
0.129028 0.000000
0.085189 0.000000
0.049293 0.000000
0.020600 0.000000
-0.001828 0.000378
-0.018909 0.006719
-0.031456 0.031986
-0.040164 0.087849
-0.045630 0.177292
-0.048388 0.294062
-0.048930 0.426096
-0.047675 0.555180
-0.045110 0.657895
-0.041625 0.715604
-0.037569 0.721834
-0.033240 0.682085
-0.028880 0.609088
-0.024673 0.517478
-0.020750 0.420074
-0.017238 0.326174
-0.014124 0.241387
-0.011425 0.168310
-0.009131 0.107464
-0.007214 0.058171
-0.005638 0.019196
-0.004362 -0.010463
-0.003341 -0.026536
-0.002536 -0.017242
-0.001908 0.028058
-0.001424 0.111432
-0.001054 0.225800
-0.000774 0.358721
-0.000564 0.496498
-0.000409 0.622460
-0.000253 0.716132
-0.000139 0.761882
-0.000058 0.755586
0.000000 0.704245
0.000000 0.621334
0.000000 0.521695
0.000000 0.418039
0.000000 0.319415
0.000000 0.231162
0.000000 0.155631
0.000000 0.093156
0.000000 0.042910
0.000000 0.003551
0.000000 -0.026394
0.000000 -0.048325
0.000000 -0.063500
0.000000 -0.073030
0.000000 -0.077909
0.000000 -0.079031
0.000000 -0.077175
0.000000 -0.073138
0.000000 -0.067581
0.000000 -0.061082
0.000000 -0.054128
0.000000 -0.047111
0.000000 -0.040370
0.000000 -0.034065
0.000000 -0.028335
0.000000 -0.023253
0.000000 -0.018843
0.000000 -0.015088
0.000000 -0.011946
0.000000 -0.009357
0.000000 -0.007255
0.000000 -0.005571
0.000000 -0.004239
0.000000 -0.003197
0.000000 -0.002391
0.000000 -0.001774
0.000000 -0.001306
0.000000 -0.000913
0.000000 -0.000622
0.000000 -0.000409
0.000000 -0.000253
0.000000 -0.000139
0.000000 -0.000058
0.000000 0.000000
0.000000 0.000000
0.000000 0.000000
0.000000 0.000000
0.000000 0.000000
0.000000 0.000000
0.000000 0.000000
0.000000 0.000000
0.000000 0.000000
0.000000 0.000000
0.000000 0.000000
0.000000 0.000000
0.000000 0.000000
0.000000 0.000000
0.000000 0.000000
0.000000 0.000000
0.000000 0.000000
0.000000 0.000000
0.000000 0.000000
0.000000 0.000000
0.000000 0.000000
0.000000 0.000000
0.000000 0.000000
0.000000 0.000000
0.000000 0.000000
0.000000 0.000000
0.000000 0.000000
0.000000 0.000000
0.000000 0.000000
0.000000 0.000000
0.000000 0.000000
0.000000 0.000000
0.000000 0.000000
0.000000 0.000000
0.000000 0.000000
0.000000 0.000000
0.000000 0.000000
0.000000 0.000000
0.000000 0.000000
0.000000 0.000000
0.000000 0.000000
0.000000 0.000000
0.000000 0.000000
0.000000 0.000000
0.000000 0.000000
0.000000 0.000000
0.000000 0.000000
0.000000 0.000000
0.000000 0.000000
0.000000 0.000000
0.000000 0.000000
0.000000 0.000000
0.000000 0.000000
0.000000 0.000000
0.000000 0.000000
0.000000 0.000000
0.000000 0.000000
0.000000 0.000000
0.000000 0.000000
0.000000 0.000000
0.000000 0.000000
0.000000 0.000000
0.000000 0.000000
0.000000 0.000000
0.000000 0.000000
0.000000 0.000000
0.000000 0.000000
