0.000000 0.000000
0.000000 0.000000
0.000000 0.000000
0.000000 0.000000
0.000000 0.000000
0.000000 0.000000
0.000000 0.000000
0.000000 0.000000
0.000000 0.000000
0.000000 0.000000
0.000000 0.000000
0.000000 0.000000
0.000000 0.000000
0.000000 0.000000
0.000000 0.000000
0.000378 0.000000
0.006719 0.000000
0.031986 0.000000
0.087849 0.000000
0.177292 0.000000
0.294062 0.000000
0.426474 0.000000
0.561900 0.000000
0.689503 0.000000
0.796733 0.000000
0.867140 0.000000
0.888299 0.000000
0.858270 0.000000
0.785316 0.000000
0.683481 0.000000
0.567727 0.000000
0.450633 0.000000
0.341005 0.000000
0.243900 0.000000
0.161401 0.000000
0.093589 0.000000
0.039408 0.000000
-0.002697 0.000000
-0.034397 0.000378
-0.057278 0.006719
-0.072769 0.031986
-0.082138 0.087849
-0.086516 0.176914
-0.086918 0.287343
-0.084258 0.394488
-0.079357 0.474051
-0.072936 0.512588
-0.065617 0.509391
-0.057911 0.472652
-0.050225 0.414248
-0.042865 0.345682
-0.036040 0.275925
-0.029881 0.210829
-0.024451 0.153479
-0.019762 0.104951
-0.015787 0.065079
-0.012472 0.033072
-0.009750 0.007922
-0.007546 -0.011363
-0.005785 -0.025671
-0.004017 -0.035769
0.003409 -0.042320
0.029514 -0.045915
0.086016 -0.047097
0.175608 -0.046369
0.286429 -0.044196
0.393866 -0.041002
0.473643 -0.037160
0.512336 -0.032988
0.509251 -0.028740
0.472594 -0.024614
0.414248 -0.020750
0.345682 -0.017238
0.275925 -0.014124
0.210829 -0.011425
0.153479 -0.009131
0.104951 -0.007214
0.065079 -0.005638
0.033072 -0.004362
0.007922 -0.003341
-0.011363 -0.002536
-0.025671 -0.001530
-0.035769 0.005296
-0.042320 0.030932
-0.045915 0.087075
-0.047097 0.176350
-0.046369 0.286934
-0.044196 0.394236
-0.041002 0.473912
-0.037160 0.512530
-0.032988 0.509391
-0.028740 0.472652
-0.024614 0.414248
-0.020750 0.345682
-0.017238 0.275925
-0.014124 0.210829
-0.011425 0.153479
-0.009131 0.104951
-0.007214 0.065079
-0.005638 0.033072
-0.004362 0.008300
-0.003341 -0.004643
-0.002536 0.006315
-0.001908 0.052080
-0.001424 0.134973
-0.001054 0.248147
-0.000774 0.379377
-0.000564 0.515531
-0.000409 0.645684
-0.000253 0.762073
-0.000139 0.855246
-0.000058 0.911174
0.000000 0.918974
0.000000 0.877472
0.000000 0.795142
0.000000 0.685915
0.000000 0.564489
0.000000 0.443152
0.000000 0.330443
0.000000 0.231209
0.000000 0.147365
0.000000 0.078863
0.000000 0.024538
0.000000 -0.017262
0.000000 -0.047921
0.000000 -0.063529
0.000000 -0.052637
0.000000 -0.004919
0.000000 0.081034
0.000000 0.192312
0.000000 0.303350
0.000000 0.388947
0.000000 0.434920
0.000000 0.439933
0.000000 0.411627
0.000000 0.361528
0.000000 0.300842
0.000000 0.238339
0.000000 0.179750
0.000000 0.128109
0.000000 0.084491
0.000000 0.048767
0.000000 0.020207
0.000000 -0.001741
0.000000 -0.012403
0.000000 0.000374
0.000000 0.047572
0.000000 0.131581
0.000000 0.245616
0.000000 0.377544
0.000000 0.513847
0.000000 0.638051
0.000000 0.729842
0.000000 0.773709
0.000000 0.765615
0.000000 0.712620
0.000000 0.628231
0.000000 0.527305
0.000000 0.422508
0.000000 0.322937
0.000000 0.233906
0.000000 0.157748
0.000000 0.094773
0.000000 0.044135
0.000000 0.004470
0.000000 -0.025332
0.000000 -0.041101
0.000000 -0.031144
0.000000 0.015087
0.000000 0.099200
0.000000 0.208451
0.000000 0.317371
0.000000 0.400914
0.000000 0.445007
0.000000 0.448308
0.000000 0.418524
0.000000 0.367137
0.000000 0.305312
0.000000 0.241861
0.000000 0.182494
0.000000 0.130226
0.000000 0.086108
0.000000 0.049991
0.000000 0.021126
0.000000 -0.001057
0.000000 -0.011898
0.000000 0.000744
0.000000 0.047841
0.000000 0.131398
0.000000 0.239036
0.000000 0.345617
0.000000 0.426376
0.000000 0.467479
0.000000 0.467766
0.000000 0.435083
0.000000 0.381007
0.000000 0.316802
0.000000 0.251253
0.000000 0.190078
0.000000 0.136241
0.000000 0.090827
0.000000 0.053654
0.000000 0.023941
0.000000 0.000709
0.000000 -0.017001
0.000000 -0.030033
0.000000 -0.039110
0.000000 -0.044478
0.000000 -0.041104
0.000000 -0.016535
0.000000 0.040426
0.000000 0.132322
0.000000 0.252496
0.000000 0.388905
0.000000 0.528660
0.000000 0.661001
0.000000 0.778780
0.000000 0.877998
0.000000 0.952190
0.000000 0.989452
0.000000 0.980104
0.000000 0.923532
0.000000 0.828351
0.000000 0.708401
0.000000 0.578196
0.000000 0.449805
0.000000 0.331560
0.000000 0.228117
0.000000 0.141215
0.000000 0.070642
0.000000 0.015077
0.000000 -0.027283
0.000378 -0.058346
0.006719 -0.079878
0.031986 -0.093564
0.087849 -0.100851
0.177292 -0.103021
0.294062 -0.101250
0.426474 -0.096493
0.561900 -0.089639
0.689881 -0.081451
0.803453 -0.072572
0.898749 -0.063520
0.969428 -0.054695
1.003576 -0.046386
0.991530 -0.038784
0.932663 -0.031998
0.835564 -0.026069
0.714039 -0.020987
0.582558 -0.016706
0.453146 -0.013156
0.334096 -0.010255
0.230025 -0.007916
0.142639 -0.006054
0.071696 -0.004589
0.015851 -0.003450
-0.026719 -0.002531
-0.057560 -0.001832
-0.072906 -0.001306
-0.061438 -0.000913
-0.012945 -0.000622
0.074272 -0.000409
0.192812 -0.000253
0.329981 -0.000139
0.472261 -0.000058
0.608429 0.000000
0.730503 0.000000
0.828886 0.000000
0.889467 0.000000
0.901328 0.000000
0.863302 0.000000
0.783895 0.000000
0.677084 0.000000
0.557627 0.000000
0.437871 0.000000
0.326418 0.000000
0.228168 0.000000
0.145087 0.000000
0.077170 0.000000
0.023290 0.000000
-0.018175 0.000000
-0.048922 0.000378
-0.070657 0.006719
-0.084875 0.031986
-0.092907 0.087849
-0.095938 0.176914
-0.095031 0.287343
-0.091138 0.394488
-0.085104 0.474051
-0.077669 0.512588
-0.069458 0.509391
-0.061026 0.472652
-0.052720 0.414248
-0.044839 0.345682
-0.037586 0.275925
-0.031079 0.210829
-0.025370 0.153479
-0.020461 0.104951
-0.016313 0.065079
-0.012865 0.033072
-0.010041 0.007922
-0.007382 -0.011363
0.000778 -0.025671
0.027478 -0.035769
0.084457 -0.042320
0.174762 -0.045915
0.291852 -0.047097
0.418448 -0.046369
0.529001 -0.044196
0.601410 -0.041002
0.625752 -0.037160
0.604812 -0.032988
0.549534 -0.028740
0.473604 -0.024614
0.389498 -0.020750
0.306502 -0.017238
0.230500 -0.014124
0.164366 -0.011425
0.108895 -0.009131
0.063648 -0.007214
0.027594 -0.005638
-0.000098 -0.004362
-0.015008 -0.003341
-0.005214 -0.002536
0.040051 -0.001908
0.122979 -0.001424
0.236600 -0.001054
0.368199 -0.000774
0.498956 -0.000564
0.604899 -0.000409
0.666897 -0.000253
0.678046 -0.000139
0.643490 -0.000058
0.575674 0.000000
0.489023 0.000000
0.396209 0.000000
0.306442 0.000000
0.225288 0.000000
0.155339 0.000000
0.097136 0.000000
0.050038 0.000000
0.012860 0.000000
-0.015350 0.000000
-0.030271 0.000000
-0.020069 0.000000
0.025936 0.000000
0.109475 0.000000
0.217914 0.000000
0.325880 0.000000
0.408405 0.000000
0.451479 0.000000
0.453803 0.000000
0.423117 0.000000
0.370920 0.000000
0.308427 0.000000
0.244355 0.000000
0.184469 0.000000
0.131772 0.000000
0.087306 0.000000
0.050910 0.000000
0.021824 0.000000
-0.000531 0.000000
-0.011506 0.000000
0.001035 0.000000
0.048055 0.000000
0.131554 0.000000
0.239149 0.000000
0.345698 0.000000
0.426434 0.000000
0.467479 0.000000
0.467766 0.000000
0.435083 0.000000
0.381007 0.000000
0.316802 0.000000
0.251253 0.000000
0.190078 0.000000
0.136241 0.000000
0.090827 0.000000
0.053654 0.000000
0.023941 0.000000
0.000709 0.000000
-0.017001 0.000378
-0.030033 0.006719
-0.039110 0.031986
-0.044856 0.087849
-0.047824 0.176914
-0.048521 0.287343
-0.047423 0.394488
-0.044970 0.474051
-0.041567 0.512588
-0.037569 0.509391
-0.033240 0.472652
-0.028880 0.414248
-0.024673 0.345682
-0.020750 0.275925
-0.017238 0.210829
-0.014124 0.153479
-0.011425 0.104951
-0.009131 0.065079
-0.007214 0.033072
-0.005638 0.008300
-0.004362 -0.004643
-0.003341 0.006315
-0.002536 0.052080
-0.001908 0.134973
-0.001424 0.248147
-0.001054 0.378999
-0.000774 0.508811
-0.000564 0.613698
-0.000409 0.674602
-0.000253 0.684674
-0.000139 0.649098
-0.000058 0.580348
0.000000 0.492864
0.000000 0.399324
0.000000 0.308936
0.000000 0.227263
0.000000 0.156885
0.000000 0.098334
0.000000 0.050957
0.000000 0.013558
0.000000 -0.014824
0.000000 -0.029878
0.000000 -0.019778
0.000000 0.026149
0.000000 0.110008
0.000000 0.224746
0.000000 0.357569
0.000000 0.489592
0.000000 0.596785
0.000000 0.660017
0.000000 0.672299
0.000000 0.638758
0.000000 0.571833
0.000000 0.485908
0.000000 0.393714
0.000000 0.304467
0.000000 0.223742
0.000000 0.154141
0.000000 0.096217
0.000000 0.049340
0.000000 0.012334
0.000000 -0.016121
0.000000 -0.037281
0.000000 -0.052269
0.000000 -0.062069
0.000000 -0.067553
0.000000 -0.069133
0.000000 -0.061947
0.000000 -0.033661
0.000000 0.026739
0.000000 0.121705
0.000000 0.244527
0.000000 0.383146
0.000000 0.524267
0.000000 0.651591
0.000000 0.745107
0.000000 0.789570
0.000000 0.781210
0.000000 0.727331
0.000000 0.641656
0.000000 0.539224
0.000000 0.432884
0.000000 0.331781
0.000000 0.241306
0.000000 0.163838
0.000000 0.099709
0.000000 0.048080
0.000000 0.007583
0.000378 -0.023282
0.006719 -0.045907
0.031986 -0.061630
0.087849 -0.071590
0.176914 -0.076800
0.287343 -0.078176
0.394488 -0.076553
0.474051 -0.072729
0.512588 -0.067328
0.509391 -0.060943
0.472652 -0.054070
0.414248 -0.047111
0.345682 -0.040370
0.275925 -0.034065
0.210829 -0.028335
0.153479 -0.023253
0.104951 -0.018843
0.065079 -0.015088
0.033072 -0.011946
0.008300 -0.009357
-0.004643 -0.007255
0.006315 -0.005571
0.052080 -0.004239
0.134595 -0.003197
0.241427 -0.002391
0.347391 -0.001774
0.427682 -0.001306
0.468392 -0.000913
0.468388 -0.000622
0.435492 -0.000409
0.381260 -0.000253
0.316941 -0.000139
0.251311 -0.000058
0.190078 0.000000
0.136241 0.000000
0.090827 0.000000
0.053654 0.000000
0.023941 0.000000
0.000709 0.000378
-0.017001 0.006719
-0.030033 0.031986
-0.039110 0.087849
-0.044856 0.176914
-0.047824 0.287343
-0.048521 0.394488
-0.047423 0.474051
-0.044970 0.512588
-0.041567 0.509391
-0.037569 0.472652
-0.033240 0.414248
-0.028880 0.345682
-0.024673 0.275925
-0.020750 0.210829
-0.017238 0.153479
-0.014124 0.104951
-0.011425 0.065079
-0.009131 0.033072
-0.007214 0.008300
-0.005638 -0.004643
-0.004362 0.006315
-0.003341 0.052080
-0.002536 0.134595
-0.001908 0.241427
-0.001424 0.347391
-0.001054 0.427682
-0.000774 0.468392
-0.000564 0.468388
-0.000409 0.435492
-0.000253 0.381260
-0.000139 0.316941
-0.000058 0.251311
0.000000 0.190078
0.000000 0.136241
0.000000 0.090827
0.000000 0.053654
0.000000 0.023941
0.000000 0.000709
0.000000 -0.017001
0.000000 -0.029655
0.000000 -0.032391
0.000000 -0.012870
0.000000 0.040025
0.000000 0.128771
0.000000 0.246639
0.000000 0.381504
0.000000 0.520333
0.000000 0.652312
0.000000 0.769835
0.000000 0.863527
0.000000 0.919489
0.000000 0.926963
0.000000 0.884848
0.000000 0.801768
0.000000 0.691727
0.000000 0.569483
0.000000 0.447363
0.000000 0.333936
0.000000 0.234061
0.000000 0.149662
0.000000 0.080688
0.000000 0.025971
0.000000 -0.016149
0.000000 -0.047445
0.000000 -0.069599
0.000000 -0.084133
0.000000 -0.092402
0.000000 -0.095568
0.000000 -0.094384
0.000000 -0.084224
0.000000 -0.052979
0.000000 0.010238
0.000000 0.107457
0.000000 0.226317
0.000000 0.341768
0.000000 0.429212
0.000000 0.475003
0.000000 0.478312
0.000000 0.447282
0.000000 0.393787
0.000000 0.329369
0.000000 0.263061
0.000000 0.200788
0.000000 0.145719
0.000000 0.099010
0.000000 0.060571
0.000000 0.029680
0.000378 0.005392
0.006719 -0.013195
0.031986 -0.026977
0.087849 -0.036682
0.176914 -0.042942
0.287343 -0.046324
0.394488 -0.047350
0.474051 -0.046509
0.512588 -0.044254
0.509391 -0.041002
0.472652 -0.037160
0.414248 -0.032988
0.345682 -0.028740
0.275925 -0.024614
0.210829 -0.020750
0.153479 -0.017238
0.104951 -0.014124
0.065079 -0.011425
0.033072 -0.009131
0.008300 -0.007214
-0.004643 -0.005638
0.006315 -0.004362
0.052080 -0.003341
0.134973 -0.002536
0.248147 -0.001908
0.379377 -0.001424
0.515531 -0.001054
0.645684 -0.000774
0.762073 -0.000564
0.855246 -0.000409
0.911174 -0.000253
0.918974 -0.000139
0.877472 -0.000058
0.795142 0.000000
0.685915 0.000000
0.564489 0.000000
0.443152 0.000000
0.330443 0.000000
0.231209 0.000000
0.147365 0.000000
0.078863 0.000000
0.024538 0.000000
-0.017262 0.000000
-0.048299 0.000000
-0.070248 0.000000
-0.084623 0.000000
-0.092767 0.000378
-0.095880 0.006719
-0.095031 0.031986
-0.091138 0.087849
-0.085104 0.177292
-0.077669 0.294062
-0.069458 0.426474
-0.061026 0.561900
-0.052720 0.689503
-0.044839 0.796733
-0.037586 0.867140
-0.031079 0.888299
-0.025370 0.858270
-0.020461 0.785316
-0.016313 0.683481
-0.012865 0.567727
-0.010041 0.450633
-0.007760 0.341005
-0.005941 0.243900
-0.004508 0.161401
-0.003391 0.093589
-0.002531 0.039408
-0.001832 -0.002697
-0.001306 -0.034397
-0.000913 -0.057278
-0.000245 -0.072769
0.006311 -0.082138
0.031734 -0.086516
0.087709 -0.086918
0.177234 -0.084258
0.294062 -0.079357
0.426474 -0.072936
0.561900 -0.065617
0.689881 -0.057911
0.803453 -0.050225
0.898749 -0.042865
0.969428 -0.036040
1.003576 -0.029881
0.991530 -0.024451
0.932663 -0.019762
0.835564 -0.015787
0.714039 -0.012472
0.582558 -0.009750
0.453146 -0.007546
0.334096 -0.005785
0.230025 -0.004395
0.142639 -0.003310
0.071696 -0.002472
0.015851 -0.001832
-0.026719 -0.001306
-0.057560 -0.000913
-0.072906 -0.000622
-0.061438 -0.000409
-0.012945 -0.000253
0.074272 -0.000139
0.192812 -0.000058
0.329981 0.000000
0.472261 0.000000
0.608429 0.000000
0.730503 0.000000
0.828886 0.000000
0.889467 0.000000
0.901328 0.000000
0.863302 0.000000
0.783895 0.000000
0.677084 0.000000
0.557627 0.000000
0.437871 0.000000
0.326418 0.000000
0.228168 0.000000
0.145087 0.000000
0.077170 0.000000
0.023290 0.000000
-0.018175 0.000000
-0.048922 0.000000
-0.070657 0.000000
-0.084497 0.000000
-0.086187 0.000000
-0.063952 0.000000
-0.007183 0.000000
0.086154 0.000000
0.208958 0.000000
0.348806 0.000000
0.492442 0.000000
0.628477 0.000000
0.744013 0.000000
0.822301 0.000000
0.850713 0.000000
0.827191 0.000000
0.759946 0.000000
0.663020 0.000000
0.551414 0.000000
0.437768 0.000000
0.330964 0.000000
0.236140 0.000000
0.155460 0.000000
0.089081 0.000000
0.036017 0.000000
-0.005228 0.000000
-0.035852 0.000000
-0.051865 0.000000
-0.041696 0.000000
0.005088 0.000000
0.090368 0.000000
0.206892 0.000000
0.342077 0.000000
0.482107 0.000000
0.610225 0.000000
0.705850 0.000000
0.753367 0.000000
0.748630 0.000000
0.698635 0.000000
0.616864 0.000000
0.518174 0.000000
0.415295 0.000000
0.317299 0.000000
0.229545 0.000000
0.154407 0.000000
0.092237 0.000000
0.042227 0.000000
0.003046 0.000000
-0.026764 0.000000
-0.048594 0.000000
-0.063317 0.000000
-0.066450 0.000000
-0.045981 0.000000
0.008817 0.000000
0.100117 0.000000
0.220924 0.000000
0.358893 0.000000
0.500818 0.000000
0.635753 0.000000
0.756342 0.000000
0.858379 0.000000
0.935363 0.000000
0.975241 0.000000
0.968276 0.000000
0.913819 0.000000
0.820476 0.000000
0.702094 0.000000
0.573200 0.000000
0.445891 0.000000
0.328525 0.000000
0.225786 0.000000
0.139442 0.000000
0.069304 0.000000
0.014077 0.000000
-0.028025 0.000000
-0.058473 0.000000
-0.073528 0.000000
-0.061847 0.000000
-0.013197 0.000000
0.073754 0.000000
0.186035 0.000000
0.297995 0.000000
0.384413 0.000000
0.431137 0.000000
0.436818 0.000000
0.409132 0.000000
0.359553 0.000000
0.299296 0.000000
0.237142 0.000000
0.178831 0.000000
0.127410 0.000000
0.083965 0.000000
0.048374 0.000000
0.019916 0.000000
-0.002332 0.000000
-0.019279 0.000000
-0.031725 0.000000
-0.040358 0.000000
-0.045769 0.000000
-0.048446 0.000000
-0.048930 0.000000
-0.047675 0.000000
-0.045110 0.000000
-0.041625 0.000000
-0.037569 0.000000
-0.033240 0.000000
-0.028880 0.000000
-0.024673 0.000000
-0.020750 0.000000
-0.017238 0.000000
-0.014124 0.000000
-0.011425 0.000000
-0.009131 0.000000
-0.007214 0.000000
-0.005638 0.000000
-0.004362 0.000000
-0.003341 0.000000
-0.002536 0.000000
-0.001908 0.000000
-0.001424 0.000000
-0.001054 0.000000
-0.000774 0.000000
-0.000564 0.000000
-0.000409 0.000000
-0.000253 0.000000
-0.000139 0.000000
-0.000058 0.000000
0.000000 0.000000
0.000000 0.000000
0.000000 0.000000
0.000000 0.000000
0.000000 0.000000
0.000000 0.000000
0.000000 0.000000
0.000000 0.000000
0.000000 0.000000
0.000000 0.000000
0.000000 0.000000
0.000000 0.000000
0.000000 0.000000
0.000000 0.000000
0.000000 0.000000
0.000000 0.000000
0.000000 0.000000
0.000000 0.000000
0.000000 0.000000
0.000000 0.000000
0.000000 0.000000
0.000000 0.000000
0.000000 0.000000
0.000000 0.000000
0.000000 0.000000
0.000000 0.000000
0.000000 0.000000
0.000000 0.000000
0.000000 0.000000
0.000000 0.000000
0.000000 0.000000
0.000000 0.000000
0.000000 0.000000
0.000000 0.000000
0.000000 0.000000
0.000000 0.000000
0.000000 0.000000
0.000000 0.000000
0.000000 0.000000
0.000000 0.000000
0.000000 0.000000
0.000000 0.000000
0.000000 0.000000
0.000000 0.000000
0.000000 0.000000
0.000000 0.000000
0.000000 0.000000
0.000000 0.000000
0.000000 0.000000
0.000000 0.000000
0.000000 0.000000
0.000000 0.000000
0.000000 0.000000
0.000000 0.000000
0.000000 0.000000
0.000000 0.000000
0.000000 0.000000
0.000000 0.000000
0.000000 0.000000
