0.000000 0.000000
0.000000 0.000000
0.000000 0.000000
0.000000 0.000000
0.000000 0.000000
0.000000 0.000000
0.000000 0.000000
0.000000 0.000000
0.000000 0.000000
0.000000 0.000000
0.000000 0.000000
0.000000 0.000000
0.000000 0.000000
0.000000 0.000000
0.000000 0.000000
0.000000 0.000000
0.000000 0.000000
0.000000 0.000000
0.000000 0.000000
0.000000 0.000000
0.000378 0.000000
0.006719 0.000000
0.031986 0.000000
0.087849 0.000000
0.176914 0.000000
0.287343 0.000000
0.394488 0.000000
0.474051 0.000000
0.512588 0.000000
0.509391 0.000000
0.472652 0.000000
0.414248 0.000000
0.345682 0.000000
0.275925 0.000000
0.210829 0.000000
0.153479 0.000000
0.104951 0.000000
0.065079 0.000000
0.033072 0.000000
0.008300 0.000000
-0.004643 0.000000
0.006315 0.000000
0.052080 0.000000
0.134973 0.000000
0.248147 0.000000
0.379377 0.000000
0.515531 0.000000
0.645684 0.000000
0.762450 0.000000
0.861588 0.000000
0.936440 0.000000
0.974836 0.000000
0.966915 0.000000
0.911912 0.000000
0.818327 0.000000
0.699915 0.000000
0.571132 0.000000
0.444015 0.000000
0.326883 0.000000
0.224387 0.000000
0.138277 0.000000
0.068354 0.000000
0.013315 0.000000
-0.028627 0.000000
-0.059361 0.000378
-0.080679 0.006719
-0.094198 0.031986
-0.101357 0.087849
-0.103429 0.177292
-0.101503 0.294062
-0.096633 0.426474
-0.089697 0.561522
-0.081451 0.683161
-0.072572 0.771467
-0.063520 0.811278
-0.054695 0.798855
-0.046386 0.741500
-0.038784 0.652904
-0.031998 0.548055
-0.026069 0.439746
-0.020987 0.337061
-0.016706 0.245331
-0.013156 0.166879
-0.010255 0.101987
-0.007916 0.049773
-0.006054 0.008832
-0.004212 -0.022369
0.003270 -0.045284
0.029455 -0.061222
0.086016 -0.071338
0.175608 -0.076660
0.286429 -0.078118
0.393866 -0.076553
0.473643 -0.072729
0.512336 -0.067328
0.509251 -0.060943
0.472594 -0.054070
0.414248 -0.047111
0.345682 -0.040370
0.275925 -0.034065
0.210829 -0.028335
0.153479 -0.023253
0.104951 -0.018843
0.065079 -0.015088
0.033072 -0.011946
0.007922 -0.008979
-0.011363 -0.000536
-0.025671 0.026415
-0.035769 0.083610
-0.042320 0.174095
-0.045915 0.291293
-0.047097 0.417981
-0.046369 0.528608
-0.044196 0.601119
-0.041002 0.625538
-0.037160 0.604656
-0.032988 0.549421
-0.028740 0.473523
-0.024614 0.389439
-0.020750 0.306502
-0.017238 0.230500
-0.014124 0.164366
-0.011425 0.108895
-0.009131 0.063648
-0.007214 0.027594
-0.005260 -0.000476
0.002358 -0.021727
0.028645 -0.037200
0.085312 -0.047797
0.175006 -0.054313
0.285919 -0.057462
0.393434 -0.057898
0.473278 -0.056225
0.512024 -0.052996
0.508982 -0.048707
0.472400 -0.043788
0.414108 -0.038596
0.345623 -0.033414
0.275925 -0.028455
0.210829 -0.023865
0.153479 -0.019732
0.104951 -0.016099
0.065079 -0.012971
0.033072 -0.010328
0.007922 -0.007755
-0.011363 0.000383
-0.025671 0.027099
-0.035769 0.084114
-0.042320 0.174465
-0.045915 0.291940
-0.047097 0.424894
-0.046369 0.560733
-0.044196 0.689025
-0.041002 0.802830
-0.037160 0.898340
-0.032988 0.969176
-0.028740 1.003437
-0.024614 0.991471
-0.020750 0.932663
-0.017238 0.835564
-0.014124 0.714039
-0.011425 0.582558
-0.009131 0.453146
-0.007214 0.334096
-0.005638 0.230025
-0.004362 0.142639
-0.003341 0.071696
-0.002536 0.015851
-0.001908 -0.026719
-0.001046 -0.057938
0.005666 -0.079625
0.031212 -0.093424
0.087284 -0.100793
0.176884 -0.103021
0.293432 -0.101250
0.419615 -0.096493
0.529856 -0.089639
0.602032 -0.081451
0.626161 -0.072572
0.605064 -0.063520
0.549673 -0.054695
0.473662 -0.046386
0.389498 -0.038784
0.306502 -0.031998
0.230500 -0.026069
0.164366 -0.020987
0.108895 -0.016706
0.063648 -0.013156
0.027594 -0.010255
-0.000476 -0.007538
-0.021727 0.000665
-0.037200 0.027397
-0.047797 0.084399
-0.054313 0.174762
-0.057462 0.292230
-0.057898 0.425168
-0.056225 0.560987
-0.052996 0.689258
-0.048707 0.803044
-0.043788 0.898496
-0.038596 0.969289
-0.033414 1.003518
-0.028455 0.991530
-0.023865 0.932663
-0.019732 0.835564
-0.016099 0.714039
-0.012971 0.582558
-0.010328 0.453146
-0.008133 0.334096
-0.006336 0.230025
-0.004888 0.142639
-0.003734 0.071696
-0.002827 0.015851
-0.002122 -0.026719
-0.001202 -0.057938
0.005553 -0.079625
0.031131 -0.093424
0.087226 -0.100793
0.176884 -0.103021
0.293810 -0.101250
0.426335 -0.096493
0.561464 -0.089639
0.683161 -0.081451
0.771467 -0.072572
0.811278 -0.063520
0.798855 -0.054695
0.741500 -0.046386
0.652904 -0.038784
0.548055 -0.031998
0.439746 -0.026069
0.337061 -0.020987
0.245331 -0.016706
0.166879 -0.013156
0.101987 -0.010255
0.049773 -0.007916
0.008832 -0.006054
-0.022369 -0.004589
-0.045284 -0.003450
-0.061222 -0.002531
-0.071338 -0.001832
-0.076660 -0.001306
-0.077740 -0.000913
-0.069833 -0.000622
-0.040743 -0.000409
0.020520 -0.000253
0.116349 -0.000139
0.239992 -0.000058
0.379364 0.000000
0.521530 0.000000
0.655438 0.000000
0.768399 0.000000
0.843887 0.000000
0.869456 0.000000
0.843182 0.000000
0.773370 0.000000
0.674124 0.000000
0.560471 0.000000
0.445062 0.000000
0.336766 0.000000
0.240703 0.000000
0.159010 0.000000
0.091815 0.000000
0.038102 0.000000
-0.003610 0.000000
-0.035020 0.000378
-0.057686 0.006719
-0.073021 0.031986
-0.082277 0.087849
-0.086574 0.176914
-0.086918 0.287343
-0.084258 0.394488
-0.079357 0.474051
-0.072936 0.512588
-0.065617 0.509391
-0.057911 0.472652
-0.050225 0.414248
-0.042865 0.345682
-0.036040 0.275925
-0.029881 0.210829
-0.024451 0.153479
-0.019762 0.104951
-0.015787 0.065079
-0.012472 0.033072
-0.009750 0.008300
-0.007546 -0.004643
-0.005785 0.006315
-0.004395 0.052080
-0.003310 0.134595
-0.002472 0.241427
-0.001832 0.347391
-0.001306 0.427682
-0.000913 0.468392
-0.000622 0.468388
-0.000409 0.435492
-0.000253 0.381260
-0.000139 0.316941
-0.000058 0.251311
0.000000 0.190078
0.000000 0.136241
0.000000 0.090827
0.000000 0.053654
0.000000 0.023941
0.000000 0.001086
0.000000 -0.010281
0.000000 0.001953
0.000000 0.048738
0.000000 0.132436
0.000000 0.246239
0.000000 0.377953
0.000000 0.514477
0.000000 0.644910
0.000000 0.761886
0.000000 0.861180
0.000000 0.936188
0.000000 0.974696
0.000000 0.966857
0.000000 0.911912
0.000000 0.818327
0.000000 0.699915
0.000000 0.571132
0.000000 0.444015
0.000000 0.326883
0.000000 0.224387
0.000000 0.138277
0.000000 0.068354
0.000000 0.013315
0.000000 -0.028627
0.000000 -0.058984
0.000000 -0.073959
0.000000 -0.062212
0.000000 -0.013509
0.000000 0.073863
0.000000 0.192560
0.000000 0.329841
0.000000 0.472203
0.000000 0.608052
0.000000 0.724161
0.000000 0.803620
0.000000 0.833604
0.000000 0.811884
0.000000 0.746532
0.000000 0.651483
0.000000 0.541658
0.000000 0.429646
0.000000 0.324299
0.000000 0.230745
0.000000 0.151147
0.000000 0.085673
0.000000 0.033354
0.000000 -0.007286
0.000000 -0.037469
0.000000 -0.053089
0.000000 -0.042615
0.000000 0.004404
0.000000 0.089485
0.000000 0.199803
0.000000 0.309822
0.000000 0.394442
0.000000 0.439513
0.000000 0.443716
0.000000 0.414741
0.000000 0.364022
0.000000 0.302817
0.000000 0.239886
0.000000 0.180948
0.000000 0.129028
0.000000 0.085189
0.000000 0.049293
0.000000 0.020600
0.000000 -0.001828
0.000000 -0.018909
0.000000 -0.031079
0.000000 -0.033444
0.000000 -0.013644
0.000000 0.039461
0.000000 0.128362
0.000000 0.246387
0.000000 0.381364
0.000000 0.520275
0.000000 0.652312
0.000000 0.769835
0.000000 0.863527
0.000000 0.919489
0.000000 0.926963
0.000000 0.884848
0.000000 0.801768
0.000000 0.691727
0.000000 0.569483
0.000000 0.447363
0.000000 0.333936
0.000000 0.234061
0.000000 0.149662
0.000000 0.080688
0.000000 0.025971
0.000000 -0.016149
0.000378 -0.047445
0.006719 -0.069599
0.031986 -0.084133
0.087849 -0.092402
0.177292 -0.095568
0.294062 -0.094762
0.426474 -0.090944
0.561900 -0.084965
0.689881 -0.077610
0.803075 -0.069458
0.892407 -0.061026
0.944162 -0.052720
0.947714 -0.044839
0.902086 -0.037586
0.815893 -0.031079
0.703152 -0.025370
0.578614 -0.020461
0.454577 -0.016313
0.339574 -0.012865
0.238423 -0.010041
0.153003 -0.007760
0.083224 -0.005941
0.027880 -0.004508
-0.014725 -0.003391
-0.046391 -0.002153
-0.068825 0.004887
-0.083569 0.030680
-0.091993 0.086935
-0.095316 0.176292
-0.094623 0.286934
-0.090885 0.394236
-0.084965 0.473912
-0.077610 0.512530
-0.069458 0.509391
-0.061026 0.472652
-0.052720 0.414248
-0.044839 0.345682
-0.037586 0.275925
-0.031079 0.210829
-0.025370 0.153479
-0.020461 0.104951
-0.016313 0.065079
-0.012865 0.033072
-0.010041 0.008300
-0.007760 -0.004643
-0.005941 0.006315
-0.004508 0.052080
-0.003391 0.134973
-0.002531 0.248147
-0.001832 0.379377
-0.001306 0.515531
-0.000913 0.645307
-0.000622 0.755731
-0.000409 0.829980
-0.000253 0.855311
-0.000139 0.829530
-0.000058 0.760701
0.000000 0.662730
0.000000 0.550489
0.000000 0.436509
0.000000 0.329580
0.000000 0.234770
0.000000 0.154188
0.000000 0.087951
0.000000 0.035047
0.000000 -0.006038
0.000000 -0.036556
0.000000 -0.052467
0.000000 -0.042206
0.000000 0.004657
0.000000 0.090002
0.000000 0.206580
0.000000 0.341808
0.000000 0.482291
0.000000 0.616805
0.000000 0.737400
0.000000 0.834496
0.000000 0.893936
0.000000 0.904849
0.000000 0.866046
0.000000 0.786012
0.000000 0.678701
0.000000 0.558851
0.000000 0.438790
0.000000 0.327102
0.000000 0.228673
0.000000 0.145457
0.000000 0.077439
0.000000 0.023485
0.000000 -0.018036
0.000000 -0.048486
0.000000 -0.063937
0.000000 -0.052889
0.000000 -0.005058
0.000000 0.081354
0.000000 0.199031
0.000000 0.335336
0.000000 0.476796
0.000000 0.612212
0.000000 0.733995
0.000000 0.837723
0.000000 0.916708
0.000000 0.958737
0.000000 0.953944
0.000000 0.901584
0.000000 0.810194
0.000000 0.693579
0.000000 0.566245
0.000000 0.440281
0.000000 0.324055
0.000000 0.222265
0.000000 0.136698
0.000000 0.067187
0.000000 0.012460
0.000000 -0.029250
0.000000 -0.059392
0.000000 -0.074212
0.000000 -0.062352
0.000000 -0.013567
0.000000 0.073485
0.000000 0.185840
0.000000 0.297855
0.000000 0.384354
0.000000 0.431137
0.000000 0.436818
0.000000 0.409132
0.000000 0.359553
0.000000 0.299296
0.000000 0.237142
0.000000 0.178831
0.000000 0.127410
0.000000 0.083965
0.000000 0.048374
0.000000 0.019916
0.000000 -0.001955
0.000000 -0.012559
0.000000 0.000261
0.000000 0.047490
0.000000 0.131523
0.000000 0.245616
0.000000 0.377544
0.000000 0.514225
0.000000 0.644771
0.000000 0.761450
0.000000 0.854838
0.000000 0.910921
0.000000 0.918834
0.000000 0.877413
0.000000 0.795142
0.000000 0.685915
0.000000 0.564489
0.000000 0.443152
0.000000 0.330443
0.000000 0.231209
0.000000 0.147365
0.000000 0.078863
0.000000 0.024538
0.000000 -0.017262
0.000378 -0.048299
0.006719 -0.070248
0.031986 -0.084623
0.087849 -0.092767
0.176914 -0.095880
0.287343 -0.095031
0.394488 -0.091138
0.474051 -0.085104
0.512588 -0.077669
0.509391 -0.069458
0.472652 -0.061026
0.414248 -0.052720
0.345682 -0.044839
0.275925 -0.037586
0.210829 -0.031079
0.153479 -0.025370
0.104951 -0.020461
0.065079 -0.016313
0.033072 -0.012865
0.007922 -0.009663
-0.011363 -0.001041
-0.025671 0.026045
-0.035769 0.083340
-0.042320 0.173901
-0.045915 0.291532
-0.047097 0.424642
-0.046369 0.560594
-0.044196 0.688967
-0.041002 0.802453
-0.037160 0.891998
-0.032988 0.943909
-0.028740 0.947574
-0.024614 0.902028
-0.020750 0.815893
-0.017238 0.703152
-0.014124 0.578614
-0.011425 0.454577
-0.009131 0.339574
-0.007214 0.238423
-0.005638 0.153003
-0.004362 0.083224
-0.003341 0.027880
-0.002536 -0.014725
-0.001908 -0.046013
-0.001424 -0.062105
-0.001054 -0.051583
-0.000774 -0.004145
-0.000564 0.081599
-0.000409 0.192720
-0.000253 0.303603
-0.000139 0.389087
-0.000058 0.434978
0.000000 0.439933
0.000000 0.411627
0.000000 0.361528
0.000000 0.300842
0.000000 0.238339
0.000000 0.179750
0.000000 0.128109
0.000000 0.084491
0.000000 0.048767
0.000000 0.020207
0.000378 -0.002119
0.006719 -0.019123
0.031986 -0.031612
0.087849 -0.040277
0.177292 -0.045711
0.294062 -0.048446
0.426474 -0.048930
0.561900 -0.047675
0.689503 -0.045110
0.796733 -0.041625
0.867140 -0.037569
0.888299 -0.033240
0.858270 -0.028880
0.785316 -0.024673
0.683481 -0.020750
0.567727 -0.017238
0.450633 -0.014124
0.341005 -0.011425
0.243900 -0.009131
0.161401 -0.007214
0.093589 -0.005638
0.039408 -0.004362
-0.002697 -0.003341
-0.034019 -0.002536
-0.050558 -0.001908
-0.040783 -0.001424
0.005711 -0.001054
0.090776 -0.000774
0.207145 -0.000564
0.342216 -0.000409
0.482543 -0.000253
0.616566 -0.000139
0.731117 -0.000058
0.809229 0.000000
0.838074 0.000000
0.815406 0.000000
0.749276 0.000000
0.653600 0.000000
0.543275 0.000000
0.430871 0.000000
0.325218 0.000000
0.231428 0.000000
0.151652 0.000000
0.086043 0.000000
0.033623 0.000000
-0.007092 0.000000
-0.037330 0.000000
-0.053031 0.000000
-0.042615 0.000000
0.004404 0.000000
0.089863 0.000000
0.206144 0.000000
0.335088 0.000000
0.450305 0.000000
0.528956 0.000000
0.560486 0.000000
0.547153 0.000000
0.499448 0.000000
0.430798 0.000000
0.353458 0.000000
0.276621 0.000000
0.206049 0.000000
0.144604 0.000000
0.093109 0.000000
0.051177 0.000000
0.017844 0.000000
-0.007644 0.000000
-0.020793 0.000000
-0.009609 0.000000
0.036741 0.000000
0.120506 0.000000
0.234768 0.000000
0.367270 0.000000
0.504762 0.000000
0.636262 0.000000
0.754337 0.000000
0.854708 0.000000
0.930693 0.000000
0.970104 0.000000
0.963074 0.000000
0.908798 0.000000
0.815832 0.000000
0.697940 0.000000
0.569586 0.000000
0.442817 0.000000
0.325964 0.000000
0.223688 0.000000
0.137751 0.000000
0.067961 0.000000
0.013024 0.000000
-0.028841 0.000000
-0.059140 0.000000
-0.074072 0.000000
-0.062294 0.000000
-0.013567 0.000000
0.073863 0.000000
0.192560 0.000000
0.329464 0.000000
0.465484 0.000000
0.576443 0.000000
0.643032 0.000000
0.658314 0.000000
0.627390 0.000000
0.562702 0.000000
0.478694 0.000000
0.388076 0.000000
0.300105 0.000000
0.220401 0.000000
0.151604 0.000000
0.094309 0.000000
0.047916 0.000000
0.011280 0.000000
-0.016517 0.000000
-0.031126 0.000000
-0.020692 0.000000
0.025527 0.000000
0.109600 0.000000
0.224494 0.000000
0.357808 0.000000
0.496253 0.000000
0.628771 0.000000
0.747866 0.000000
0.849213 0.000000
0.926100 0.000000
0.966321 0.000000
0.959960 0.000000
0.906303 0.000000
0.813857 0.000000
0.696394 0.000000
0.568388 0.000000
0.441898 0.000000
0.325265 0.000000
0.223162 0.000000
0.137358 0.000000
0.067670 0.000000
0.012810 0.000000
-0.028997 0.000000
-0.059253 0.000000
-0.074154 0.000000
-0.062352 0.000000
-0.013567 0.000000
0.073863 0.000000
0.192560 0.000000
0.329464 0.000000
0.465484 0.000000
0.576443 0.000000
0.643032 0.000000
0.658314 0.000000
0.627390 0.000000
0.562702 0.000000
0.478694 0.000000
0.388076 0.000000
0.300105 0.000000
0.220401 0.000000
0.151604 0.000000
0.094309 0.000000
0.047916 0.000000
0.011280 0.000000
-0.016517 0.000000
-0.031126 0.000000
-0.020692 0.000000
0.025527 0.000000
0.109600 0.000000
0.224494 0.000000
0.357430 0.000000
0.489534 0.000000
0.596785 0.000000
0.660017 0.000000
0.672299 0.000000
0.638758 0.000000
0.571833 0.000000
0.485908 0.000000
0.393714 0.000000
0.304467 0.000000
0.223742 0.000000
0.154141 0.000000
0.096217 0.000000
0.049340 0.000000
0.012334 0.000000
-0.015743 0.000000
-0.030562 0.000000
-0.020283 0.000000
0.025780 0.000000
0.109362 0.000000
0.217832 0.000000
0.325821 0.000000
0.408405 0.000000
0.451479 0.000000
0.453803 0.000000
0.423117 0.000000
0.370920 0.000000
0.308427 0.000000
0.244355 0.000000
0.184469 0.000000
0.131772 0.000000
0.087306 0.000000
0.050910 0.000000
0.021824 0.000000
-0.000909 0.000000
-0.018225 0.000000
-0.030951 0.000000
-0.039794 0.000000
-0.045361 0.000000
-0.048193 0.000000
-0.048790 0.000000
-0.047617 0.000000
-0.045110 0.000000
-0.041625 0.000000
-0.037569 0.000000
-0.033240 0.000000
-0.028880 0.000000
-0.024673 0.000000
-0.020750 0.000000
-0.017238 0.000000
-0.014124 0.000000
-0.011425 0.000000
-0.009131 0.000000
-0.007214 0.000000
-0.005638 0.000000
-0.004362 0.000000
-0.003341 0.000000
-0.002536 0.000000
-0.001908 0.000000
-0.001424 0.000000
-0.001054 0.000000
-0.000774 0.000000
-0.000564 0.000000
-0.000409 0.000000
-0.000253 0.000000
-0.000139 0.000000
-0.000058 0.000000
0.000000 0.000000
0.000000 0.000000
0.000000 0.000000
0.000000 0.000000
0.000000 0.000000
0.000000 0.000000
0.000000 0.000000
0.000000 0.000000
0.000000 0.000000
0.000000 0.000000
0.000000 0.000000
0.000000 0.000000
0.000000 0.000000
0.000000 0.000000
0.000000 0.000000
0.000000 0.000000
0.000000 0.000000
0.000000 0.000000
0.000000 0.000000
0.000000 0.000000
0.000000 0.000000
0.000000 0.000000
0.000000 0.000000
0.000000 0.000000
0.000000 0.000000
0.000000 0.000000
0.000000 0.000000
0.000000 0.000000
0.000000 0.000000
0.000000 0.000000
0.000000 0.000000
0.000000 0.000000
0.000000 0.000000
0.000000 0.000000
0.000000 0.000000
0.000000 0.000000
0.000000 0.000000
0.000000 0.000000
0.000000 0.000000
0.000000 0.000000
0.000000 0.000000
0.000000 0.000000
0.000000 0.000000
0.000000 0.000000
0.000000 0.000000
0.000000 0.000000
0.000000 0.000000
0.000000 0.000000
0.000000 0.000000
0.000000 0.000000
0.000000 0.000000
0.000000 0.000000
0.000000 0.000000
0.000000 0.000000
