0.000000 0.000000
0.000000 0.000000
0.000000 0.000000
0.000000 0.000000
0.000000 0.000000
0.000000 0.000000
0.000000 0.000000
0.000000 0.000000
0.000000 0.000000
0.000000 0.000000
0.000000 0.000000
0.000000 0.000000
0.000000 0.000000
0.000000 0.000000
0.000000 0.000000
0.000000 0.000378
0.000000 0.006719
0.000000 0.031986
0.000000 0.087849
0.000000 0.176914
0.000000 0.287343
0.000000 0.394488
0.000000 0.474051
0.000000 0.512588
0.000000 0.509391
0.000000 0.472652
0.000000 0.414248
0.000000 0.345682
0.000000 0.275925
0.000000 0.210829
0.000000 0.153479
0.000000 0.104951
0.000000 0.065079
0.000000 0.033072
0.000000 0.008300
0.000000 -0.004643
0.000000 0.006315
0.000000 0.052080
0.000000 0.134973
0.000000 0.248147
0.000000 0.379377
0.000000 0.515531
0.000000 0.645684
0.000000 0.762073
0.000000 0.855246
0.000000 0.911174
0.000000 0.918974
0.000000 0.877472
0.000000 0.795142
0.000000 0.685915
0.000000 0.564489
0.000000 0.443152
0.000000 0.330443
0.000000 0.231209
0.000000 0.147365
0.000000 0.078863
0.000000 0.024538
0.000000 -0.017262
0.000378 -0.048299
0.006719 -0.070248
0.031986 -0.084623
0.087849 -0.092767
0.177292 -0.095880
0.294062 -0.095031
0.426474 -0.091138
0.561522 -0.085104
0.683161 -0.077669
0.771467 -0.069458
0.811278 -0.061026
0.798855 -0.052720
0.741500 -0.044839
0.652904 -0.037586
0.548055 -0.031079
0.439746 -0.025370
0.337061 -0.020461
0.245331 -0.016313
0.166879 -0.012865
0.101987 -0.010041
0.049773 -0.007760
0.008832 -0.005941
-0.021991 -0.004508
-0.038565 -0.003391
-0.029236 -0.002531
0.016511 -0.001832
0.100632 -0.001306
0.215944 -0.000913
0.349921 -0.000622
0.489171 -0.000409
0.622552 -0.000253
0.742132 -0.000139
0.838337 -0.000058
0.897051 0.000000
0.907344 0.000000
0.868021 0.000000
0.787558 0.000000
0.679899 0.000000
0.559770 0.000000
0.439489 0.000000
0.327628 0.000000
0.229066 0.000000
0.145748 0.000000
0.077653 0.000000
0.023641 0.000000
-0.017922 0.000000
-0.048782 0.000000
-0.070599 0.000000
-0.084875 0.000000
-0.092529 0.000000
-0.089219 0.000000
-0.063045 0.000000
-0.003289 0.000000
0.091810 0.000000
0.209674 0.000000
0.325030 0.000000
0.413026 0.000000
0.459868 0.000000
0.464551 0.000000
0.435066 0.000000
0.383169 0.000000
0.320311 0.000000
0.255465 0.000000
0.194516 0.000000
0.140614 0.000000
0.094911 0.000000
0.057319 0.000000
0.027130 0.000000
0.003414 0.000378
-0.014754 0.006719
-0.028202 0.031986
-0.037601 0.087849
-0.043626 0.176914
-0.046829 0.287343
-0.047720 0.394488
-0.046778 0.474051
-0.044449 0.512588
-0.041142 0.509391
-0.037219 0.472652
-0.032988 0.414248
-0.028740 0.345682
-0.024614 0.275925
-0.020750 0.210829
-0.017238 0.153479
-0.014124 0.104951
-0.011425 0.065079
-0.009131 0.033072
-0.006836 0.007922
0.001081 -0.011363
0.027625 -0.025671
0.084507 -0.035769
0.174756 -0.042320
0.292154 -0.045915
0.425050 -0.047097
0.560846 -0.046369
0.689107 -0.044196
0.802511 -0.041002
0.891998 -0.037160
0.943909 -0.032988
0.947574 -0.028740
0.902028 -0.024614
0.815893 -0.020750
0.703152 -0.017238
0.578614 -0.014124
0.454577 -0.011425
0.339574 -0.009131
0.238423 -0.007214
0.153003 -0.005638
0.083224 -0.004362
0.027880 -0.003341
-0.014725 -0.002536
-0.046391 -0.001530
-0.068825 0.005296
-0.083569 0.030932
-0.091993 0.087075
-0.095316 0.176728
-0.094623 0.293654
-0.090885 0.426222
-0.084965 0.561760
-0.077610 0.689822
-0.069458 0.803453
-0.061026 0.898749
-0.052720 0.969428
-0.044839 1.003576
-0.037586 0.991530
-0.031079 0.932663
-0.025370 0.835564
-0.020461 0.714039
-0.016313 0.582558
-0.012865 0.453146
-0.010041 0.334096
-0.007760 0.230025
-0.005941 0.142639
-0.004508 0.071696
-0.003391 0.015851
-0.002531 -0.026719
-0.001454 -0.057938
0.005413 -0.079625
0.031073 -0.093424
0.087226 -0.100793
0.176884 -0.103021
0.293810 -0.101250
0.426335 -0.096493
0.561842 -0.089639
0.689881 -0.081451
0.803075 -0.072572
0.892407 -0.063520
0.944162 -0.054695
0.947714 -0.046386
0.902086 -0.038784
0.815893 -0.031998
0.703152 -0.026069
0.578614 -0.020987
0.454577 -0.016706
0.339574 -0.013156
0.238423 -0.010255
0.153003 -0.007916
0.083224 -0.006054
0.027880 -0.004589
-0.014725 -0.003450
-0.046391 -0.002153
-0.068825 0.004887
-0.083569 0.030680
-0.091993 0.086935
-0.095316 0.176670
-0.094623 0.293654
-0.090885 0.426222
-0.084965 0.561760
-0.077610 0.689445
-0.069458 0.796733
-0.061026 0.867140
-0.052720 0.888299
-0.044839 0.858270
-0.037586 0.785316
-0.031079 0.683481
-0.025370 0.567727
-0.020461 0.450633
-0.016313 0.341005
-0.012865 0.243900
-0.010041 0.161401
-0.007760 0.093589
-0.005941 0.039408
-0.004508 -0.002697
-0.003014 -0.034397
0.004189 -0.057278
0.030154 -0.072769
0.086542 -0.082138
0.176379 -0.086516
0.293440 -0.086918
0.426066 -0.084258
0.561270 -0.079357
0.683022 -0.072936
0.771409 -0.065617
0.811278 -0.057911
0.798855 -0.050225
0.741500 -0.042865
0.652904 -0.036040
0.548055 -0.029881
0.439746 -0.024451
0.337061 -0.019762
0.245331 -0.015787
0.166879 -0.012472
0.101987 -0.009750
0.049773 -0.007546
0.008832 -0.005785
-0.022369 -0.004017
-0.045284 0.003409
-0.061222 0.029514
-0.071338 0.086016
-0.076660 0.175986
-0.078118 0.292771
-0.076553 0.419132
-0.072729 0.529505
-0.067328 0.601780
-0.060943 0.626021
-0.054070 0.605006
-0.047111 0.549673
-0.040370 0.473662
-0.034065 0.389498
-0.028335 0.306502
-0.023253 0.230500
-0.018843 0.164366
-0.015088 0.108895
-0.011946 0.063648
-0.009357 0.027594
-0.006878 -0.000476
0.001148 -0.021727
0.027747 -0.037200
0.084651 -0.047797
0.174523 -0.054313
0.285569 -0.057462
0.393182 -0.057898
0.473138 -0.056225
0.511966 -0.052996
0.508982 -0.048707
0.472400 -0.043788
0.414108 -0.038596
0.345623 -0.033414
0.275925 -0.028455
0.210829 -0.023865
0.153479 -0.019732
0.104951 -0.016099
0.065079 -0.012971
0.033072 -0.010328
0.008300 -0.008133
-0.004643 -0.006336
0.006315 -0.004888
0.052080 -0.003734
0.134973 -0.002827
0.248147 -0.002122
0.379377 -0.001580
0.515531 -0.001167
0.645684 -0.000855
0.762450 -0.000622
0.861588 -0.000409
0.936440 -0.000253
0.974836 -0.000139
0.966915 -0.000058
0.911912 0.000000
0.818327 0.000000
0.699915 0.000000
0.571132 0.000000
0.444015 0.000000
0.326883 0.000000
0.224387 0.000000
0.138277 0.000000
0.068354 0.000000
0.013315 0.000000
-0.028627 0.000000
-0.059361 0.000000
-0.080679 0.000000
-0.094198 0.000000
-0.101357 0.000000
-0.103429 0.000000
-0.101503 0.000378
-0.096633 0.006719
-0.089697 0.031986
-0.081451 0.087849
-0.072572 0.177292
-0.063520 0.294062
-0.054695 0.426474
-0.046386 0.561900
-0.038784 0.689881
-0.031998 0.803075
-0.026069 0.892407
-0.020987 0.944162
-0.016706 0.947714
-0.013156 0.902086
-0.010255 0.815893
-0.007916 0.703152
-0.006054 0.578614
-0.004589 0.454577
-0.003450 0.339574
-0.002531 0.238423
-0.001832 0.153003
-0.001306 0.083224
-0.000913 0.027880
-0.000622 -0.014725
-0.000031 -0.046391
0.006467 -0.068825
0.031847 -0.083569
0.087790 -0.091993
0.176914 -0.095316
0.287343 -0.094623
0.394488 -0.090885
0.474051 -0.084965
0.512588 -0.077610
0.509391 -0.069458
0.472652 -0.061026
0.414248 -0.052720
0.345682 -0.044839
0.275925 -0.037586
0.210829 -0.031079
0.153479 -0.025370
0.104951 -0.020461
0.065079 -0.016313
0.033072 -0.012865
0.007922 -0.009663
-0.011363 -0.001041
-0.025671 0.026045
-0.035769 0.083340
-0.042320 0.173901
-0.045915 0.291532
-0.047097 0.424642
-0.046369 0.560594
-0.044196 0.688967
-0.041002 0.802453
-0.037160 0.891998
-0.032988 0.943909
-0.028740 0.947574
-0.024614 0.902028
-0.020750 0.815893
-0.017238 0.703152
-0.014124 0.578614
-0.011425 0.454577
-0.009131 0.339574
-0.007214 0.238423
-0.005638 0.153003
-0.004362 0.083224
-0.003341 0.027880
-0.002536 -0.014725
-0.001908 -0.046013
-0.001424 -0.062105
-0.001054 -0.051583
-0.000774 -0.004145
-0.000564 0.081976
-0.000409 0.199440
-0.000253 0.335211
-0.000139 0.470216
-0.000058 0.580284
0.000000 0.646147
0.000000 0.660809
0.000000 0.629365
0.000000 0.564249
0.000000 0.479892
0.000000 0.388995
0.000000 0.300803
0.000000 0.220927
0.000000 0.151997
0.000000 0.094600
0.000000 0.048130
0.000000 0.011436
0.000378 -0.016782
0.006719 -0.037764
0.031986 -0.052620
0.087849 -0.062321
0.177292 -0.067692
0.294062 -0.069569
0.426474 -0.068667
0.561900 -0.065647
0.689503 -0.061110
0.796733 -0.055587
0.867140 -0.049535
0.888299 -0.043328
0.858270 -0.037255
0.785316 -0.031570
0.683481 -0.026360
0.567727 -0.021707
0.450633 -0.017645
0.341005 -0.014169
0.243900 -0.011247
0.161401 -0.008831
0.093589 -0.006862
0.039408 -0.005280
-0.002697 -0.004025
-0.034397 -0.002663
-0.057278 0.004441
-0.072769 0.030293
-0.082138 0.086600
-0.086516 0.176001
-0.086918 0.286720
-0.084258 0.394080
-0.079357 0.473799
-0.072936 0.512449
-0.065617 0.509332
-0.057911 0.472652
-0.050225 0.414248
-0.042865 0.345682
-0.036040 0.275925
-0.029881 0.210829
-0.024451 0.153479
-0.019762 0.104951
-0.015787 0.065079
-0.012472 0.033072
-0.009750 0.008300
-0.007546 -0.004643
-0.005785 0.006315
-0.004395 0.052080
-0.003310 0.134595
-0.002472 0.241427
-0.001832 0.347391
-0.001306 0.427682
-0.000913 0.468392
-0.000622 0.468388
-0.000409 0.435492
-0.000253 0.381260
-0.000139 0.316941
-0.000058 0.251311
0.000000 0.190078
0.000000 0.136241
0.000000 0.090827
0.000000 0.053654
0.000000 0.023941
0.000000 0.000709
0.000000 -0.017001
0.000000 -0.030033
0.000378 -0.039110
0.006719 -0.044856
0.031986 -0.047824
0.087849 -0.048521
0.177292 -0.047423
0.294062 -0.044970
0.426474 -0.041567
0.561900 -0.037569
0.689881 -0.033240
0.803453 -0.028880
0.898749 -0.024673
0.969428 -0.020750
1.003576 -0.017238
0.991530 -0.014124
0.932663 -0.011425
0.835564 -0.009131
0.714039 -0.007214
0.582558 -0.005638
0.453146 -0.004362
0.334096 -0.003341
0.230025 -0.002536
0.142639 -0.001908
0.071696 -0.001424
0.015851 -0.001054
-0.026719 -0.000774
-0.057938 -0.000187
-0.079625 0.006311
-0.093424 0.031734
-0.100793 0.087709
-0.103021 0.177234
-0.101250 0.294062
-0.096493 0.426474
-0.089639 0.561900
-0.081451 0.689881
-0.072572 0.803453
-0.063520 0.898749
-0.054695 0.969428
-0.046386 1.003576
-0.038784 0.991530
-0.031998 0.932663
-0.026069 0.835564
-0.020987 0.714039
-0.016706 0.582558
-0.013156 0.453146
-0.010255 0.334096
-0.007916 0.230025
-0.006054 0.142639
-0.004589 0.071696
-0.003450 0.015851
-0.002531 -0.026719
-0.001454 -0.057938
0.005413 -0.079625
0.031073 -0.093424
0.087226 -0.100793
0.176884 -0.103021
0.293810 -0.101250
0.426335 -0.096493
0.561464 -0.089639
0.683161 -0.081451
0.771467 -0.072572
0.811278 -0.063520
0.798855 -0.054695
0.741500 -0.046386
0.652904 -0.038784
0.548055 -0.031998
0.439746 -0.026069
0.337061 -0.020987
0.245331 -0.016706
0.166879 -0.013156
0.101987 -0.010255
0.049773 -0.007916
0.008832 -0.006054
-0.022369 -0.004589
-0.045284 -0.003072
-0.061222 0.004189
-0.071338 0.030154
-0.076660 0.086542
-0.078118 0.176379
-0.076553 0.293440
-0.072729 0.426066
-0.067328 0.561647
-0.060943 0.689363
-0.054070 0.796675
-0.047111 0.867140
-0.040370 0.888299
-0.034065 0.858270
-0.028335 0.785316
-0.023253 0.683481
-0.018843 0.567727
-0.015088 0.450633
-0.011946 0.341005
-0.009357 0.243900
-0.007255 0.161401
-0.005571 0.093589
-0.004239 0.039408
-0.003197 -0.002697
-0.002391 -0.034019
-0.001774 -0.050558
-0.001306 -0.040783
-0.000913 0.005711
-0.000622 0.090776
-0.000409 0.207145
-0.000253 0.342216
-0.000139 0.482543
-0.000058 0.616944
0.000000 0.737458
0.000000 0.834496
0.000000 0.893936
0.000000 0.904849
0.000000 0.866046
0.000000 0.786012
0.000000 0.678701
0.000000 0.558851
0.000000 0.438790
0.000000 0.327102
0.000000 0.228673
0.000000 0.145457
0.000000 0.077439
0.000000 0.023485
0.000000 -0.018036
0.000378 -0.048863
0.006719 -0.070657
0.031986 -0.084875
0.087849 -0.092907
0.177292 -0.095938
0.293684 -0.095031
0.419755 -0.091138
0.529914 -0.085104
0.602032 -0.077669
0.626161 -0.069458
0.605064 -0.061026
0.549673 -0.052720
0.473662 -0.044839
0.389498 -0.037586
0.306502 -0.031079
0.230500 -0.025370
0.164366 -0.020461
0.108895 -0.016313
0.063648 -0.012865
0.027594 -0.010041
-0.000476 -0.007760
-0.021727 -0.005941
-0.037200 -0.004508
-0.047797 -0.003391
-0.054313 -0.002531
-0.057462 -0.001454
-0.057898 0.005413
-0.056225 0.031073
-0.052996 0.087226
-0.048707 0.176506
-0.043788 0.287090
-0.038596 0.394349
-0.033414 0.473993
-0.028455 0.512588
-0.023865 0.509391
-0.019732 0.472652
-0.016099 0.414248
-0.012971 0.345682
-0.010328 0.275925
-0.008133 0.210829
-0.006336 0.153479
-0.004888 0.104951
-0.003734 0.065079
-0.002827 0.033072
-0.002122 0.007922
-0.001580 -0.011363
-0.001167 -0.025671
-0.000855 -0.035769
-0.000622 -0.041942
-0.000409 -0.039196
-0.000253 -0.015111
-0.000139 0.041479
-0.000058 0.133096
0.000000 0.253060
0.000000 0.389314
0.000000 0.528912
0.000000 0.660763
0.000000 0.772119
0.000000 0.846390
0.000000 0.871061
0.000000 0.844146
0.000000 0.773891
0.000000 0.674350
0.000000 0.560513
0.000000 0.444995
0.000000 0.336643
0.000000 0.240559
0.000000 0.158865
0.000000 0.091681
0.000000 0.037985
0.000000 -0.003751
0.000000 -0.035171
0.000000 -0.057842
0.000000 -0.073177
0.000000 -0.082390
0.000000 -0.086278
0.000000 -0.080256
0.000000 -0.052272
0.000000 0.008492
0.000000 0.104356
0.000000 0.228445
0.000000 0.368563
0.000000 0.511297
0.000000 0.640297
0.000000 0.735427
0.000000 0.781397
0.000000 0.774404
0.000000 0.721738
0.000000 0.637117
0.000000 0.535583
0.000000 0.429996
0.000000 0.329515
0.000000 0.239546
0.000000 0.162484
0.000000 0.098677
0.000000 0.047300
0.000000 0.006999
0.000000 -0.023297
0.000000 -0.039478
0.000000 -0.029858
0.000000 0.016102
0.000000 0.100379
0.000000 0.215805
0.000000 0.349863
0.000000 0.489171
0.000000 0.622174
0.000000 0.735791
0.000000 0.813070
0.000000 0.841189
0.000000 0.817900
0.000000 0.751251
0.000000 0.655146
0.000000 0.544473
0.000000 0.431790
0.000000 0.325916
0.000000 0.231954
0.000000 0.152044
0.000000 0.086334
0.000000 0.033837
0.000000 -0.006936
0.000378 -0.037594
0.006719 -0.059669
0.031986 -0.074543
0.087849 -0.083444
0.177292 -0.087429
0.293684 -0.087540
0.419755 -0.084666
0.529914 -0.079609
0.602032 -0.073076
0.626161 -0.065675
0.605064 -0.057911
0.549673 -0.050225
0.473662 -0.042865
0.389498 -0.036040
0.306502 -0.029881
0.230500 -0.024451
0.164366 -0.019762
0.108895 -0.015787
0.063648 -0.012472
0.027594 -0.009750
-0.000098 -0.007546
-0.015008 -0.005785
-0.005214 -0.004395
0.040051 -0.003310
0.122979 -0.002472
0.236600 -0.001832
0.368199 -0.001306
0.498956 -0.000913
0.604899 -0.000622
0.666897 -0.000409
0.678046 -0.000253
0.643490 -0.000139
0.575674 -0.000058
0.489023 0.000000
0.396209 0.000000
0.306442 0.000000
0.225288 0.000000
0.155339 0.000000
0.097136 0.000000
0.050038 0.000000
0.012860 0.000000
-0.015350 0.000000
-0.030271 0.000000
-0.020069 0.000000
0.025936 0.000000
0.109852 0.000000
0.224633 0.000000
0.357866 0.000000
0.496253 0.000000
0.628393 0.000000
0.741146 0.000000
0.817605 0.000000
0.844971 0.000000
0.821015 0.000000
0.753746 0.000000
0.657121 0.000000
0.546019 0.000000
0.432988 0.000000
0.326835 0.000000
0.232653 0.000000
0.152570 0.000000
0.086726 0.000000
0.034128 0.000000
-0.006722 0.000000
-0.037061 0.000000
-0.052837 0.000000
-0.042475 0.000000
0.004463 0.000000
0.089485 0.000000
0.199803 0.000000
0.309822 0.000000
0.394442 0.000000
0.439513 0.000000
0.443716 0.000000
0.414741 0.000000
0.364022 0.000000
0.302817 0.000000
0.239886 0.000000
0.180948 0.000000
0.129028 0.000000
0.085189 0.000000
0.049293 0.000000
0.020600 0.000000
-0.001450 0.000000
-0.012189 0.000000
0.000530 0.000000
0.047685 0.000000
0.131662 0.000000
0.245297 0.000000
0.370825 0.000000
0.482239 0.000000
0.556922 0.000000
0.584536 0.000000
0.567495 0.000000
0.516433 0.000000
0.444783 0.000000
0.364825 0.000000
0.285752 0.000000
0.213263 0.000000
0.150242 0.000000
0.097470 0.000000
0.054518 0.000000
0.020380 0.000000
-0.006114 0.000000
-0.026089 0.000000
-0.040541 0.000000
-0.050333 0.000000
-0.056222 0.000000
-0.058886 0.000000
-0.058951 0.000000
-0.056999 0.000000
-0.053560 0.000000
-0.049116 0.000000
-0.044040 0.000000
-0.038735 0.000000
-0.033472 0.000000
-0.028455 0.000000
-0.023865 0.000000
-0.019732 0.000000
-0.016099 0.000000
-0.012971 0.000000
-0.010328 0.000000
-0.008133 0.000000
-0.006336 0.000000
-0.004888 0.000000
-0.003734 0.000000
-0.002827 0.000000
-0.002122 0.000000
-0.001580 0.000000
-0.001167 0.000000
-0.000855 0.000000
-0.000622 0.000000
-0.000409 0.000000
-0.000253 0.000000
-0.000139 0.000000
-0.000058 0.000000
0.000000 0.000000
0.000000 0.000000
0.000000 0.000000
0.000000 0.000000
0.000000 0.000000
0.000000 0.000000
0.000000 0.000000
0.000000 0.000000
0.000000 0.000000
0.000000 0.000000
0.000000 0.000000
0.000000 0.000000
0.000000 0.000000
0.000000 0.000000
0.000000 0.000000
0.000000 0.000000
0.000000 0.000000
0.000000 0.000000
0.000000 0.000000
0.000000 0.000000
0.000000 0.000000
0.000000 0.000000
0.000000 0.000000
0.000000 0.000000
0.000000 0.000000
0.000000 0.000000
0.000000 0.000000
0.000000 0.000000
0.000000 0.000000
0.000000 0.000000
0.000000 0.000000
0.000000 0.000000
0.000000 0.000000
0.000000 0.000000
0.000000 0.000000
0.000000 0.000000
0.000000 0.000000
0.000000 0.000000
0.000000 0.000000
0.000000 0.000000
