0.000000 0.000000
0.000000 0.000000
0.000000 0.000000
0.000000 0.000000
0.000000 0.000000
0.000000 0.000000
0.000000 0.000000
0.000000 0.000000
0.000000 0.000000
0.000000 0.000000
0.000000 0.000000
0.000000 0.000000
0.000000 0.000000
0.000000 0.000000
0.000000 0.000000
0.000000 0.000000
0.000000 0.000000
0.000000 0.000000
0.000000 0.000378
0.000000 0.006719
0.000000 0.031986
0.000000 0.087849
0.000000 0.176914
0.000000 0.287343
0.000000 0.394488
0.000000 0.474051
0.000000 0.512588
0.000000 0.509391
0.000000 0.472652
0.000000 0.414248
0.000000 0.345682
0.000000 0.275925
0.000000 0.210829
0.000000 0.153479
0.000000 0.104951
0.000000 0.065079
0.000000 0.033072
0.000000 0.007922
0.000000 -0.011363
0.000000 -0.025671
0.000000 -0.035769
0.000000 -0.042320
0.000378 -0.045915
0.006719 -0.047097
0.031986 -0.046369
0.087849 -0.044196
0.177292 -0.041002
0.294062 -0.037160
0.426474 -0.032988
0.561900 -0.028740
0.689503 -0.024614
0.796733 -0.020750
0.867140 -0.017238
0.888299 -0.014124
0.858270 -0.011425
0.785316 -0.009131
0.683481 -0.007214
0.567727 -0.005638
0.450633 -0.004362
0.341005 -0.003341
0.243900 -0.002536
0.161401 -0.001908
0.093589 -0.001424
0.039408 -0.001054
-0.002697 -0.000774
-0.034397 -0.000187
-0.057278 0.006311
-0.072769 0.031734
-0.082138 0.087709
-0.086516 0.177234
-0.086918 0.294062
-0.084258 0.426474
-0.079357 0.561900
-0.072936 0.689503
-0.065617 0.796733
-0.057911 0.867140
-0.050225 0.888299
-0.042865 0.858270
-0.036040 0.785316
-0.029881 0.683481
-0.024451 0.567727
-0.019762 0.450633
-0.015787 0.341005
-0.012472 0.243900
-0.009750 0.161401
-0.007546 0.093589
-0.005785 0.039408
-0.004395 -0.002697
-0.003310 -0.034019
-0.002472 -0.050558
-0.001832 -0.040783
-0.001306 0.005711
-0.000913 0.090776
-0.000622 0.207145
-0.000409 0.342216
-0.000253 0.482543
-0.000139 0.616944
-0.000058 0.737458
0.000000 0.834496
0.000000 0.893936
0.000000 0.904849
0.000000 0.866046
0.000000 0.786012
0.000000 0.678701
0.000000 0.558851
0.000000 0.438790
0.000000 0.327102
0.000000 0.228673
0.000000 0.145457
0.000000 0.077439
0.000000 0.023485
0.000000 -0.018036
0.000000 -0.048486
0.000000 -0.063937
0.000000 -0.052889
0.000000 -0.005058
0.000000 0.081354
0.000000 0.199031
0.000000 0.334959
0.000000 0.470076
0.000000 0.580226
0.000000 0.646147
0.000000 0.660809
0.000000 0.629365
0.000000 0.564249
0.000000 0.479892
0.000000 0.388995
0.000000 0.300803
0.000000 0.220927
0.000000 0.151997
0.000000 0.094600
0.000000 0.048130
0.000000 0.011436
0.000000 -0.016404
0.000000 -0.031044
0.000000 -0.020633
0.000000 0.025527
0.000000 0.109600
0.000000 0.224494
0.000000 0.357808
0.000000 0.496253
0.000000 0.628771
0.000000 0.747488
0.000000 0.842871
0.000000 0.900834
0.000000 0.910459
0.000000 0.870516
0.000000 0.789533
0.000000 0.681445
0.000000 0.560968
0.000000 0.440408
0.000000 0.328326
0.000000 0.229592
0.000000 0.146141
0.000000 0.077944
0.000000 0.023855
0.000000 -0.017766
0.000378 -0.048669
0.006719 -0.070517
0.031986 -0.084817
0.087849 -0.092907
0.177292 -0.095938
0.294062 -0.095031
0.426474 -0.091138
0.561900 -0.085104
0.689503 -0.077669
0.796733 -0.069458
0.867140 -0.061026
0.888299 -0.052720
0.858270 -0.044839
0.785316 -0.037586
0.683481 -0.031079
0.567727 -0.025370
0.450633 -0.020461
0.341005 -0.016313
0.243900 -0.012865
0.161401 -0.010041
0.093589 -0.007760
0.039408 -0.005941
-0.002697 -0.004508
-0.034397 -0.003014
-0.057278 0.004189
-0.072769 0.030154
-0.082138 0.086542
-0.086516 0.176001
-0.086918 0.286720
-0.084258 0.394080
-0.079357 0.473799
-0.072936 0.512449
-0.065617 0.509332
-0.057911 0.472652
-0.050225 0.414248
-0.042865 0.345682
-0.036040 0.275925
-0.029881 0.210829
-0.024451 0.153479
-0.019762 0.104951
-0.015787 0.065079
-0.012472 0.033072
-0.009372 0.007922
-0.000827 -0.011363
0.026201 -0.025671
0.083453 -0.035769
0.173982 -0.042320
0.291590 -0.045915
0.424642 -0.047097
0.560594 -0.046369
0.688589 -0.044196
0.796111 -0.041002
0.866732 -0.037160
0.888047 -0.032988
0.858131 -0.028740
0.785258 -0.024614
0.683481 -0.020750
0.567727 -0.017238
0.450633 -0.014124
0.341005 -0.011425
0.243900 -0.009131
0.161401 -0.007214
0.093589 -0.005638
0.039408 -0.004362
-0.002697 -0.003341
-0.034019 -0.002536
-0.050558 -0.001908
-0.040783 -0.001424
0.005711 -0.001054
0.090776 -0.000774
0.207145 -0.000564
0.342216 -0.000409
0.482543 -0.000253
0.616944 -0.000139
0.737836 -0.000058
0.840838 0.000000
0.919203 0.000000
0.960712 0.000000
0.955490 0.000000
0.902782 0.000000
0.811113 0.000000
0.694277 0.000000
0.566771 0.000000
0.440674 0.000000
0.324346 0.000000
0.222479 0.000000
0.136854 0.000000
0.067301 0.000000
0.012541 0.000000
-0.029192 0.000000
-0.059770 0.000378
-0.080931 0.006719
-0.094338 0.031986
-0.101416 0.087849
-0.103429 0.177292
-0.101503 0.294062
-0.096633 0.426096
-0.089697 0.555180
-0.081451 0.657895
-0.072572 0.715604
-0.063520 0.721834
-0.054695 0.682085
-0.046386 0.609088
-0.038784 0.517478
-0.031998 0.420074
-0.026069 0.326174
-0.020987 0.241387
-0.016706 0.168310
-0.013156 0.107464
-0.010255 0.058171
-0.007916 0.019196
-0.006054 -0.010840
-0.004589 -0.033256
-0.003450 -0.049228
-0.002531 -0.059791
-0.001454 -0.065860
0.005413 -0.068262
0.031073 -0.067753
0.087226 -0.065024
0.176506 -0.060701
0.287090 -0.055335
0.394349 -0.049396
0.473993 -0.043270
0.512588 -0.037255
0.509391 -0.031570
0.472652 -0.026360
0.414248 -0.021707
0.345682 -0.017645
0.275925 -0.014169
0.210829 -0.011247
0.153479 -0.008831
0.104951 -0.006862
0.065079 -0.005280
0.033072 -0.004025
0.007922 -0.003041
-0.011363 -0.002278
-0.025671 -0.001315
-0.035769 0.005471
-0.042320 0.031073
-0.045915 0.087226
-0.047097 0.176884
-0.046369 0.293810
-0.044196 0.426335
-0.041002 0.561842
-0.037160 0.689881
-0.032988 0.803075
-0.028740 0.892407
-0.024614 0.944162
-0.020750 0.947714
-0.017238 0.902086
-0.014124 0.815893
-0.011425 0.703152
-0.009131 0.578614
-0.007214 0.454577
-0.005638 0.339574
-0.004362 0.238423
-0.003341 0.153003
-0.002536 0.083224
-0.001908 0.027880
-0.001424 -0.014725
-0.000676 -0.046391
0.005946 -0.068825
0.031422 -0.083569
0.087440 -0.091993
0.177040 -0.095316
0.293923 -0.094623
0.426416 -0.090885
0.561900 -0.084965
0.689503 -0.077610
0.796733 -0.069458
0.867140 -0.061026
0.888299 -0.052720
0.858270 -0.044839
0.785316 -0.037586
0.683481 -0.031079
0.567727 -0.025370
0.450633 -0.020461
0.341005 -0.016313
0.243900 -0.012865
0.161401 -0.010041
0.093589 -0.007760
0.039408 -0.005941
-0.002697 -0.004508
-0.034019 -0.003391
-0.050558 -0.002531
-0.040783 -0.001832
0.005711 -0.001306
0.090398 -0.000913
0.200425 -0.000622
0.310230 -0.000409
0.394695 -0.000253
0.439652 -0.000139
0.443774 -0.000058
0.414741 0.000000
0.364022 0.000000
0.302817 0.000000
0.239886 0.000000
0.180948 0.000000
0.129028 0.000000
0.085189 0.000000
0.049293 0.000000
0.020600 0.000000
-0.001828 0.000378
-0.018909 0.006719
-0.031456 0.031986
-0.040164 0.087849
-0.045630 0.177292
-0.048388 0.294062
-0.048930 0.426474
-0.047675 0.561900
-0.045110 0.689503
-0.041625 0.796733
-0.037569 0.867140
-0.033240 0.888299
-0.028880 0.858270
-0.024673 0.785316
-0.020750 0.683481
-0.017238 0.567727
-0.014124 0.450633
-0.011425 0.341005
-0.009131 0.243900
-0.007214 0.161401
-0.005638 0.093589
-0.004362 0.039408
-0.003341 -0.002697
-0.002536 -0.034397
-0.001908 -0.057278
-0.001424 -0.072769
-0.001054 -0.082138
-0.000774 -0.086516
-0.000564 -0.086540
-0.000409 -0.077538
-0.000253 -0.047371
-0.000139 0.014912
-0.000058 0.111675
0.000000 0.236151
0.000000 0.376249
0.000000 0.518658
0.000000 0.647121
0.000000 0.741586
0.000000 0.786826
0.000000 0.779093
0.000000 0.725713
0.000000 0.640432
0.000000 0.538305
0.000000 0.432200
0.000000 0.331276
0.000000 0.240936
0.000000 0.163569
0.000000 0.099514
0.000000 0.047941
0.000000 0.007525
0.000378 -0.023282
0.006719 -0.045907
0.031986 -0.061630
0.087849 -0.071590
0.177292 -0.076800
0.294062 -0.078176
0.426474 -0.076553
0.561900 -0.072729
0.689503 -0.067328
0.796733 -0.060943
0.867140 -0.054070
0.888299 -0.047111
0.858270 -0.040370
0.785316 -0.034065
0.683481 -0.028335
0.567727 -0.023253
0.450633 -0.018843
0.341005 -0.015088
0.243900 -0.011946
0.161401 -0.009357
0.093589 -0.007255
0.039408 -0.005571
-0.002697 -0.004239
-0.034397 -0.002819
-0.057278 0.004328
-0.072769 0.030212
-0.082138 0.086542
-0.086516 0.176379
-0.086918 0.293440
-0.084258 0.426066
-0.079357 0.561647
-0.072936 0.689741
-0.065617 0.803395
-0.057911 0.898749
-0.050225 0.969428
-0.042865 1.003576
-0.036040 0.991530
-0.029881 0.932663
-0.024451 0.835564
-0.019762 0.714039
-0.015787 0.582558
-0.012472 0.453146
-0.009750 0.334096
-0.007546 0.230025
-0.005785 0.142639
-0.004395 0.071696
-0.003310 0.015851
-0.002472 -0.026719
-0.001832 -0.057938
-0.001306 -0.079625
-0.000913 -0.093424
-0.000622 -0.100793
-0.000409 -0.103021
-0.000253 -0.100872
-0.000139 -0.089774
-0.000058 -0.057653
0.000000 0.006397
0.000000 0.104720
0.000000 0.230164
0.000000 0.365060
0.000000 0.483528
0.000000 0.563248
0.000000 0.594163
0.000000 0.578995
0.000000 0.528687
0.000000 0.456957
0.000000 0.376342
0.000000 0.296247
0.000000 0.222584
0.000000 0.158312
0.000000 0.104306
0.000000 0.060199
0.000000 0.025064
0.000000 -0.001930
0.000000 -0.016314
0.000000 -0.006127
0.000000 0.039429
0.000000 0.122193
0.000000 0.229628
0.000000 0.336451
0.000000 0.417769
0.000000 0.459592
0.000000 0.460683
0.000000 0.428864
0.000000 0.375652
0.000000 0.312267
0.000000 0.247470
0.000000 0.186963
0.000000 0.133747
0.000000 0.088852
0.000000 0.052108
0.000000 0.022743
0.000378 -0.000210
0.006719 -0.017699
0.031986 -0.030559
0.087849 -0.039503
0.177292 -0.045147
0.294062 -0.048037
0.426096 -0.048677
0.555180 -0.047536
0.657895 -0.045052
0.715604 -0.041625
0.721834 -0.037569
0.682085 -0.033240
0.609088 -0.028880
0.517478 -0.024673
0.420074 -0.020750
0.326174 -0.017238
0.241387 -0.014124
0.168310 -0.011425
0.107464 -0.009131
0.058171 -0.007214
0.019196 -0.005638
-0.010840 -0.004362
-0.033256 -0.003341
-0.049228 -0.002158
-0.059791 0.004811
-0.065860 0.030562
-0.068262 0.086795
-0.067753 0.176141
-0.065024 0.286778
-0.060701 0.394080
-0.055335 0.473799
-0.049396 0.512449
-0.043270 0.509332
-0.037255 0.472652
-0.031570 0.414248
-0.026360 0.345682
-0.021707 0.275925
-0.017645 0.210829
-0.014169 0.153479
-0.011247 0.104951
-0.008831 0.065079
-0.006862 0.033072
-0.005280 0.008300
-0.004025 -0.004643
-0.003041 0.006315
-0.002278 0.052080
-0.001693 0.134595
-0.001248 0.241427
-0.000913 0.347391
-0.000622 0.427682
-0.000409 0.468392
-0.000253 0.468388
-0.000139 0.435492
-0.000058 0.381260
0.000000 0.316941
0.000000 0.251311
0.000000 0.190078
0.000000 0.136241
0.000000 0.090827
0.000000 0.053654
0.000000 0.023941
0.000000 0.001086
0.000000 -0.010281
0.000000 0.001953
0.000000 0.048738
0.000000 0.132436
0.000000 0.246239
0.000000 0.377953
0.000000 0.514477
0.000000 0.644910
0.000000 0.761886
0.000000 0.861180
0.000000 0.936188
0.000000 0.974696
0.000000 0.966857
0.000000 0.911912
0.000000 0.818327
0.000000 0.699915
0.000000 0.571132
0.000000 0.444015
0.000000 0.326883
0.000000 0.224387
0.000000 0.138277
0.000000 0.068354
0.000000 0.013315
0.000000 -0.028627
0.000000 -0.058984
0.000000 -0.073959
0.000000 -0.062212
0.000000 -0.013509
0.000000 0.073863
0.000000 0.192560
0.000000 0.329841
0.000000 0.471825
0.000000 0.601710
0.000000 0.698894
0.000000 0.747757
0.000000 0.744161
0.000000 0.695114
0.000000 0.614120
0.000000 0.516057
0.000000 0.413677
0.000000 0.316074
0.000000 0.228626
0.000000 0.153723
0.000000 0.091732
0.000000 0.041857
0.000000 0.002777
0.000000 -0.026958
0.000000 -0.048734
0.000000 -0.063752
0.000000 -0.073170
0.000000 -0.077589
0.000000 -0.072312
0.000000 -0.045189
0.000000 0.014711
0.000000 0.109711
0.000000 0.232980
0.000000 0.371968
0.000000 0.508070
0.000000 0.617525
0.000000 0.681539
0.000000 0.693499
0.000000 0.658832
0.000000 0.590245
0.000000 0.502390
0.000000 0.408128
0.000000 0.316817
0.000000 0.234132
0.000000 0.162739
0.000000 0.103225
0.000000 0.054974
0.000000 0.016805
0.000000 -0.012614
0.000000 -0.034562
0.000000 -0.050141
0.000378 -0.060413
0.006719 -0.066269
0.031986 -0.068515
0.087849 -0.067893
0.176914 -0.065082
0.287343 -0.060701
0.394488 -0.055335
0.474051 -0.049396
0.512588 -0.043270
0.509391 -0.037255
0.472652 -0.031570
0.414248 -0.026360
0.345682 -0.021707
0.275925 -0.017645
0.210829 -0.014169
0.153479 -0.011247
0.104951 -0.008831
0.065079 -0.006862
0.033072 -0.005280
0.008300 -0.004025
-0.004643 -0.003041
0.006315 -0.002278
0.052080 -0.001693
0.134973 -0.001248
0.248147 -0.000913
0.379377 -0.000622
0.515531 -0.000409
0.645684 -0.000253
0.762450 -0.000139
0.861588 -0.000058
0.936440 0.000000
0.974836 0.000000
0.966915 0.000000
0.911912 0.000000
0.818327 0.000000
0.699915 0.000000
0.571132 0.000000
0.444015 0.000000
0.326883 0.000000
0.224387 0.000000
0.138277 0.000000
0.068354 0.000000
0.013315 0.000000
-0.028627 0.000000
-0.058984 0.000000
-0.073959 0.000000
-0.062212 0.000000
-0.013509 0.000000
0.073863 0.000000
0.192560 0.000000
0.329464 0.000000
0.465484 0.000000
0.576443 0.000000
0.643032 0.000000
0.658314 0.000000
0.627390 0.000000
0.562702 0.000000
0.478694 0.000000
0.388076 0.000000
0.300105 0.000000
0.220401 0.000000
0.151604 0.000000
0.094309 0.000000
0.047916 0.000000
0.011280 0.000000
-0.016517 0.000000
-0.031126 0.000000
-0.020692 0.000000
0.025527 0.000000
0.109600 0.000000
0.224494 0.000000
0.357430 0.000000
0.489534 0.000000
0.596785 0.000000
0.660017 0.000000
0.672299 0.000000
0.638758 0.000000
0.571833 0.000000
0.485908 0.000000
0.393714 0.000000
0.304467 0.000000
0.223742 0.000000
0.154141 0.000000
0.096217 0.000000
0.049340 0.000000
0.012334 0.000000
-0.015743 0.000000
-0.030562 0.000000
-0.020283 0.000000
0.025780 0.000000
0.109739 0.000000
0.224174 0.000000
0.351088 0.000000
0.464267 0.000000
0.540923 0.000000
0.570573 0.000000
0.555529 0.000000
0.506346 0.000000
0.436407 0.000000
0.357927 0.000000
0.280142 0.000000
0.208793 0.000000
0.146721 0.000000
0.094726 0.000000
0.052401 0.000000
0.018763 0.000000
-0.006960 0.000000
-0.020288 0.000000
-0.009239 0.000000
0.037010 0.000000
0.120701 0.000000
0.234907 0.000000
0.366951 0.000000
0.498042 0.000000
0.604276 0.000000
0.666488 0.000000
0.677794 0.000000
0.643350 0.000000
0.575616 0.000000
0.489023 0.000000
0.396209 0.000000
0.306442 0.000000
0.225288 0.000000
0.155339 0.000000
0.097136 0.000000
0.050038 0.000000
0.012860 0.000000
-0.015350 0.000000
-0.030271 0.000000
-0.020069 0.000000
0.025936 0.000000
0.109852 0.000000
0.224633 0.000000
0.357866 0.000000
0.496253 0.000000
0.628771 0.000000
0.747488 0.000000
0.842871 0.000000
0.900834 0.000000
0.910459 0.000000
0.870516 0.000000
0.789533 0.000000
0.681445 0.000000
0.560968 0.000000
0.440408 0.000000
0.328326 0.000000
0.229592 0.000000
0.146141 0.000000
0.077944 0.000000
0.023855 0.000000
-0.017766 0.000000
-0.048291 0.000000
-0.063798 0.000000
-0.052831 0.000000
-0.005058 0.000000
0.080976 0.000000
0.192312 0.000000
0.303350 0.000000
0.388947 0.000000
0.434920 0.000000
0.439933 0.000000
0.411627 0.000000
0.361528 0.000000
0.300842 0.000000
0.238339 0.000000
0.179750 0.000000
0.128109 0.000000
0.084491 0.000000
0.048767 0.000000
0.020207 0.000000
-0.001741 0.000000
-0.012403 0.000000
0.000374 0.000000
0.047572 0.000000
0.131203 0.000000
0.238897 0.000000
0.345558 0.000000
0.426376 0.000000
0.467479 0.000000
0.467766 0.000000
0.435083 0.000000
0.381007 0.000000
0.316802 0.000000
0.251253 0.000000
0.190078 0.000000
0.136241 0.000000
0.090827 0.000000
0.053654 0.000000
0.023941 0.000000
0.000709 0.000000
-0.017001 0.000000
-0.030033 0.000000
-0.039110 0.000000
-0.044856 0.000000
-0.047824 0.000000
-0.048521 0.000000
-0.047423 0.000000
-0.044970 0.000000
-0.041567 0.000000
-0.037569 0.000000
-0.033240 0.000000
-0.028880 0.000000
-0.024673 0.000000
-0.020750 0.000000
-0.017238 0.000000
-0.014124 0.000000
-0.011425 0.000000
-0.009131 0.000000
-0.007214 0.000000
-0.005638 0.000000
-0.004362 0.000000
-0.003341 0.000000
-0.002536 0.000000
-0.001908 0.000000
-0.001424 0.000000
-0.001054 0.000000
-0.000774 0.000000
-0.000564 0.000000
-0.000409 0.000000
-0.000253 0.000000
-0.000139 0.000000
-0.000058 0.000000
0.000000 0.000000
0.000000 0.000000
0.000000 0.000000
0.000000 0.000000
0.000000 0.000000
0.000000 0.000000
0.000000 0.000000
0.000000 0.000000
0.000000 0.000000
0.000000 0.000000
0.000000 0.000000
0.000000 0.000000
0.000000 0.000000
0.000000 0.000000
0.000000 0.000000
0.000000 0.000000
0.000000 0.000000
0.000000 0.000000
0.000000 0.000000
0.000000 0.000000
0.000000 0.000000
0.000000 0.000000
0.000000 0.000000
0.000000 0.000000
0.000000 0.000000
0.000000 0.000000
0.000000 0.000000
0.000000 0.000000
0.000000 0.000000
0.000000 0.000000
0.000000 0.000000
0.000000 0.000000
0.000000 0.000000
0.000000 0.000000
0.000000 0.000000
0.000000 0.000000
0.000000 0.000000
0.000000 0.000000
0.000000 0.000000
0.000000 0.000000
0.000000 0.000000
