0.000000 0.000000
0.000000 0.000000
0.000000 0.000000
0.000000 0.000000
0.000000 0.000000
0.000000 0.000000
0.000000 0.000000
0.000000 0.000000
0.000000 0.000000
0.000000 0.000000
0.000000 0.000000
0.000000 0.000000
0.000000 0.000000
0.000000 0.000000
0.000000 0.000000
0.000000 0.000378
0.000000 0.006719
0.000000 0.031986
0.000000 0.087849
0.000000 0.176914
0.000000 0.287343
0.000000 0.394488
0.000000 0.474051
0.000000 0.512588
0.000000 0.509391
0.000000 0.472652
0.000000 0.414248
0.000000 0.345682
0.000000 0.275925
0.000000 0.210829
0.000000 0.153479
0.000000 0.104951
0.000000 0.065079
0.000000 0.033072
0.000000 0.007922
0.000000 -0.011363
0.000000 -0.025671
0.000000 -0.035391
0.000000 -0.035600
0.000000 -0.013929
0.000000 0.040751
0.000000 0.130923
0.000000 0.249488
0.000000 0.378752
0.000000 0.492753
0.000000 0.569044
0.000000 0.597420
0.000000 0.580450
0.000000 0.528923
0.000000 0.456425
0.000000 0.375373
0.000000 0.295077
0.000000 0.221370
0.000000 0.157152
0.000000 0.103257
0.000000 0.059287
0.000000 0.024253
0.000378 -0.003012
0.006719 -0.023635
0.031986 -0.038623
0.087849 -0.048851
0.177292 -0.055087
0.294062 -0.058026
0.426474 -0.058306
0.561900 -0.056477
0.689881 -0.053135
0.803453 -0.048765
0.898749 -0.043788
0.969428 -0.038596
1.003576 -0.033414
0.991530 -0.028455
0.932663 -0.023865
0.835564 -0.019732
0.714039 -0.016099
0.582558 -0.012971
0.453146 -0.010328
0.334096 -0.008133
0.230025 -0.006336
0.142639 -0.004888
0.071696 -0.003734
0.015851 -0.002827
-0.026719 -0.002122
-0.057560 -0.001580
-0.072906 -0.001167
-0.061438 -0.000855
-0.012945 -0.000622
0.074272 -0.000409
0.192434 -0.000253
0.323261 -0.000139
0.440275 -0.000058
0.520581 0.000000
0.553588 0.000000
0.541544 0.000000
0.494979 0.000000
0.427277 0.000000
0.350714 0.000000
0.274504 0.000000
0.204432 0.000000
0.143379 0.000000
0.092190 0.000000
0.050493 0.000000
0.017339 0.000000
-0.008014 0.000000
-0.021062 0.000000
-0.009803 0.000000
0.036602 0.000000
0.120070 0.000000
0.228048 0.000000
0.335284 0.000000
0.416913 0.000000
0.458970 0.000000
0.460275 0.000000
0.428612 0.000000
0.375512 0.000000
0.312209 0.000000
0.247470 0.000000
0.186963 0.000000
0.133747 0.000000
0.088852 0.000000
0.052108 0.000000
0.022743 0.000000
0.000167 0.000000
-0.010980 0.000000
0.001427 0.000000
0.048346 0.000000
0.132145 0.000000
0.245647 0.000000
0.371077 0.000000
0.482378 0.000000
0.556981 0.000000
0.584536 0.000000
0.567495 0.000000
0.516433 0.000000
0.444783 0.000000
0.364825 0.000000
0.285752 0.000000
0.213263 0.000000
0.150242 0.000000
0.097470 0.000000
0.054518 0.000000
0.020380 0.000000
-0.005736 0.000000
-0.019369 0.000000
-0.008555 0.000000
0.037515 0.000000
0.121071 0.000000
0.235176 0.000000
0.367523 0.000000
0.504901 0.000000
0.635943 0.000000
0.747617 0.000000
0.823100 0.000000
0.849564 0.000000
0.824798 0.000000
0.756861 0.000000
0.659616 0.000000
0.547994 0.000000
0.434534 0.000000
0.328033 0.000000
0.233572 0.000000
0.153269 0.000000
0.087252 0.000000
0.034521 0.000000
-0.006431 0.000000
-0.037224 0.000000
-0.059400 0.000000
-0.074348 0.000000
-0.083305 0.000000
-0.086993 0.000000
-0.080821 0.000000
-0.052680 0.000000
0.008239 0.000000
0.104216 0.000000
0.228387 0.000000
0.368186 0.000000
0.504955 0.000000
0.615030 0.000000
0.679565 0.000000
0.691953 0.000000
0.657634 0.000000
0.589326 0.000000
0.501691 0.000000
0.407602 0.000000
0.316424 0.000000
0.233841 0.000000
0.162525 0.000000
0.103069 0.000000
0.054861 0.000000
0.016724 0.000000
-0.012295 0.000000
-0.027843 0.000000
-0.018155 0.000000
0.027435 0.000000
0.110646 0.000000
0.218828 0.000000
0.326595 0.000000
0.408969 0.000000
0.451887 0.000000
0.454056 0.000000
0.423256 0.000000
0.370978 0.000000
0.308427 0.000000
0.244355 0.000000
0.184469 0.000000
0.131772 0.000000
0.087306 0.000000
0.050910 0.000000
0.021824 0.000000
-0.000531 0.000000
-0.011506 0.000000
0.001035 0.000000
0.048055 0.000000
0.131931 0.000000
0.245491 0.000000
0.370964 0.000000
0.482297 0.000000
0.556922 0.000000
0.584536 0.000000
0.567495 0.000000
0.516433 0.000000
0.444783 0.000000
0.364825 0.000000
0.285752 0.000000
0.213263 0.000000
0.150242 0.000000
0.097470 0.000000
0.054518 0.000000
0.020380 0.000000
-0.006114 0.000000
-0.026089 0.000378
-0.040541 0.006719
-0.050333 0.031986
-0.056222 0.087849
-0.058886 0.177292
-0.058951 0.294062
-0.056999 0.426474
-0.053560 0.561900
-0.049116 0.689881
-0.044040 0.803453
-0.038735 0.898749
-0.033472 0.969428
-0.028455 1.003576
-0.023865 0.991530
-0.019732 0.932663
-0.016099 0.835564
-0.012971 0.714039
-0.010328 0.582558
-0.008133 0.453146
-0.006336 0.334096
-0.004888 0.230025
-0.003734 0.142639
-0.002827 0.071696
-0.002122 0.015851
-0.001580 -0.026719
-0.001167 -0.057938
-0.000478 -0.079625
0.006097 -0.093424
0.031578 -0.100793
0.087596 -0.103021
0.176775 -0.101250
0.287285 -0.096493
0.394488 -0.089639
0.474051 -0.081451
0.512588 -0.072572
0.509391 -0.063520
0.472652 -0.054695
0.414248 -0.046386
0.345682 -0.038784
0.275925 -0.031998
0.210829 -0.026069
0.153479 -0.020987
0.104951 -0.016706
0.065079 -0.013156
0.033072 -0.010255
0.008300 -0.007916
-0.004643 -0.006054
0.006315 -0.004589
0.052080 -0.003450
0.134973 -0.002531
0.248147 -0.001832
0.379377 -0.001306
0.515153 -0.000913
0.638965 -0.000622
0.730464 -0.000409
0.774117 -0.000253
0.765868 -0.000139
0.712760 -0.000058
0.628290 0.000000
0.527305 0.000000
0.422508 0.000000
0.322937 0.000000
0.233906 0.000000
0.157748 0.000000
0.094773 0.000000
0.044135 0.000000
0.004470 0.000000
-0.025710 0.000000
-0.047820 0.000000
-0.063130 0.000000
-0.072761 0.000000
-0.077336 0.000000
-0.072172 0.000000
-0.045131 0.000000
0.014711 0.000000
0.109711 0.000000
0.232602 0.000000
0.365627 0.000000
0.482803 0.000000
0.561662 0.000000
0.592096 0.000000
0.576729 0.000000
0.526420 0.000000
0.454819 0.000000
0.374409 0.000000
0.294556 0.000000
0.221143 0.000000
0.157111 0.000000
0.103324 0.000000
0.059409 0.000000
0.024397 0.000000
-0.002867 0.000378
-0.023501 0.006719
-0.038506 0.031986
-0.048711 0.087849
-0.054936 0.177292
-0.057871 0.294062
-0.058150 0.426474
-0.056364 0.561522
-0.053054 0.683161
-0.048707 0.771467
-0.043788 0.811278
-0.038596 0.798855
-0.033414 0.741500
-0.028455 0.652904
-0.023865 0.548055
-0.019732 0.439746
-0.016099 0.337061
-0.012971 0.245331
-0.010328 0.166879
-0.008133 0.101987
-0.006336 0.049773
-0.004888 0.008832
-0.003734 -0.021991
-0.002827 -0.038565
-0.002122 -0.029236
-0.001580 0.016511
-0.001167 0.100632
-0.000855 0.215944
-0.000622 0.349921
-0.000409 0.489171
-0.000253 0.622174
-0.000139 0.735791
-0.000058 0.813070
0.000000 0.841189
0.000000 0.817900
0.000000 0.751251
0.000000 0.655146
0.000000 0.544473
0.000000 0.431790
0.000000 0.325916
0.000000 0.231954
0.000000 0.152044
0.000000 0.086334
0.000000 0.033837
0.000000 -0.006936
0.000378 -0.037594
0.006719 -0.059669
0.031986 -0.074543
0.087849 -0.083444
0.176914 -0.087429
0.287343 -0.087540
0.394488 -0.084666
0.474051 -0.079609
0.512588 -0.073076
0.509391 -0.065675
0.472652 -0.057911
0.414248 -0.050225
0.345682 -0.042865
0.275925 -0.036040
0.210829 -0.029881
0.153479 -0.024451
0.104951 -0.019762
0.065079 -0.015787
0.033072 -0.012472
0.007922 -0.009372
-0.011363 -0.000827
-0.025671 0.026201
-0.035769 0.083453
-0.042320 0.173604
-0.045915 0.284870
-0.047097 0.392656
-0.046369 0.472745
-0.044196 0.511675
-0.041002 0.508768
-0.037160 0.472244
-0.032988 0.413995
-0.028740 0.345542
-0.024614 0.275867
-0.020750 0.210829
-0.017238 0.153479
-0.014124 0.104951
-0.011425 0.065079
-0.009131 0.033072
-0.006836 0.007922
0.001081 -0.011363
0.027625 -0.025671
0.084507 -0.035769
0.174756 -0.042320
0.291776 -0.045915
0.418331 -0.047097
0.528860 -0.046369
0.601258 -0.044196
0.625596 -0.041002
0.604656 -0.037160
0.549421 -0.032988
0.473523 -0.028740
0.389439 -0.024614
0.306502 -0.020750
0.230500 -0.017238
0.164366 -0.014124
0.108895 -0.011425
0.063648 -0.009131
0.027594 -0.007214
-0.000098 -0.005638
-0.015008 -0.004362
-0.005214 -0.003341
0.040051 -0.002536
0.122979 -0.001908
0.236600 -0.001424
0.368576 -0.001054
0.505675 -0.000774
0.636507 -0.000564
0.748026 -0.000409
0.823352 -0.000253
0.849703 -0.000139
0.824856 -0.000058
0.756861 0.000000
0.659616 0.000000
0.547994 0.000000
0.434534 0.000000
0.328033 0.000000
0.233572 0.000000
0.153269 0.000000
0.087252 0.000000
0.034521 0.000000
-0.006431 0.000000
-0.037224 0.000378
-0.059400 0.006719
-0.074348 0.031986
-0.083305 0.087849
-0.087371 0.176914
-0.087540 0.287343
-0.084666 0.394488
-0.079609 0.474051
-0.073076 0.512588
-0.065675 0.509391
-0.057911 0.472652
-0.050225 0.414248
-0.042865 0.345682
-0.036040 0.275925
-0.029881 0.210829
-0.024451 0.153479
-0.019762 0.104951
-0.015787 0.065079
-0.012472 0.033072
-0.009750 0.008300
-0.007546 -0.004643
-0.005785 0.006315
-0.004395 0.052080
-0.003310 0.134973
-0.002472 0.248147
-0.001832 0.379377
-0.001306 0.515531
-0.000913 0.645307
-0.000622 0.755731
-0.000409 0.829980
-0.000253 0.855311
-0.000139 0.829530
-0.000058 0.760701
0.000000 0.662730
0.000000 0.550489
0.000000 0.436509
0.000000 0.329580
0.000000 0.234770
0.000000 0.154188
0.000000 0.087951
0.000000 0.035047
0.000000 -0.006038
0.000378 -0.036933
0.006719 -0.059186
0.031986 -0.074192
0.087849 -0.083192
0.176914 -0.087290
0.287343 -0.087482
0.394488 -0.084666
0.474051 -0.079609
0.512588 -0.073076
0.509391 -0.065675
0.472652 -0.057911
0.414248 -0.050225
0.345682 -0.042865
0.275925 -0.036040
0.210829 -0.029881
0.153479 -0.024451
0.104951 -0.019762
0.065079 -0.015787
0.033072 -0.012472
0.008300 -0.009750
-0.004643 -0.007546
0.006315 -0.005785
0.052080 -0.004395
0.134595 -0.003310
0.241427 -0.002472
0.347391 -0.001832
0.427682 -0.001306
0.468392 -0.000913
0.468388 -0.000622
0.435492 -0.000409
0.381260 -0.000253
0.316941 -0.000139
0.251311 -0.000058
0.190078 0.000000
0.136241 0.000000
0.090827 0.000000
0.053654 0.000000
0.023941 0.000000
0.000709 0.000000
-0.017001 0.000000
-0.030033 0.000000
-0.038732 0.000000
-0.038136 0.000000
-0.015837 0.000000
0.039327 0.000000
0.129492 0.000000
0.242373 0.000000
0.352922 0.000000
0.436482 0.000000
0.479348 0.000000
0.480511 0.000000
0.447980 0.000000
0.393497 0.000000
0.328444 0.000000
0.261801 0.000000
0.199403 0.000000
0.144349 0.000000
0.097738 0.000000
0.059441 0.000000
0.028710 0.000000
0.004581 0.000000
-0.013521 0.000000
-0.020860 0.000000
-0.005206 0.000000
0.044475 0.000000
0.130603 0.000000
0.246400 0.000000
0.379696 0.000000
0.517073 0.000000
0.642019 0.000000
0.734248 0.000000
0.778290 0.000000
0.770115 0.000000
0.716886 0.000000
0.632154 0.000000
0.530817 0.000000
0.425622 0.000000
0.325636 0.000000
0.236201 0.000000
0.159665 0.000000
0.096349 0.000000
0.045411 0.000000
0.005490 0.000000
-0.024905 0.000378
-0.047192 0.006719
-0.062646 0.031986
-0.072391 0.087849
-0.077434 0.176914
-0.078682 0.287343
-0.076961 0.394488
-0.072982 0.474051
-0.067468 0.512588
-0.061001 0.509391
-0.054070 0.472652
-0.047111 0.414248
-0.040370 0.345682
-0.034065 0.275925
-0.028335 0.210829
-0.023253 0.153479
-0.018843 0.104951
-0.015088 0.065079
-0.011946 0.033072
-0.009357 0.007922
-0.007255 -0.011363
-0.005571 -0.025293
-0.004239 -0.029049
-0.003197 -0.010334
-0.002391 0.041933
-0.001774 0.130195
-0.001306 0.247693
-0.000913 0.382278
-0.000622 0.520520
-0.000409 0.646001
-0.000253 0.738479
-0.000139 0.782538
-0.000058 0.774241
0.000000 0.720750
0.000000 0.635666
0.000000 0.533931
0.000000 0.428321
0.000000 0.327930
0.000000 0.238117
0.000000 0.161241
0.000000 0.097625
0.000000 0.046432
0.000000 0.006295
0.000000 -0.024277
0.000000 -0.046708
0.000000 -0.062276
0.000000 -0.072112
0.000000 -0.077225
0.000000 -0.078149
0.000000 -0.070086
0.000000 -0.040883
0.000000 0.020462
0.000000 0.115972
0.000000 0.233273
0.000000 0.347378
0.000000 0.433682
0.000000 0.478524
0.000000 0.481056
0.000000 0.449399
0.000000 0.395404
0.000000 0.330593
0.000000 0.263979
0.000000 0.201471
0.000000 0.146224
0.000000 0.099380
0.000000 0.060840
0.000000 0.029875
0.000000 0.005909
0.000000 -0.006417
0.000000 0.005009
0.000000 0.051166
0.000000 0.134350
0.000000 0.247738
0.000000 0.378746
0.000000 0.508672
0.000000 0.613640
0.000000 0.674602
0.000000 0.684674
0.000000 0.649098
0.000000 0.580348
0.000000 0.492864
0.000000 0.399324
0.000000 0.308936
0.000000 0.227263
0.000000 0.156885
0.000000 0.098334
0.000000 0.050957
0.000000 0.013558
0.000000 -0.015202
0.000000 -0.036219
0.000000 -0.045045
0.000000 -0.029713
0.000000 0.020565
0.000000 0.107598
0.000000 0.218816
0.000000 0.328899
0.000000 0.412942
0.000000 0.457001
0.000000 0.459855
0.000000 0.429324
0.000000 0.376993
0.000000 0.314112
0.000000 0.249566
0.000000 0.189121
0.000000 0.135834
0.000000 0.090782
0.000000 0.053832
0.000000 0.024241
0.000000 0.001438
0.000000 -0.009923
0.000000 0.002290
0.000000 0.049039
0.000000 0.132317
0.000000 0.239735
0.000000 0.346143
0.000000 0.426769
0.000000 0.467770
0.000000 0.467980
0.000000 0.435239
0.000000 0.381121
0.000000 0.316883
0.000000 0.251311
0.000000 0.190078
0.000000 0.136241
0.000000 0.090827
0.000000 0.053654
0.000000 0.023941
0.000000 0.001086
0.000000 -0.010281
0.000000 0.001953
0.000000 0.048738
0.000000 0.132436
0.000000 0.246239
0.000000 0.377953
0.000000 0.514477
0.000000 0.644533
0.000000 0.755167
0.000000 0.829571
0.000000 0.855059
0.000000 0.829390
0.000000 0.760643
0.000000 0.662730
0.000000 0.550489
0.000000 0.436509
0.000000 0.329580
0.000000 0.234770
0.000000 0.154188
0.000000 0.087951
0.000000 0.035047
0.000000 -0.006038
0.000000 -0.036556
0.000000 -0.052467
0.000000 -0.042206
0.000000 0.004657
0.000000 0.089625
0.000000 0.199861
0.000000 0.309822
0.000000 0.394442
0.000000 0.439513
0.000000 0.443716
0.000000 0.414741
0.000000 0.364022
0.000000 0.302817
0.000000 0.239886
0.000000 0.180948
0.000000 0.129028
0.000000 0.085189
0.000000 0.049293
0.000000 0.020600
0.000000 -0.001450
0.000000 -0.012189
0.000000 0.000530
0.000000 0.047685
0.000000 0.131662
0.000000 0.245674
0.000000 0.377544
0.000000 0.514225
0.000000 0.644771
0.000000 0.761450
0.000000 0.854838
0.000000 0.910921
0.000000 0.918834
0.000000 0.877413
0.000000 0.795142
0.000000 0.685915
0.000000 0.564489
0.000000 0.443152
0.000000 0.330443
0.000000 0.231209
0.000000 0.147365
0.000000 0.078863
0.000000 0.024538
0.000000 -0.017262
0.000000 -0.047921
0.000000 -0.063529
0.000000 -0.052637
0.000000 -0.004919
0.000000 0.081034
0.000000 0.192312
0.000000 0.303350
0.000000 0.388947
0.000000 0.434920
0.000000 0.439933
0.000000 0.411627
0.000000 0.361528
0.000000 0.300842
0.000000 0.238339
0.000000 0.179750
0.000000 0.128109
0.000000 0.084491
0.000000 0.048767
0.000000 0.020207
0.000000 -0.002119
0.000000 -0.019123
0.000000 -0.031612
0.000000 -0.040277
0.000000 -0.045711
0.000000 -0.048446
0.000000 -0.048930
0.000000 -0.047675
0.000000 -0.045110
0.000000 -0.041625
0.000000 -0.037569
0.000000 -0.033240
0.000000 -0.028880
0.000000 -0.024673
0.000000 -0.020750
0.000000 -0.017238
0.000000 -0.014124
0.000000 -0.011425
0.000000 -0.009131
0.000000 -0.007214
0.000000 -0.005638
0.000000 -0.004362
0.000000 -0.003341
0.000000 -0.002536
0.000000 -0.001908
0.000000 -0.001424
0.000000 -0.001054
0.000000 -0.000774
0.000000 -0.000564
0.000000 -0.000409
0.000000 -0.000253
0.000000 -0.000139
0.000000 -0.000058
0.000000 0.000000
0.000000 0.000000
0.000000 0.000000
0.000000 0.000000
0.000000 0.000000
0.000000 0.000000
0.000000 0.000000
0.000000 0.000000
0.000000 0.000000
0.000000 0.000000
0.000000 0.000000
0.000000 0.000000
0.000000 0.000000
0.000000 0.000000
0.000000 0.000000
0.000000 0.000000
0.000000 0.000000
0.000000 0.000000
0.000000 0.000000
0.000000 0.000000
0.000000 0.000000
0.000000 0.000000
0.000000 0.000000
0.000000 0.000000
0.000000 0.000000
0.000000 0.000000
0.000000 0.000000
0.000000 0.000000
0.000000 0.000000
0.000000 0.000000
0.000000 0.000000
0.000000 0.000000
0.000000 0.000000
0.000000 0.000000
0.000000 0.000000
0.000000 0.000000
0.000000 0.000000
0.000000 0.000000
0.000000 0.000000
0.000000 0.000000
0.000000 0.000000
0.000000 0.000000
0.000000 0.000000
0.000000 0.000000
0.000000 0.000000
0.000000 0.000000
0.000000 0.000000
0.000000 0.000000
0.000000 0.000000
0.000000 0.000000
0.000000 0.000000
0.000000 0.000000
0.000000 0.000000
0.000000 0.000000
0.000000 0.000000
0.000000 0.000000
0.000000 0.000000
0.000000 0.000000
0.000000 0.000000
0.000000 0.000000
0.000000 0.000000
0.000000 0.000000
0.000000 0.000000
0.000000 0.000000
0.000000 0.000000
0.000000 0.000000
0.000000 0.000000
0.000000 0.000000
0.000000 0.000000
0.000000 0.000000
0.000000 0.000000
0.000000 0.000000
0.000000 0.000000
0.000000 0.000000
0.000000 0.000000
0.000000 0.000000
0.000000 0.000000
0.000000 0.000000
0.000000 0.000000
0.000000 0.000000
0.000000 0.000000
0.000000 0.000000
0.000000 0.000000
0.000000 0.000000
