0.000000 0.000000
0.000000 0.000000
0.000000 0.000000
0.000000 0.000000
0.000000 0.000000
0.000000 0.000000
0.000000 0.000000
0.000000 0.000000
0.000000 0.000000
0.000000 0.000000
0.000000 0.000000
0.000000 0.000000
0.000000 0.000000
0.000000 0.000000
0.000000 0.000000
0.000378 0.000000
0.006719 0.000000
0.031986 0.000000
0.087849 0.000000
0.176914 0.000000
0.287343 0.000000
0.394488 0.000000
0.474051 0.000000
0.512588 0.000000
0.509391 0.000000
0.472652 0.000000
0.414248 0.000000
0.345682 0.000000
0.275925 0.000000
0.210829 0.000000
0.153479 0.000000
0.104951 0.000000
0.065079 0.000000
0.033072 0.000000
0.008300 0.000000
-0.004643 0.000000
0.006315 0.000000
0.052080 0.000000
0.134595 0.000000
0.241427 0.000000
0.347391 0.000000
0.427682 0.000000
0.468392 0.000000
0.468388 0.000000
0.435492 0.000000
0.381260 0.000000
0.316941 0.000000
0.251311 0.000000
0.190078 0.000000
0.136241 0.000000
0.090827 0.000000
0.053654 0.000000
0.023941 0.000000
0.000709 0.000378
-0.017001 0.006719
-0.030033 0.031986
-0.039110 0.087849
-0.044856 0.176914
-0.047824 0.287343
-0.048521 0.394488
-0.047423 0.474051
-0.044970 0.512588
-0.041567 0.509391
-0.037569 0.472652
-0.033240 0.414248
-0.028880 0.345682
-0.024673 0.275925
-0.020750 0.210829
-0.017238 0.153479
-0.014124 0.104951
-0.011425 0.065079
-0.009131 0.033072
-0.006836 0.007922
0.001081 -0.011363
0.027625 -0.025671
0.084507 -0.035769
0.174378 -0.042320
0.285435 -0.045915
0.393064 -0.047097
0.472998 -0.046369
0.511815 -0.044196
0.508826 -0.041002
0.472244 -0.037160
0.413995 -0.032988
0.345542 -0.028740
0.275867 -0.024614
0.210829 -0.020750
0.153479 -0.017238
0.104951 -0.014124
0.065079 -0.011425
0.033072 -0.009131
0.007922 -0.007214
-0.011363 -0.005638
-0.025293 -0.004362
-0.029049 -0.003341
-0.010334 -0.002536
0.041933 -0.001908
0.129817 -0.001424
0.240974 -0.001054
0.350292 -0.000774
0.433049 -0.000564
0.475428 -0.000409
0.476403 -0.000253
0.443912 -0.000139
0.389633 -0.000058
0.324931 0.000000
0.258688 0.000000
0.196704 0.000000
0.142054 0.000000
0.095821 0.000000
0.057866 0.000000
0.027434 0.000000
0.003561 0.000378
-0.014704 0.006719
-0.028207 0.031986
-0.037677 0.087849
-0.043743 0.176914
-0.046969 0.287343
-0.047871 0.394488
-0.046933 0.474051
-0.044605 0.512588
-0.041255 0.509391
-0.037300 0.472652
-0.033046 0.414248
-0.028740 0.345682
-0.024614 0.275925
-0.020750 0.210829
-0.017238 0.153479
-0.014124 0.104951
-0.011425 0.065079
-0.009131 0.033072
-0.006836 0.007922
0.001081 -0.011363
0.027625 -0.025671
0.084507 -0.035769
0.174378 -0.042320
0.285435 -0.045915
0.393064 -0.047097
0.472998 -0.046369
0.511815 -0.044196
0.508826 -0.041002
0.472244 -0.037160
0.413995 -0.032988
0.345542 -0.028740
0.275867 -0.024614
0.210829 -0.020750
0.153479 -0.017238
0.104951 -0.014124
0.065079 -0.011425
0.033072 -0.009131
0.007922 -0.006836
-0.011363 0.001081
-0.025671 0.027625
-0.035769 0.084507
-0.042320 0.174756
-0.045915 0.292154
-0.047097 0.425050
-0.046369 0.560846
-0.044196 0.688729
-0.041002 0.796169
-0.037160 0.866732
-0.032988 0.888047
-0.028740 0.858131
-0.024614 0.785258
-0.020750 0.683481
-0.017238 0.567727
-0.014124 0.450633
-0.011425 0.341005
-0.009131 0.243900
-0.007214 0.161401
-0.005638 0.093589
-0.004362 0.039408
-0.003341 -0.002697
-0.002536 -0.034019
-0.001908 -0.050558
-0.001424 -0.040783
-0.001054 0.005711
-0.000774 0.090776
-0.000564 0.207145
-0.000409 0.342216
-0.000253 0.482165
-0.000139 0.610225
-0.000058 0.705850
0.000000 0.753367
0.000000 0.748630
0.000000 0.698635
0.000000 0.616864
0.000000 0.518174
0.000000 0.415295
0.000000 0.317299
0.000000 0.229545
0.000000 0.154407
0.000000 0.092237
0.000000 0.042227
0.000000 0.003046
0.000000 -0.026386
0.000000 -0.041875
0.000000 -0.031708
0.000000 0.014679
0.000000 0.099326
0.000000 0.215031
0.000000 0.349299
0.000000 0.488762
0.000000 0.622300
0.000000 0.742371
0.000000 0.844620
0.000000 0.922318
0.000000 0.963206
0.000000 0.957465
0.000000 0.904328
0.000000 0.812311
0.000000 0.695196
0.000000 0.567469
0.000000 0.441200
0.000000 0.324739
0.000000 0.222770
0.000000 0.137067
0.000000 0.067457
0.000000 0.012654
0.000000 -0.029110
0.000378 -0.059712
0.006719 -0.080931
0.031986 -0.094338
0.087849 -0.101416
0.176914 -0.103429
0.287343 -0.101503
0.394488 -0.096633
0.474051 -0.089697
0.512588 -0.081451
0.509391 -0.072572
0.472652 -0.063520
0.414248 -0.054695
0.345682 -0.046386
0.275925 -0.038784
0.210829 -0.031998
0.153479 -0.026069
0.104951 -0.020987
0.065079 -0.016706
0.033072 -0.013156
0.007922 -0.009877
-0.011363 -0.001197
-0.025671 0.025932
-0.035769 0.083259
-0.042320 0.173465
-0.045915 0.284812
-0.047097 0.392656
-0.046369 0.472745
-0.044196 0.511675
-0.041002 0.508768
-0.037160 0.472244
-0.032988 0.413995
-0.028740 0.345542
-0.024614 0.275867
-0.020750 0.210829
-0.017238 0.153479
-0.014124 0.104951
-0.011425 0.065079
-0.009131 0.033072
-0.007214 0.008300
-0.005638 -0.004643
-0.004362 0.006315
-0.003341 0.052080
-0.002536 0.134973
-0.001908 0.248147
-0.001424 0.379377
-0.001054 0.515153
-0.000774 0.638965
-0.000564 0.730464
-0.000409 0.774117
-0.000253 0.765868
-0.000139 0.712760
-0.000058 0.628290
0.000000 0.527305
0.000000 0.422508
0.000000 0.322937
0.000000 0.233906
0.000000 0.157748
0.000000 0.094773
0.000000 0.044135
0.000000 0.004470
0.000000 -0.025332
0.000000 -0.041101
0.000000 -0.031144
0.000000 0.015087
0.000000 0.099200
0.000000 0.208451
0.000000 0.317371
0.000000 0.400914
0.000000 0.445007
0.000000 0.448308
0.000000 0.418524
0.000000 0.367137
0.000000 0.305312
0.000000 0.241861
0.000000 0.182494
0.000000 0.130226
0.000000 0.086108
0.000000 0.049991
0.000000 0.021126
0.000000 -0.001435
0.000000 -0.018240
0.000000 -0.024523
0.000000 -0.008022
0.000000 0.042332
0.000000 0.128608
0.000000 0.238471
0.000000 0.346813
0.000000 0.428942
0.000000 0.470964
0.000000 0.471822
0.000000 0.439412
0.000000 0.385368
0.000000 0.321009
0.000000 0.255175
0.000000 0.193591
0.000000 0.139355
0.000000 0.093526
0.000000 0.055949
0.000000 0.025858
0.000000 0.002662
0.000000 -0.009005
0.000000 0.002974
0.000000 0.049544
0.000000 0.132687
0.000000 0.240004
0.000000 0.346337
0.000000 0.426908
0.000000 0.467828
0.000000 0.467980
0.000000 0.435239
0.000000 0.381121
0.000000 0.316883
0.000000 0.251311
0.000000 0.190078
0.000000 0.136241
0.000000 0.090827
0.000000 0.053654
0.000000 0.023941
0.000378 0.000709
0.006719 -0.017001
0.031986 -0.030033
0.087849 -0.039110
0.177292 -0.044856
0.294062 -0.047824
0.426474 -0.048521
0.561900 -0.047423
0.689881 -0.044970
0.803453 -0.041567
0.898749 -0.037569
0.969428 -0.033240
1.003576 -0.028880
0.991530 -0.024673
0.932663 -0.020750
0.835564 -0.017238
0.714039 -0.014124
0.582558 -0.011425
0.453146 -0.009131
0.334096 -0.007214
0.230025 -0.005638
0.142639 -0.004362
0.071696 -0.003341
0.015851 -0.002536
-0.026719 -0.001908
-0.057938 -0.001046
-0.079625 0.005666
-0.093424 0.031212
-0.100793 0.087284
-0.103021 0.176506
-0.101250 0.287090
-0.096493 0.394349
-0.089639 0.473993
-0.081451 0.512588
-0.072572 0.509391
-0.063520 0.472652
-0.054695 0.414248
-0.046386 0.345682
-0.038784 0.275925
-0.031998 0.210829
-0.026069 0.153479
-0.020987 0.104951
-0.016706 0.065079
-0.013156 0.033072
-0.009877 0.007922
-0.001197 -0.011363
0.025932 -0.025671
0.083259 -0.035769
0.173465 -0.042320
0.284812 -0.045915
0.392656 -0.047097
0.472745 -0.046369
0.511675 -0.044196
0.508768 -0.041002
0.472244 -0.037160
0.413995 -0.032988
0.345542 -0.028740
0.275867 -0.024614
0.210829 -0.020750
0.153479 -0.017238
0.104951 -0.014124
0.065079 -0.011425
0.033072 -0.009131
0.007922 -0.006836
-0.011363 0.001081
-0.025671 0.027625
-0.035769 0.084507
-0.042320 0.174756
-0.045915 0.292154
-0.047097 0.425050
-0.046369 0.560846
-0.044196 0.689107
-0.041002 0.802511
-0.037160 0.891998
-0.032988 0.943909
-0.028740 0.947574
-0.024614 0.902028
-0.020750 0.815893
-0.017238 0.703152
-0.014124 0.578614
-0.011425 0.454577
-0.009131 0.339574
-0.007214 0.238423
-0.005638 0.153003
-0.004362 0.083224
-0.003341 0.027880
-0.002536 -0.014725
-0.001908 -0.046013
-0.001424 -0.062105
-0.001054 -0.051583
-0.000774 -0.004145
-0.000564 0.081599
-0.000409 0.192720
-0.000253 0.303603
-0.000139 0.389087
-0.000058 0.434978
0.000000 0.439933
0.000000 0.411627
0.000000 0.361528
0.000000 0.300842
0.000000 0.238339
0.000000 0.179750
0.000000 0.128109
0.000000 0.084491
0.000000 0.048767
0.000000 0.020207
0.000378 -0.002119
0.006719 -0.019123
0.031986 -0.031612
0.087849 -0.040277
0.176914 -0.045711
0.287343 -0.048446
0.394488 -0.048930
0.474051 -0.047675
0.512588 -0.045110
0.509391 -0.041625
0.472652 -0.037569
0.414248 -0.033240
0.345682 -0.028880
0.275925 -0.024673
0.210829 -0.020750
0.153479 -0.017238
0.104951 -0.014124
0.065079 -0.011425
0.033072 -0.009131
0.007922 -0.007214
-0.011363 -0.005638
-0.025671 -0.004362
-0.035769 -0.003341
-0.041942 -0.002536
-0.039196 -0.001908
-0.015111 -0.001424
0.041479 -0.001054
0.132718 -0.000774
0.246340 -0.000564
0.357328 -0.000409
0.441064 -0.000253
0.483848 -0.000139
0.484776 -0.000058
0.451902 0.000000
0.397010 0.000000
0.331557 0.000000
0.264500 0.000000
0.201698 0.000000
0.146265 0.000000
0.099313 0.000000
0.060718 0.000000
0.029730 0.000000
0.005386 0.000378
-0.013271 0.006719
-0.027095 0.031986
-0.036822 0.087849
-0.043094 0.176914
-0.046480 0.287343
-0.047506 0.394488
-0.046622 0.474051
-0.044336 0.512588
-0.041060 0.509391
-0.037160 0.472652
-0.032988 0.414248
-0.028740 0.345682
-0.024614 0.275925
-0.020750 0.210829
-0.017238 0.153479
-0.014124 0.104951
-0.011425 0.065079
-0.009131 0.033072
-0.006836 0.007922
0.001081 -0.011363
0.027625 -0.025671
0.084507 -0.035769
0.174756 -0.042320
0.292154 -0.045915
0.425050 -0.047097
0.560846 -0.046369
0.689107 -0.044196
0.802889 -0.041002
0.898340 -0.037160
0.969176 -0.032988
1.003437 -0.028740
0.991471 -0.024614
0.932663 -0.020750
0.835564 -0.017238
0.714039 -0.014124
0.582558 -0.011425
0.453146 -0.009131
0.334096 -0.007214
0.230025 -0.005638
0.142639 -0.004362
0.071696 -0.003341
0.015851 -0.002536
-0.026719 -0.001908
-0.057938 -0.001046
-0.079625 0.005666
-0.093424 0.031212
-0.100793 0.087284
-0.103021 0.176884
-0.101250 0.293810
-0.096493 0.426335
-0.089639 0.561842
-0.081451 0.689881
-0.072572 0.803453
-0.063520 0.898749
-0.054695 0.969428
-0.046386 1.003576
-0.038784 0.991530
-0.031998 0.932663
-0.026069 0.835564
-0.020987 0.714039
-0.016706 0.582558
-0.013156 0.453146
-0.010255 0.334096
-0.007916 0.230025
-0.006054 0.142639
-0.004589 0.071696
-0.003450 0.015851
-0.002531 -0.026719
-0.001454 -0.057938
0.005413 -0.079625
0.031073 -0.093424
0.087226 -0.100793
0.176506 -0.103021
0.287090 -0.101250
0.394349 -0.096493
0.473993 -0.089639
0.512588 -0.081451
0.509391 -0.072572
0.472652 -0.063520
0.414248 -0.054695
0.345682 -0.046386
0.275925 -0.038784
0.210829 -0.031998
0.153479 -0.026069
0.104951 -0.020987
0.065079 -0.016706
0.033072 -0.013156
0.008300 -0.010255
-0.004643 -0.007916
0.006315 -0.006054
0.052080 -0.004589
0.134595 -0.003450
0.241427 -0.002531
0.347391 -0.001832
0.427682 -0.001306
0.468392 -0.000913
0.468388 -0.000622
0.435492 -0.000409
0.381260 -0.000253
0.316941 -0.000139
0.251311 -0.000058
0.190078 0.000000
0.136241 0.000000
0.090827 0.000000
0.053654 0.000000
0.023941 0.000000
0.000709 0.000378
-0.017001 0.006719
-0.030033 0.031986
-0.039110 0.087849
-0.044856 0.177292
-0.047824 0.293684
-0.048521 0.419755
-0.047423 0.529914
-0.044970 0.602032
-0.041567 0.626161
-0.037569 0.605064
-0.033240 0.549673
-0.028880 0.473662
-0.024673 0.389498
-0.020750 0.306502
-0.017238 0.230500
-0.014124 0.164366
-0.011425 0.108895
-0.009131 0.063648
-0.007214 0.027594
-0.005638 -0.000098
-0.004362 -0.015008
-0.003341 -0.005214
-0.002536 0.040051
-0.001908 0.122601
-0.001424 0.229881
-0.001054 0.336590
-0.000774 0.417827
-0.000564 0.459592
-0.000409 0.460683
-0.000253 0.428864
-0.000139 0.375652
-0.000058 0.312267
0.000000 0.247470
0.000000 0.186963
0.000000 0.133747
0.000000 0.088852
0.000000 0.052108
0.000000 0.022743
0.000000 -0.000210
0.000000 -0.017699
0.000000 -0.030559
0.000000 -0.039503
0.000000 -0.045147
0.000378 -0.048037
0.006719 -0.048677
0.031986 -0.047536
0.087849 -0.045052
0.176914 -0.041625
0.287343 -0.037569
0.394488 -0.033240
0.474051 -0.028880
0.512588 -0.024673
0.509391 -0.020750
0.472652 -0.017238
0.414248 -0.014124
0.345682 -0.011425
0.275925 -0.009131
0.210829 -0.007214
0.153479 -0.005638
0.104951 -0.004362
0.065079 -0.003341
0.033072 -0.002536
0.008300 -0.001908
-0.004643 -0.001424
0.006315 -0.001054
0.052080 -0.000774
0.134973 -0.000564
0.248147 -0.000409
0.379377 -0.000253
0.515531 -0.000139
0.645684 -0.000058
0.762073 0.000000
0.855246 0.000000
0.911174 0.000000
0.918974 0.000000
0.877472 0.000000
0.795142 0.000000
0.685915 0.000000
0.564489 0.000000
0.443152 0.000000
0.330443 0.000000
0.231209 0.000000
0.147365 0.000000
0.078863 0.000000
0.024538 0.000000
-0.017262 0.000000
-0.048299 0.000378
-0.070248 0.006719
-0.084623 0.031986
-0.092767 0.087849
-0.095880 0.177292
-0.095031 0.294062
-0.091138 0.426474
-0.085104 0.561900
-0.077669 0.689881
-0.069458 0.803453
-0.061026 0.898749
-0.052720 0.969428
-0.044839 1.003576
-0.037586 0.991530
-0.031079 0.932663
-0.025370 0.835564
-0.020461 0.714039
-0.016313 0.582558
-0.012865 0.453146
-0.010041 0.334096
-0.007760 0.230025
-0.005941 0.142639
-0.004508 0.071696
-0.003391 0.015851
-0.002531 -0.026719
-0.001454 -0.057938
0.005413 -0.079625
0.031073 -0.093424
0.087226 -0.100793
0.176884 -0.103021
0.293810 -0.101250
0.426335 -0.096493
0.561842 -0.089639
0.689503 -0.081451
0.796733 -0.072572
0.867140 -0.063520
0.888299 -0.054695
0.858270 -0.046386
0.785316 -0.038784
0.683481 -0.031998
0.567727 -0.026069
0.450633 -0.020987
0.341005 -0.016706
0.243900 -0.013156
0.161401 -0.010255
0.093589 -0.007916
0.039408 -0.006054
-0.002697 -0.004589
-0.034397 -0.003450
-0.057278 -0.002531
-0.072769 -0.001832
-0.082138 -0.001306
-0.086138 -0.000913
-0.080198 -0.000622
-0.052272 -0.000409
0.008492 -0.000253
0.104356 -0.000139
0.228445 -0.000058
0.368186 0.000000
0.504955 0.000000
0.615030 0.000000
0.679565 0.000000
0.691953 0.000000
0.657634 0.000000
0.589326 0.000000
0.501691 0.000000
0.407602 0.000000
0.316424 0.000000
0.233841 0.000000
0.162525 0.000000
0.103069 0.000000
0.054861 0.000000
0.016724 0.000000
-0.012295 0.000000
-0.027843 0.000000
-0.018155 0.000000
0.027435 0.000000
0.110646 0.000000
0.218828 0.000000
0.326595 0.000000
0.408969 0.000000
0.451887 0.000000
0.454056 0.000000
0.423256 0.000000
0.370978 0.000000
0.308427 0.000000
0.244355 0.000000
0.184469 0.000000
0.131772 0.000000
0.087306 0.000000
0.050910 0.000000
0.021824 0.000000
-0.000909 0.000000
-0.018225 0.000000
-0.030951 0.000000
-0.039794 0.000000
-0.045361 0.000000
-0.048193 0.000000
-0.048790 0.000000
-0.047617 0.000000
-0.045110 0.000000
-0.041625 0.000000
-0.037569 0.000000
-0.033240 0.000000
-0.028880 0.000000
-0.024673 0.000000
-0.020750 0.000000
-0.017238 0.000000
-0.014124 0.000000
-0.011425 0.000000
-0.009131 0.000000
-0.007214 0.000000
-0.005638 0.000000
-0.004362 0.000000
-0.003341 0.000000
-0.002536 0.000000
-0.001908 0.000000
-0.001424 0.000000
-0.001054 0.000000
-0.000774 0.000000
-0.000564 0.000000
-0.000409 0.000000
-0.000253 0.000000
-0.000139 0.000000
-0.000058 0.000000
0.000000 0.000000
0.000000 0.000000
0.000000 0.000000
0.000000 0.000000
0.000000 0.000000
0.000000 0.000000
0.000000 0.000000
0.000000 0.000000
0.000000 0.000000
0.000000 0.000000
0.000000 0.000000
0.000000 0.000000
0.000000 0.000000
0.000000 0.000000
0.000000 0.000000
0.000000 0.000000
0.000000 0.000000
0.000000 0.000000
0.000000 0.000000
0.000000 0.000000
0.000000 0.000000
0.000000 0.000000
0.000000 0.000000
0.000000 0.000000
0.000000 0.000000
0.000000 0.000000
0.000000 0.000000
0.000000 0.000000
0.000000 0.000000
0.000000 0.000000
0.000000 0.000000
0.000000 0.000000
0.000000 0.000000
0.000000 0.000000
0.000000 0.000000
0.000000 0.000000
0.000000 0.000000
0.000000 0.000000
0.000000 0.000000
0.000000 0.000000
0.000000 0.000000
0.000000 0.000000
0.000000 0.000000
0.000000 0.000000
0.000000 0.000000
0.000000 0.000000
0.000000 0.000000
0.000000 0.000000
0.000000 0.000000
0.000000 0.000000
0.000000 0.000000
0.000000 0.000000
0.000000 0.000000
0.000000 0.000000
0.000000 0.000000
0.000000 0.000000
0.000000 0.000000
0.000000 0.000000
0.000000 0.000000
0.000000 0.000000
0.000000 0.000000
0.000000 0.000000
0.000000 0.000000
0.000000 0.000000
0.000000 0.000000
0.000000 0.000000
0.000000 0.000000
0.000000 0.000000
0.000000 0.000000
0.000000 0.000000
0.000000 0.000000
0.000000 0.000000
0.000000 0.000000
0.000000 0.000000
0.000000 0.000000
0.000000 0.000000
0.000000 0.000000
0.000000 0.000000
0.000000 0.000000
0.000000 0.000000
0.000000 0.000000
0.000000 0.000000
0.000000 0.000000
0.000000 0.000000
0.000000 0.000000
0.000000 0.000000
0.000000 0.000000
0.000000 0.000000
0.000000 0.000000
0.000000 0.000000
0.000000 0.000000
0.000000 0.000000
0.000000 0.000000
0.000000 0.000000
0.000000 0.000000
