0.000000 0.000000
0.000000 0.000000
0.000000 0.000000
0.000000 0.000000
0.000000 0.000000
0.000000 0.000000
0.000000 0.000000
0.000000 0.000000
0.000000 0.000000
0.000000 0.000000
0.000000 0.000000
0.000000 0.000000
0.000000 0.000000
0.000000 0.000000
0.000000 0.000000
0.000378 0.000000
0.006719 0.000000
0.031986 0.000000
0.087849 0.000000
0.177292 0.000000
0.294062 0.000000
0.426474 0.000000
0.561900 0.000000
0.689881 0.000000
0.803453 0.000000
0.898749 0.000000
0.969428 0.000000
1.003576 0.000000
0.991530 0.000000
0.932663 0.000000
0.835564 0.000000
0.714039 0.000000
0.582558 0.000000
0.453146 0.000000
0.334096 0.000000
0.230025 0.000000
0.142639 0.000000
0.071696 0.000000
0.015851 0.000000
-0.026719 0.000000
-0.057938 0.000378
-0.079625 0.006719
-0.093424 0.031986
-0.100793 0.087849
-0.103021 0.176914
-0.101250 0.287343
-0.096493 0.394488
-0.089639 0.474051
-0.081451 0.512588
-0.072572 0.509391
-0.063520 0.472652
-0.054695 0.414248
-0.046386 0.345682
-0.038784 0.275925
-0.031998 0.210829
-0.026069 0.153479
-0.020987 0.104951
-0.016706 0.065079
-0.013156 0.033072
-0.010255 0.007922
-0.007916 -0.011363
-0.006054 -0.025671
-0.004589 -0.035769
-0.003450 -0.042320
-0.002153 -0.045915
0.004887 -0.047097
0.030680 -0.046369
0.086935 -0.044196
0.176670 -0.041002
0.293654 -0.037160
0.426222 -0.032988
0.561383 -0.028740
0.683103 -0.024614
0.771467 -0.020750
0.811278 -0.017238
0.798855 -0.014124
0.741500 -0.011425
0.652904 -0.009131
0.548055 -0.007214
0.439746 -0.005638
0.337061 -0.004362
0.245331 -0.003341
0.166879 -0.002536
0.101987 -0.001908
0.049773 -0.001424
0.008832 -0.001054
-0.022369 -0.000396
-0.045284 0.006155
-0.061222 0.031578
-0.071338 0.087596
-0.076660 0.177153
-0.078118 0.294004
-0.076553 0.426474
-0.072729 0.561522
-0.067328 0.683161
-0.060943 0.771467
-0.054070 0.811278
-0.047111 0.798855
-0.040370 0.741500
-0.034065 0.652904
-0.028335 0.548055
-0.023253 0.439746
-0.018843 0.337061
-0.015088 0.245331
-0.011946 0.166879
-0.009357 0.101987
-0.007255 0.049773
-0.005571 0.008832
-0.004239 -0.021991
-0.003197 -0.038565
-0.002391 -0.029236
-0.001774 0.016511
-0.001306 0.100632
-0.000913 0.215944
-0.000622 0.349921
-0.000409 0.489171
-0.000253 0.622552
-0.000139 0.742132
-0.000058 0.838337
0.000000 0.897051
0.000000 0.907344
0.000000 0.868021
0.000000 0.787558
0.000000 0.679899
0.000000 0.559770
0.000000 0.439489
0.000000 0.327628
0.000000 0.229066
0.000000 0.145748
0.000000 0.077653
0.000000 0.023641
0.000000 -0.017922
0.000000 -0.048782
0.000000 -0.070599
0.000000 -0.084497
0.000000 -0.086187
0.000000 -0.063952
0.000000 -0.007183
0.000000 0.086154
0.000000 0.208958
0.000000 0.348806
0.000000 0.492442
0.000000 0.628477
0.000000 0.744013
0.000000 0.822301
0.000000 0.850713
0.000000 0.827191
0.000000 0.759946
0.000000 0.663020
0.000000 0.551414
0.000000 0.437768
0.000000 0.330964
0.000000 0.236140
0.000000 0.155460
0.000000 0.089081
0.000000 0.036017
0.000000 -0.005228
0.000000 -0.036229
0.000000 -0.058584
0.000000 -0.073682
0.000000 -0.082760
0.000000 -0.086547
0.000000 -0.080451
0.000000 -0.052411
0.000000 0.008434
0.000000 0.104356
0.000000 0.228445
0.000000 0.368186
0.000000 0.504955
0.000000 0.615030
0.000000 0.679565
0.000000 0.691953
0.000000 0.657634
0.000000 0.589326
0.000000 0.501691
0.000000 0.407602
0.000000 0.316424
0.000000 0.233841
0.000000 0.162525
0.000000 0.103069
0.000000 0.054861
0.000000 0.016724
0.000000 -0.012295
0.000000 -0.027843
0.000000 -0.018155
0.000000 0.027435
0.000000 0.110646
0.000000 0.218828
0.000000 0.326595
0.000000 0.408969
0.000000 0.451887
0.000000 0.454056
0.000000 0.423256
0.000000 0.370978
0.000000 0.308427
0.000000 0.244355
0.000000 0.184469
0.000000 0.131772
0.000000 0.087306
0.000000 0.050910
0.000000 0.021824
0.000000 -0.000909
0.000000 -0.018225
0.000000 -0.030574
0.000000 -0.033074
0.000000 -0.013375
0.000000 0.039655
0.000000 0.128502
0.000000 0.246067
0.000000 0.374645
0.000000 0.488289
0.000000 0.564463
0.000000 0.592920
0.000000 0.576184
0.000000 0.525001
0.000000 0.452912
0.000000 0.372260
0.000000 0.292378
0.000000 0.219075
0.000000 0.155236
0.000000 0.101682
0.000000 0.058010
0.000000 0.023233
0.000000 -0.003439
0.000000 -0.017544
0.000000 -0.007122
0.000000 0.038628
0.000000 0.121925
0.000000 0.235826
0.000000 0.368012
0.000000 0.505267
0.000000 0.636632
0.000000 0.754228
0.000000 0.848561
0.000000 0.905566
0.000000 0.914300
0.000000 0.873631
0.000000 0.792028
0.000000 0.683420
0.000000 0.562514
0.000000 0.441606
0.000000 0.329245
0.000000 0.230290
0.000000 0.146667
0.000000 0.078337
0.000000 0.024145
0.000000 -0.017553
0.000378 -0.048513
0.006719 -0.070404
0.031986 -0.084736
0.087849 -0.092849
0.177292 -0.095938
0.294062 -0.095031
0.426474 -0.091138
0.561522 -0.085104
0.683161 -0.077669
0.771467 -0.069458
0.811278 -0.061026
0.798855 -0.052720
0.741500 -0.044839
0.652904 -0.037586
0.548055 -0.031079
0.439746 -0.025370
0.337061 -0.020461
0.245331 -0.016313
0.166879 -0.012865
0.101987 -0.010041
0.049773 -0.007760
0.008832 -0.005941
-0.022369 -0.004508
-0.045284 -0.003391
-0.060844 -0.002531
-0.064618 -0.001832
-0.044674 -0.001306
0.009731 -0.000913
0.100739 -0.000622
0.221333 -0.000409
0.359146 -0.000253
0.500957 -0.000139
0.635811 -0.000058
0.756342 0.000000
0.858379 0.000000
0.935363 0.000000
0.975241 0.000000
0.968276 0.000000
0.913819 0.000000
0.820476 0.000000
0.702094 0.000000
0.573200 0.000000
0.445891 0.000000
0.328525 0.000000
0.225786 0.000000
0.139442 0.000000
0.069304 0.000000
0.014077 0.000000
-0.028025 0.000000
-0.058473 0.000000
-0.073528 0.000000
-0.061847 0.000000
-0.013197 0.000000
0.074132 0.000000
0.192754 0.000000
0.329981 0.000000
0.471883 0.000000
0.601710 0.000000
0.698894 0.000000
0.747757 0.000000
0.744161 0.000000
0.695114 0.000000
0.614120 0.000000
0.516057 0.000000
0.413677 0.000000
0.316074 0.000000
0.228626 0.000000
0.153723 0.000000
0.091732 0.000000
0.041857 0.000000
0.002777 0.000000
-0.026581 0.000000
-0.042014 0.000000
-0.031766 0.000000
0.014679 0.000000
0.099326 0.000000
0.215031 0.000000
0.349299 0.000000
0.488384 0.000000
0.615580 0.000000
0.710384 0.000000
0.757150 0.000000
0.751745 0.000000
0.701130 0.000000
0.618839 0.000000
0.519720 0.000000
0.416493 0.000000
0.318218 0.000000
0.230243 0.000000
0.154933 0.000000
0.092630 0.000000
0.042518 0.000000
0.003260 0.000000
-0.026230 0.000000
-0.041762 0.000000
-0.031627 0.000000
0.014737 0.000000
0.098948 0.000000
0.208311 0.000000
0.317313 0.000000
0.400914 0.000000
0.445007 0.000000
0.448308 0.000000
0.418524 0.000000
0.367137 0.000000
0.305312 0.000000
0.241861 0.000000
0.182494 0.000000
0.130226 0.000000
0.086108 0.000000
0.049991 0.000000
0.021126 0.000000
-0.001435 0.000378
-0.018618 0.006719
-0.031242 0.031986
-0.040008 0.087849
-0.045517 0.176914
-0.048306 0.287343
-0.048872 0.394488
-0.047675 0.474051
-0.045110 0.512588
-0.041625 0.509391
-0.037569 0.472652
-0.033240 0.414248
-0.028880 0.345682
-0.024673 0.275925
-0.020750 0.210829
-0.017238 0.153479
-0.014124 0.104951
-0.011425 0.065079
-0.009131 0.033072
-0.007214 0.007922
-0.005638 -0.011363
-0.003984 -0.025671
0.003378 -0.035769
0.029450 -0.042320
0.085940 -0.045915
0.175868 -0.047097
0.293009 -0.046369
0.425700 -0.044196
0.561336 -0.041002
0.689094 -0.037160
0.796481 -0.032988
0.867001 -0.028740
0.888241 -0.024614
0.858270 -0.020750
0.785316 -0.017238
0.683481 -0.014124
0.567727 -0.011425
0.450633 -0.009131
0.341005 -0.007214
0.243900 -0.005638
0.161401 -0.004362
0.093589 -0.003341
0.039408 -0.002536
-0.002697 -0.001908
-0.034019 -0.001424
-0.050558 -0.001054
-0.040783 -0.000774
0.005711 -0.000564
0.090776 -0.000409
0.207145 -0.000253
0.341838 -0.000139
0.475824 -0.000058
0.584958 0.000000
0.649988 0.000000
0.663923 0.000000
0.631860 0.000000
0.566224 0.000000
0.481438 0.000000
0.390193 0.000000
0.301722 0.000000
0.221625 0.000000
0.152523 0.000000
0.094992 0.000000
0.048421 0.000000
0.011650 0.000000
-0.016248 0.000000
-0.030931 0.000000
-0.020552 0.000000
0.025585 0.000000
0.109600 0.000000
0.224494 0.000000
0.357808 0.000000
0.496253 0.000000
0.628771 0.000000
0.747488 0.000000
0.842871 0.000000
0.900834 0.000000
0.910459 0.000000
0.870516 0.000000
0.789533 0.000000
0.681445 0.000000
0.560968 0.000000
0.440408 0.000000
0.328326 0.000000
0.229592 0.000000
0.146141 0.000000
0.077944 0.000000
0.023855 0.000000
-0.017766 0.000000
-0.048291 0.000000
-0.063798 0.000000
-0.052831 0.000000
-0.005058 0.000000
0.081354 0.000000
0.199031 0.000000
0.335336 0.000000
0.476796 0.000000
0.611834 0.000000
0.727276 0.000000
0.806115 0.000000
0.835579 0.000000
0.813431 0.000000
0.747730 0.000000
0.652402 0.000000
0.542356 0.000000
0.430172 0.000000
0.324692 0.000000
0.231036 0.000000
0.151361 0.000000
0.085829 0.000000
0.033467 0.000000
-0.007205 0.000000
-0.037789 0.000000
-0.059809 0.000378
-0.074601 0.006719
-0.083444 0.031986
-0.087429 0.087849
-0.087540 0.177292
-0.084666 0.293684
-0.079609 0.419755
-0.073076 0.529914
-0.065675 0.602032
-0.057911 0.626161
-0.050225 0.605064
-0.042865 0.549673
-0.036040 0.473662
-0.029881 0.389498
-0.024451 0.306502
-0.019762 0.230500
-0.015787 0.164366
-0.012472 0.108895
-0.009750 0.063648
-0.007546 0.027594
-0.005785 -0.000476
-0.004017 -0.021727
0.003409 -0.037200
0.029514 -0.047797
0.086016 -0.054313
0.175986 -0.057462
0.293149 -0.057898
0.425852 -0.056225
0.561491 -0.052996
0.689628 -0.048707
0.803313 -0.043788
0.898690 -0.038596
0.969428 -0.033414
1.003576 -0.028455
0.991530 -0.023865
0.932663 -0.019732
0.835564 -0.016099
0.714039 -0.012971
0.582558 -0.010328
0.453146 -0.008133
0.334096 -0.006336
0.230025 -0.004888
0.142639 -0.003734
0.071696 -0.002827
0.015851 -0.002122
-0.026719 -0.001580
-0.057938 -0.001167
-0.079625 -0.000855
-0.093424 -0.000622
-0.100793 -0.000409
-0.103021 -0.000253
-0.101250 0.000238
-0.096493 0.006661
-0.089639 0.031986
-0.081451 0.087849
-0.072572 0.176914
-0.063520 0.287343
-0.054695 0.394488
-0.046386 0.474051
-0.038784 0.512588
-0.031998 0.509391
-0.026069 0.472652
-0.020987 0.414248
-0.016706 0.345682
-0.013156 0.275925
-0.010255 0.210829
-0.007916 0.153479
-0.006054 0.104951
-0.004589 0.065079
-0.003450 0.033072
-0.002531 0.008300
-0.001832 -0.004643
-0.001306 0.006315
-0.000913 0.052080
-0.000622 0.134595
-0.000409 0.241427
-0.000253 0.347391
-0.000139 0.427682
-0.000058 0.468392
0.000000 0.468388
0.000000 0.435492
0.000000 0.381260
0.000000 0.316941
0.000000 0.251311
0.000000 0.190078
0.000000 0.136241
0.000000 0.090827
0.000000 0.053654
0.000000 0.023941
0.000000 0.001086
0.000000 -0.010281
0.000000 0.001953
0.000000 0.048738
0.000000 0.132436
0.000000 0.245861
0.000000 0.371234
0.000000 0.482491
0.000000 0.557062
0.000000 0.584594
0.000000 0.567495
0.000000 0.516433
0.000000 0.444783
0.000000 0.364825
0.000000 0.285752
0.000000 0.213263
0.000000 0.150242
0.000000 0.097470
0.000000 0.054518
0.000000 0.020380
0.000378 -0.006114
0.006719 -0.026089
0.031986 -0.040541
0.087849 -0.050333
0.177292 -0.056222
0.294062 -0.058886
0.426474 -0.058951
0.561900 -0.056999
0.689881 -0.053560
0.803453 -0.049116
0.898749 -0.044040
0.969428 -0.038735
1.003576 -0.033472
0.991530 -0.028455
0.932663 -0.023865
0.835564 -0.019732
0.714039 -0.016099
0.582558 -0.012971
0.453146 -0.010328
0.334096 -0.008133
0.230025 -0.006336
0.142639 -0.004888
0.071696 -0.003734
0.015851 -0.002827
-0.026719 -0.002122
-0.057938 -0.001202
-0.079625 0.005553
-0.093424 0.031131
-0.100793 0.087226
-0.103021 0.176884
-0.101250 0.293810
-0.096493 0.425957
-0.089639 0.555122
-0.081451 0.657895
-0.072572 0.715604
-0.063520 0.721834
-0.054695 0.682085
-0.046386 0.609088
-0.038784 0.517478
-0.031998 0.420074
-0.026069 0.326174
-0.020987 0.241387
-0.016706 0.168310
-0.013156 0.107464
-0.010255 0.058171
-0.007916 0.019196
-0.006054 -0.010463
-0.004589 -0.026536
-0.003450 -0.017242
-0.002531 0.028058
-0.001832 0.111432
-0.001306 0.225800
-0.000913 0.358721
-0.000622 0.496876
-0.000409 0.628802
-0.000253 0.741399
-0.000139 0.817744
-0.000058 0.845029
0.000000 0.821015
0.000000 0.753746
0.000000 0.657121
0.000000 0.546019
0.000000 0.432988
0.000000 0.326835
0.000000 0.232653
0.000000 0.152570
0.000000 0.086726
0.000000 0.034128
0.000000 -0.006722
0.000378 -0.037438
0.006719 -0.059556
0.031986 -0.074461
0.087849 -0.083386
0.177292 -0.087429
0.294062 -0.087540
0.426474 -0.084666
0.561900 -0.079609
0.689503 -0.073076
0.796733 -0.065675
0.867140 -0.057911
0.888299 -0.050225
0.858270 -0.042865
0.785316 -0.036040
0.683481 -0.029881
0.567727 -0.024451
0.450633 -0.019762
0.341005 -0.015787
0.243900 -0.012472
0.161401 -0.009750
0.093589 -0.007546
0.039408 -0.005785
-0.002697 -0.004395
-0.034397 -0.002932
-0.057278 0.004247
-0.072769 0.030154
-0.082138 0.086542
-0.086516 0.176379
-0.086918 0.293440
-0.084258 0.426066
-0.079357 0.561647
-0.072936 0.689741
-0.065617 0.803395
-0.057911 0.898749
-0.050225 0.969428
-0.042865 1.003576
-0.036040 0.991530
-0.029881 0.932663
-0.024451 0.835564
-0.019762 0.714039
-0.015787 0.582558
-0.012472 0.453146
-0.009750 0.334096
-0.007546 0.230025
-0.005785 0.142639
-0.004395 0.071696
-0.003310 0.015851
-0.002472 -0.026719
-0.001832 -0.057560
-0.001306 -0.072906
-0.000913 -0.061438
-0.000622 -0.012945
-0.000409 0.074272
-0.000253 0.192812
-0.000139 0.329603
-0.000058 0.465542
0.000000 0.576443
0.000000 0.643032
0.000000 0.658314
0.000000 0.627390
0.000000 0.562702
0.000000 0.478694
0.000000 0.388076
0.000000 0.300105
0.000000 0.220401
0.000000 0.151604
0.000000 0.094309
0.000000 0.047916
0.000000 0.011280
0.000378 -0.016895
0.006719 -0.037845
0.031986 -0.052678
0.087849 -0.062321
0.177292 -0.067692
0.294062 -0.069569
0.426474 -0.068667
0.561900 -0.065647
0.689881 -0.061110
0.803453 -0.055587
0.898749 -0.049535
0.969428 -0.043328
1.003576 -0.037255
0.991530 -0.031570
0.932663 -0.026360
0.835564 -0.021707
0.714039 -0.017645
0.582558 -0.014169
0.453146 -0.011247
0.334096 -0.008831
0.230025 -0.006862
0.142639 -0.005280
0.071696 -0.004025
0.015851 -0.003041
-0.026719 -0.002278
-0.057938 -0.001693
-0.079625 -0.001248
-0.093424 -0.000913
-0.100415 -0.000622
-0.096301 -0.000409
-0.069264 -0.000253
-0.008645 -0.000139
0.087653 -0.000058
0.212611 0.000000
0.353902 0.000000
0.498002 0.000000
0.628466 0.000000
0.725081 0.000000
0.772494 0.000000
0.766858 0.000000
0.715431 0.000000
0.631917 0.000000
0.531349 0.000000
0.426590 0.000000
0.326806 0.000000
0.237415 0.000000
0.160825 0.000000
0.097397 0.000000
0.046323 0.000000
0.006301 0.000000
-0.023823 0.000000
-0.039871 0.000000
-0.030149 0.000000
0.015888 0.000000
0.100223 0.000000
0.215692 0.000000
0.349782 0.000000
0.489112 0.000000
0.622552 0.000000
0.742510 0.000000
0.844679 0.000000
0.922318 0.000000
0.963206 0.000000
0.957465 0.000000
0.904328 0.000000
0.812311 0.000000
0.695196 0.000000
0.567469 0.000000
0.441200 0.000000
0.324739 0.000000
0.222770 0.000000
0.137067 0.000000
0.067457 0.000000
0.012654 0.000000
-0.029110 0.000000
-0.059712 0.000378
-0.080931 0.006719
-0.094338 0.031986
-0.101416 0.087849
-0.103429 0.176914
-0.101503 0.287343
-0.096633 0.394488
-0.089697 0.474051
-0.081451 0.512588
-0.072572 0.509391
-0.063520 0.472652
-0.054695 0.414248
-0.046386 0.345682
-0.038784 0.275925
-0.031998 0.210829
-0.026069 0.153479
-0.020987 0.104951
-0.016706 0.065079
-0.013156 0.033072
-0.009877 0.007922
-0.001197 -0.011363
0.025932 -0.025671
0.083259 -0.035769
0.173465 -0.042320
0.284812 -0.045915
0.392656 -0.047097
0.472745 -0.046369
0.511675 -0.044196
0.508768 -0.041002
0.472244 -0.037160
0.413995 -0.032988
0.345542 -0.028740
0.275867 -0.024614
0.210829 -0.020750
0.153479 -0.017238
0.104951 -0.014124
0.065079 -0.011425
0.033072 -0.009131
0.007922 -0.007214
-0.011363 -0.005638
-0.025671 -0.004362
-0.035769 -0.003341
-0.042320 -0.002536
-0.045915 -0.001908
-0.047097 -0.001424
-0.046369 -0.001054
-0.044196 -0.000774
-0.041002 -0.000564
-0.037160 -0.000409
-0.032988 -0.000253
-0.028740 -0.000139
-0.024614 -0.000058
-0.020750 0.000000
-0.017238 0.000000
-0.014124 0.000000
-0.011425 0.000000
-0.009131 0.000000
-0.007214 0.000000
-0.005638 0.000000
-0.004362 0.000000
-0.003341 0.000000
-0.002536 0.000000
-0.001908 0.000000
-0.001424 0.000000
-0.001054 0.000000
-0.000774 0.000000
-0.000564 0.000000
-0.000409 0.000000
-0.000253 0.000000
-0.000139 0.000000
-0.000058 0.000000
0.000000 0.000000
0.000000 0.000000
0.000000 0.000000
0.000000 0.000000
0.000000 0.000000
0.000000 0.000000
0.000000 0.000000
0.000000 0.000000
0.000000 0.000000
0.000000 0.000000
0.000000 0.000000
0.000000 0.000000
0.000000 0.000000
0.000000 0.000000
0.000000 0.000000
0.000000 0.000000
0.000000 0.000000
0.000000 0.000000
0.000000 0.000000
0.000000 0.000000
0.000000 0.000000
0.000000 0.000000
0.000000 0.000000
0.000000 0.000000
0.000000 0.000000
0.000000 0.000000
0.000000 0.000000
0.000000 0.000000
0.000000 0.000000
0.000000 0.000000
0.000000 0.000000
0.000000 0.000000
0.000000 0.000000
0.000000 0.000000
0.000000 0.000000
