0.000000 0.000000
0.000000 0.000000
0.000000 0.000000
0.000000 0.000000
0.000000 0.000000
0.000000 0.000000
0.000000 0.000000
0.000000 0.000000
0.000000 0.000000
0.000000 0.000000
0.000000 0.000000
0.000000 0.000000
0.000000 0.000000
0.000000 0.000000
0.000000 0.000000
0.000378 0.000000
0.006719 0.000000
0.031986 0.000000
0.087849 0.000000
0.177292 0.000000
0.294062 0.000000
0.426096 0.000000
0.555180 0.000000
0.657895 0.000000
0.715604 0.000000
0.721834 0.000000
0.682085 0.000000
0.609088 0.000000
0.517478 0.000000
0.420074 0.000000
0.326174 0.000000
0.241387 0.000000
0.168310 0.000000
0.107464 0.000000
0.058171 0.000000
0.019196 0.000000
-0.010463 0.000000
-0.026536 0.000000
-0.017242 0.000000
0.028058 0.000000
0.111054 0.000000
0.219080 0.000000
0.326735 0.000000
0.409027 0.000000
0.451887 0.000000
0.454056 0.000000
0.423256 0.000000
0.370978 0.000000
0.308427 0.000000
0.244355 0.000000
0.184469 0.000000
0.131772 0.000000
0.087306 0.000000
0.050910 0.000000
0.021824 0.000000
-0.000909 0.000378
-0.018225 0.006719
-0.030951 0.031986
-0.039794 0.087849
-0.045361 0.177292
-0.048193 0.294062
-0.048790 0.426474
-0.047617 0.561900
-0.045110 0.689881
-0.041625 0.803453
-0.037569 0.898749
-0.033240 0.969428
-0.028880 1.003576
-0.024673 0.991530
-0.020750 0.932663
-0.017238 0.835564
-0.014124 0.714039
-0.011425 0.582558
-0.009131 0.453146
-0.007214 0.334096
-0.005638 0.230025
-0.004362 0.142639
-0.003341 0.071696
-0.002536 0.015851
-0.001908 -0.026719
-0.001424 -0.057560
-0.001054 -0.072906
-0.000774 -0.061438
-0.000564 -0.012945
-0.000409 0.073894
-0.000253 0.186093
-0.000139 0.297995
-0.000058 0.384413
0.000000 0.431137
0.000000 0.436818
0.000000 0.409132
0.000000 0.359553
0.000000 0.299296
0.000000 0.237142
0.000000 0.178831
0.000000 0.127410
0.000000 0.083965
0.000000 0.048374
0.000000 0.019916
0.000000 -0.001955
0.000000 -0.012559
0.000000 0.000261
0.000000 0.047490
0.000000 0.131145
0.000000 0.238897
0.000000 0.345558
0.000000 0.426376
0.000000 0.467479
0.000000 0.467766
0.000000 0.435083
0.000000 0.381007
0.000000 0.316802
0.000000 0.251253
0.000000 0.190078
0.000000 0.136241
0.000000 0.090827
0.000000 0.053654
0.000000 0.023941
0.000378 0.000709
0.006719 -0.017001
0.031986 -0.030033
0.087849 -0.039110
0.176914 -0.044856
0.287343 -0.047824
0.394488 -0.048521
0.474051 -0.047423
0.512588 -0.044970
0.509391 -0.041567
0.472652 -0.037569
0.414248 -0.033240
0.345682 -0.028880
0.275925 -0.024673
0.210829 -0.020750
0.153479 -0.017238
0.104951 -0.014124
0.065079 -0.011425
0.033072 -0.009131
0.008300 -0.007214
-0.004643 -0.005638
0.006315 -0.004362
0.052080 -0.003341
0.134973 -0.002536
0.248147 -0.001908
0.379377 -0.001424
0.515531 -0.001054
0.645307 -0.000774
0.755731 -0.000564
0.829980 -0.000409
0.855311 -0.000253
0.829530 -0.000139
0.760701 -0.000058
0.662730 0.000000
0.550489 0.000000
0.436509 0.000000
0.329580 0.000000
0.234770 0.000000
0.154188 0.000000
0.087951 0.000000
0.035047 0.000000
-0.006038 0.000000
-0.036933 0.000000
-0.059186 0.000000
-0.074192 0.000000
-0.083192 0.000000
-0.087290 0.000000
-0.087482 0.000378
-0.084666 0.006719
-0.079609 0.031986
-0.073076 0.087849
-0.065675 0.177292
-0.057911 0.294062
-0.050225 0.426096
-0.042865 0.555180
-0.036040 0.657895
-0.029881 0.715604
-0.024451 0.721834
-0.019762 0.682085
-0.015787 0.609088
-0.012472 0.517478
-0.009750 0.420074
-0.007546 0.326174
-0.005785 0.241387
-0.004395 0.168310
-0.003310 0.107464
-0.002472 0.058171
-0.001832 0.019196
-0.001306 -0.010463
-0.000913 -0.026536
-0.000622 -0.017242
-0.000409 0.028058
-0.000253 0.111432
-0.000139 0.225800
-0.000058 0.358343
0.000000 0.490156
0.000000 0.597194
0.000000 0.660270
0.000000 0.672438
0.000000 0.638816
0.000000 0.571833
0.000000 0.485908
0.000000 0.393714
0.000000 0.304467
0.000000 0.223742
0.000000 0.154141
0.000000 0.096217
0.000000 0.049340
0.000000 0.012334
0.000378 -0.016121
0.006719 -0.037281
0.031986 -0.052269
0.087849 -0.062069
0.176914 -0.067553
0.287343 -0.069510
0.394488 -0.068667
0.474051 -0.065647
0.512588 -0.061110
0.509391 -0.055587
0.472652 -0.049535
0.414248 -0.043328
0.345682 -0.037255
0.275925 -0.031570
0.210829 -0.026360
0.153479 -0.021707
0.104951 -0.017645
0.065079 -0.014169
0.033072 -0.011247
0.007922 -0.008831
-0.010985 -0.006862
-0.018952 -0.005280
-0.003783 -0.004025
0.045529 -0.003041
0.131377 -0.002278
0.246587 -0.001693
0.373386 -0.001248
0.485718 -0.000913
0.561030 -0.000622
0.589000 -0.000409
0.572076 -0.000253
0.520933 -0.000139
0.449048 -0.000058
0.368747 0.000000
0.289264 0.000000
0.216376 0.000000
0.152941 0.000000
0.099765 0.000000
0.056435 0.000000
0.021956 0.000000
-0.004837 0.000378
-0.025069 0.006719
-0.039736 0.031986
-0.049705 0.087849
-0.055737 0.177292
-0.058516 0.293684
-0.058672 0.419755
-0.056789 0.529914
-0.053405 0.602032
-0.048960 0.626161
-0.043927 0.605064
-0.038654 0.549673
-0.033414 0.473662
-0.028455 0.389498
-0.023865 0.306502
-0.019732 0.230500
-0.016099 0.164366
-0.012971 0.108895
-0.010328 0.063648
-0.008133 0.027594
-0.006336 -0.000098
-0.004888 -0.015008
-0.003734 -0.005214
-0.002827 0.040051
-0.002122 0.122601
-0.001580 0.229881
-0.001167 0.336590
-0.000855 0.417827
-0.000622 0.459592
-0.000409 0.460683
-0.000253 0.428864
-0.000139 0.375652
-0.000058 0.312267
0.000000 0.247470
0.000000 0.186963
0.000000 0.133747
0.000000 0.088852
0.000000 0.052108
0.000000 0.022743
0.000378 -0.000210
0.006719 -0.017699
0.031986 -0.030559
0.087849 -0.039503
0.176914 -0.045147
0.287343 -0.048037
0.394488 -0.048677
0.474051 -0.047536
0.512588 -0.045052
0.509391 -0.041625
0.472652 -0.037569
0.414248 -0.033240
0.345682 -0.028880
0.275925 -0.024673
0.210829 -0.020750
0.153479 -0.017238
0.104951 -0.014124
0.065079 -0.011425
0.033072 -0.009131
0.007922 -0.007214
-0.011363 -0.005260
-0.025671 0.002358
-0.035769 0.028645
-0.042320 0.085312
-0.045915 0.175384
-0.047097 0.292639
-0.046369 0.425043
-0.044196 0.554407
-0.041002 0.657330
-0.037160 0.715196
-0.032988 0.721582
-0.028740 0.681946
-0.024614 0.609030
-0.020750 0.517478
-0.017238 0.420074
-0.014124 0.326174
-0.011425 0.241387
-0.009131 0.168310
-0.007214 0.107464
-0.005638 0.058171
-0.004362 0.019196
-0.003341 -0.010463
-0.002536 -0.026536
-0.001908 -0.017242
-0.001424 0.028058
-0.001054 0.111432
-0.000774 0.225800
-0.000564 0.358343
-0.000409 0.490156
-0.000253 0.597194
-0.000139 0.660270
-0.000058 0.672438
0.000000 0.638816
0.000000 0.571833
0.000000 0.485908
0.000000 0.393714
0.000000 0.304467
0.000000 0.223742
0.000000 0.154141
0.000000 0.096217
0.000000 0.049340
0.000000 0.012334
0.000000 -0.016121
0.000000 -0.037281
0.000000 -0.052269
0.000000 -0.061691
0.000000 -0.060833
0.000000 -0.037524
0.000000 0.019182
0.000000 0.111645
0.000000 0.232953
0.000000 0.370887
0.000000 0.512365
0.000000 0.646175
0.000000 0.759478
0.000000 0.835570
0.000000 0.861939
0.000000 0.836563
0.000000 0.767671
0.000000 0.669311
0.000000 0.556479
0.000000 0.441802
0.000000 0.334142
0.000000 0.238620
0.000000 0.157376
0.000000 0.090548
0.000000 0.037130
0.000000 -0.004390
0.000000 -0.035268
0.000000 -0.051472
0.000000 -0.041405
0.000000 0.005302
0.000000 0.090524
0.000000 0.207005
0.000000 0.342158
0.000000 0.482543
0.000000 0.616566
0.000000 0.731117
0.000000 0.809229
0.000000 0.838074
0.000000 0.815406
0.000000 0.749276
0.000000 0.653600
0.000000 0.543275
0.000000 0.430871
0.000000 0.325218
0.000000 0.231428
0.000000 0.151652
0.000000 0.086043
0.000000 0.033623
0.000000 -0.007092
0.000000 -0.037707
0.000378 -0.059750
0.006719 -0.074601
0.031986 -0.083444
0.087849 -0.087429
0.177292 -0.087540
0.294062 -0.084666
0.426474 -0.079609
0.561900 -0.073076
0.689881 -0.065675
0.803075 -0.057911
0.892407 -0.050225
0.944162 -0.042865
0.947714 -0.036040
0.902086 -0.029881
0.815893 -0.024451
0.703152 -0.019762
0.578614 -0.015787
0.454577 -0.012472
0.339574 -0.009750
0.238423 -0.007546
0.153003 -0.005785
0.083224 -0.004395
0.027880 -0.003310
-0.014725 -0.002472
-0.046391 -0.001454
-0.068825 0.005413
-0.083569 0.031073
-0.091993 0.087226
-0.095316 0.176506
-0.094623 0.287090
-0.090885 0.394349
-0.084965 0.473993
-0.077610 0.512588
-0.069458 0.509391
-0.061026 0.472652
-0.052720 0.414248
-0.044839 0.345682
-0.037586 0.275925
-0.031079 0.210829
-0.025370 0.153479
-0.020461 0.104951
-0.016313 0.065079
-0.012865 0.033072
-0.010041 0.008300
-0.007760 -0.004643
-0.005941 0.006315
-0.004508 0.052080
-0.003391 0.134595
-0.002531 0.241427
-0.001832 0.347391
-0.001306 0.427682
-0.000913 0.468392
-0.000622 0.468388
-0.000409 0.435492
-0.000253 0.381260
-0.000139 0.316941
-0.000058 0.251311
0.000000 0.190078
0.000000 0.136241
0.000000 0.090827
0.000000 0.053654
0.000000 0.023941
0.000378 0.000709
0.006719 -0.017001
0.031986 -0.030033
0.087849 -0.039110
0.176914 -0.044856
0.287343 -0.047824
0.394488 -0.048521
0.474051 -0.047423
0.512588 -0.044970
0.509391 -0.041567
0.472652 -0.037569
0.414248 -0.033240
0.345682 -0.028880
0.275925 -0.024673
0.210829 -0.020750
0.153479 -0.017238
0.104951 -0.014124
0.065079 -0.011425
0.033072 -0.009131
0.007922 -0.007214
-0.011363 -0.005638
-0.025671 -0.004362
-0.035769 -0.003341
-0.042320 -0.002536
-0.045915 -0.001530
-0.047097 0.005296
-0.046369 0.030932
-0.044196 0.087075
-0.041002 0.176728
-0.037160 0.293276
-0.032988 0.419502
-0.028740 0.529774
-0.024614 0.601974
-0.020750 0.626161
-0.017238 0.605064
-0.014124 0.549673
-0.011425 0.473662
-0.009131 0.389498
-0.007214 0.306502
-0.005638 0.230500
-0.004362 0.164366
-0.003341 0.108895
-0.002536 0.063648
-0.001908 0.027594
-0.001046 -0.000476
0.005666 -0.021727
0.031212 -0.037200
0.087284 -0.047797
0.176506 -0.054313
0.287090 -0.057462
0.394349 -0.057898
0.473993 -0.056225
0.512588 -0.052996
0.509391 -0.048707
0.472652 -0.043788
0.414248 -0.038596
0.345682 -0.033414
0.275925 -0.028455
0.210829 -0.023865
0.153479 -0.019732
0.104951 -0.016099
0.065079 -0.012971
0.033072 -0.010328
0.008300 -0.008133
-0.004643 -0.006336
0.006315 -0.004888
0.052080 -0.003734
0.134973 -0.002827
0.248147 -0.002122
0.379377 -0.001580
0.515153 -0.001167
0.638965 -0.000855
0.730464 -0.000622
0.774117 -0.000409
0.765868 -0.000253
0.712760 -0.000139
0.628290 -0.000058
0.527305 0.000000
0.422508 0.000000
0.322937 0.000000
0.233906 0.000000
0.157748 0.000000
0.094773 0.000000
0.044135 0.000000
0.004470 0.000000
-0.025332 0.000000
-0.041101 0.000000
-0.031144 0.000000
0.015087 0.000000
0.099200 0.000000
0.208451 0.000000
0.317371 0.000000
0.400914 0.000000
0.445007 0.000000
0.448308 0.000000
0.418524 0.000000
0.367137 0.000000
0.305312 0.000000
0.241861 0.000000
0.182494 0.000000
0.130226 0.000000
0.086108 0.000000
0.049991 0.000000
0.021126 0.000000
-0.001057 0.000000
-0.011898 0.000000
0.000744 0.000000
0.047841 0.000000
0.131398 0.000000
0.239036 0.000000
0.345617 0.000000
0.426376 0.000000
0.467479 0.000000
0.467766 0.000000
0.435083 0.000000
0.381007 0.000000
0.316802 0.000000
0.251253 0.000000
0.190078 0.000000
0.136241 0.000000
0.090827 0.000000
0.053654 0.000000
0.023941 0.000000
0.000709 0.000378
-0.017001 0.006719
-0.030033 0.031986
-0.039110 0.087849
-0.044856 0.177292
-0.047824 0.293684
-0.048521 0.419755
-0.047423 0.529914
-0.044970 0.602032
-0.041567 0.626161
-0.037569 0.605064
-0.033240 0.549673
-0.028880 0.473662
-0.024673 0.389498
-0.020750 0.306502
-0.017238 0.230500
-0.014124 0.164366
-0.011425 0.108895
-0.009131 0.063648
-0.007214 0.027594
-0.005638 -0.000098
-0.004362 -0.015008
-0.003341 -0.005214
-0.002536 0.040051
-0.001908 0.122601
-0.001424 0.229881
-0.001054 0.336590
-0.000774 0.417827
-0.000564 0.459592
-0.000409 0.460683
-0.000253 0.428864
-0.000139 0.375652
-0.000058 0.312267
0.000000 0.247470
0.000000 0.186963
0.000000 0.133747
0.000000 0.088852
0.000000 0.052108
0.000000 0.022743
0.000378 -0.000210
0.006719 -0.017699
0.031986 -0.030559
0.087849 -0.039503
0.176914 -0.045147
0.287343 -0.048037
0.394488 -0.048677
0.474051 -0.047536
0.512588 -0.045052
0.509391 -0.041625
0.472652 -0.037569
0.414248 -0.033240
0.345682 -0.028880
0.275925 -0.024673
0.210829 -0.020750
0.153479 -0.017238
0.104951 -0.014124
0.065079 -0.011425
0.033072 -0.009131
0.007922 -0.006836
-0.011363 0.001081
-0.025671 0.027625
-0.035769 0.084507
-0.042320 0.174378
-0.045915 0.285435
-0.047097 0.393064
-0.046369 0.472998
-0.044196 0.511815
-0.041002 0.508826
-0.037160 0.472244
-0.032988 0.413995
-0.028740 0.345542
-0.024614 0.275867
-0.020750 0.210829
-0.017238 0.153479
-0.014124 0.104951
-0.011425 0.065079
-0.009131 0.033072
-0.007214 0.008300
-0.005638 -0.004643
-0.004362 0.006315
-0.003341 0.052080
-0.002536 0.134973
-0.001908 0.248147
-0.001424 0.379377
-0.001054 0.515531
-0.000774 0.645684
-0.000564 0.762073
-0.000409 0.855246
-0.000253 0.911174
-0.000139 0.918974
-0.000058 0.877472
0.000000 0.795142
0.000000 0.685915
0.000000 0.564489
0.000000 0.443152
0.000000 0.330443
0.000000 0.231209
0.000000 0.147365
0.000000 0.078863
0.000000 0.024538
0.000000 -0.017262
0.000378 -0.048299
0.006719 -0.070248
0.031986 -0.084623
0.087849 -0.092767
0.177292 -0.095880
0.294062 -0.095031
0.426474 -0.091138
0.561900 -0.085104
0.689881 -0.077669
0.803075 -0.069458
0.892407 -0.061026
0.944162 -0.052720
0.947714 -0.044839
0.902086 -0.037586
0.815893 -0.031079
0.703152 -0.025370
0.578614 -0.020461
0.454577 -0.016313
0.339574 -0.012865
0.238423 -0.010041
0.153003 -0.007760
0.083224 -0.005941
0.027880 -0.004508
-0.014725 -0.003391
-0.046013 -0.002531
-0.062105 -0.001832
-0.051583 -0.001306
-0.004145 -0.000913
0.081976 -0.000622
0.199440 -0.000409
0.335211 -0.000253
0.470216 -0.000139
0.580284 -0.000058
0.646147 0.000000
0.660809 0.000000
0.629365 0.000000
0.564249 0.000000
0.479892 0.000000
0.388995 0.000000
0.300803 0.000000
0.220927 0.000000
0.151997 0.000000
0.094600 0.000000
0.048130 0.000000
0.011436 0.000000
-0.016404 0.000000
-0.031044 0.000000
-0.020633 0.000000
0.025527 0.000000
0.109222 0.000000
0.217774 0.000000
0.325821 0.000000
0.408405 0.000000
0.451479 0.000000
0.453803 0.000000
0.423117 0.000000
0.370920 0.000000
0.308427 0.000000
0.244355 0.000000
0.184469 0.000000
0.131772 0.000000
0.087306 0.000000
0.050910 0.000000
0.021824 0.000000
-0.000531 0.000000
-0.011506 0.000000
0.001035 0.000000
0.048055 0.000000
0.131554 0.000000
0.239149 0.000000
0.345698 0.000000
0.426434 0.000000
0.467479 0.000000
0.467766 0.000000
0.435083 0.000000
0.381007 0.000000
0.316802 0.000000
0.251253 0.000000
0.190078 0.000000
0.136241 0.000000
0.090827 0.000000
0.053654 0.000000
0.023941 0.000000
0.000709 0.000000
-0.017001 0.000000
-0.030033 0.000000
-0.039110 0.000000
-0.044856 0.000000
-0.047824 0.000000
-0.048521 0.000000
-0.047423 0.000000
-0.044970 0.000000
-0.041567 0.000000
-0.037569 0.000000
-0.033240 0.000000
-0.028880 0.000000
-0.024673 0.000000
-0.020750 0.000000
-0.017238 0.000000
-0.014124 0.000000
-0.011425 0.000000
-0.009131 0.000000
-0.007214 0.000000
-0.005638 0.000000
-0.004362 0.000000
-0.003341 0.000000
-0.002536 0.000000
-0.001908 0.000000
-0.001424 0.000000
-0.001054 0.000000
-0.000774 0.000000
-0.000564 0.000000
-0.000409 0.000000
-0.000253 0.000000
-0.000139 0.000000
-0.000058 0.000000
0.000000 0.000000
0.000000 0.000000
0.000000 0.000000
0.000000 0.000000
0.000000 0.000000
0.000000 0.000000
0.000000 0.000000
0.000000 0.000000
0.000000 0.000000
0.000000 0.000000
0.000000 0.000000
0.000000 0.000000
0.000000 0.000000
0.000000 0.000000
0.000000 0.000000
0.000000 0.000000
0.000000 0.000000
0.000000 0.000000
0.000000 0.000000
0.000000 0.000000
0.000000 0.000000
0.000000 0.000000
0.000000 0.000000
0.000000 0.000000
0.000000 0.000000
0.000000 0.000000
0.000000 0.000000
0.000000 0.000000
0.000000 0.000000
0.000000 0.000000
0.000000 0.000000
0.000000 0.000000
0.000000 0.000000
0.000000 0.000000
0.000000 0.000000
0.000000 0.000000
0.000000 0.000000
0.000000 0.000000
0.000000 0.000000
0.000000 0.000000
0.000000 0.000000
0.000000 0.000000
0.000000 0.000000
0.000000 0.000000
0.000000 0.000000
0.000000 0.000000
0.000000 0.000000
0.000000 0.000000
0.000000 0.000000
0.000000 0.000000
0.000000 0.000000
0.000000 0.000000
0.000000 0.000000
0.000000 0.000000
0.000000 0.000000
0.000000 0.000000
0.000000 0.000000
0.000000 0.000000
0.000000 0.000000
0.000000 0.000000
0.000000 0.000000
0.000000 0.000000
0.000000 0.000000
0.000000 0.000000
0.000000 0.000000
0.000000 0.000000
0.000000 0.000000
0.000000 0.000000
0.000000 0.000000
0.000000 0.000000
0.000000 0.000000
0.000000 0.000000
0.000000 0.000000
0.000000 0.000000
0.000000 0.000000
0.000000 0.000000
0.000000 0.000000
0.000000 0.000000
0.000000 0.000000
0.000000 0.000000
0.000000 0.000000
0.000000 0.000000
0.000000 0.000000
0.000000 0.000000
0.000000 0.000000
0.000000 0.000000
0.000000 0.000000
0.000000 0.000000
0.000000 0.000000
0.000000 0.000000
0.000000 0.000000
0.000000 0.000000
0.000000 0.000000
0.000000 0.000000
0.000000 0.000000
0.000000 0.000000
0.000000 0.000000
0.000000 0.000000
0.000000 0.000000
0.000000 0.000000
