0.000000 0.000000
0.000000 0.000000
0.000000 0.000000
0.000000 0.000000
0.000000 0.000000
0.000000 0.000000
0.000000 0.000000
0.000000 0.000000
0.000000 0.000000
0.000000 0.000000
0.000000 0.000000
0.000000 0.000000
0.000000 0.000000
0.000000 0.000000
0.000000 0.000000
0.000000 0.000378
0.000000 0.006719
0.000000 0.031986
0.000000 0.087849
0.000000 0.176914
0.000000 0.287343
0.000000 0.394488
0.000000 0.474051
0.000000 0.512588
0.000000 0.509391
0.000000 0.472652
0.000000 0.414248
0.000000 0.345682
0.000000 0.275925
0.000000 0.210829
0.000000 0.153479
0.000000 0.104951
0.000000 0.065079
0.000000 0.033072
0.000000 0.007922
0.000000 -0.011363
0.000000 -0.025671
0.000000 -0.035769
0.000000 -0.041942
0.000000 -0.039196
0.000000 -0.015111
0.000000 0.041479
0.000000 0.133096
0.000000 0.252682
0.000000 0.382594
0.000000 0.496926
0.000000 0.573292
0.000000 0.601546
0.000000 0.584314
0.000000 0.532436
0.000000 0.459538
0.000000 0.378072
0.000000 0.297372
0.000000 0.223287
0.000000 0.158728
0.000000 0.104534
0.000000 0.060307
0.000000 0.025058
0.000000 -0.002384
0.000000 -0.023151
0.000378 -0.038253
0.006719 -0.048571
0.031986 -0.054878
0.087849 -0.057871
0.176914 -0.058150
0.287343 -0.056364
0.394488 -0.053054
0.474051 -0.048707
0.512588 -0.043788
0.509391 -0.038596
0.472652 -0.033414
0.414248 -0.028455
0.345682 -0.023865
0.275925 -0.019732
0.210829 -0.016099
0.153479 -0.012971
0.104951 -0.010328
0.065079 -0.008133
0.033072 -0.006336
0.007922 -0.004510
-0.011363 0.002985
-0.025671 0.029159
-0.035769 0.085726
-0.042320 0.175335
-0.045915 0.286176
-0.047097 0.393633
-0.046369 0.473429
-0.044196 0.512180
-0.041002 0.509138
-0.037160 0.472513
-0.032988 0.414189
-0.028740 0.345682
-0.024614 0.275925
-0.020750 0.210829
-0.017238 0.153479
-0.014124 0.104951
-0.011425 0.065079
-0.009131 0.033072
-0.007214 0.008300
-0.005638 -0.004643
-0.004362 0.006315
-0.003341 0.052080
-0.002536 0.134973
-0.001908 0.248147
-0.001424 0.379377
-0.001054 0.515153
-0.000774 0.638965
-0.000564 0.730464
-0.000409 0.774117
-0.000253 0.765868
-0.000139 0.712760
-0.000058 0.628290
0.000000 0.527305
0.000000 0.422508
0.000000 0.322937
0.000000 0.233906
0.000000 0.157748
0.000000 0.094773
0.000000 0.044135
0.000000 0.004470
0.000378 -0.025710
0.006719 -0.047820
0.031986 -0.063130
0.087849 -0.072761
0.176914 -0.077714
0.287343 -0.078892
0.394488 -0.077117
0.474051 -0.073138
0.512588 -0.067581
0.509391 -0.061082
0.472652 -0.054128
0.414248 -0.047111
0.345682 -0.040370
0.275925 -0.034065
0.210829 -0.028335
0.153479 -0.023253
0.104951 -0.018843
0.065079 -0.015088
0.033072 -0.011946
0.007922 -0.009357
-0.011363 -0.007255
-0.025671 -0.005571
-0.035769 -0.004239
-0.042320 -0.003197
-0.045538 -0.002391
-0.040378 -0.001774
-0.014383 -0.001306
0.043652 -0.000913
0.135912 -0.000622
0.250182 -0.000409
0.361500 -0.000253
0.445311 -0.000139
0.487974 -0.000058
0.488640 0.000000
0.455414 0.000000
0.400123 0.000000
0.334256 0.000000
0.266795 0.000000
0.203615 0.000000
0.147841 0.000000
0.100590 0.000000
0.061738 0.000000
0.030536 0.000000
0.006392 0.000000
-0.006067 0.000000
0.005261 0.000000
0.051306 0.000000
0.134031 0.000000
0.241019 0.000000
0.347138 0.000000
0.427543 0.000000
0.468334 0.000000
0.468388 0.000000
0.435492 0.000000
0.381260 0.000000
0.316941 0.000000
0.251311 0.000000
0.190078 0.000000
0.136241 0.000000
0.090827 0.000000
0.053654 0.000000
0.023941 0.000000
0.001086 0.000000
-0.010281 0.000000
0.001953 0.000000
0.048738 0.000000
0.132436 0.000000
0.245861 0.000000
0.371234 0.000000
0.482491 0.000000
0.557062 0.000000
0.584594 0.000000
0.567495 0.000000
0.516433 0.000000
0.444783 0.000000
0.364825 0.000000
0.285752 0.000000
0.213263 0.000000
0.150242 0.000000
0.097470 0.000000
0.054518 0.000000
0.020380 0.000000
-0.006114 0.000378
-0.026089 0.006719
-0.040541 0.031986
-0.050333 0.087849
-0.056222 0.177292
-0.058886 0.294062
-0.058951 0.426474
-0.056999 0.561900
-0.053560 0.689881
-0.049116 0.803453
-0.044040 0.898749
-0.038735 0.969428
-0.033472 1.003576
-0.028455 0.991530
-0.023865 0.932663
-0.019732 0.835564
-0.016099 0.714039
-0.012971 0.582558
-0.010328 0.453146
-0.008133 0.334096
-0.006336 0.230025
-0.004888 0.142639
-0.003734 0.071696
-0.002827 0.015851
-0.002122 -0.026719
-0.001202 -0.057938
0.005553 -0.079625
0.031131 -0.093424
0.087226 -0.100793
0.176884 -0.103021
0.293810 -0.101250
0.426335 -0.096493
0.561842 -0.089639
0.689503 -0.081451
0.796733 -0.072572
0.867140 -0.063520
0.888299 -0.054695
0.858270 -0.046386
0.785316 -0.038784
0.683481 -0.031998
0.567727 -0.026069
0.450633 -0.020987
0.341005 -0.016706
0.243900 -0.013156
0.161401 -0.010255
0.093589 -0.007916
0.039408 -0.006054
-0.002697 -0.004589
-0.034397 -0.003072
-0.057278 0.004189
-0.072769 0.030154
-0.082138 0.086542
-0.086516 0.176379
-0.086918 0.293062
-0.084258 0.419346
-0.079357 0.529661
-0.072936 0.601893
-0.065617 0.626102
-0.057911 0.605064
-0.050225 0.549673
-0.042865 0.473662
-0.036040 0.389498
-0.029881 0.306502
-0.024451 0.230500
-0.019762 0.164366
-0.015787 0.108895
-0.012472 0.063648
-0.009750 0.027594
-0.007546 -0.000098
-0.005785 -0.015008
-0.004395 -0.005214
-0.003310 0.040051
-0.002472 0.122979
-0.001832 0.236222
-0.001306 0.361857
-0.000913 0.473689
-0.000622 0.549036
-0.000409 0.577453
-0.000253 0.561276
-0.000139 0.511078
-0.000058 0.440248
0.000000 0.361042
0.000000 0.282637
0.000000 0.210768
0.000000 0.148267
0.000000 0.095924
0.000000 0.053320
0.000000 0.019462
0.000000 -0.006434
0.000000 -0.019895
0.000000 -0.008948
0.000000 0.037224
0.000000 0.120479
0.000000 0.228301
0.000000 0.335424
0.000000 0.416972
0.000000 0.458970
0.000000 0.460275
0.000000 0.428612
0.000000 0.375512
0.000000 0.312209
0.000000 0.247470
0.000000 0.186963
0.000000 0.133747
0.000000 0.088852
0.000000 0.052108
0.000000 0.022743
0.000000 -0.000210
0.000000 -0.017699
0.000378 -0.030559
0.006719 -0.039503
0.031986 -0.045147
0.087849 -0.048037
0.177292 -0.048677
0.294062 -0.047536
0.426474 -0.045052
0.561900 -0.041625
0.689503 -0.037569
0.796733 -0.033240
0.867140 -0.028880
0.888299 -0.024673
0.858270 -0.020750
0.785316 -0.017238
0.683481 -0.014124
0.567727 -0.011425
0.450633 -0.009131
0.341005 -0.007214
0.243900 -0.005638
0.161401 -0.004362
0.093589 -0.003341
0.039408 -0.002536
-0.002697 -0.001908
-0.034397 -0.001046
-0.057278 0.005666
-0.072769 0.031212
-0.082138 0.087284
-0.086516 0.176884
-0.086918 0.293432
-0.084258 0.419615
-0.079357 0.529856
-0.072936 0.602032
-0.065617 0.626161
-0.057911 0.605064
-0.050225 0.549673
-0.042865 0.473662
-0.036040 0.389498
-0.029881 0.306502
-0.024451 0.230500
-0.019762 0.164366
-0.015787 0.108895
-0.012472 0.063648
-0.009750 0.027594
-0.007168 -0.000476
0.000934 -0.021727
0.027591 -0.037200
0.084538 -0.047797
0.174820 -0.054313
0.292230 -0.057462
0.425168 -0.057898
0.560987 -0.056225
0.689258 -0.052996
0.802667 -0.048707
0.892154 -0.043788
0.944022 -0.038596
0.947656 -0.033414
0.902086 -0.028455
0.815893 -0.023865
0.703152 -0.019732
0.578614 -0.016099
0.454577 -0.012971
0.339574 -0.010328
0.238423 -0.008133
0.153003 -0.006336
0.083224 -0.004888
0.027880 -0.003734
-0.014725 -0.002827
-0.046013 -0.002122
-0.062105 -0.001580
-0.051583 -0.001167
-0.004145 -0.000855
0.081599 -0.000622
0.192720 -0.000409
0.303603 -0.000253
0.389087 -0.000139
0.434978 -0.000058
0.439933 0.000000
0.411627 0.000000
0.361528 0.000000
0.300842 0.000000
0.238339 0.000000
0.179750 0.000000
0.128109 0.000000
0.084491 0.000000
0.048767 0.000000
0.020207 0.000000
-0.001741 0.000000
-0.012403 0.000000
0.000374 0.000000
0.047572 0.000000
0.131581 0.000000
0.245616 0.000000
0.377544 0.000000
0.514225 0.000000
0.644393 0.000000
0.755109 0.000000
0.829571 0.000000
0.855059 0.000000
0.829390 0.000000
0.760643 0.000000
0.662730 0.000000
0.550489 0.000000
0.436509 0.000000
0.329580 0.000000
0.234770 0.000000
0.154188 0.000000
0.087951 0.000000
0.035047 0.000000
-0.006038 0.000000
-0.036933 0.000000
-0.059186 0.000000
-0.074192 0.000000
-0.083192 0.000000
-0.087290 0.000000
-0.087482 0.000378
-0.084666 0.006719
-0.079609 0.031986
-0.073076 0.087849
-0.065675 0.176914
-0.057911 0.287343
-0.050225 0.394488
-0.042865 0.474051
-0.036040 0.512588
-0.029881 0.509391
-0.024451 0.472652
-0.019762 0.414248
-0.015787 0.345682
-0.012472 0.275925
-0.009750 0.210829
-0.007546 0.153479
-0.005785 0.104951
-0.004395 0.065079
-0.003310 0.033072
-0.002472 0.008300
-0.001832 -0.004643
-0.001306 0.006315
-0.000913 0.052080
-0.000622 0.134973
-0.000409 0.247769
-0.000253 0.372657
-0.000139 0.483545
-0.000058 0.557836
0.000000 0.585158
0.000000 0.567904
0.000000 0.516686
0.000000 0.444922
0.000000 0.364883
0.000000 0.285752
0.000000 0.213263
0.000000 0.150242
0.000000 0.097470
0.000000 0.054518
0.000000 0.020380
0.000000 -0.006114
0.000000 -0.026089
0.000000 -0.040541
0.000000 -0.050333
0.000000 -0.056222
0.000378 -0.058886
0.006719 -0.058951
0.031986 -0.056999
0.087849 -0.053560
0.176914 -0.049116
0.287343 -0.044040
0.394488 -0.038735
0.474051 -0.033472
0.512588 -0.028455
0.509391 -0.023865
0.472652 -0.019732
0.414248 -0.016099
0.345682 -0.012971
0.275925 -0.010328
0.210829 -0.008133
0.153479 -0.006336
0.104951 -0.004888
0.065079 -0.003734
0.033072 -0.002827
0.008300 -0.002122
-0.004643 -0.001580
0.006315 -0.001167
0.052080 -0.000855
0.134973 -0.000622
0.248147 -0.000409
0.379377 -0.000253
0.515153 -0.000139
0.638965 -0.000058
0.730464 0.000000
0.774117 0.000000
0.765868 0.000000
0.712760 0.000000
0.628290 0.000000
0.527305 0.000000
0.422508 0.000000
0.322937 0.000000
0.233906 0.000000
0.157748 0.000000
0.094773 0.000000
0.044135 0.000000
0.004470 0.000000
-0.025710 0.000378
-0.047820 0.006719
-0.063130 0.031986
-0.072761 0.087849
-0.077714 0.176914
-0.078892 0.287343
-0.077117 0.394488
-0.073138 0.474051
-0.067581 0.512588
-0.061082 0.509391
-0.054128 0.472652
-0.047111 0.414248
-0.040370 0.345682
-0.034065 0.275925
-0.028335 0.210829
-0.023253 0.153479
-0.018843 0.104951
-0.015088 0.065079
-0.011946 0.033072
-0.009357 0.008300
-0.007255 -0.004643
-0.005571 0.006315
-0.004239 0.052080
-0.003197 0.134595
-0.002391 0.241427
-0.001774 0.347391
-0.001306 0.427682
-0.000913 0.468392
-0.000622 0.468388
-0.000409 0.435492
-0.000253 0.381260
-0.000139 0.316941
-0.000058 0.251311
0.000000 0.190078
0.000000 0.136241
0.000000 0.090827
0.000000 0.053654
0.000000 0.023941
0.000000 0.000709
0.000000 -0.017001
0.000378 -0.030033
0.006719 -0.039110
0.031986 -0.044856
0.087849 -0.047824
0.177292 -0.048521
0.294062 -0.047423
0.426474 -0.044970
0.561522 -0.041567
0.683161 -0.037569
0.771467 -0.033240
0.811278 -0.028880
0.798855 -0.024673
0.741500 -0.020750
0.652904 -0.017238
0.548055 -0.014124
0.439746 -0.011425
0.337061 -0.009131
0.245331 -0.007214
0.166879 -0.005638
0.101987 -0.004362
0.049773 -0.003341
0.008832 -0.002536
-0.021991 -0.001908
-0.038565 -0.001424
-0.029236 -0.001054
0.016511 -0.000774
0.100632 -0.000564
0.215944 -0.000409
0.349921 -0.000253
0.489171 -0.000139
0.622174 -0.000058
0.735791 0.000000
0.813070 0.000000
0.841189 0.000000
0.817900 0.000000
0.751251 0.000000
0.655146 0.000000
0.544473 0.000000
0.431790 0.000000
0.325916 0.000000
0.231954 0.000000
0.152044 0.000000
0.086334 0.000000
0.033837 0.000000
-0.006936 0.000000
-0.037217 0.000000
-0.052950 0.000000
-0.042557 0.000000
0.004404 0.000000
0.089863 0.000000
0.206522 0.000000
0.341808 0.000000
0.482291 0.000000
0.616427 0.000000
0.731058 0.000000
0.809229 0.000000
0.838074 0.000000
0.815406 0.000000
0.749276 0.000000
0.653600 0.000000
0.543275 0.000000
0.430871 0.000000
0.325218 0.000000
0.231428 0.000000
0.151652 0.000000
0.086043 0.000000
0.033623 0.000000
-0.007092 0.000000
-0.037707 0.000378
-0.059750 0.006719
-0.074601 0.031986
-0.083444 0.087849
-0.087429 0.177292
-0.087540 0.294062
-0.084666 0.426474
-0.079609 0.561900
-0.073076 0.689881
-0.065675 0.803453
-0.057911 0.898749
-0.050225 0.969428
-0.042865 1.003576
-0.036040 0.991530
-0.029881 0.932663
-0.024451 0.835564
-0.019762 0.714039
-0.015787 0.582558
-0.012472 0.453146
-0.009750 0.334096
-0.007546 0.230025
-0.005785 0.142639
-0.004395 0.071696
-0.003310 0.015851
-0.002472 -0.026719
-0.001832 -0.057560
-0.001306 -0.072906
-0.000913 -0.061438
-0.000622 -0.012945
-0.000409 0.073894
-0.000253 0.186093
-0.000139 0.297995
-0.000058 0.384413
0.000000 0.431137
0.000000 0.436818
0.000000 0.409132
0.000000 0.359553
0.000000 0.299296
0.000000 0.237142
0.000000 0.178831
0.000000 0.127410
0.000000 0.083965
0.000000 0.048374
0.000000 0.019916
0.000000 -0.002332
0.000000 -0.019279
0.000000 -0.031725
0.000000 -0.040358
0.000378 -0.045769
0.006719 -0.048446
0.031986 -0.048930
0.087849 -0.047675
0.176914 -0.045110
0.287343 -0.041625
0.394488 -0.037569
0.474051 -0.033240
0.512588 -0.028880
0.509391 -0.024673
0.472652 -0.020750
0.414248 -0.017238
0.345682 -0.014124
0.275925 -0.011425
0.210829 -0.009131
0.153479 -0.007214
0.104951 -0.005638
0.065079 -0.004362
0.033072 -0.003341
0.007922 -0.002536
-0.011363 -0.001908
-0.025671 -0.001046
-0.035769 0.005666
-0.042320 0.031212
-0.045915 0.087284
-0.047097 0.176884
-0.046369 0.293810
-0.044196 0.426335
-0.041002 0.561464
-0.037160 0.683161
-0.032988 0.771467
-0.028740 0.811278
-0.024614 0.798855
-0.020750 0.741500
-0.017238 0.652904
-0.014124 0.548055
-0.011425 0.439746
-0.009131 0.337061
-0.007214 0.245331
-0.005638 0.166879
-0.004362 0.101987
-0.003341 0.049773
-0.002536 0.008832
-0.001908 -0.022369
-0.001424 -0.045284
-0.001054 -0.060844
-0.000774 -0.064618
-0.000564 -0.044674
-0.000409 0.009731
-0.000253 0.100739
-0.000139 0.221333
-0.000058 0.359146
0.000000 0.500957
0.000000 0.635811
0.000000 0.755965
0.000000 0.852037
0.000000 0.910097
0.000000 0.919379
0.000000 0.878833
0.000000 0.797049
0.000000 0.688064
0.000000 0.566668
0.000000 0.445220
0.000000 0.332319
0.000000 0.232851
0.000000 0.148764
0.000000 0.080027
0.000000 0.025489
0.000000 -0.016499
0.000000 -0.047319
0.000000 -0.063019
0.000000 -0.052205
0.000000 -0.004553
0.000000 0.081724
0.000000 0.198922
0.000000 0.328811
0.000000 0.444949
0.000000 0.524422
0.000000 0.556703
0.000000 0.544038
0.000000 0.496953
0.000000 0.428823
0.000000 0.351912
0.000000 0.275423
0.000000 0.205130
0.000000 0.143905
0.000000 0.092583
0.000000 0.050784
0.000000 0.017553
0.000378 -0.008236
0.006719 -0.027669
0.031986 -0.041708
0.087849 -0.051189
0.177292 -0.056844
0.293684 -0.059294
0.419755 -0.059204
0.529914 -0.057138
0.602032 -0.053618
0.626161 -0.049116
0.605064 -0.044040
0.549673 -0.038735
0.473662 -0.033472
0.389498 -0.028455
0.306502 -0.023865
0.230500 -0.019732
0.164366 -0.016099
0.108895 -0.012971
0.063648 -0.010328
0.027594 -0.008133
-0.000476 -0.006336
-0.021727 -0.004888
-0.037200 -0.003734
-0.047797 -0.002827
-0.054313 -0.002122
-0.057084 -0.001580
-0.051178 -0.001167
-0.024239 -0.000855
0.034853 -0.000622
0.128207 -0.000409
0.243555 -0.000253
0.355892 -0.000139
0.440637 -0.000058
0.484133 0.000000
0.485525 0.000000
0.452920 0.000000
0.398148 0.000000
0.332710 0.000000
0.265597 0.000000
0.202696 0.000000
0.147143 0.000000
0.100064 0.000000
0.061345 0.000000
0.030245 0.000000
0.005800 0.000000
-0.012942 0.000000
-0.026838 0.000000
-0.036624 0.000000
-0.042942 0.000000
-0.046324 0.000000
-0.047350 0.000000
-0.046509 0.000000
-0.044254 0.000000
-0.041002 0.000000
-0.037160 0.000000
-0.032988 0.000000
-0.028740 0.000000
-0.024614 0.000000
-0.020750 0.000000
-0.017238 0.000000
-0.014124 0.000000
-0.011425 0.000000
-0.009131 0.000000
-0.007214 0.000000
-0.005638 0.000000
-0.004362 0.000000
-0.003341 0.000000
-0.002536 0.000000
-0.001908 0.000000
-0.001424 0.000000
-0.001054 0.000000
-0.000774 0.000000
-0.000564 0.000000
-0.000409 0.000000
-0.000253 0.000000
-0.000139 0.000000
-0.000058 0.000000
0.000000 0.000000
0.000000 0.000000
0.000000 0.000000
0.000000 0.000000
0.000000 0.000000
0.000000 0.000000
0.000000 0.000000
0.000000 0.000000
0.000000 0.000000
0.000000 0.000000
0.000000 0.000000
0.000000 0.000000
0.000000 0.000000
0.000000 0.000000
0.000000 0.000000
0.000000 0.000000
0.000000 0.000000
0.000000 0.000000
0.000000 0.000000
0.000000 0.000000
0.000000 0.000000
0.000000 0.000000
0.000000 0.000000
0.000000 0.000000
0.000000 0.000000
0.000000 0.000000
0.000000 0.000000
0.000000 0.000000
0.000000 0.000000
0.000000 0.000000
0.000000 0.000000
0.000000 0.000000
0.000000 0.000000
0.000000 0.000000
0.000000 0.000000
0.000000 0.000000
0.000000 0.000000
0.000000 0.000000
0.000000 0.000000
0.000000 0.000000
0.000000 0.000000
0.000000 0.000000
0.000000 0.000000
0.000000 0.000000
0.000000 0.000000
0.000000 0.000000
0.000000 0.000000
0.000000 0.000000
0.000000 0.000000
0.000000 0.000000
0.000000 0.000000
0.000000 0.000000
0.000000 0.000000
0.000000 0.000000
0.000000 0.000000
0.000000 0.000000
0.000000 0.000000
0.000000 0.000000
0.000000 0.000000
0.000000 0.000000
0.000000 0.000000
0.000000 0.000000
0.000000 0.000000
0.000000 0.000000
0.000000 0.000000
0.000000 0.000000
0.000000 0.000000
0.000000 0.000000
