0.000000 0.000000
0.000000 0.000000
0.000000 0.000000
0.000000 0.000000
0.000000 0.000000
0.000000 0.000000
0.000000 0.000000
0.000000 0.000000
0.000000 0.000000
0.000000 0.000000
0.000000 0.000000
0.000000 0.000000
0.000000 0.000000
0.000000 0.000000
0.000000 0.000000
0.000378 0.000000
0.006719 0.000000
0.031986 0.000000
0.087849 0.000000
0.177292 0.000000
0.294062 0.000000
0.426474 0.000000
0.561522 0.000000
0.683161 0.000000
0.771467 0.000000
0.811278 0.000000
0.798855 0.000000
0.741500 0.000000
0.652904 0.000000
0.548055 0.000000
0.439746 0.000000
0.337061 0.000000
0.245331 0.000000
0.166879 0.000000
0.101987 0.000000
0.049773 0.000000
0.008832 0.000000
-0.021991 0.000000
-0.038565 0.000000
-0.029236 0.000000
0.016511 0.000000
0.100254 0.000000
0.209225 0.000000
0.317935 0.000000
0.401322 0.000000
0.445260 0.000000
0.448448 0.000000
0.418582 0.000000
0.367137 0.000000
0.305312 0.000000
0.241861 0.000000
0.182494 0.000000
0.130226 0.000000
0.086108 0.000000
0.049991 0.000000
0.021126 0.000000
-0.001435 0.000378
-0.018618 0.006719
-0.031242 0.031986
-0.040008 0.087849
-0.045517 0.177292
-0.048306 0.294062
-0.048872 0.426474
-0.047675 0.561522
-0.045110 0.683161
-0.041625 0.771467
-0.037569 0.811278
-0.033240 0.798855
-0.028880 0.741500
-0.024673 0.652904
-0.020750 0.548055
-0.017238 0.439746
-0.014124 0.337061
-0.011425 0.245331
-0.009131 0.166879
-0.007214 0.101987
-0.005638 0.049773
-0.004362 0.008832
-0.002964 -0.022369
0.004183 -0.045284
0.030078 -0.061222
0.086425 -0.071338
0.176238 -0.076660
0.292911 -0.078118
0.419190 -0.076553
0.529505 -0.072729
0.601780 -0.067328
0.626021 -0.060943
0.605006 -0.054070
0.549673 -0.047111
0.473662 -0.040370
0.389498 -0.034065
0.306502 -0.028335
0.230500 -0.023253
0.164366 -0.018843
0.108895 -0.015088
0.063648 -0.011946
0.027594 -0.009357
-0.000476 -0.006878
-0.021727 0.001148
-0.037200 0.027747
-0.047797 0.084651
-0.054313 0.174901
-0.057462 0.292288
-0.057898 0.425168
-0.056225 0.560987
-0.052996 0.689258
-0.048707 0.802667
-0.043788 0.892154
-0.038596 0.944022
-0.033414 0.947656
-0.028455 0.902086
-0.023865 0.815893
-0.019732 0.703152
-0.016099 0.578614
-0.012971 0.454577
-0.010328 0.339574
-0.008133 0.238423
-0.006336 0.153003
-0.004888 0.083224
-0.003734 0.027880
-0.002827 -0.014725
-0.001744 -0.046391
0.005140 -0.068825
0.030819 -0.083569
0.086993 -0.091993
0.176292 -0.095316
0.286934 -0.094623
0.394236 -0.090885
0.473912 -0.084965
0.512530 -0.077610
0.509391 -0.069458
0.472652 -0.061026
0.414248 -0.052720
0.345682 -0.044839
0.275925 -0.037586
0.210829 -0.031079
0.153479 -0.025370
0.104951 -0.020461
0.065079 -0.016313
0.033072 -0.012865
0.008300 -0.010041
-0.004643 -0.007760
0.006315 -0.005941
0.052080 -0.004508
0.134973 -0.003391
0.248147 -0.002531
0.378999 -0.001832
0.508811 -0.001306
0.613698 -0.000913
0.674602 -0.000622
0.684674 -0.000409
0.649098 -0.000253
0.580348 -0.000139
0.492864 -0.000058
0.399324 0.000000
0.308936 0.000000
0.227263 0.000000
0.156885 0.000000
0.098334 0.000000
0.050957 0.000000
0.013558 0.000000
-0.014824 0.000000
-0.029878 0.000000
-0.019778 0.000000
0.026149 0.000000
0.110008 0.000000
0.224368 0.000000
0.351228 0.000000
0.464325 0.000000
0.540923 0.000000
0.570573 0.000000
0.555529 0.000000
0.506346 0.000000
0.436407 0.000000
0.357927 0.000000
0.280142 0.000000
0.208793 0.000000
0.146721 0.000000
0.094726 0.000000
0.052401 0.000000
0.018763 0.000000
-0.007338 0.000000
-0.027008 0.000000
-0.041225 0.000000
-0.050838 0.000000
-0.056591 0.000000
-0.059155 0.000378
-0.059146 0.006719
-0.057138 0.031986
-0.053618 0.087849
-0.049116 0.177292
-0.044040 0.294062
-0.038735 0.426474
-0.033472 0.561900
-0.028455 0.689503
-0.023865 0.796733
-0.019732 0.867140
-0.016099 0.888299
-0.012971 0.858270
-0.010328 0.785316
-0.008133 0.683481
-0.006336 0.567727
-0.004888 0.450633
-0.003734 0.341005
-0.002827 0.243900
-0.002122 0.161401
-0.001580 0.093589
-0.001167 0.039408
-0.000855 -0.002697
-0.000245 -0.034397
0.006311 -0.057278
0.031734 -0.072769
0.087709 -0.082138
0.176856 -0.086516
0.287343 -0.086918
0.394488 -0.084258
0.474051 -0.079357
0.512588 -0.072936
0.509391 -0.065617
0.472652 -0.057911
0.414248 -0.050225
0.345682 -0.042865
0.275925 -0.036040
0.210829 -0.029881
0.153479 -0.024451
0.104951 -0.019762
0.065079 -0.015787
0.033072 -0.012472
0.007922 -0.009372
-0.011363 -0.000827
-0.025671 0.026201
-0.035769 0.083453
-0.042320 0.173604
-0.045915 0.284870
-0.047097 0.392656
-0.046369 0.472745
-0.044196 0.511675
-0.041002 0.508768
-0.037160 0.472244
-0.032988 0.413995
-0.028740 0.345542
-0.024614 0.275867
-0.020750 0.210829
-0.017238 0.153479
-0.014124 0.104951
-0.011425 0.065079
-0.009131 0.033072
-0.006836 0.007922
0.001081 -0.011363
0.027625 -0.025671
0.084507 -0.035769
0.174756 -0.042320
0.292154 -0.045915
0.425050 -0.047097
0.560846 -0.046369
0.689107 -0.044196
0.802889 -0.041002
0.898340 -0.037160
0.969176 -0.032988
1.003437 -0.028740
0.991471 -0.024614
0.932663 -0.020750
0.835564 -0.017238
0.714039 -0.014124
0.582558 -0.011425
0.453146 -0.009131
0.334096 -0.007214
0.230025 -0.005638
0.142639 -0.004362
0.071696 -0.003341
0.015851 -0.002536
-0.026719 -0.001908
-0.057938 -0.001424
-0.079625 -0.001054
-0.093424 -0.000774
-0.100793 -0.000187
-0.103021 0.006311
-0.101250 0.031734
-0.096493 0.087709
-0.089639 0.176856
-0.081451 0.287343
-0.072572 0.394488
-0.063520 0.474051
-0.054695 0.512588
-0.046386 0.509391
-0.038784 0.472652
-0.031998 0.414248
-0.026069 0.345682
-0.020987 0.275925
-0.016706 0.210829
-0.013156 0.153479
-0.010255 0.104951
-0.007916 0.065079
-0.006054 0.033072
-0.004589 0.008300
-0.003450 -0.004643
-0.002531 0.006315
-0.001832 0.052080
-0.001306 0.134973
-0.000913 0.248147
-0.000622 0.379377
-0.000409 0.515531
-0.000253 0.645684
-0.000139 0.762073
-0.000058 0.855246
0.000000 0.911174
0.000000 0.918974
0.000000 0.877472
0.000000 0.795142
0.000000 0.685915
0.000000 0.564489
0.000000 0.443152
0.000000 0.330443
0.000000 0.231209
0.000000 0.147365
0.000000 0.078863
0.000000 0.024538
0.000000 -0.017262
0.000000 -0.048299
0.000000 -0.070248
0.000000 -0.084623
0.000000 -0.092767
0.000000 -0.095880
0.000000 -0.094653
0.000000 -0.084418
0.000000 -0.053118
0.000000 0.010180
0.000000 0.107835
0.000000 0.233037
0.000000 0.373376
0.000000 0.510341
0.000000 0.620309
0.000000 0.684525
0.000000 0.696464
0.000000 0.661625
0.000000 0.592775
0.000000 0.504613
0.000000 0.410033
0.000000 0.318414
0.000000 0.235446
0.000000 0.163802
0.000000 0.104073
0.000000 0.055640
0.000000 0.017364
0.000378 -0.012146
0.006719 -0.034169
0.031986 -0.049851
0.087849 -0.060199
0.176914 -0.066113
0.287343 -0.068402
0.394488 -0.067811
0.474051 -0.065024
0.512588 -0.060701
0.509391 -0.055335
0.472652 -0.049396
0.414248 -0.043270
0.345682 -0.037255
0.275925 -0.031570
0.210829 -0.026360
0.153479 -0.021707
0.104951 -0.017645
0.065079 -0.014169
0.033072 -0.011247
0.008300 -0.008831
-0.004643 -0.006862
0.006315 -0.005280
0.052080 -0.004025
0.134595 -0.003041
0.241427 -0.002278
0.347391 -0.001693
0.427682 -0.001248
0.468392 -0.000913
0.468388 -0.000622
0.435492 -0.000409
0.381260 -0.000253
0.316941 -0.000139
0.251311 -0.000058
0.190078 0.000000
0.136241 0.000000
0.090827 0.000000
0.053654 0.000000
0.023941 0.000000
0.000709 0.000378
-0.017001 0.006719
-0.030033 0.031986
-0.039110 0.087849
-0.044856 0.177292
-0.047824 0.294062
-0.048521 0.426474
-0.047423 0.561900
-0.044970 0.689881
-0.041567 0.803453
-0.037569 0.898749
-0.033240 0.969428
-0.028880 1.003576
-0.024673 0.991530
-0.020750 0.932663
-0.017238 0.835564
-0.014124 0.714039
-0.011425 0.582558
-0.009131 0.453146
-0.007214 0.334096
-0.005638 0.230025
-0.004362 0.142639
-0.003341 0.071696
-0.002536 0.015851
-0.001908 -0.026719
-0.001424 -0.057560
-0.001054 -0.072906
-0.000774 -0.061438
-0.000564 -0.012945
-0.000409 0.074272
-0.000253 0.192812
-0.000139 0.329981
-0.000058 0.471883
0.000000 0.601710
0.000000 0.698894
0.000000 0.747757
0.000000 0.744161
0.000000 0.695114
0.000000 0.614120
0.000000 0.516057
0.000000 0.413677
0.000000 0.316074
0.000000 0.228626
0.000000 0.153723
0.000000 0.091732
0.000000 0.041857
0.000000 0.002777
0.000000 -0.026581
0.000000 -0.042014
0.000000 -0.031766
0.000000 0.014679
0.000000 0.099326
0.000000 0.215031
0.000000 0.349299
0.000000 0.488762
0.000000 0.622300
0.000000 0.742371
0.000000 0.844620
0.000000 0.922318
0.000000 0.963206
0.000000 0.957465
0.000000 0.904328
0.000000 0.812311
0.000000 0.695196
0.000000 0.567469
0.000000 0.441200
0.000000 0.324739
0.000000 0.222770
0.000000 0.137067
0.000000 0.067457
0.000000 0.012654
0.000000 -0.029110
0.000000 -0.059334
0.000000 -0.074212
0.000000 -0.062352
0.000000 -0.013567
0.000000 0.073485
0.000000 0.185840
0.000000 0.297855
0.000000 0.384354
0.000000 0.431137
0.000000 0.436818
0.000000 0.409132
0.000000 0.359553
0.000000 0.299296
0.000000 0.237142
0.000000 0.178831
0.000000 0.127410
0.000000 0.083965
0.000000 0.048374
0.000000 0.019916
0.000000 -0.001955
0.000000 -0.012559
0.000000 0.000261
0.000000 0.047490
0.000000 0.131523
0.000000 0.245616
0.000000 0.377544
0.000000 0.514225
0.000000 0.644771
0.000000 0.761450
0.000000 0.854838
0.000000 0.910921
0.000000 0.918834
0.000000 0.877413
0.000000 0.795142
0.000000 0.685915
0.000000 0.564489
0.000000 0.443152
0.000000 0.330443
0.000000 0.231209
0.000000 0.147365
0.000000 0.078863
0.000000 0.024538
0.000000 -0.017262
0.000000 -0.047921
0.000000 -0.063529
0.000000 -0.052637
0.000000 -0.004919
0.000000 0.081412
0.000000 0.199031
0.000000 0.335336
0.000000 0.476796
0.000000 0.612212
0.000000 0.733617
0.000000 0.831381
0.000000 0.891442
0.000000 0.902874
0.000000 0.864500
0.000000 0.784814
0.000000 0.677782
0.000000 0.558153
0.000000 0.438264
0.000000 0.326709
0.000000 0.228382
0.000000 0.145243
0.000000 0.077283
0.000000 0.023372
0.000000 -0.018117
0.000000 -0.048922
0.000000 -0.070657
0.000000 -0.084875
0.000000 -0.092907
0.000000 -0.095560
0.000000 -0.088312
0.000000 -0.059152
0.000000 0.002744
0.000000 0.099624
0.000000 0.224605
0.000000 0.365449
0.000000 0.509180
0.000000 0.645041
0.000000 0.765867
0.000000 0.867670
0.000000 0.944058
0.000000 0.983115
0.000000 0.975217
0.000000 0.919798
0.000000 0.825523
0.000000 0.706279
0.000000 0.576616
0.000000 0.448638
0.000000 0.330705
0.000000 0.227494
0.000000 0.140807
0.000000 0.070389
0.000000 0.014938
0.000000 -0.027342
0.000000 -0.057969
0.000000 -0.073158
0.000000 -0.061578
0.000000 -0.013003
0.000000 0.074272
0.000000 0.192812
0.000000 0.329981
0.000000 0.472261
0.000000 0.608429
0.000000 0.730880
0.000000 0.835228
0.000000 0.914733
0.000000 0.957191
0.000000 0.952746
0.000000 0.900665
0.000000 0.809496
0.000000 0.693053
0.000000 0.565852
0.000000 0.439990
0.000000 0.323841
0.000000 0.222109
0.000000 0.136585
0.000000 0.067106
0.000000 0.012402
0.000000 -0.029250
0.000000 -0.059392
0.000000 -0.074212
0.000000 -0.062352
0.000000 -0.013567
0.000000 0.073863
0.000000 0.192182
0.000000 0.323122
0.000000 0.440217
0.000000 0.520581
0.000000 0.553588
0.000000 0.541544
0.000000 0.494979
0.000000 0.427277
0.000000 0.350714
0.000000 0.274504
0.000000 0.204432
0.000000 0.143379
0.000000 0.092190
0.000000 0.050493
0.000000 0.017339
0.000378 -0.008392
0.006719 -0.027782
0.031986 -0.041789
0.087849 -0.051247
0.177292 -0.056844
0.294062 -0.059294
0.426474 -0.059204
0.561900 -0.057138
0.689881 -0.053618
0.803075 -0.049116
0.892407 -0.044040
0.944162 -0.038735
0.947714 -0.033472
0.902086 -0.028455
0.815893 -0.023865
0.703152 -0.019732
0.578614 -0.016099
0.454577 -0.012971
0.339574 -0.010328
0.238423 -0.008133
0.153003 -0.006336
0.083224 -0.004888
0.027880 -0.003734
-0.014725 -0.002827
-0.046391 -0.001744
-0.068825 0.005140
-0.083569 0.030819
-0.091993 0.086993
-0.095316 0.176292
-0.094623 0.286934
-0.090885 0.394236
-0.084965 0.473912
-0.077610 0.512530
-0.069458 0.509391
-0.061026 0.472652
-0.052720 0.414248
-0.044839 0.345682
-0.037586 0.275925
-0.031079 0.210829
-0.025370 0.153479
-0.020461 0.104951
-0.016313 0.065079
-0.012865 0.033072
-0.009663 0.007922
-0.001041 -0.011363
0.026045 -0.025671
0.083340 -0.035769
0.173523 -0.042320
0.284812 -0.045915
0.392656 -0.047097
0.472745 -0.046369
0.511675 -0.044196
0.508768 -0.041002
0.472244 -0.037160
0.413995 -0.032988
0.345542 -0.028740
0.275867 -0.024614
0.210829 -0.020750
0.153479 -0.017238
0.104951 -0.014124
0.065079 -0.011425
0.033072 -0.009131
0.008300 -0.007214
-0.004643 -0.005638
0.006315 -0.004362
0.052080 -0.003341
0.134973 -0.002536
0.248147 -0.001908
0.378999 -0.001424
0.508811 -0.001054
0.613698 -0.000774
0.674602 -0.000564
0.684674 -0.000409
0.649098 -0.000253
0.580348 -0.000139
0.492864 -0.000058
0.399324 0.000000
0.308936 0.000000
0.227263 0.000000
0.156885 0.000000
0.098334 0.000000
0.050957 0.000000
0.013558 0.000000
-0.015202 0.000000
-0.036597 0.000000
-0.051764 0.000000
-0.061699 0.000000
-0.067284 0.000000
-0.068938 0.000000
-0.061808 0.000000
-0.033603 0.000000
0.026739 0.000000
0.121705 0.000000
0.244527 0.000000
0.383146 0.000000
0.524645 0.000000
0.657933 0.000000
0.770373 0.000000
0.845433 0.000000
0.870654 0.000000
0.844101 0.000000
0.774068 0.000000
0.674650 0.000000
0.560864 0.000000
0.445353 0.000000
0.336980 0.000000
0.240859 0.000000
0.159123 0.000000
0.091896 0.000000
0.038160 0.000000
-0.003610 0.000000
-0.034642 0.000000
-0.050967 0.000000
-0.041035 0.000000
0.005571 0.000000
0.090340 0.000000
0.200425 0.000000
0.310230 0.000000
0.394695 0.000000
0.439652 0.000000
0.443774 0.000000
0.414741 0.000000
0.364022 0.000000
0.302817 0.000000
0.239886 0.000000
0.180948 0.000000
0.129028 0.000000
0.085189 0.000000
0.049293 0.000000
0.020600 0.000000
-0.001828 0.000378
-0.018909 0.006719
-0.031456 0.031986
-0.040164 0.087849
-0.045630 0.177292
-0.048388 0.294062
-0.048930 0.426474
-0.047675 0.561900
-0.045110 0.689881
-0.041625 0.803453
-0.037569 0.898749
-0.033240 0.969428
-0.028880 1.003576
-0.024673 0.991530
-0.020750 0.932663
-0.017238 0.835564
-0.014124 0.714039
-0.011425 0.582558
-0.009131 0.453146
-0.007214 0.334096
-0.005638 0.230025
-0.004362 0.142639
-0.003341 0.071696
-0.002536 0.015851
-0.001908 -0.026719
-0.001046 -0.057938
0.005666 -0.079625
0.031212 -0.093424
0.087284 -0.100793
0.176884 -0.103021
0.293810 -0.101250
0.426335 -0.096493
0.561464 -0.089639
0.683161 -0.081451
0.771467 -0.072572
0.811278 -0.063520
0.798855 -0.054695
0.741500 -0.046386
0.652904 -0.038784
0.548055 -0.031998
0.439746 -0.026069
0.337061 -0.020987
0.245331 -0.016706
0.166879 -0.013156
0.101987 -0.010255
0.049773 -0.007916
0.008832 -0.006054
-0.021991 -0.004589
-0.038565 -0.003450
-0.029236 -0.002531
0.016511 -0.001832
0.100632 -0.001306
0.215944 -0.000913
0.349543 -0.000622
0.482451 -0.000409
0.590566 -0.000253
0.654662 -0.000139
0.667764 -0.000058
0.634975 0.000000
0.568718 0.000000
0.483413 0.000000
0.391740 0.000000
0.302920 0.000000
0.222544 0.000000
0.153222 0.000000
0.095518 0.000000
0.048814 0.000000
0.011941 0.000000
-0.016034 0.000000
-0.030775 0.000000
-0.020439 0.000000
0.025667 0.000000
0.109658 0.000000
0.224494 0.000000
0.357808 0.000000
0.496253 0.000000
0.628771 0.000000
0.747488 0.000000
0.842871 0.000000
0.900834 0.000000
0.910459 0.000000
0.870516 0.000000
0.789533 0.000000
0.681445 0.000000
0.560968 0.000000
0.440408 0.000000
0.328326 0.000000
0.229592 0.000000
0.146141 0.000000
0.077944 0.000000
0.023855 0.000000
-0.017766 0.000000
-0.048669 0.000000
-0.070517 0.000000
-0.084817 0.000000
-0.092907 0.000000
-0.095938 0.000000
-0.095031 0.000000
-0.091138 0.000000
-0.085104 0.000000
-0.077669 0.000000
-0.069458 0.000000
-0.061026 0.000000
-0.052720 0.000000
-0.044839 0.000000
-0.037586 0.000000
-0.031079 0.000000
-0.025370 0.000000
-0.020461 0.000000
-0.016313 0.000000
-0.012865 0.000000
-0.010041 0.000000
-0.007760 0.000000
-0.005941 0.000000
-0.004508 0.000000
-0.003391 0.000000
-0.002531 0.000000
-0.001832 0.000000
-0.001306 0.000000
-0.000913 0.000000
-0.000622 0.000000
-0.000409 0.000000
-0.000253 0.000000
-0.000139 0.000000
-0.000058 0.000000
0.000000 0.000000
0.000000 0.000000
0.000000 0.000000
0.000000 0.000000
0.000000 0.000000
0.000000 0.000000
0.000000 0.000000
0.000000 0.000000
0.000000 0.000000
0.000000 0.000000
0.000000 0.000000
0.000000 0.000000
0.000000 0.000000
0.000000 0.000000
0.000000 0.000000
0.000000 0.000000
0.000000 0.000000
0.000000 0.000000
0.000000 0.000000
0.000000 0.000000
0.000000 0.000000
0.000000 0.000000
0.000000 0.000000
0.000000 0.000000
0.000000 0.000000
0.000000 0.000000
0.000000 0.000000
0.000000 0.000000
0.000000 0.000000
0.000000 0.000000
0.000000 0.000000
0.000000 0.000000
0.000000 0.000000
0.000000 0.000000
0.000000 0.000000
0.000000 0.000000
0.000000 0.000000
0.000000 0.000000
0.000000 0.000000
0.000000 0.000000
0.000000 0.000000
0.000000 0.000000
0.000000 0.000000
0.000000 0.000000
0.000000 0.000000
0.000000 0.000000
0.000000 0.000000
0.000000 0.000000
0.000000 0.000000
