0.000000 0.000000
0.000000 0.000000
0.000000 0.000000
0.000000 0.000000
0.000000 0.000000
0.000000 0.000000
0.000000 0.000000
0.000000 0.000000
0.000000 0.000000
0.000000 0.000000
0.000000 0.000000
0.000000 0.000000
0.000000 0.000000
0.000000 0.000000
0.000000 0.000000
0.000000 0.000378
0.000000 0.006719
0.000000 0.031986
0.000000 0.087849
0.000000 0.177292
0.000000 0.294062
0.000000 0.426474
0.000000 0.561522
0.000000 0.683161
0.000000 0.771467
0.000000 0.811278
0.000000 0.798855
0.000000 0.741500
0.000000 0.652904
0.000000 0.548055
0.000000 0.439746
0.000000 0.337061
0.000000 0.245331
0.000000 0.166879
0.000000 0.101987
0.000000 0.049773
0.000000 0.008832
0.000000 -0.021991
0.000000 -0.038565
0.000000 -0.029236
0.000000 0.016511
0.000000 0.100254
0.000000 0.209225
0.000000 0.317935
0.000000 0.401322
0.000000 0.445260
0.000000 0.448448
0.000000 0.418582
0.000000 0.367137
0.000000 0.305312
0.000000 0.241861
0.000000 0.182494
0.000000 0.130226
0.000000 0.086108
0.000000 0.049991
0.000000 0.021126
0.000000 -0.001435
0.000378 -0.018618
0.006719 -0.031242
0.031986 -0.040008
0.087849 -0.045517
0.177292 -0.048306
0.294062 -0.048872
0.426096 -0.047675
0.555180 -0.045110
0.657895 -0.041625
0.715604 -0.037569
0.721834 -0.033240
0.682085 -0.028880
0.609088 -0.024673
0.517478 -0.020750
0.420074 -0.017238
0.326174 -0.014124
0.241387 -0.011425
0.168310 -0.009131
0.107464 -0.007214
0.058171 -0.005638
0.019196 -0.004362
-0.010463 -0.003341
-0.026536 -0.002536
-0.017242 -0.001908
0.028058 -0.001424
0.111432 -0.001054
0.225800 -0.000774
0.358721 -0.000564
0.496876 -0.000409
0.629180 -0.000253
0.747740 -0.000139
0.843011 -0.000058
0.900892 0.000000
0.910459 0.000000
0.870516 0.000000
0.789533 0.000000
0.681445 0.000000
0.560968 0.000000
0.440408 0.000000
0.328326 0.000000
0.229592 0.000000
0.146141 0.000000
0.077944 0.000000
0.023855 0.000000
-0.017766 0.000000
-0.048669 0.000378
-0.070517 0.006719
-0.084817 0.031986
-0.092907 0.087849
-0.095938 0.176914
-0.095031 0.287343
-0.091138 0.394488
-0.085104 0.474051
-0.077669 0.512588
-0.069458 0.509391
-0.061026 0.472652
-0.052720 0.414248
-0.044839 0.345682
-0.037586 0.275925
-0.031079 0.210829
-0.025370 0.153479
-0.020461 0.104951
-0.016313 0.065079
-0.012865 0.033072
-0.009663 0.007922
-0.001041 -0.011363
0.026045 -0.025671
0.083340 -0.035769
0.173523 -0.042320
0.284812 -0.045915
0.392656 -0.047097
0.472745 -0.046369
0.511675 -0.044196
0.508768 -0.041002
0.472244 -0.037160
0.413995 -0.032988
0.345542 -0.028740
0.275867 -0.024614
0.210829 -0.020750
0.153479 -0.017238
0.104951 -0.014124
0.065079 -0.011425
0.033072 -0.009131
0.007922 -0.006836
-0.011363 0.001081
-0.025671 0.027625
-0.035769 0.084507
-0.042320 0.174378
-0.045915 0.285435
-0.047097 0.393064
-0.046369 0.472998
-0.044196 0.511815
-0.041002 0.508826
-0.037160 0.472244
-0.032988 0.413995
-0.028740 0.345542
-0.024614 0.275867
-0.020750 0.210829
-0.017238 0.153479
-0.014124 0.104951
-0.011425 0.065079
-0.009131 0.033072
-0.007214 0.007922
-0.005638 -0.011363
-0.004362 -0.025671
-0.003341 -0.035769
-0.002158 -0.042320
0.004811 -0.045915
0.030562 -0.047097
0.086795 -0.046369
0.176518 -0.044196
0.293498 -0.041002
0.425688 -0.037160
0.554928 -0.032988
0.657755 -0.028740
0.715546 -0.024614
0.721834 -0.020750
0.682085 -0.017238
0.609088 -0.014124
0.517478 -0.011425
0.420074 -0.009131
0.326174 -0.007214
0.241387 -0.005638
0.168310 -0.004362
0.107464 -0.003341
0.058171 -0.002536
0.019196 -0.001908
-0.010840 -0.001424
-0.033256 -0.001054
-0.049228 -0.000396
-0.059791 0.006155
-0.065860 0.031578
-0.068262 0.087596
-0.067753 0.176775
-0.065024 0.287285
-0.060701 0.394488
-0.055335 0.474051
-0.049396 0.512588
-0.043270 0.509391
-0.037255 0.472652
-0.031570 0.414248
-0.026360 0.345682
-0.021707 0.275925
-0.017645 0.210829
-0.014169 0.153479
-0.011247 0.104951
-0.008831 0.065079
-0.006862 0.033072
-0.005280 0.008300
-0.004025 -0.004643
-0.003041 0.006315
-0.002278 0.052080
-0.001693 0.134973
-0.001248 0.248147
-0.000913 0.379377
-0.000622 0.515531
-0.000409 0.645684
-0.000253 0.762073
-0.000139 0.855246
-0.000058 0.911174
0.000000 0.918974
0.000000 0.877472
0.000000 0.795142
0.000000 0.685915
0.000000 0.564489
0.000000 0.443152
0.000000 0.330443
0.000000 0.231209
0.000000 0.147365
0.000000 0.078863
0.000000 0.024538
0.000000 -0.017262
0.000000 -0.048299
0.000000 -0.070248
0.000378 -0.084623
0.006719 -0.092767
0.031986 -0.095880
0.087849 -0.095031
0.177292 -0.091138
0.294062 -0.085104
0.426474 -0.077669
0.561522 -0.069458
0.683161 -0.061026
0.771467 -0.052720
0.811278 -0.044839
0.798855 -0.037586
0.741500 -0.031079
0.652904 -0.025370
0.548055 -0.020461
0.439746 -0.016313
0.337061 -0.012865
0.245331 -0.010041
0.166879 -0.007760
0.101987 -0.005941
0.049773 -0.004508
0.008832 -0.003391
-0.022369 -0.002153
-0.045284 0.004887
-0.061222 0.030680
-0.071338 0.086935
-0.076660 0.176292
-0.078118 0.286934
-0.076553 0.394236
-0.072729 0.473912
-0.067328 0.512530
-0.060943 0.509391
-0.054070 0.472652
-0.047111 0.414248
-0.040370 0.345682
-0.034065 0.275925
-0.028335 0.210829
-0.023253 0.153479
-0.018843 0.104951
-0.015088 0.065079
-0.011946 0.033072
-0.009357 0.008300
-0.007255 -0.004643
-0.005571 0.006315
-0.004239 0.052080
-0.003197 0.134973
-0.002391 0.248147
-0.001774 0.379377
-0.001306 0.515531
-0.000913 0.645684
-0.000622 0.762450
-0.000409 0.861588
-0.000253 0.936440
-0.000139 0.974836
-0.000058 0.966915
0.000000 0.911912
0.000000 0.818327
0.000000 0.699915
0.000000 0.571132
0.000000 0.444015
0.000000 0.326883
0.000000 0.224387
0.000000 0.138277
0.000000 0.068354
0.000000 0.013315
0.000000 -0.028627
0.000378 -0.059361
0.006719 -0.080679
0.031986 -0.094198
0.087849 -0.101357
0.176914 -0.103429
0.287343 -0.101503
0.394488 -0.096633
0.474051 -0.089697
0.512588 -0.081451
0.509391 -0.072572
0.472652 -0.063520
0.414248 -0.054695
0.345682 -0.046386
0.275925 -0.038784
0.210829 -0.031998
0.153479 -0.026069
0.104951 -0.020987
0.065079 -0.016706
0.033072 -0.013156
0.007922 -0.010255
-0.011363 -0.007538
-0.025671 0.000665
-0.035769 0.027397
-0.042320 0.084399
-0.045915 0.174762
-0.047097 0.292230
-0.046369 0.425168
-0.044196 0.560987
-0.041002 0.689258
-0.037160 0.802667
-0.032988 0.892154
-0.028740 0.944022
-0.024614 0.947656
-0.020750 0.902086
-0.017238 0.815893
-0.014124 0.703152
-0.011425 0.578614
-0.009131 0.454577
-0.007214 0.339574
-0.005638 0.238423
-0.004362 0.153003
-0.003341 0.083224
-0.002536 0.027880
-0.001908 -0.014725
-0.001424 -0.046391
-0.001054 -0.068825
-0.000396 -0.083569
0.006155 -0.091993
0.031578 -0.095316
0.087596 -0.094623
0.177153 -0.090885
0.294004 -0.084965
0.426474 -0.077610
0.561900 -0.069458
0.689881 -0.061026
0.803075 -0.052720
0.892407 -0.044839
0.944162 -0.037586
0.947714 -0.031079
0.902086 -0.025370
0.815893 -0.020461
0.703152 -0.016313
0.578614 -0.012865
0.454577 -0.010041
0.339574 -0.007760
0.238423 -0.005941
0.153003 -0.004508
0.083224 -0.003391
0.027880 -0.002531
-0.014725 -0.001832
-0.046391 -0.000928
-0.068825 0.005806
-0.083569 0.031364
-0.091993 0.087440
-0.095316 0.176662
-0.094623 0.287203
-0.090885 0.394430
-0.084965 0.474051
-0.077610 0.512588
-0.069458 0.509391
-0.061026 0.472652
-0.052720 0.414248
-0.044839 0.345682
-0.037586 0.275925
-0.031079 0.210829
-0.025370 0.153479
-0.020461 0.104951
-0.016313 0.065079
-0.012865 0.033072
-0.010041 0.008300
-0.007760 -0.004643
-0.005941 0.006315
-0.004508 0.052080
-0.003391 0.134595
-0.002531 0.241427
-0.001832 0.347391
-0.001306 0.427682
-0.000913 0.468392
-0.000622 0.468388
-0.000409 0.435492
-0.000253 0.381260
-0.000139 0.316941
-0.000058 0.251311
0.000000 0.190078
0.000000 0.136241
0.000000 0.090827
0.000000 0.053654
0.000000 0.023941
0.000000 0.000709
0.000000 -0.017001
0.000000 -0.030033
0.000000 -0.038732
0.000000 -0.038136
0.000000 -0.015837
0.000000 0.039327
0.000000 0.129492
0.000000 0.242373
0.000000 0.352922
0.000000 0.436482
0.000000 0.479348
0.000000 0.480511
0.000000 0.447980
0.000000 0.393497
0.000000 0.328444
0.000000 0.261801
0.000000 0.199403
0.000000 0.144349
0.000000 0.097738
0.000000 0.059441
0.000000 0.028710
0.000378 0.004581
0.006719 -0.013899
0.031986 -0.027579
0.087849 -0.037192
0.177292 -0.043373
0.294062 -0.046689
0.426096 -0.047662
0.555180 -0.046778
0.657895 -0.044449
0.715604 -0.041142
0.721834 -0.037219
0.682085 -0.032988
0.609088 -0.028740
0.517478 -0.024614
0.420074 -0.020750
0.326174 -0.017238
0.241387 -0.014124
0.168310 -0.011425
0.107464 -0.009131
0.058171 -0.007214
0.019196 -0.005638
-0.010840 -0.003984
-0.033256 0.003378
-0.049228 0.029450
-0.059791 0.085940
-0.065860 0.175868
-0.068262 0.293009
-0.067753 0.425700
-0.065024 0.561336
-0.060701 0.689094
-0.055335 0.796481
-0.049396 0.867001
-0.043270 0.888241
-0.037255 0.858270
-0.031570 0.785316
-0.026360 0.683481
-0.021707 0.567727
-0.017645 0.450633
-0.014169 0.341005
-0.011247 0.243900
-0.008831 0.161401
-0.006862 0.093589
-0.005280 0.039408
-0.004025 -0.002697
-0.002663 -0.034397
0.004441 -0.057278
0.030293 -0.072769
0.086600 -0.082138
0.176001 -0.086516
0.286720 -0.086918
0.394080 -0.084258
0.473799 -0.079357
0.512449 -0.072936
0.509332 -0.065617
0.472652 -0.057911
0.414248 -0.050225
0.345682 -0.042865
0.275925 -0.036040
0.210829 -0.029881
0.153479 -0.024451
0.104951 -0.019762
0.065079 -0.015787
0.033072 -0.012472
0.007922 -0.009372
-0.011363 -0.000827
-0.025671 0.026201
-0.035769 0.083453
-0.042320 0.173604
-0.045915 0.284870
-0.047097 0.392656
-0.046369 0.472745
-0.044196 0.511675
-0.041002 0.508768
-0.037160 0.472244
-0.032988 0.413995
-0.028740 0.345542
-0.024614 0.275867
-0.020750 0.210829
-0.017238 0.153479
-0.014124 0.104951
-0.011425 0.065079
-0.009131 0.033072
-0.006836 0.007922
0.001081 -0.011363
0.027625 -0.025671
0.084507 -0.035769
0.174378 -0.042320
0.285435 -0.045915
0.393064 -0.047097
0.472998 -0.046369
0.511815 -0.044196
0.508826 -0.041002
0.472244 -0.037160
0.413995 -0.032988
0.345542 -0.028740
0.275867 -0.024614
0.210829 -0.020750
0.153479 -0.017238
0.104951 -0.014124
0.065079 -0.011425
0.033072 -0.009131
0.007922 -0.006836
-0.011363 0.001081
-0.025671 0.027625
-0.035769 0.084507
-0.042320 0.174378
-0.045915 0.285435
-0.047097 0.393064
-0.046369 0.472998
-0.044196 0.511815
-0.041002 0.508826
-0.037160 0.472244
-0.032988 0.413995
-0.028740 0.345542
-0.024614 0.275867
-0.020750 0.210829
-0.017238 0.153479
-0.014124 0.104951
-0.011425 0.065079
-0.009131 0.033072
-0.007214 0.008300
-0.005638 -0.004643
-0.004362 0.006315
-0.003341 0.052080
-0.002536 0.134595
-0.001908 0.241427
-0.001424 0.347391
-0.001054 0.427682
-0.000774 0.468392
-0.000564 0.468388
-0.000409 0.435492
-0.000253 0.381260
-0.000139 0.316941
-0.000058 0.251311
0.000000 0.190078
0.000000 0.136241
0.000000 0.090827
0.000000 0.053654
0.000000 0.023941
0.000378 0.000709
0.006719 -0.017001
0.031986 -0.030033
0.087849 -0.039110
0.177292 -0.044856
0.294062 -0.047824
0.426474 -0.048521
0.561900 -0.047423
0.689503 -0.044970
0.796733 -0.041567
0.867140 -0.037569
0.888299 -0.033240
0.858270 -0.028880
0.785316 -0.024673
0.683481 -0.020750
0.567727 -0.017238
0.450633 -0.014124
0.341005 -0.011425
0.243900 -0.009131
0.161401 -0.007214
0.093589 -0.005638
0.039408 -0.004362
-0.002697 -0.003341
-0.034019 -0.002536
-0.050558 -0.001908
-0.040783 -0.001424
0.005711 -0.001054
0.090398 -0.000774
0.200425 -0.000564
0.310230 -0.000409
0.394695 -0.000253
0.439652 -0.000139
0.443774 -0.000058
0.414741 0.000000
0.364022 0.000000
0.302817 0.000000
0.239886 0.000000
0.180948 0.000000
0.129028 0.000000
0.085189 0.000000
0.049293 0.000000
0.020600 0.000000
-0.001450 0.000000
-0.012189 0.000000
0.000530 0.000000
0.047685 0.000000
0.131662 0.000000
0.245297 0.000000
0.370825 0.000000
0.482239 0.000000
0.556922 0.000000
0.584536 0.000000
0.567495 0.000000
0.516433 0.000000
0.444783 0.000000
0.364825 0.000000
0.285752 0.000000
0.213263 0.000000
0.150242 0.000000
0.097470 0.000000
0.054518 0.000000
0.020380 0.000000
-0.006114 0.000378
-0.026089 0.006719
-0.040541 0.031986
-0.050333 0.087849
-0.056222 0.177292
-0.058886 0.294062
-0.058951 0.426474
-0.056999 0.561900
-0.053560 0.689881
-0.049116 0.803075
-0.044040 0.892407
-0.038735 0.944162
-0.033472 0.947714
-0.028455 0.902086
-0.023865 0.815893
-0.019732 0.703152
-0.016099 0.578614
-0.012971 0.454577
-0.010328 0.339574
-0.008133 0.238423
-0.006336 0.153003
-0.004888 0.083224
-0.003734 0.027880
-0.002827 -0.014725
-0.002122 -0.046391
-0.001580 -0.068825
-0.001167 -0.083569
-0.000855 -0.091993
-0.000622 -0.095316
-0.000409 -0.094245
-0.000253 -0.084166
-0.000139 -0.052979
-0.000058 0.010238
0.000000 0.107457
0.000000 0.226317
0.000000 0.341768
0.000000 0.429212
0.000000 0.475003
0.000000 0.478312
0.000000 0.447282
0.000000 0.393787
0.000000 0.329369
0.000000 0.263061
0.000000 0.200788
0.000000 0.145719
0.000000 0.099010
0.000000 0.060571
0.000000 0.029680
0.000000 0.005392
0.000000 -0.013195
0.000000 -0.026977
0.000000 -0.036682
0.000000 -0.042942
0.000378 -0.046324
0.006719 -0.047350
0.031986 -0.046509
0.087849 -0.044254
0.176914 -0.041002
0.287343 -0.037160
0.394488 -0.032988
0.474051 -0.028740
0.512588 -0.024614
0.509391 -0.020750
0.472652 -0.017238
0.414248 -0.014124
0.345682 -0.011425
0.275925 -0.009131
0.210829 -0.007214
0.153479 -0.005638
0.104951 -0.004362
0.065079 -0.003341
0.033072 -0.002536
0.008300 -0.001908
-0.004643 -0.001424
0.006315 -0.001054
0.052080 -0.000774
0.134973 -0.000564
0.247769 -0.000409
0.372657 -0.000253
0.483545 -0.000139
0.557836 -0.000058
0.585158 0.000000
0.567904 0.000000
0.516686 0.000000
0.444922 0.000000
0.364883 0.000000
0.285752 0.000000
0.213263 0.000000
0.150242 0.000000
0.097470 0.000000
0.054518 0.000000
0.020380 0.000000
-0.005736 0.000000
-0.019369 0.000000
-0.008555 0.000000
0.037515 0.000000
0.120693 0.000000
0.228457 0.000000
0.335537 0.000000
0.417053 0.000000
0.459028 0.000000
0.460275 0.000000
0.428612 0.000000
0.375512 0.000000
0.312209 0.000000
0.247470 0.000000
0.186963 0.000000
0.133747 0.000000
0.088852 0.000000
0.052108 0.000000
0.022743 0.000000
0.000167 0.000000
-0.010980 0.000000
0.001427 0.000000
0.048346 0.000000
0.132145 0.000000
0.246025 0.000000
0.377797 0.000000
0.513986 0.000000
0.638110 0.000000
0.729842 0.000000
0.773709 0.000000
0.765615 0.000000
0.712620 0.000000
0.628231 0.000000
0.527305 0.000000
0.422508 0.000000
0.322937 0.000000
0.233906 0.000000
0.157748 0.000000
0.094773 0.000000
0.044135 0.000000
0.004470 0.000000
-0.025332 0.000000
-0.041101 0.000000
-0.031144 0.000000
0.015087 0.000000
0.099200 0.000000
0.208451 0.000000
0.317371 0.000000
0.400914 0.000000
0.445007 0.000000
0.448308 0.000000
0.418524 0.000000
0.367137 0.000000
0.305312 0.000000
0.241861 0.000000
0.182494 0.000000
0.130226 0.000000
0.086108 0.000000
0.049991 0.000000
0.021126 0.000000
-0.001435 0.000000
-0.018618 0.000000
-0.031242 0.000000
-0.040008 0.000000
-0.045517 0.000000
-0.048306 0.000000
-0.048872 0.000000
-0.047675 0.000000
-0.045110 0.000000
-0.041625 0.000000
-0.037569 0.000000
-0.033240 0.000000
-0.028880 0.000000
-0.024673 0.000000
-0.020750 0.000000
-0.017238 0.000000
-0.014124 0.000000
-0.011425 0.000000
-0.009131 0.000000
-0.007214 0.000000
-0.005638 0.000000
-0.004362 0.000000
-0.003341 0.000000
-0.002536 0.000000
-0.001908 0.000000
-0.001424 0.000000
-0.001054 0.000000
-0.000774 0.000000
-0.000564 0.000000
-0.000409 0.000000
-0.000253 0.000000
-0.000139 0.000000
-0.000058 0.000000
0.000000 0.000000
0.000000 0.000000
0.000000 0.000000
0.000000 0.000000
0.000000 0.000000
0.000000 0.000000
0.000000 0.000000
0.000000 0.000000
0.000000 0.000000
0.000000 0.000000
0.000000 0.000000
0.000000 0.000000
0.000000 0.000000
0.000000 0.000000
0.000000 0.000000
0.000000 0.000000
0.000000 0.000000
0.000000 0.000000
0.000000 0.000000
0.000000 0.000000
0.000000 0.000000
0.000000 0.000000
0.000000 0.000000
0.000000 0.000000
0.000000 0.000000
0.000000 0.000000
0.000000 0.000000
0.000000 0.000000
0.000000 0.000000
0.000000 0.000000
0.000000 0.000000
0.000000 0.000000
0.000000 0.000000
0.000000 0.000000
0.000000 0.000000
0.000000 0.000000
0.000000 0.000000
0.000000 0.000000
0.000000 0.000000
0.000000 0.000000
0.000000 0.000000
0.000000 0.000000
0.000000 0.000000
0.000000 0.000000
0.000000 0.000000
0.000000 0.000000
0.000000 0.000000
0.000000 0.000000
0.000000 0.000000
0.000000 0.000000
0.000000 0.000000
0.000000 0.000000
0.000000 0.000000
0.000000 0.000000
0.000000 0.000000
0.000000 0.000000
0.000000 0.000000
0.000000 0.000000
0.000000 0.000000
0.000000 0.000000
0.000000 0.000000
0.000000 0.000000
0.000000 0.000000
0.000000 0.000000
0.000000 0.000000
0.000000 0.000000
0.000000 0.000000
0.000000 0.000000
0.000000 0.000000
0.000000 0.000000
0.000000 0.000000
0.000000 0.000000
0.000000 0.000000
0.000000 0.000000
0.000000 0.000000
0.000000 0.000000
0.000000 0.000000
0.000000 0.000000
0.000000 0.000000
0.000000 0.000000
0.000000 0.000000
0.000000 0.000000
0.000000 0.000000
0.000000 0.000000
0.000000 0.000000
0.000000 0.000000
0.000000 0.000000
