0.000000 0.000000
0.000000 0.000000
0.000000 0.000000
0.000000 0.000000
0.000000 0.000000
0.000000 0.000000
0.000000 0.000000
0.000000 0.000000
0.000000 0.000000
0.000000 0.000000
0.000000 0.000000
0.000000 0.000000
0.000000 0.000000
0.000000 0.000000
0.000000 0.000000
0.000378 0.000000
0.006719 0.000000
0.031986 0.000000
0.087849 0.000000
0.177292 0.000000
0.294062 0.000000
0.426474 0.000000
0.561900 0.000000
0.689881 0.000000
0.803075 0.000000
0.892407 0.000000
0.944162 0.000000
0.947714 0.000000
0.902086 0.000000
0.815893 0.000000
0.703152 0.000000
0.578614 0.000000
0.454577 0.000000
0.339574 0.000000
0.238423 0.000000
0.153003 0.000000
0.083224 0.000000
0.027880 0.000000
-0.014725 0.000000
-0.046391 0.000378
-0.068825 0.006719
-0.083569 0.031986
-0.091993 0.087849
-0.095316 0.177292
-0.094623 0.294062
-0.090885 0.426474
-0.084965 0.561900
-0.077610 0.689503
-0.069458 0.796733
-0.061026 0.867140
-0.052720 0.888299
-0.044839 0.858270
-0.037586 0.785316
-0.031079 0.683481
-0.025370 0.567727
-0.020461 0.450633
-0.016313 0.341005
-0.012865 0.243900
-0.010041 0.161401
-0.007760 0.093589
-0.005941 0.039408
-0.004508 -0.002697
-0.003391 -0.034019
-0.002531 -0.050558
-0.001832 -0.040783
-0.001306 0.005711
-0.000913 0.090776
-0.000622 0.207145
-0.000409 0.342216
-0.000253 0.482543
-0.000139 0.616944
-0.000058 0.737458
0.000000 0.834496
0.000000 0.893936
0.000000 0.904849
0.000000 0.866046
0.000000 0.786012
0.000000 0.678701
0.000000 0.558851
0.000000 0.438790
0.000000 0.327102
0.000000 0.228673
0.000000 0.145457
0.000000 0.077439
0.000000 0.023485
0.000000 -0.018036
0.000378 -0.048863
0.006719 -0.070657
0.031986 -0.084875
0.087849 -0.092907
0.177292 -0.095938
0.294062 -0.095031
0.426474 -0.091138
0.561900 -0.085104
0.689881 -0.077669
0.803075 -0.069458
0.892407 -0.061026
0.944162 -0.052720
0.947714 -0.044839
0.902086 -0.037586
0.815893 -0.031079
0.703152 -0.025370
0.578614 -0.020461
0.454577 -0.016313
0.339574 -0.012865
0.238423 -0.010041
0.153003 -0.007760
0.083224 -0.005941
0.027880 -0.004508
-0.014725 -0.003391
-0.046391 -0.002531
-0.068825 -0.001832
-0.083569 -0.000928
-0.091993 0.005806
-0.095316 0.031364
-0.094623 0.087440
-0.090885 0.177040
-0.084965 0.293923
-0.077610 0.426416
-0.069458 0.561900
-0.061026 0.689881
-0.052720 0.803075
-0.044839 0.892407
-0.037586 0.944162
-0.031079 0.947714
-0.025370 0.902086
-0.020461 0.815893
-0.016313 0.703152
-0.012865 0.578614
-0.010041 0.454577
-0.007760 0.339574
-0.005941 0.238423
-0.004508 0.153003
-0.003391 0.083224
-0.002531 0.027880
-0.001832 -0.014725
-0.001306 -0.046391
-0.000913 -0.068825
-0.000622 -0.083569
-0.000409 -0.091616
-0.000253 -0.088596
-0.000139 -0.062637
-0.000058 -0.003037
0.000000 0.092327
0.000000 0.216452
0.000000 0.357017
0.000000 0.500497
0.000000 0.630441
0.000000 0.726627
0.000000 0.773692
0.000000 0.767777
0.000000 0.716130
0.000000 0.632443
0.000000 0.531742
0.000000 0.426881
0.000000 0.327020
0.000000 0.237571
0.000000 0.160938
0.000000 0.097479
0.000000 0.046381
0.000000 0.006301
0.000000 -0.024201
0.000000 -0.046590
0.000000 -0.062135
0.000000 -0.071960
0.000378 -0.077069
0.006719 -0.078370
0.031986 -0.076692
0.087849 -0.072787
0.177292 -0.067328
0.293684 -0.060943
0.419755 -0.054070
0.529914 -0.047111
0.602032 -0.040370
0.626161 -0.034065
0.605064 -0.028335
0.549673 -0.023253
0.473662 -0.018843
0.389498 -0.015088
0.306502 -0.011946
0.230500 -0.009357
0.164366 -0.007255
0.108895 -0.005571
0.063648 -0.004239
0.027594 -0.003197
-0.000476 -0.002391
-0.021727 -0.001774
-0.037200 -0.001306
-0.047797 -0.000913
-0.054313 -0.000245
-0.057462 0.006311
-0.057898 0.031734
-0.056225 0.087709
-0.052996 0.177234
-0.048707 0.294062
-0.043788 0.426474
-0.038596 0.561900
-0.033414 0.689503
-0.028455 0.796733
-0.023865 0.867140
-0.019732 0.888299
-0.016099 0.858270
-0.012971 0.785316
-0.010328 0.683481
-0.008133 0.567727
-0.006336 0.450633
-0.004888 0.341005
-0.003734 0.243900
-0.002827 0.161401
-0.002122 0.093589
-0.001580 0.039408
-0.001167 -0.002697
-0.000855 -0.034019
-0.000622 -0.050558
-0.000409 -0.040783
-0.000253 0.005711
-0.000139 0.090398
-0.000058 0.200425
0.000000 0.310230
0.000000 0.394695
0.000000 0.439652
0.000000 0.443774
0.000000 0.414741
0.000000 0.364022
0.000000 0.302817
0.000000 0.239886
0.000000 0.180948
0.000000 0.129028
0.000000 0.085189
0.000000 0.049293
0.000000 0.020600
0.000000 -0.001828
0.000000 -0.018909
0.000000 -0.031456
0.000000 -0.040164
0.000000 -0.045630
0.000378 -0.048388
0.006719 -0.048930
0.031986 -0.047675
0.087849 -0.045110
0.177292 -0.041625
0.294062 -0.037569
0.426474 -0.033240
0.561900 -0.028880
0.689881 -0.024673
0.803453 -0.020750
0.898749 -0.017238
0.969428 -0.014124
1.003576 -0.011425
0.991530 -0.009131
0.932663 -0.007214
0.835564 -0.005638
0.714039 -0.004362
0.582558 -0.003341
0.453146 -0.002536
0.334096 -0.001908
0.230025 -0.001424
0.142639 -0.001054
0.071696 -0.000774
0.015851 -0.000564
-0.026719 -0.000409
-0.057938 -0.000253
-0.079247 -0.000139
-0.086705 -0.000058
-0.068807 0.000000
-0.015172 0.000000
0.076042 0.000000
0.197569 0.000000
0.336835 0.000000
0.480449 0.000000
0.617308 0.000000
0.739932 0.000000
0.844054 0.000000
0.923043 0.000000
0.964792 0.000000
0.959532 0.000000
0.906594 0.000000
0.814578 0.000000
0.697334 0.000000
0.569402 0.000000
0.442891 0.000000
0.326180 0.000000
0.223970 0.000000
0.138049 0.000000
0.068246 0.000000
0.013321 0.000000
-0.028551 0.000000
-0.058866 0.000000
-0.073819 0.000000
-0.062061 0.000000
-0.013353 0.000000
0.074019 0.000000
0.192673 0.000000
0.329923 0.000000
0.472261 0.000000
0.608052 0.000000
0.724161 0.000000
0.803620 0.000000
0.833604 0.000000
0.811884 0.000000
0.746532 0.000000
0.651483 0.000000
0.541658 0.000000
0.429646 0.000000
0.324299 0.000000
0.230745 0.000000
0.151147 0.000000
0.085673 0.000000
0.033354 0.000000
-0.007286 0.000000
-0.037847 0.000378
-0.059809 0.006719
-0.074601 0.031986
-0.083444 0.087849
-0.087429 0.176914
-0.087540 0.287343
-0.084666 0.394488
-0.079609 0.474051
-0.073076 0.512588
-0.065675 0.509391
-0.057911 0.472652
-0.050225 0.414248
-0.042865 0.345682
-0.036040 0.275925
-0.029881 0.210829
-0.024451 0.153479
-0.019762 0.104951
-0.015787 0.065079
-0.012472 0.033072
-0.009750 0.007922
-0.007546 -0.011363
-0.005785 -0.025293
-0.004395 -0.029049
-0.003310 -0.010334
-0.002472 0.041933
-0.001832 0.130195
-0.001306 0.247315
-0.000913 0.375558
-0.000622 0.488912
-0.000409 0.564872
-0.000253 0.593173
-0.000139 0.576324
-0.000058 0.525059
0.000000 0.452912
0.000000 0.372260
0.000000 0.292378
0.000000 0.219075
0.000000 0.155236
0.000000 0.101682
0.000000 0.058010
0.000000 0.023233
0.000378 -0.003817
0.006719 -0.024263
0.031986 -0.039108
0.087849 -0.049221
0.177292 -0.055367
0.294062 -0.058236
0.426474 -0.058462
0.561900 -0.056633
0.689503 -0.053249
0.796733 -0.048847
0.867140 -0.043846
0.888299 -0.038596
0.858270 -0.033414
0.785316 -0.028455
0.683481 -0.023865
0.567727 -0.019732
0.450633 -0.016099
0.341005 -0.012971
0.243900 -0.010328
0.161401 -0.008133
0.093589 -0.006336
0.039408 -0.004888
-0.002697 -0.003734
-0.034019 -0.002827
-0.050558 -0.002122
-0.040783 -0.001580
0.005711 -0.001167
0.090776 -0.000855
0.206767 -0.000622
0.335497 -0.000409
0.450557 -0.000253
0.529096 -0.000139
0.560544 -0.000058
0.547153 0.000000
0.499448 0.000000
0.430798 0.000000
0.353458 0.000000
0.276621 0.000000
0.206049 0.000000
0.144604 0.000000
0.093109 0.000000
0.051177 0.000000
0.017844 0.000000
-0.008022 0.000378
-0.027512 0.006719
-0.041595 0.031986
-0.051107 0.087849
-0.056786 0.177292
-0.059294 0.294062
-0.059204 0.426474
-0.057138 0.561900
-0.053618 0.689503
-0.049116 0.796733
-0.044040 0.867140
-0.038735 0.888299
-0.033472 0.858270
-0.028455 0.785316
-0.023865 0.683481
-0.019732 0.567727
-0.016099 0.450633
-0.012971 0.341005
-0.010328 0.243900
-0.008133 0.161401
-0.006336 0.093589
-0.004888 0.039408
-0.003734 -0.002697
-0.002449 -0.034397
0.004597 -0.057278
0.030406 -0.072769
0.086682 -0.082138
0.176437 -0.086516
0.293062 -0.086918
0.419346 -0.084258
0.529661 -0.079357
0.601893 -0.072936
0.626102 -0.065617
0.605064 -0.057911
0.549673 -0.050225
0.473662 -0.042865
0.389498 -0.036040
0.306502 -0.029881
0.230500 -0.024451
0.164366 -0.019762
0.108895 -0.015787
0.063648 -0.012472
0.027594 -0.009750
-0.000476 -0.007168
-0.021727 0.000934
-0.037200 0.027591
-0.047797 0.084538
-0.054313 0.174442
-0.057462 0.285511
-0.057898 0.393182
-0.056225 0.473138
-0.052996 0.511966
-0.048707 0.508982
-0.043788 0.472400
-0.038596 0.414108
-0.033414 0.345623
-0.028455 0.275925
-0.023865 0.210829
-0.019732 0.153479
-0.016099 0.104951
-0.012971 0.065079
-0.010328 0.033072
-0.007755 0.007922
0.000383 -0.011363
0.027099 -0.025671
0.084114 -0.035769
0.174465 -0.042320
0.291940 -0.045915
0.424894 -0.047097
0.560733 -0.046369
0.689025 -0.044196
0.802453 -0.041002
0.891998 -0.037160
0.943909 -0.032988
0.947574 -0.028740
0.902028 -0.024614
0.815893 -0.020750
0.703152 -0.017238
0.578614 -0.014124
0.454577 -0.011425
0.339574 -0.009131
0.238423 -0.007214
0.153003 -0.005638
0.083224 -0.004362
0.027880 -0.003341
-0.014725 -0.002536
-0.046391 -0.001530
-0.068825 0.005296
-0.083569 0.030932
-0.091993 0.087075
-0.095316 0.176728
-0.094623 0.293276
-0.090885 0.419502
-0.084965 0.529774
-0.077610 0.601974
-0.069458 0.626161
-0.061026 0.605064
-0.052720 0.549673
-0.044839 0.473662
-0.037586 0.389498
-0.031079 0.306502
-0.025370 0.230500
-0.020461 0.164366
-0.016313 0.108895
-0.012865 0.063648
-0.010041 0.027594
-0.007382 -0.000476
0.000778 -0.021727
0.027478 -0.037200
0.084457 -0.047797
0.174762 -0.054313
0.292230 -0.057462
0.425168 -0.057898
0.560987 -0.056225
0.688880 -0.052996
0.796325 -0.048707
0.866888 -0.043788
0.888160 -0.038596
0.858212 -0.033414
0.785316 -0.028455
0.683481 -0.023865
0.567727 -0.019732
0.450633 -0.016099
0.341005 -0.012971
0.243900 -0.010328
0.161401 -0.008133
0.093589 -0.006336
0.039408 -0.004888
-0.002697 -0.003734
-0.034397 -0.002449
-0.057278 0.004597
-0.072769 0.030406
-0.082138 0.086682
-0.086516 0.176059
-0.086918 0.286720
-0.084258 0.394080
-0.079357 0.473799
-0.072936 0.512449
-0.065617 0.509332
-0.057911 0.472652
-0.050225 0.414248
-0.042865 0.345682
-0.036040 0.275925
-0.029881 0.210829
-0.024451 0.153479
-0.019762 0.104951
-0.015787 0.065079
-0.012472 0.033072
-0.009750 0.008300
-0.007546 -0.004643
-0.005785 0.006315
-0.004395 0.052080
-0.003310 0.134973
-0.002472 0.248147
-0.001832 0.379377
-0.001306 0.515531
-0.000913 0.645307
-0.000622 0.755731
-0.000409 0.829980
-0.000253 0.855311
-0.000139 0.829530
-0.000058 0.760701
0.000000 0.662730
0.000000 0.550489
0.000000 0.436509
0.000000 0.329580
0.000000 0.234770
0.000000 0.154188
0.000000 0.087951
0.000000 0.035047
0.000000 -0.006038
0.000000 -0.036933
0.000000 -0.059186
0.000000 -0.074192
0.000000 -0.083192
0.000000 -0.086912
0.000000 -0.080762
0.000000 -0.052680
0.000000 0.008239
0.000000 0.103838
0.000000 0.221668
0.000000 0.336577
0.000000 0.423826
0.000000 0.469724
0.000000 0.473351
0.000000 0.442771
0.000000 0.389796
0.000000 0.325919
0.000000 0.260139
0.000000 0.198357
0.000000 0.143729
0.000000 0.097405
0.000000 0.059294
0.000000 0.028677
0.000000 0.004612
0.000000 -0.013835
0.000000 -0.027126
0.000000 -0.030355
0.000000 -0.011247
0.000000 0.041311
0.000000 0.129786
0.000000 0.247441
0.000000 0.382138
0.000000 0.520840
0.000000 0.652342
0.000000 0.763746
0.000000 0.838400
0.000000 0.863685
0.000000 0.837520
0.000000 0.768078
0.000000 0.669356
0.000000 0.556301
0.000000 0.441502
0.000000 0.333791
0.000000 0.238262
0.000000 0.157040
0.000000 0.090247
0.000000 0.036872
0.000000 -0.004605
0.000378 -0.035821
0.006719 -0.058332
0.031986 -0.073543
0.087849 -0.082702
0.176914 -0.086924
0.287343 -0.087170
0.394488 -0.084397
0.474051 -0.079415
0.512588 -0.072936
0.509391 -0.065617
0.472652 -0.057911
0.414248 -0.050225
0.345682 -0.042865
0.275925 -0.036040
0.210829 -0.029881
0.153479 -0.024451
0.104951 -0.019762
0.065079 -0.015787
0.033072 -0.012472
0.007922 -0.009750
-0.011363 -0.007546
-0.025671 -0.005785
-0.035769 -0.004395
-0.042320 -0.003310
-0.045538 -0.002472
-0.040378 -0.001832
-0.014383 -0.001306
0.043652 -0.000913
0.136290 -0.000622
0.256902 -0.000409
0.393109 -0.000253
0.526440 -0.000139
0.633280 -0.000058
0.694854 0.000000
0.704596 0.000000
0.667961 0.000000
0.597663 0.000000
0.508348 0.000000
0.412860 0.000000
0.320536 0.000000
0.237026 0.000000
0.164969 0.000000
0.104928 0.000000
0.056263 0.000000
0.017773 0.000000
-0.011516 0.000000
-0.027310 0.000000
-0.017806 0.000000
0.027649 0.000000
0.110802 0.000000
0.218941 0.000000
0.326677 0.000000
0.409027 0.000000
0.451887 0.000000
0.454056 0.000000
0.423256 0.000000
0.370978 0.000000
0.308427 0.000000
0.244355 0.000000
0.184469 0.000000
0.131772 0.000000
0.087306 0.000000
0.050910 0.000000
0.021824 0.000000
-0.000531 0.000000
-0.011506 0.000000
0.001035 0.000000
0.048055 0.000000
0.131931 0.000000
0.245869 0.000000
0.377684 0.000000
0.514283 0.000000
0.644771 0.000000
0.761828 0.000000
0.861180 0.000000
0.936188 0.000000
0.974696 0.000000
0.966857 0.000000
0.911912 0.000000
0.818327 0.000000
0.699915 0.000000
0.571132 0.000000
0.444015 0.000000
0.326883 0.000000
0.224387 0.000000
0.138277 0.000000
0.068354 0.000000
0.013315 0.000000
-0.028627 0.000000
-0.058984 0.000000
-0.073959 0.000000
-0.062212 0.000000
-0.013509 0.000000
0.073863 0.000000
0.192560 0.000000
0.329464 0.000000
0.465484 0.000000
0.576443 0.000000
0.643032 0.000000
0.658314 0.000000
0.627390 0.000000
0.562702 0.000000
0.478694 0.000000
0.388076 0.000000
0.300105 0.000000
0.220401 0.000000
0.151604 0.000000
0.094309 0.000000
0.047916 0.000000
0.011280 0.000000
-0.016895 0.000000
-0.037845 0.000000
-0.052678 0.000000
-0.062321 0.000000
-0.067692 0.000000
-0.069191 0.000000
-0.061947 0.000000
-0.033661 0.000000
0.026739 0.000000
0.121327 0.000000
0.237807 0.000000
0.351160 0.000000
0.436796 0.000000
0.481018 0.000000
0.483031 0.000000
0.450945 0.000000
0.396602 0.000000
0.331512 0.000000
0.264678 0.000000
0.201997 0.000000
0.146617 0.000000
0.099671 0.000000
0.061054 0.000000
0.030031 0.000000
0.005644 0.000378
-0.013055 0.006719
-0.026919 0.031986
-0.036682 0.087849
-0.042942 0.177292
-0.046324 0.294062
-0.047350 0.426474
-0.046509 0.561522
-0.044254 0.683161
-0.041002 0.771467
-0.037160 0.811278
-0.032988 0.798855
-0.028740 0.741500
-0.024614 0.652904
-0.020750 0.548055
-0.017238 0.439746
-0.014124 0.337061
-0.011425 0.245331
-0.009131 0.166879
-0.007214 0.101987
-0.005638 0.049773
-0.004362 0.008832
-0.003341 -0.022369
-0.002536 -0.045284
-0.001908 -0.061222
-0.001424 -0.071338
-0.001054 -0.076283
-0.000774 -0.071398
-0.000564 -0.044567
-0.000409 0.015119
-0.000253 0.109586
-0.000139 0.226400
-0.000058 0.340418
0.000000 0.426941
0.000000 0.472219
0.000000 0.475326
0.000000 0.444317
0.000000 0.390994
0.000000 0.326838
0.000000 0.260837
0.000000 0.198883
0.000000 0.144122
0.000000 0.097696
0.000000 0.059508
0.000000 0.028833
0.000378 0.004725
0.006719 -0.013754
0.031986 -0.027445
0.087849 -0.037075
0.176914 -0.043233
0.287343 -0.046538
0.394488 -0.047506
0.474051 -0.046622
0.512588 -0.044336
0.509391 -0.041060
0.472652 -0.037160
0.414248 -0.032988
0.345682 -0.028740
0.275925 -0.024614
0.210829 -0.020750
0.153479 -0.017238
0.104951 -0.014124
0.065079 -0.011425
0.033072 -0.009131
0.007922 -0.007214
-0.011363 -0.005638
-0.025671 -0.004362
-0.035769 -0.003341
-0.042320 -0.002158
-0.045915 0.004811
-0.047097 0.030562
-0.046369 0.086795
-0.044196 0.176518
-0.041002 0.293498
-0.037160 0.426066
-0.032988 0.561270
-0.028740 0.683022
-0.024614 0.771409
-0.020750 0.811278
-0.017238 0.798855
-0.014124 0.741500
-0.011425 0.652904
-0.009131 0.548055
-0.007214 0.439746
-0.005638 0.337061
-0.004362 0.245331
-0.003341 0.166879
-0.002536 0.101987
-0.001908 0.049773
-0.001424 0.008832
-0.001054 -0.022369
-0.000774 -0.045284
-0.000564 -0.061222
-0.000409 -0.071338
-0.000253 -0.076660
-0.000139 -0.078118
-0.000058 -0.076553
0.000000 -0.072729
0.000000 -0.067328
0.000000 -0.060943
0.000000 -0.054070
0.000000 -0.047111
0.000000 -0.040370
0.000000 -0.034065
0.000000 -0.028335
0.000000 -0.023253
0.000000 -0.018843
0.000000 -0.015088
0.000000 -0.011946
0.000000 -0.009357
0.000000 -0.007255
0.000000 -0.005571
0.000000 -0.004239
0.000000 -0.003197
0.000000 -0.002391
0.000000 -0.001774
0.000000 -0.001306
0.000000 -0.000913
0.000000 -0.000622
0.000000 -0.000409
0.000000 -0.000253
0.000000 -0.000139
0.000000 -0.000058
0.000000 0.000000
0.000000 0.000000
0.000000 0.000000
0.000000 0.000000
0.000000 0.000000
0.000000 0.000000
0.000000 0.000000
0.000000 0.000000
0.000000 0.000000
0.000000 0.000000
0.000000 0.000000
0.000000 0.000000
0.000000 0.000000
0.000000 0.000000
0.000000 0.000000
0.000000 0.000000
0.000000 0.000000
0.000000 0.000000
0.000000 0.000000
0.000000 0.000000
0.000000 0.000000
0.000000 0.000000
0.000000 0.000000
0.000000 0.000000
0.000000 0.000000
0.000000 0.000000
0.000000 0.000000
0.000000 0.000000
0.000000 0.000000
0.000000 0.000000
