0.000000 0.000000
0.000000 0.000000
0.000000 0.000000
0.000000 0.000000
0.000000 0.000000
0.000000 0.000000
0.000000 0.000000
0.000000 0.000000
0.000000 0.000000
0.000000 0.000000
0.000000 0.000000
0.000000 0.000000
0.000000 0.000000
0.000000 0.000000
0.000000 0.000000
0.000000 0.000378
0.000000 0.006719
0.000000 0.031986
0.000000 0.087849
0.000000 0.176914
0.000000 0.287343
0.000000 0.394488
0.000000 0.474051
0.000000 0.512588
0.000000 0.509391
0.000000 0.472652
0.000000 0.414248
0.000000 0.345682
0.000000 0.275925
0.000000 0.210829
0.000000 0.153479
0.000000 0.104951
0.000000 0.065079
0.000000 0.033072
0.000378 0.007922
0.006719 -0.011363
0.031986 -0.025671
0.087849 -0.035769
0.177292 -0.042320
0.294062 -0.045915
0.426096 -0.047097
0.555180 -0.046369
0.657895 -0.044196
0.715604 -0.041002
0.721834 -0.037160
0.682085 -0.032988
0.609088 -0.028740
0.517478 -0.024614
0.420074 -0.020750
0.326174 -0.017238
0.241387 -0.014124
0.168310 -0.011425
0.107464 -0.009131
0.058171 -0.007214
0.019196 -0.005638
-0.010840 -0.003984
-0.033256 0.003378
-0.049228 0.029450
-0.059791 0.085940
-0.065860 0.175868
-0.068262 0.293009
-0.067753 0.425700
-0.065024 0.561336
-0.060701 0.689472
-0.055335 0.803200
-0.049396 0.898609
-0.043270 0.969370
-0.037255 1.003576
-0.031570 0.991530
-0.026360 0.932663
-0.021707 0.835564
-0.017645 0.714039
-0.014169 0.582558
-0.011247 0.453146
-0.008831 0.334096
-0.006862 0.230025
-0.005280 0.142639
-0.004025 0.071696
-0.003041 0.015851
-0.002278 -0.026719
-0.001315 -0.057938
0.005471 -0.079625
0.031073 -0.093424
0.087226 -0.100793
0.176884 -0.103021
0.293810 -0.101250
0.426335 -0.096493
0.561464 -0.089639
0.683161 -0.081451
0.771467 -0.072572
0.811278 -0.063520
0.798855 -0.054695
0.741500 -0.046386
0.652904 -0.038784
0.548055 -0.031998
0.439746 -0.026069
0.337061 -0.020987
0.245331 -0.016706
0.166879 -0.013156
0.101987 -0.010255
0.049773 -0.007916
0.008832 -0.006054
-0.022369 -0.004212
-0.045284 0.003270
-0.061222 0.029455
-0.071338 0.086016
-0.076660 0.175986
-0.078118 0.293149
-0.076553 0.425852
-0.072729 0.561491
-0.067328 0.689628
-0.060943 0.803313
-0.054070 0.898690
-0.047111 0.969428
-0.040370 1.003576
-0.034065 0.991530
-0.028335 0.932663
-0.023253 0.835564
-0.018843 0.714039
-0.015088 0.582558
-0.011946 0.453146
-0.009357 0.334096
-0.007255 0.230025
-0.005571 0.142639
-0.004239 0.071696
-0.003197 0.015851
-0.002391 -0.026719
-0.001396 -0.057938
0.005413 -0.079625
0.031073 -0.093424
0.087226 -0.100793
0.176884 -0.103021
0.293810 -0.101250
0.426335 -0.096493
0.561842 -0.089639
0.689881 -0.081451
0.803075 -0.072572
0.892407 -0.063520
0.944162 -0.054695
0.947714 -0.046386
0.902086 -0.038784
0.815893 -0.031998
0.703152 -0.026069
0.578614 -0.020987
0.454577 -0.016706
0.339574 -0.013156
0.238423 -0.010255
0.153003 -0.007916
0.083224 -0.006054
0.027880 -0.004589
-0.014725 -0.003450
-0.046013 -0.002531
-0.062105 -0.001832
-0.051583 -0.001306
-0.004145 -0.000913
0.081599 -0.000622
0.192720 -0.000409
0.303603 -0.000253
0.389087 -0.000139
0.434978 -0.000058
0.439933 0.000000
0.411627 0.000000
0.361528 0.000000
0.300842 0.000000
0.238339 0.000000
0.179750 0.000000
0.128109 0.000000
0.084491 0.000000
0.048767 0.000000
0.020207 0.000000
-0.002119 0.000378
-0.019123 0.006719
-0.031612 0.031986
-0.040277 0.087849
-0.045711 0.177292
-0.048446 0.294062
-0.048930 0.426474
-0.047675 0.561522
-0.045110 0.683161
-0.041625 0.771467
-0.037569 0.811278
-0.033240 0.798855
-0.028880 0.741500
-0.024673 0.652904
-0.020750 0.548055
-0.017238 0.439746
-0.014124 0.337061
-0.011425 0.245331
-0.009131 0.166879
-0.007214 0.101987
-0.005638 0.049773
-0.004362 0.008832
-0.003341 -0.021991
-0.002536 -0.038565
-0.001908 -0.029236
-0.001424 0.016511
-0.001054 0.100254
-0.000774 0.209225
-0.000564 0.317935
-0.000409 0.401322
-0.000253 0.445260
-0.000139 0.448448
-0.000058 0.418582
0.000000 0.367137
0.000000 0.305312
0.000000 0.241861
0.000000 0.182494
0.000000 0.130226
0.000000 0.086108
0.000000 0.049991
0.000000 0.021126
0.000000 -0.001435
0.000000 -0.018618
0.000000 -0.031242
0.000000 -0.039630
0.000000 -0.038797
0.000000 -0.016320
0.000000 0.038977
0.000000 0.129617
0.000000 0.248575
0.000000 0.378130
0.000000 0.492345
0.000000 0.568792
0.000000 0.597281
0.000000 0.580391
0.000000 0.528923
0.000000 0.456425
0.000000 0.375373
0.000000 0.295077
0.000000 0.221370
0.000000 0.157152
0.000000 0.103257
0.000000 0.059287
0.000000 0.024253
0.000000 -0.003012
0.000000 -0.023635
0.000000 -0.038623
0.000000 -0.048851
0.000000 -0.054710
0.000000 -0.051307
0.000000 -0.026320
0.000000 0.031371
0.000000 0.124157
0.000000 0.245297
0.000000 0.382686
0.000000 0.523304
0.000000 0.656466
0.000000 0.774620
0.000000 0.868542
0.000000 0.924429
0.000000 0.931614
0.000000 0.889115
0.000000 0.805564
0.000000 0.695020
0.000000 0.572277
0.000000 0.449689
0.000000 0.335840
0.000000 0.235596
0.000000 0.150881
0.000000 0.081644
0.000000 0.026713
0.000000 -0.015581
0.000000 -0.046636
0.000000 -0.062514
0.000000 -0.051835
0.000000 -0.004284
0.000000 0.081918
0.000000 0.199440
0.000000 0.335589
0.000000 0.476935
0.000000 0.612270
0.000000 0.733995
0.000000 0.837723
0.000000 0.916708
0.000000 0.958737
0.000000 0.953944
0.000000 0.901584
0.000000 0.810194
0.000000 0.693579
0.000000 0.566245
0.000000 0.440281
0.000000 0.324055
0.000000 0.222265
0.000000 0.136698
0.000000 0.067187
0.000000 0.012460
0.000000 -0.029250
0.000378 -0.059770
0.006719 -0.080931
0.031986 -0.094338
0.087849 -0.101416
0.176914 -0.103429
0.287343 -0.101503
0.394488 -0.096633
0.474051 -0.089697
0.512588 -0.081451
0.509391 -0.072572
0.472652 -0.063520
0.414248 -0.054695
0.345682 -0.046386
0.275925 -0.038784
0.210829 -0.031998
0.153479 -0.026069
0.104951 -0.020987
0.065079 -0.016706
0.033072 -0.013156
0.007922 -0.009877
-0.011363 -0.001197
-0.025671 0.025932
-0.035769 0.083259
-0.042320 0.173843
-0.045915 0.291532
-0.047097 0.424264
-0.046369 0.553874
-0.044196 0.656981
-0.041002 0.714982
-0.037160 0.721426
-0.032988 0.681833
-0.028740 0.608949
-0.024614 0.517420
-0.020750 0.420074
-0.017238 0.326174
-0.014124 0.241387
-0.011425 0.168310
-0.009131 0.107464
-0.007214 0.058171
-0.005638 0.019196
-0.003984 -0.010840
0.003378 -0.033256
0.029450 -0.049228
0.085940 -0.059791
0.175868 -0.065860
0.293009 -0.068262
0.425700 -0.067753
0.561336 -0.065024
0.689472 -0.060701
0.803200 -0.055335
0.898609 -0.049396
0.969370 -0.043270
1.003576 -0.037255
0.991530 -0.031570
0.932663 -0.026360
0.835564 -0.021707
0.714039 -0.017645
0.582558 -0.014169
0.453146 -0.011247
0.334096 -0.008831
0.230025 -0.006862
0.142639 -0.005280
0.071696 -0.004025
0.015851 -0.003041
-0.026719 -0.002278
-0.057938 -0.001693
-0.079625 -0.001248
-0.093424 -0.000913
-0.100793 -0.000622
-0.103021 -0.000031
-0.101250 0.006467
-0.096493 0.031847
-0.089639 0.087790
-0.081451 0.177292
-0.072572 0.294062
-0.063520 0.426096
-0.054695 0.555180
-0.046386 0.657895
-0.038784 0.715604
-0.031998 0.721834
-0.026069 0.682085
-0.020987 0.609088
-0.016706 0.517478
-0.013156 0.420074
-0.010255 0.326174
-0.007916 0.241387
-0.006054 0.168310
-0.004589 0.107464
-0.003450 0.058171
-0.002531 0.019196
-0.001454 -0.010840
0.005413 -0.033256
0.031073 -0.049228
0.087226 -0.059791
0.176506 -0.065860
0.287090 -0.068262
0.394349 -0.067753
0.473993 -0.065024
0.512588 -0.060701
0.509391 -0.055335
0.472652 -0.049396
0.414248 -0.043270
0.345682 -0.037255
0.275925 -0.031570
0.210829 -0.026360
0.153479 -0.021707
0.104951 -0.017645
0.065079 -0.014169
0.033072 -0.011247
0.007922 -0.008831
-0.010985 -0.006862
-0.018952 -0.005280
-0.003783 -0.004025
0.045529 -0.003041
0.131377 -0.002278
0.246965 -0.001693
0.379727 -0.001248
0.510984 -0.000913
0.616892 -0.000622
0.678444 -0.000409
0.688846 -0.000253
0.653345 -0.000139
0.584474 -0.000058
0.496728 0.000000
0.402837 0.000000
0.312050 0.000000
0.229962 0.000000
0.159179 0.000000
0.100251 0.000000
0.052533 0.000000
0.014835 0.000000
-0.013804 0.000000
-0.029073 0.000000
-0.019150 0.000000
0.026634 0.000000
0.110378 0.000000
0.225026 0.000000
0.358157 0.000000
0.496467 0.000000
0.628927 0.000000
0.747979 0.000000
0.849294 0.000000
0.926158 0.000000
0.966321 0.000000
0.959960 0.000000
0.906303 0.000000
0.813857 0.000000
0.696394 0.000000
0.568388 0.000000
0.441898 0.000000
0.325265 0.000000
0.223162 0.000000
0.137358 0.000000
0.067670 0.000000
0.012810 0.000000
-0.028997 0.000000
-0.059253 0.000000
-0.074154 0.000000
-0.062352 0.000000
-0.013567 0.000000
0.073863 0.000000
0.192560 0.000000
0.329841 0.000000
0.472203 0.000000
0.608429 0.000000
0.730503 0.000000
0.828886 0.000000
0.889467 0.000000
0.901328 0.000000
0.863302 0.000000
0.783895 0.000000
0.677084 0.000000
0.557627 0.000000
0.437871 0.000000
0.326418 0.000000
0.228168 0.000000
0.145087 0.000000
0.077170 0.000000
0.023290 0.000000
-0.018175 0.000000
-0.048544 0.000000
-0.063937 0.000000
-0.052889 0.000000
-0.005058 0.000000
0.080976 0.000000
0.192312 0.000000
0.303350 0.000000
0.388947 0.000000
0.434920 0.000000
0.439933 0.000000
0.411627 0.000000
0.361528 0.000000
0.300842 0.000000
0.238339 0.000000
0.179750 0.000000
0.128109 0.000000
0.084491 0.000000
0.048767 0.000000
0.020207 0.000000
-0.002119 0.000000
-0.019123 0.000000
-0.031612 0.000000
-0.040277 0.000000
-0.045711 0.000000
-0.048446 0.000378
-0.048930 0.006719
-0.047675 0.031986
-0.045110 0.087849
-0.041625 0.176914
-0.037569 0.287343
-0.033240 0.394488
-0.028880 0.474051
-0.024673 0.512588
-0.020750 0.509391
-0.017238 0.472652
-0.014124 0.414248
-0.011425 0.345682
-0.009131 0.275925
-0.007214 0.210829
-0.005638 0.153479
-0.004362 0.104951
-0.003341 0.065079
-0.002536 0.033072
-0.001530 0.007922
0.005296 -0.011363
0.030932 -0.025671
0.087075 -0.035769
0.176728 -0.042320
0.293654 -0.045915
0.425844 -0.047097
0.555041 -0.046369
0.657836 -0.044196
0.715604 -0.041002
0.721834 -0.037160
0.682085 -0.032988
0.609088 -0.028740
0.517478 -0.024614
0.420074 -0.020750
0.326174 -0.017238
0.241387 -0.014124
0.168310 -0.011425
0.107464 -0.009131
0.058171 -0.007214
0.019196 -0.005638
-0.010463 -0.004362
-0.026536 -0.003341
-0.017242 -0.002536
0.028058 -0.001908
0.111432 -0.001424
0.225422 -0.001054
0.352001 -0.000774
0.464890 -0.000564
0.541331 -0.000409
0.570826 -0.000253
0.555668 -0.000139
0.506404 -0.000058
0.436407 0.000000
0.357927 0.000000
0.280142 0.000000
0.208793 0.000000
0.146721 0.000000
0.094726 0.000000
0.052401 0.000000
0.018763 0.000000
-0.007338 0.000000
-0.027008 0.000000
-0.040847 0.000000
-0.044119 0.000000
-0.024605 0.000000
0.028694 0.000000
0.117769 0.000000
0.230205 0.000000
0.340870 0.000000
0.424936 0.000000
0.468548 0.000000
0.470655 0.000000
0.439180 0.000000
0.385792 0.000000
0.321817 0.000000
0.256193 0.000000
0.194729 0.000000
0.140508 0.000000
0.094623 0.000000
0.056947 0.000000
0.026735 0.000000
0.003035 0.000378
-0.015097 0.006719
-0.028498 0.031986
-0.037891 0.087849
-0.043899 0.176914
-0.047082 0.287343
-0.047953 0.394488
-0.046992 0.474051
-0.044605 0.512588
-0.041255 0.509391
-0.037300 0.472652
-0.033046 0.414248
-0.028740 0.345682
-0.024614 0.275925
-0.020750 0.210829
-0.017238 0.153479
-0.014124 0.104951
-0.011425 0.065079
-0.009131 0.033072
-0.007214 0.008300
-0.005638 -0.004643
-0.004362 0.006315
-0.003341 0.052080
-0.002536 0.134973
-0.001908 0.248147
-0.001424 0.379377
-0.001054 0.515531
-0.000774 0.645684
-0.000564 0.762450
-0.000409 0.861588
-0.000253 0.936440
-0.000139 0.974836
-0.000058 0.966915
0.000000 0.911912
0.000000 0.818327
0.000000 0.699915
0.000000 0.571132
0.000000 0.444015
0.000000 0.326883
0.000000 0.224387
0.000000 0.138277
0.000000 0.068354
0.000000 0.013315
0.000000 -0.028627
0.000378 -0.059361
0.006719 -0.080679
0.031986 -0.094198
0.087849 -0.101357
0.176914 -0.103429
0.287343 -0.101503
0.394488 -0.096633
0.474051 -0.089697
0.512588 -0.081451
0.509391 -0.072572
0.472652 -0.063520
0.414248 -0.054695
0.345682 -0.046386
0.275925 -0.038784
0.210829 -0.031998
0.153479 -0.026069
0.104951 -0.020987
0.065079 -0.016706
0.033072 -0.013156
0.007922 -0.009877
-0.011363 -0.001197
-0.025671 0.025932
-0.035769 0.083259
-0.042320 0.173843
-0.045915 0.291532
-0.047097 0.424642
-0.046369 0.560216
-0.044196 0.682248
-0.041002 0.770844
-0.037160 0.810869
-0.032988 0.798603
-0.028740 0.741361
-0.024614 0.652846
-0.020750 0.548055
-0.017238 0.439746
-0.014124 0.337061
-0.011425 0.245331
-0.009131 0.166879
-0.007214 0.101987
-0.005638 0.049773
-0.004362 0.008832
-0.002964 -0.022369
0.004183 -0.045284
0.030078 -0.061222
0.086425 -0.071338
0.175861 -0.076660
0.286569 -0.078118
0.393924 -0.076553
0.473643 -0.072729
0.512336 -0.067328
0.509251 -0.060943
0.472594 -0.054070
0.414248 -0.047111
0.345682 -0.040370
0.275925 -0.034065
0.210829 -0.028335
0.153479 -0.023253
0.104951 -0.018843
0.065079 -0.015088
0.033072 -0.011946
0.007922 -0.009357
-0.011363 -0.007255
-0.025671 -0.005571
-0.035769 -0.004239
-0.042320 -0.003197
-0.045915 -0.002013
-0.047097 0.004945
-0.046369 0.030680
-0.044196 0.086935
-0.041002 0.176670
-0.037160 0.293654
-0.032988 0.426222
-0.028740 0.561760
-0.024614 0.689822
-0.020750 0.803453
-0.017238 0.898749
-0.014124 0.969428
-0.011425 1.003576
-0.009131 0.991530
-0.007214 0.932663
-0.005638 0.835564
-0.004362 0.714039
-0.003341 0.582558
-0.002536 0.453146
-0.001908 0.334096
-0.001424 0.230025
-0.001054 0.142639
-0.000774 0.071696
-0.000564 0.015851
-0.000409 -0.026719
-0.000253 -0.057560
-0.000139 -0.072906
-0.000058 -0.061438
0.000000 -0.012945
0.000000 0.074272
0.000000 0.192812
0.000000 0.329981
0.000000 0.472261
0.000000 0.608052
0.000000 0.724161
0.000000 0.803620
0.000000 0.833604
0.000000 0.811884
0.000000 0.746532
0.000000 0.651483
0.000000 0.541658
0.000000 0.429646
0.000000 0.324299
0.000000 0.230745
0.000000 0.151147
0.000000 0.085673
0.000000 0.033354
0.000000 -0.007286
0.000000 -0.037469
0.000000 -0.053089
0.000000 -0.042615
0.000000 0.004404
0.000000 0.089863
0.000000 0.206144
0.000000 0.335088
0.000000 0.450305
0.000000 0.528956
0.000000 0.560486
0.000000 0.547153
0.000000 0.499448
0.000000 0.430798
0.000000 0.353458
0.000000 0.276621
0.000000 0.206049
0.000000 0.144604
0.000000 0.093109
0.000000 0.051177
0.000000 0.017844
0.000378 -0.008022
0.006719 -0.027512
0.031986 -0.041595
0.087849 -0.051107
0.177292 -0.056786
0.293684 -0.059294
0.419755 -0.059204
0.529914 -0.057138
0.602032 -0.053618
0.626161 -0.049116
0.605064 -0.044040
0.549673 -0.038735
0.473662 -0.033472
0.389498 -0.028455
0.306502 -0.023865
0.230500 -0.019732
0.164366 -0.016099
0.108895 -0.012971
0.063648 -0.010328
0.027594 -0.008133
-0.000476 -0.005959
-0.021727 0.001832
-0.037200 0.028252
-0.047797 0.085021
-0.054313 0.175170
-0.057462 0.292483
-0.057898 0.425307
-0.056225 0.561045
-0.052996 0.689258
-0.048707 0.803044
-0.043788 0.898496
-0.038596 0.969289
-0.033414 1.003518
-0.028455 0.991530
-0.023865 0.932663
-0.019732 0.835564
-0.016099 0.714039
-0.012971 0.582558
-0.010328 0.453146
-0.008133 0.334096
-0.006336 0.230025
-0.004888 0.142639
-0.003734 0.071696
-0.002827 0.015851
-0.002122 -0.026719
-0.001580 -0.057938
-0.001167 -0.079625
-0.000855 -0.093424
-0.000245 -0.100793
0.006311 -0.103021
0.031734 -0.101250
0.087709 -0.096493
0.176856 -0.089639
0.287343 -0.081451
0.394488 -0.072572
0.474051 -0.063520
0.512588 -0.054695
0.509391 -0.046386
0.472652 -0.038784
0.414248 -0.031998
0.345682 -0.026069
0.275925 -0.020987
0.210829 -0.016706
0.153479 -0.013156
0.104951 -0.010255
0.065079 -0.007916
0.033072 -0.006054
0.007922 -0.004589
-0.011363 -0.003450
-0.025671 -0.002531
-0.035769 -0.001832
-0.042320 -0.001306
-0.045915 -0.000913
-0.047097 -0.000622
-0.046369 -0.000409
-0.044196 -0.000253
-0.041002 -0.000139
-0.037160 -0.000058
-0.032988 0.000000
-0.028740 0.000000
-0.024614 0.000000
-0.020750 0.000000
-0.017238 0.000000
-0.014124 0.000000
-0.011425 0.000000
-0.009131 0.000000
-0.007214 0.000000
-0.005638 0.000000
-0.004362 0.000000
-0.003341 0.000000
-0.002536 0.000000
-0.001908 0.000000
-0.001424 0.000000
-0.001054 0.000000
-0.000774 0.000000
-0.000564 0.000000
-0.000409 0.000000
-0.000253 0.000000
-0.000139 0.000000
-0.000058 0.000000
0.000000 0.000000
0.000000 0.000000
0.000000 0.000000
0.000000 0.000000
0.000000 0.000000
0.000000 0.000000
0.000000 0.000000
0.000000 0.000000
0.000000 0.000000
0.000000 0.000000
0.000000 0.000000
0.000000 0.000000
0.000000 0.000000
0.000000 0.000000
0.000000 0.000000
0.000000 0.000000
0.000000 0.000000
0.000000 0.000000
0.000000 0.000000
0.000000 0.000000
0.000000 0.000000
0.000000 0.000000
0.000000 0.000000
0.000000 0.000000
0.000000 0.000000
0.000000 0.000000
0.000000 0.000000
0.000000 0.000000
0.000000 0.000000
0.000000 0.000000
0.000000 0.000000
0.000000 0.000000
0.000000 0.000000
0.000000 0.000000
0.000000 0.000000
0.000000 0.000000
0.000000 0.000000
0.000000 0.000000
0.000000 0.000000
0.000000 0.000000
0.000000 0.000000
0.000000 0.000000
0.000000 0.000000
0.000000 0.000000
0.000000 0.000000
0.000000 0.000000
0.000000 0.000000
0.000000 0.000000
0.000000 0.000000
0.000000 0.000000
0.000000 0.000000
