0.000000 0.000000
0.000000 0.000000
0.000000 0.000000
0.000000 0.000000
0.000000 0.000000
0.000000 0.000000
0.000000 0.000000
0.000000 0.000000
0.000000 0.000000
0.000000 0.000000
0.000000 0.000000
0.000000 0.000000
0.000000 0.000000
0.000000 0.000000
0.000000 0.000000
0.000000 0.000000
0.000000 0.000000
0.000000 0.000000
0.000000 0.000000
0.000378 0.000000
0.006719 0.000000
0.031986 0.000000
0.087849 0.000000
0.177292 0.000000
0.294062 0.000000
0.426096 0.000000
0.555180 0.000000
0.657895 0.000000
0.715604 0.000000
0.721834 0.000000
0.682085 0.000000
0.609088 0.000000
0.517478 0.000000
0.420074 0.000000
0.326174 0.000000
0.241387 0.000000
0.168310 0.000000
0.107464 0.000000
0.058171 0.000000
0.019196 0.000000
-0.010463 0.000000
-0.026536 0.000000
-0.017242 0.000000
0.028058 0.000000
0.111054 0.000000
0.219080 0.000000
0.326735 0.000000
0.409027 0.000000
0.451887 0.000000
0.454056 0.000000
0.423256 0.000000
0.370978 0.000000
0.308427 0.000000
0.244355 0.000000
0.184469 0.000000
0.131772 0.000000
0.087306 0.000000
0.050910 0.000000
0.021824 0.000000
-0.000909 0.000378
-0.018225 0.006719
-0.030951 0.031986
-0.039794 0.087849
-0.045361 0.177292
-0.048193 0.293684
-0.048790 0.419755
-0.047617 0.529914
-0.045110 0.602032
-0.041625 0.626161
-0.037569 0.605064
-0.033240 0.549673
-0.028880 0.473662
-0.024673 0.389498
-0.020750 0.306502
-0.017238 0.230500
-0.014124 0.164366
-0.011425 0.108895
-0.009131 0.063648
-0.007214 0.027594
-0.005638 -0.000098
-0.004362 -0.015008
-0.003341 -0.005214
-0.002536 0.040051
-0.001908 0.122601
-0.001424 0.229881
-0.001054 0.336590
-0.000774 0.417827
-0.000564 0.459592
-0.000409 0.460683
-0.000253 0.428864
-0.000139 0.375652
-0.000058 0.312267
0.000000 0.247470
0.000000 0.186963
0.000000 0.133747
0.000000 0.088852
0.000000 0.052108
0.000000 0.022743
0.000378 -0.000210
0.006719 -0.017699
0.031986 -0.030559
0.087849 -0.039503
0.177292 -0.045147
0.293684 -0.048037
0.419755 -0.048677
0.529914 -0.047536
0.602032 -0.045052
0.626161 -0.041625
0.605064 -0.037569
0.549673 -0.033240
0.473662 -0.028880
0.389498 -0.024673
0.306502 -0.020750
0.230500 -0.017238
0.164366 -0.014124
0.108895 -0.011425
0.063648 -0.009131
0.027594 -0.007214
-0.000098 -0.005638
-0.015008 -0.004362
-0.005214 -0.003341
0.040051 -0.002536
0.122601 -0.001908
0.229881 -0.001424
0.336590 -0.001054
0.417827 -0.000774
0.459592 -0.000564
0.460683 -0.000409
0.428864 -0.000253
0.375652 -0.000139
0.312267 -0.000058
0.247470 0.000000
0.186963 0.000000
0.133747 0.000000
0.088852 0.000000
0.052108 0.000000
0.022743 0.000000
0.000167 0.000000
-0.010980 0.000000
0.001427 0.000000
0.048346 0.000000
0.131768 0.000000
0.239305 0.000000
0.345811 0.000000
0.426516 0.000000
0.467537 0.000000
0.467766 0.000000
0.435083 0.000000
0.381007 0.000000
0.316802 0.000000
0.251253 0.000000
0.190078 0.000000
0.136241 0.000000
0.090827 0.000000
0.053654 0.000000
0.023941 0.000000
0.000709 0.000000
-0.017001 0.000000
-0.030033 0.000000
-0.039110 0.000378
-0.044856 0.006719
-0.047824 0.031986
-0.048521 0.087849
-0.047423 0.177292
-0.044970 0.294062
-0.041567 0.426096
-0.037569 0.555180
-0.033240 0.657895
-0.028880 0.715604
-0.024673 0.721834
-0.020750 0.682085
-0.017238 0.609088
-0.014124 0.517478
-0.011425 0.420074
-0.009131 0.326174
-0.007214 0.241387
-0.005638 0.168310
-0.004362 0.107464
-0.003341 0.058171
-0.002536 0.019196
-0.001530 -0.010840
0.005296 -0.033256
0.030932 -0.049228
0.087075 -0.059791
0.176350 -0.065860
0.286934 -0.068262
0.394236 -0.067753
0.473912 -0.065024
0.512530 -0.060701
0.509391 -0.055335
0.472652 -0.049396
0.414248 -0.043270
0.345682 -0.037255
0.275925 -0.031570
0.210829 -0.026360
0.153479 -0.021707
0.104951 -0.017645
0.065079 -0.014169
0.033072 -0.011247
0.007922 -0.008453
-0.011363 -0.000143
-0.025671 0.026706
-0.035769 0.083823
-0.042320 0.174251
-0.045915 0.291784
-0.047097 0.424781
-0.046369 0.560652
-0.044196 0.688967
-0.041002 0.802453
-0.037160 0.891998
-0.032988 0.943909
-0.028740 0.947574
-0.024614 0.902028
-0.020750 0.815893
-0.017238 0.703152
-0.014124 0.578614
-0.011425 0.454577
-0.009131 0.339574
-0.007214 0.238423
-0.005638 0.153003
-0.004362 0.083224
-0.003341 0.027880
-0.002536 -0.014725
-0.001530 -0.046391
0.005296 -0.068825
0.030932 -0.083569
0.087075 -0.091993
0.176728 -0.095316
0.293654 -0.094623
0.426222 -0.090885
0.561760 -0.084965
0.689445 -0.077610
0.796733 -0.069458
0.867140 -0.061026
0.888299 -0.052720
0.858270 -0.044839
0.785316 -0.037586
0.683481 -0.031079
0.567727 -0.025370
0.450633 -0.020461
0.341005 -0.016313
0.243900 -0.012865
0.161401 -0.010041
0.093589 -0.007760
0.039408 -0.005941
-0.002697 -0.004508
-0.034019 -0.003391
-0.050558 -0.002531
-0.040783 -0.001832
0.005711 -0.001306
0.090776 -0.000913
0.207145 -0.000622
0.341838 -0.000409
0.475824 -0.000253
0.584958 -0.000139
0.649988 -0.000058
0.663923 0.000000
0.631860 0.000000
0.566224 0.000000
0.481438 0.000000
0.390193 0.000000
0.301722 0.000000
0.221625 0.000000
0.152523 0.000000
0.094992 0.000000
0.048421 0.000000
0.011650 0.000000
-0.016625 0.000000
-0.037651 0.000000
-0.052538 0.000000
-0.061886 0.000000
-0.060973 0.000000
-0.037583 0.000000
0.019182 0.000000
0.111645 0.000000
0.232953 0.000000
0.370887 0.000000
0.512365 0.000000
0.646553 0.000000
0.765820 0.000000
0.860837 0.000000
0.917802 0.000000
0.926006 0.000000
0.884441 0.000000
0.801723 0.000000
0.691905 0.000000
0.569783 0.000000
0.447715 0.000000
0.334293 0.000000
0.234398 0.000000
0.149962 0.000000
0.080946 0.000000
0.026187 0.000000
-0.015973 0.000000
-0.047304 0.000378
-0.069447 0.006719
-0.083977 0.031986
-0.092246 0.087849
-0.095455 0.176914
-0.094681 0.287343
-0.090885 0.394488
-0.084965 0.474051
-0.077610 0.512588
-0.069458 0.509391
-0.061026 0.472652
-0.052720 0.414248
-0.044839 0.345682
-0.037586 0.275925
-0.031079 0.210829
-0.025370 0.153479
-0.020461 0.104951
-0.016313 0.065079
-0.012865 0.033072
-0.009663 0.007922
-0.001041 -0.011363
0.026045 -0.025671
0.083340 -0.035769
0.173523 -0.042320
0.284812 -0.045915
0.392656 -0.047097
0.472745 -0.046369
0.511675 -0.044196
0.508768 -0.041002
0.472244 -0.037160
0.413995 -0.032988
0.345542 -0.028740
0.275867 -0.024614
0.210829 -0.020750
0.153479 -0.017238
0.104951 -0.014124
0.065079 -0.011425
0.033072 -0.009131
0.007922 -0.006836
-0.011363 0.001081
-0.025671 0.027625
-0.035769 0.084507
-0.042320 0.174378
-0.045915 0.285435
-0.047097 0.393064
-0.046369 0.472998
-0.044196 0.511815
-0.041002 0.508826
-0.037160 0.472244
-0.032988 0.413995
-0.028740 0.345542
-0.024614 0.275867
-0.020750 0.210829
-0.017238 0.153479
-0.014124 0.104951
-0.011425 0.065079
-0.009131 0.033072
-0.007214 0.008300
-0.005638 -0.004643
-0.004362 0.006315
-0.003341 0.052080
-0.002536 0.134973
-0.001908 0.248147
-0.001424 0.379377
-0.001054 0.515531
-0.000774 0.645307
-0.000564 0.755731
-0.000409 0.829980
-0.000253 0.855311
-0.000139 0.829530
-0.000058 0.760701
0.000000 0.662730
0.000000 0.550489
0.000000 0.436509
0.000000 0.329580
0.000000 0.234770
0.000000 0.154188
0.000000 0.087951
0.000000 0.035047
0.000000 -0.006038
0.000000 -0.036556
0.000000 -0.052467
0.000000 -0.042206
0.000000 0.004657
0.000000 0.090002
0.000000 0.206580
0.000000 0.341430
0.000000 0.475571
0.000000 0.584819
0.000000 0.649929
0.000000 0.663923
0.000000 0.631860
0.000000 0.566224
0.000000 0.481438
0.000000 0.390193
0.000000 0.301722
0.000000 0.221625
0.000000 0.152523
0.000000 0.094992
0.000000 0.048421
0.000000 0.011650
0.000378 -0.016625
0.006719 -0.037651
0.031986 -0.052538
0.087849 -0.062263
0.176914 -0.067692
0.287343 -0.069569
0.394488 -0.068667
0.474051 -0.065647
0.512588 -0.061110
0.509391 -0.055587
0.472652 -0.049535
0.414248 -0.043328
0.345682 -0.037255
0.275925 -0.031570
0.210829 -0.026360
0.153479 -0.021707
0.104951 -0.017645
0.065079 -0.014169
0.033072 -0.011247
0.007922 -0.008831
-0.011363 -0.006862
-0.025671 -0.004903
-0.035769 0.002694
-0.042320 0.028945
-0.045915 0.085570
-0.047097 0.175222
-0.046369 0.286095
-0.044196 0.393575
-0.041002 0.473429
-0.037160 0.512180
-0.032988 0.509138
-0.028740 0.472513
-0.024614 0.414189
-0.020750 0.345682
-0.017238 0.275925
-0.014124 0.210829
-0.011425 0.153479
-0.009131 0.104951
-0.007214 0.065079
-0.005638 0.033072
-0.003984 0.007922
0.003378 -0.011363
0.029450 -0.025671
0.085940 -0.035769
0.175491 -0.042320
0.286289 -0.045915
0.393714 -0.047097
0.473487 -0.046369
0.512180 -0.044196
0.509138 -0.041002
0.472513 -0.037160
0.414189 -0.032988
0.345682 -0.028740
0.275925 -0.024614
0.210829 -0.020750
0.153479 -0.017238
0.104951 -0.014124
0.065079 -0.011425
0.033072 -0.009131
0.008300 -0.007214
-0.004643 -0.005638
0.006315 -0.004362
0.052080 -0.003341
0.134973 -0.002536
0.248147 -0.001908
0.379377 -0.001424
0.515531 -0.001054
0.645684 -0.000774
0.762073 -0.000564
0.855246 -0.000409
0.911174 -0.000253
0.918974 -0.000139
0.877472 -0.000058
0.795142 0.000000
0.685915 0.000000
0.564489 0.000000
0.443152 0.000000
0.330443 0.000000
0.231209 0.000000
0.147365 0.000000
0.078863 0.000000
0.024538 0.000000
-0.017262 0.000000
-0.048299 0.000378
-0.070248 0.006719
-0.084623 0.031986
-0.092767 0.087849
-0.095880 0.177292
-0.095031 0.294062
-0.091138 0.426096
-0.085104 0.555180
-0.077669 0.657895
-0.069458 0.715604
-0.061026 0.721834
-0.052720 0.682085
-0.044839 0.609088
-0.037586 0.517478
-0.031079 0.420074
-0.025370 0.326174
-0.020461 0.241387
-0.016313 0.168310
-0.012865 0.107464
-0.010041 0.058171
-0.007760 0.019196
-0.005563 -0.010840
0.002211 -0.033256
0.028595 -0.049228
0.085318 -0.059791
0.175460 -0.065860
0.292756 -0.068262
0.425561 -0.067753
0.561278 -0.065024
0.689094 -0.060701
0.796481 -0.055335
0.867001 -0.049396
0.888241 -0.043270
0.858270 -0.037255
0.785316 -0.031570
0.683481 -0.026360
0.567727 -0.021707
0.450633 -0.017645
0.341005 -0.014169
0.243900 -0.011247
0.161401 -0.008831
0.093589 -0.006862
0.039408 -0.005280
-0.002697 -0.004025
-0.034397 -0.003041
-0.057278 -0.002278
-0.072769 -0.001693
-0.082138 -0.001248
-0.086138 -0.000913
-0.080198 -0.000622
-0.052272 -0.000409
0.008492 -0.000253
0.103978 -0.000139
0.221726 -0.000058
0.336577 0.000000
0.423826 0.000000
0.469724 0.000000
0.473351 0.000000
0.442771 0.000000
0.389796 0.000000
0.325919 0.000000
0.260139 0.000000
0.198357 0.000000
0.143729 0.000000
0.097405 0.000000
0.059294 0.000000
0.028677 0.000000
0.004990 0.000000
-0.007116 0.000000
0.004483 0.000000
0.050774 0.000000
0.133681 0.000000
0.240805 0.000000
0.346982 0.000000
0.427430 0.000000
0.468253 0.000000
0.468330 0.000000
0.435492 0.000000
0.381260 0.000000
0.316941 0.000000
0.251311 0.000000
0.190078 0.000000
0.136241 0.000000
0.090827 0.000000
0.053654 0.000000
0.023941 0.000000
0.001086 0.000000
-0.010281 0.000000
0.001953 0.000000
0.048738 0.000000
0.132436 0.000000
0.246239 0.000000
0.377953 0.000000
0.514099 0.000000
0.638191 0.000000
0.729900 0.000000
0.773709 0.000000
0.765615 0.000000
0.712620 0.000000
0.628231 0.000000
0.527305 0.000000
0.422508 0.000000
0.322937 0.000000
0.233906 0.000000
0.157748 0.000000
0.094773 0.000000
0.044135 0.000000
0.004470 0.000000
-0.025710 0.000378
-0.047820 0.006719
-0.063130 0.031986
-0.072761 0.087849
-0.077714 0.177292
-0.078892 0.293684
-0.077117 0.419755
-0.073138 0.529914
-0.067581 0.602032
-0.061082 0.626161
-0.054128 0.605064
-0.047111 0.549673
-0.040370 0.473662
-0.034065 0.389498
-0.028335 0.306502
-0.023253 0.230500
-0.018843 0.164366
-0.015088 0.108895
-0.011946 0.063648
-0.009357 0.027594
-0.007255 -0.000098
-0.005571 -0.015008
-0.004239 -0.005214
-0.003197 0.040051
-0.002391 0.122601
-0.001774 0.229881
-0.001306 0.336590
-0.000913 0.417827
-0.000622 0.459592
-0.000409 0.460683
-0.000253 0.428864
-0.000139 0.375652
-0.000058 0.312267
0.000000 0.247470
0.000000 0.186963
0.000000 0.133747
0.000000 0.088852
0.000000 0.052108
0.000000 0.022743
0.000378 -0.000210
0.006719 -0.017699
0.031986 -0.030559
0.087849 -0.039503
0.177292 -0.045147
0.294062 -0.048037
0.426474 -0.048677
0.561522 -0.047536
0.683161 -0.045052
0.771467 -0.041625
0.811278 -0.037569
0.798855 -0.033240
0.741500 -0.028880
0.652904 -0.024673
0.548055 -0.020750
0.439746 -0.017238
0.337061 -0.014124
0.245331 -0.011425
0.166879 -0.009131
0.101987 -0.007214
0.049773 -0.005638
0.008832 -0.004362
-0.022369 -0.002964
-0.045284 0.004183
-0.061222 0.030078
-0.071338 0.086425
-0.076660 0.176238
-0.078118 0.293288
-0.076553 0.425910
-0.072729 0.561491
-0.067328 0.689250
-0.060943 0.796594
-0.054070 0.867082
-0.047111 0.888299
-0.040370 0.858270
-0.034065 0.785316
-0.028335 0.683481
-0.023253 0.567727
-0.018843 0.450633
-0.015088 0.341005
-0.011946 0.243900
-0.009357 0.161401
-0.007255 0.093589
-0.005571 0.039408
-0.004239 -0.002697
-0.003197 -0.034019
-0.002391 -0.050558
-0.001774 -0.040783
-0.001306 0.005711
-0.000913 0.090398
-0.000622 0.200425
-0.000409 0.310230
-0.000253 0.394695
-0.000139 0.439652
-0.000058 0.443774
0.000000 0.414741
0.000000 0.364022
0.000000 0.302817
0.000000 0.239886
0.000000 0.180948
0.000000 0.129028
0.000000 0.085189
0.000000 0.049293
0.000000 0.020600
0.000000 -0.001828
0.000000 -0.018531
0.000000 -0.024737
0.000000 -0.008178
0.000000 0.042219
0.000000 0.128904
0.000000 0.245133
0.000000 0.378799
0.000000 0.516790
0.000000 0.648256
0.000000 0.765884
0.000000 0.865508
0.000000 0.940548
0.000000 0.978904
0.000000 0.970779
0.000000 0.915425
0.000000 0.821440
0.000000 0.702614
0.000000 0.573427
0.000000 0.445932
0.000000 0.328458
0.000000 0.225663
0.000000 0.139297
0.000000 0.069159
0.000000 0.013943
0.000000 -0.028143
0.000000 -0.058614
0.000000 -0.073679
0.000000 -0.062003
0.000000 -0.013353
0.000000 0.073641
0.000000 0.185953
0.000000 0.297937
0.000000 0.384413
0.000000 0.431137
0.000000 0.436818
0.000000 0.409132
0.000000 0.359553
0.000000 0.299296
0.000000 0.237142
0.000000 0.178831
0.000000 0.127410
0.000000 0.083965
0.000000 0.048374
0.000000 0.019916
0.000000 -0.001955
0.000000 -0.012559
0.000000 0.000261
0.000000 0.047490
0.000000 0.131145
0.000000 0.238897
0.000000 0.345558
0.000000 0.426376
0.000000 0.467479
0.000000 0.467766
0.000000 0.435083
0.000000 0.381007
0.000000 0.316802
0.000000 0.251253
0.000000 0.190078
0.000000 0.136241
0.000000 0.090827
0.000000 0.053654
0.000000 0.023941
0.000000 0.001086
0.000000 -0.010281
0.000000 0.001953
0.000000 0.048738
0.000000 0.132436
0.000000 0.246239
0.000000 0.377953
0.000000 0.514099
0.000000 0.638191
0.000000 0.729900
0.000000 0.773709
0.000000 0.765615
0.000000 0.712620
0.000000 0.628231
0.000000 0.527305
0.000000 0.422508
0.000000 0.322937
0.000000 0.233906
0.000000 0.157748
0.000000 0.094773
0.000000 0.044135
0.000000 0.004470
0.000000 -0.025710
0.000000 -0.047820
0.000000 -0.063130
0.000000 -0.072761
0.000000 -0.077714
0.000000 -0.078892
0.000000 -0.077117
0.000000 -0.073138
0.000000 -0.067581
0.000000 -0.061082
0.000000 -0.054128
0.000000 -0.047111
0.000000 -0.040370
0.000000 -0.034065
0.000000 -0.028335
0.000000 -0.023253
0.000000 -0.018843
0.000000 -0.015088
0.000000 -0.011946
0.000000 -0.009357
0.000000 -0.007255
0.000000 -0.005571
0.000000 -0.004239
0.000000 -0.003197
0.000000 -0.002391
0.000000 -0.001774
0.000000 -0.001306
0.000000 -0.000913
0.000000 -0.000622
0.000000 -0.000409
0.000000 -0.000253
0.000000 -0.000139
0.000000 -0.000058
0.000000 0.000000
0.000000 0.000000
0.000000 0.000000
0.000000 0.000000
0.000000 0.000000
0.000000 0.000000
0.000000 0.000000
0.000000 0.000000
0.000000 0.000000
0.000000 0.000000
0.000000 0.000000
0.000000 0.000000
0.000000 0.000000
0.000000 0.000000
0.000000 0.000000
0.000000 0.000000
0.000000 0.000000
0.000000 0.000000
0.000000 0.000000
0.000000 0.000000
0.000000 0.000000
0.000000 0.000000
0.000000 0.000000
0.000000 0.000000
0.000000 0.000000
0.000000 0.000000
0.000000 0.000000
0.000000 0.000000
0.000000 0.000000
0.000000 0.000000
0.000000 0.000000
0.000000 0.000000
0.000000 0.000000
0.000000 0.000000
0.000000 0.000000
0.000000 0.000000
0.000000 0.000000
0.000000 0.000000
0.000000 0.000000
0.000000 0.000000
0.000000 0.000000
0.000000 0.000000
0.000000 0.000000
0.000000 0.000000
0.000000 0.000000
0.000000 0.000000
0.000000 0.000000
0.000000 0.000000
0.000000 0.000000
0.000000 0.000000
0.000000 0.000000
0.000000 0.000000
0.000000 0.000000
0.000000 0.000000
0.000000 0.000000
0.000000 0.000000
0.000000 0.000000
0.000000 0.000000
0.000000 0.000000
0.000000 0.000000
0.000000 0.000000
0.000000 0.000000
0.000000 0.000000
0.000000 0.000000
0.000000 0.000000
0.000000 0.000000
0.000000 0.000000
0.000000 0.000000
0.000000 0.000000
0.000000 0.000000
0.000000 0.000000
0.000000 0.000000
0.000000 0.000000
0.000000 0.000000
0.000000 0.000000
0.000000 0.000000
0.000000 0.000000
0.000000 0.000000
0.000000 0.000000
0.000000 0.000000
0.000000 0.000000
0.000000 0.000000
0.000000 0.000000
0.000000 0.000000
0.000000 0.000000
0.000000 0.000000
0.000000 0.000000
0.000000 0.000000
0.000000 0.000000
0.000000 0.000000
0.000000 0.000000
0.000000 0.000000
