0.000000 0.000000
0.000000 0.000000
0.000000 0.000000
0.000000 0.000000
0.000000 0.000000
0.000000 0.000000
0.000000 0.000000
0.000000 0.000000
0.000000 0.000000
0.000000 0.000000
0.000000 0.000000
0.000000 0.000000
0.000000 0.000000
0.000000 0.000000
0.000000 0.000000
0.000378 0.000000
0.006719 0.000000
0.031986 0.000000
0.087849 0.000000
0.176914 0.000000
0.287343 0.000000
0.394488 0.000000
0.474051 0.000000
0.512588 0.000000
0.509391 0.000000
0.472652 0.000000
0.414248 0.000000
0.345682 0.000000
0.275925 0.000000
0.210829 0.000000
0.153479 0.000000
0.104951 0.000000
0.065079 0.000000
0.033072 0.000000
0.007922 0.000000
-0.011363 0.000000
-0.025671 0.000000
-0.035769 0.000000
-0.041942 0.000000
-0.039196 0.000000
-0.015111 0.000000
0.041479 0.000000
0.132718 0.000000
0.246340 0.000000
0.357328 0.000000
0.441064 0.000000
0.483848 0.000000
0.484776 0.000000
0.451902 0.000000
0.397010 0.000000
0.331557 0.000000
0.264500 0.000000
0.201698 0.000000
0.146265 0.000000
0.099313 0.000000
0.060718 0.000000
0.029730 0.000000
0.005386 0.000378
-0.013271 0.006719
-0.027095 0.031986
-0.036822 0.087849
-0.043094 0.177292
-0.046480 0.294062
-0.047506 0.426474
-0.046622 0.561900
-0.044336 0.689503
-0.041060 0.796733
-0.037160 0.867140
-0.032988 0.888299
-0.028740 0.858270
-0.024614 0.785316
-0.020750 0.683481
-0.017238 0.567727
-0.014124 0.450633
-0.011425 0.341005
-0.009131 0.243900
-0.007214 0.161401
-0.005638 0.093589
-0.004362 0.039408
-0.003341 -0.002697
-0.002158 -0.034397
0.004811 -0.057278
0.030562 -0.072769
0.086795 -0.082138
0.176518 -0.086516
0.293498 -0.086918
0.426066 -0.084258
0.561647 -0.079357
0.689741 -0.072936
0.803395 -0.065617
0.898749 -0.057911
0.969428 -0.050225
1.003576 -0.042865
0.991530 -0.036040
0.932663 -0.029881
0.835564 -0.024451
0.714039 -0.019762
0.582558 -0.015787
0.453146 -0.012472
0.334096 -0.009750
0.230025 -0.007546
0.142639 -0.005785
0.071696 -0.004395
0.015851 -0.003310
-0.026719 -0.002472
-0.057560 -0.001832
-0.072906 -0.001306
-0.061438 -0.000913
-0.012945 -0.000622
0.074272 -0.000409
0.192812 -0.000253
0.329981 -0.000139
0.471883 -0.000058
0.601710 0.000000
0.698894 0.000000
0.747757 0.000000
0.744161 0.000000
0.695114 0.000000
0.614120 0.000000
0.516057 0.000000
0.413677 0.000000
0.316074 0.000000
0.228626 0.000000
0.153723 0.000000
0.091732 0.000000
0.041857 0.000000
0.002777 0.000000
-0.026958 0.000378
-0.048734 0.006719
-0.063752 0.031986
-0.073170 0.087849
-0.077967 0.177292
-0.079031 0.293684
-0.077175 0.419755
-0.073138 0.529914
-0.067581 0.602032
-0.061082 0.626161
-0.054128 0.605064
-0.047111 0.549673
-0.040370 0.473662
-0.034065 0.389498
-0.028335 0.306502
-0.023253 0.230500
-0.018843 0.164366
-0.015088 0.108895
-0.011946 0.063648
-0.009357 0.027594
-0.007255 -0.000476
-0.005571 -0.021727
-0.004239 -0.037200
-0.003197 -0.047797
-0.002391 -0.054313
-0.001396 -0.057462
0.005413 -0.057898
0.031073 -0.056225
0.087226 -0.052996
0.176884 -0.048707
0.293810 -0.043788
0.426335 -0.038596
0.561842 -0.033414
0.689881 -0.028455
0.803075 -0.023865
0.892407 -0.019732
0.944162 -0.016099
0.947714 -0.012971
0.902086 -0.010328
0.815893 -0.008133
0.703152 -0.006336
0.578614 -0.004888
0.454577 -0.003734
0.339574 -0.002827
0.238423 -0.002122
0.153003 -0.001580
0.083224 -0.001167
0.027880 -0.000855
-0.014725 -0.000622
-0.046391 -0.000031
-0.068825 0.006467
-0.083569 0.031847
-0.091993 0.087790
-0.095316 0.177292
-0.094623 0.294062
-0.090885 0.426474
-0.084965 0.561900
-0.077610 0.689881
-0.069458 0.803075
-0.061026 0.892407
-0.052720 0.944162
-0.044839 0.947714
-0.037586 0.902086
-0.031079 0.815893
-0.025370 0.703152
-0.020461 0.578614
-0.016313 0.454577
-0.012865 0.339574
-0.010041 0.238423
-0.007760 0.153003
-0.005941 0.083224
-0.004508 0.027880
-0.003391 -0.014725
-0.002153 -0.046391
0.004887 -0.068825
0.030680 -0.083569
0.086935 -0.091993
0.176670 -0.095316
0.293654 -0.094623
0.426222 -0.090885
0.561760 -0.084965
0.689445 -0.077610
0.796733 -0.069458
0.867140 -0.061026
0.888299 -0.052720
0.858270 -0.044839
0.785316 -0.037586
0.683481 -0.031079
0.567727 -0.025370
0.450633 -0.020461
0.341005 -0.016313
0.243900 -0.012865
0.161401 -0.010041
0.093589 -0.007760
0.039408 -0.005941
-0.002697 -0.004508
-0.034397 -0.003014
-0.057278 0.004189
-0.072769 0.030154
-0.082138 0.086542
-0.086516 0.176379
-0.086918 0.293440
-0.084258 0.426066
-0.079357 0.561647
-0.072936 0.689741
-0.065617 0.803017
-0.057911 0.892407
-0.050225 0.944162
-0.042865 0.947714
-0.036040 0.902086
-0.029881 0.815893
-0.024451 0.703152
-0.019762 0.578614
-0.015787 0.454577
-0.012472 0.339574
-0.009750 0.238423
-0.007546 0.153003
-0.005785 0.083224
-0.004395 0.027880
-0.003310 -0.014725
-0.002472 -0.046013
-0.001832 -0.062105
-0.001306 -0.051583
-0.000913 -0.004145
-0.000622 0.081976
-0.000409 0.199440
-0.000253 0.335589
-0.000139 0.476935
-0.000058 0.612270
0.000000 0.733995
0.000000 0.837723
0.000000 0.916708
0.000000 0.958737
0.000000 0.953944
0.000000 0.901584
0.000000 0.810194
0.000000 0.693579
0.000000 0.566245
0.000000 0.440281
0.000000 0.324055
0.000000 0.222265
0.000000 0.136698
0.000000 0.067187
0.000000 0.012460
0.000000 -0.029250
0.000000 -0.059392
0.000000 -0.074212
0.000000 -0.062352
0.000000 -0.013567
0.000000 0.073863
0.000000 0.192560
0.000000 0.329841
0.000000 0.472203
0.000000 0.608052
0.000000 0.724161
0.000000 0.803620
0.000000 0.833604
0.000000 0.811884
0.000000 0.746532
0.000000 0.651483
0.000000 0.541658
0.000000 0.429646
0.000000 0.324299
0.000000 0.230745
0.000000 0.151147
0.000000 0.085673
0.000000 0.033354
0.000000 -0.007286
0.000000 -0.037469
0.000000 -0.053089
0.000000 -0.042615
0.000000 0.004404
0.000000 0.089863
0.000000 0.206522
0.000000 0.341808
0.000000 0.482291
0.000000 0.616805
0.000000 0.737400
0.000000 0.834496
0.000000 0.893936
0.000000 0.904849
0.000000 0.866046
0.000000 0.786012
0.000000 0.678701
0.000000 0.558851
0.000000 0.438790
0.000000 0.327102
0.000000 0.228673
0.000000 0.145457
0.000000 0.077439
0.000000 0.023485
0.000000 -0.018036
0.000000 -0.048486
0.000000 -0.063937
0.000000 -0.052889
0.000000 -0.005058
0.000000 0.081354
0.000000 0.199031
0.000000 0.335336
0.000000 0.476796
0.000000 0.612212
0.000000 0.733617
0.000000 0.831381
0.000000 0.891442
0.000000 0.902874
0.000000 0.864500
0.000000 0.784814
0.000000 0.677782
0.000000 0.558153
0.000000 0.438264
0.000000 0.326709
0.000000 0.228382
0.000000 0.145243
0.000000 0.077283
0.000000 0.023372
0.000000 -0.018117
0.000000 -0.048544
0.000000 -0.063937
0.000000 -0.052889
0.000000 -0.005058
0.000000 0.081354
0.000000 0.199031
0.000000 0.334959
0.000000 0.470076
0.000000 0.580226
0.000000 0.646147
0.000000 0.660809
0.000000 0.629365
0.000000 0.564249
0.000000 0.479892
0.000000 0.388995
0.000000 0.300803
0.000000 0.220927
0.000000 0.151997
0.000000 0.094600
0.000000 0.048130
0.000000 0.011436
0.000000 -0.016404
0.000000 -0.031044
0.000000 -0.020633
0.000000 0.025527
0.000000 0.109222
0.000000 0.217774
0.000000 0.325821
0.000000 0.408405
0.000000 0.451479
0.000000 0.453803
0.000000 0.423117
0.000000 0.370920
0.000000 0.308427
0.000000 0.244355
0.000000 0.184469
0.000000 0.131772
0.000000 0.087306
0.000000 0.050910
0.000000 0.021824
0.000378 -0.000909
0.006719 -0.018225
0.031986 -0.030951
0.087849 -0.039794
0.177292 -0.045361
0.294062 -0.048193
0.426474 -0.048790
0.561900 -0.047617
0.689881 -0.045110
0.803453 -0.041625
0.898749 -0.037569
0.969428 -0.033240
1.003576 -0.028880
0.991530 -0.024673
0.932663 -0.020750
0.835564 -0.017238
0.714039 -0.014124
0.582558 -0.011425
0.453146 -0.009131
0.334096 -0.007214
0.230025 -0.005638
0.142639 -0.004362
0.071696 -0.003341
0.015851 -0.002536
-0.026719 -0.001908
-0.057938 -0.001046
-0.079625 0.005666
-0.093424 0.031212
-0.100793 0.087284
-0.103021 0.176884
-0.101250 0.293810
-0.096493 0.426335
-0.089639 0.561464
-0.081451 0.683161
-0.072572 0.771467
-0.063520 0.811278
-0.054695 0.798855
-0.046386 0.741500
-0.038784 0.652904
-0.031998 0.548055
-0.026069 0.439746
-0.020987 0.337061
-0.016706 0.245331
-0.013156 0.166879
-0.010255 0.101987
-0.007916 0.049773
-0.006054 0.008832
-0.004589 -0.022369
-0.003450 -0.045284
-0.002531 -0.061222
-0.001832 -0.070960
-0.001306 -0.069941
-0.000913 -0.046132
-0.000622 0.011296
-0.000409 0.104563
-0.000253 0.226734
-0.000139 0.365531
-0.000058 0.507830
0.000000 0.642392
0.000000 0.756363
0.000000 0.833075
0.000000 0.859964
0.000000 0.835017
0.000000 0.766473
0.000000 0.668392
0.000000 0.555781
0.000000 0.441276
0.000000 0.333750
0.000000 0.238329
0.000000 0.157162
0.000000 0.090392
0.000000 0.037017
0.000000 -0.004471
0.000000 -0.035326
0.000000 -0.051472
0.000000 -0.041405
0.000000 0.005302
0.000000 0.090524
0.000000 0.207005
0.000000 0.342158
0.000000 0.482543
0.000000 0.616566
0.000000 0.731117
0.000000 0.809229
0.000000 0.838074
0.000000 0.815406
0.000000 0.749276
0.000000 0.653600
0.000000 0.543275
0.000000 0.430871
0.000000 0.325218
0.000000 0.231428
0.000000 0.151652
0.000000 0.086043
0.000000 0.033623
0.000000 -0.007092
0.000000 -0.037707
0.000000 -0.059750
0.000000 -0.074223
0.000000 -0.076725
0.000000 -0.055443
0.000000 0.000309
0.000000 0.092626
0.000000 0.214453
0.000000 0.353398
0.000000 0.496225
0.000000 0.631970
0.000000 0.753227
0.000000 0.855884
0.000000 0.933388
0.000000 0.973695
0.000000 0.967078
0.000000 0.912900
0.000000 0.819778
0.000000 0.701568
0.000000 0.572808
0.000000 0.445600
0.000000 0.328311
0.000000 0.225630
0.000000 0.139329
0.000000 0.069223
0.000000 0.014019
0.000000 -0.028025
0.000378 -0.058851
0.006719 -0.080247
0.031986 -0.093833
0.087849 -0.101046
0.177292 -0.103160
0.294062 -0.101308
0.426474 -0.096493
0.561900 -0.089639
0.689503 -0.081451
0.796733 -0.072572
0.867140 -0.063520
0.888299 -0.054695
0.858270 -0.046386
0.785316 -0.038784
0.683481 -0.031998
0.567727 -0.026069
0.450633 -0.020987
0.341005 -0.016706
0.243900 -0.013156
0.161401 -0.010255
0.093589 -0.007916
0.039408 -0.006054
-0.002697 -0.004589
-0.034397 -0.003072
-0.057278 0.004189
-0.072769 0.030154
-0.082138 0.086542
-0.086516 0.176001
-0.086918 0.286720
-0.084258 0.394080
-0.079357 0.473799
-0.072936 0.512449
-0.065617 0.509332
-0.057911 0.472652
-0.050225 0.414248
-0.042865 0.345682
-0.036040 0.275925
-0.029881 0.210829
-0.024451 0.153479
-0.019762 0.104951
-0.015787 0.065079
-0.012472 0.033072
-0.009750 0.008300
-0.007546 -0.004643
-0.005785 0.006315
-0.004395 0.052080
-0.003310 0.134973
-0.002472 0.248147
-0.001832 0.378999
-0.001306 0.508811
-0.000913 0.613698
-0.000622 0.674602
-0.000409 0.684674
-0.000253 0.649098
-0.000139 0.580348
-0.000058 0.492864
0.000000 0.399324
0.000000 0.308936
0.000000 0.227263
0.000000 0.156885
0.000000 0.098334
0.000000 0.050957
0.000000 0.013558
0.000000 -0.015202
0.000378 -0.036597
0.006719 -0.051764
0.031986 -0.061699
0.087849 -0.067284
0.176914 -0.069316
0.287343 -0.068527
0.394488 -0.065589
0.474051 -0.061110
0.512588 -0.055587
0.509391 -0.049535
0.472652 -0.043328
0.414248 -0.037255
0.345682 -0.031570
0.275925 -0.026360
0.210829 -0.021707
0.153479 -0.017645
0.104951 -0.014169
0.065079 -0.011247
0.033072 -0.008831
0.007922 -0.006485
-0.011363 0.001439
-0.025671 0.027961
-0.035769 0.084807
-0.042320 0.175014
-0.045915 0.292369
-0.047097 0.425226
-0.046369 0.560987
-0.044196 0.689258
-0.041002 0.803044
-0.037160 0.898496
-0.032988 0.969289
-0.028740 1.003518
-0.024614 0.991530
-0.020750 0.932663
-0.017238 0.835564
-0.014124 0.714039
-0.011425 0.582558
-0.009131 0.453146
-0.007214 0.334096
-0.005638 0.230025
-0.004362 0.142639
-0.003341 0.071696
-0.002536 0.015851
-0.001908 -0.026719
-0.001424 -0.057938
-0.001054 -0.079625
-0.000396 -0.093424
0.006155 -0.100793
0.031578 -0.103021
0.087596 -0.101250
0.176775 -0.096493
0.287285 -0.089639
0.394488 -0.081451
0.474051 -0.072572
0.512588 -0.063520
0.509391 -0.054695
0.472652 -0.046386
0.414248 -0.038784
0.345682 -0.031998
0.275925 -0.026069
0.210829 -0.020987
0.153479 -0.016706
0.104951 -0.013156
0.065079 -0.010255
0.033072 -0.007916
0.007922 -0.006054
-0.011363 -0.004589
-0.025671 -0.003450
-0.035769 -0.002531
-0.042320 -0.001454
-0.045915 0.005413
-0.047097 0.031073
-0.046369 0.087226
-0.044196 0.176884
-0.041002 0.293810
-0.037160 0.426335
-0.032988 0.561842
-0.028740 0.689881
-0.024614 0.803075
-0.020750 0.892407
-0.017238 0.944162
-0.014124 0.947714
-0.011425 0.902086
-0.009131 0.815893
-0.007214 0.703152
-0.005638 0.578614
-0.004362 0.454577
-0.003341 0.339574
-0.002536 0.238423
-0.001908 0.153003
-0.001424 0.083224
-0.001054 0.027880
-0.000774 -0.014725
-0.000187 -0.046391
0.006311 -0.068825
0.031734 -0.083569
0.087709 -0.091993
0.177234 -0.095316
0.294062 -0.094623
0.426474 -0.090885
0.561900 -0.084965
0.689881 -0.077610
0.803075 -0.069458
0.892407 -0.061026
0.944162 -0.052720
0.947714 -0.044839
0.902086 -0.037586
0.815893 -0.031079
0.703152 -0.025370
0.578614 -0.020461
0.454577 -0.016313
0.339574 -0.012865
0.238423 -0.010041
0.153003 -0.007760
0.083224 -0.005941
0.027880 -0.004508
-0.014725 -0.003391
-0.046391 -0.002531
-0.068447 -0.001832
-0.076849 -0.001306
-0.060007 -0.000913
-0.007467 -0.000622
0.082670 -0.000409
0.203177 -0.000253
0.341509 -0.000139
0.484289 -0.000058
0.620423 0.000000
0.742427 0.000000
0.846029 0.000000
0.924589 0.000000
0.965990 0.000000
0.960451 0.000000
0.907292 0.000000
0.815104 0.000000
0.697727 0.000000
0.569693 0.000000
0.443105 0.000000
0.326336 0.000000
0.224084 0.000000
0.138131 0.000000
0.068304 0.000000
0.013321 0.000000
-0.028551 0.000000
-0.058866 0.000000
-0.073819 0.000000
-0.062061 0.000000
-0.013353 0.000000
0.073641 0.000000
0.185953 0.000000
0.297937 0.000000
0.384413 0.000000
0.431137 0.000000
0.436818 0.000000
0.409132 0.000000
0.359553 0.000000
0.299296 0.000000
0.237142 0.000000
0.178831 0.000000
0.127410 0.000000
0.083965 0.000000
0.048374 0.000000
0.019916 0.000000
-0.001955 0.000000
-0.012559 0.000000
0.000261 0.000000
0.047490 0.000000
0.131523 0.000000
0.245616 0.000000
0.377544 0.000000
0.514225 0.000000
0.644393 0.000000
0.755109 0.000000
0.829571 0.000000
0.855059 0.000000
0.829390 0.000000
0.760643 0.000000
0.662730 0.000000
0.550489 0.000000
0.436509 0.000000
0.329580 0.000000
0.234770 0.000000
0.154188 0.000000
0.087951 0.000000
0.035047 0.000000
-0.006038 0.000000
-0.036556 0.000000
-0.052467 0.000000
-0.042206 0.000000
0.004657 0.000000
0.090002 0.000000
0.206580 0.000000
0.341430 0.000000
0.475571 0.000000
0.584819 0.000000
0.649929 0.000000
0.663923 0.000000
0.631860 0.000000
0.566224 0.000000
0.481438 0.000000
0.390193 0.000000
0.301722 0.000000
0.221625 0.000000
0.152523 0.000000
0.094992 0.000000
0.048421 0.000000
0.011650 0.000000
-0.016625 0.000000
-0.037651 0.000000
-0.052538 0.000000
-0.062263 0.000000
-0.067692 0.000000
-0.069191 0.000000
-0.061947 0.000000
-0.033661 0.000000
0.026739 0.000000
0.121705 0.000000
0.244527 0.000000
0.383146 0.000000
0.524645 0.000000
0.657933 0.000000
0.770373 0.000000
0.845433 0.000000
0.870654 0.000000
0.844101 0.000000
0.774068 0.000000
0.674650 0.000000
0.560864 0.000000
0.445353 0.000000
0.336980 0.000000
0.240859 0.000000
0.159123 0.000000
0.091896 0.000000
0.038160 0.000000
-0.003610 0.000000
-0.034642 0.000000
-0.050967 0.000000
-0.041035 0.000000
0.005571 0.000000
0.090718 0.000000
0.207145 0.000000
0.342216 0.000000
0.482165 0.000000
0.610225 0.000000
0.705850 0.000000
0.753367 0.000000
0.748630 0.000000
0.698635 0.000000
0.616864 0.000000
0.518174 0.000000
0.415295 0.000000
0.317299 0.000000
0.229545 0.000000
0.154407 0.000000
0.092237 0.000000
0.042227 0.000000
0.003046 0.000000
-0.026764 0.000000
-0.048217 0.000000
-0.056975 0.000000
-0.041184 0.000000
0.009882 0.000000
0.098261 0.000000
0.216887 0.000000
0.353336 0.000000
0.494319 0.000000
0.628798 0.000000
0.749325 0.000000
0.851638 0.000000
0.929058 0.000000
0.969511 0.000000
0.963195 0.000000
0.909409 0.000000
0.816721 0.000000
0.698951 0.000000
0.570612 0.000000
0.443789 0.000000
0.326841 0.000000
0.224453 0.000000
0.138400 0.000000
0.068498 0.000000
0.013460 0.000000
-0.028493 0.000000
-0.059244 0.000000
-0.080538 0.000000
-0.094047 0.000000
-0.101202 0.000000
-0.103273 0.000000
-0.101390 0.000000
-0.096552 0.000000
-0.089639 0.000000
-0.081451 0.000000
-0.072572 0.000000
-0.063520 0.000000
-0.054695 0.000000
-0.046386 0.000000
-0.038784 0.000000
-0.031998 0.000000
-0.026069 0.000000
-0.020987 0.000000
-0.016706 0.000000
-0.013156 0.000000
-0.010255 0.000000
-0.007916 0.000000
-0.006054 0.000000
-0.004589 0.000000
-0.003450 0.000000
-0.002531 0.000000
-0.001832 0.000000
-0.001306 0.000000
-0.000913 0.000000
-0.000622 0.000000
-0.000409 0.000000
-0.000253 0.000000
-0.000139 0.000000
-0.000058 0.000000
0.000000 0.000000
0.000000 0.000000
0.000000 0.000000
0.000000 0.000000
0.000000 0.000000
0.000000 0.000000
0.000000 0.000000
0.000000 0.000000
0.000000 0.000000
0.000000 0.000000
0.000000 0.000000
0.000000 0.000000
0.000000 0.000000
0.000000 0.000000
0.000000 0.000000
