0.000000 0.000000
0.000000 0.000000
0.000000 0.000000
0.000000 0.000000
0.000000 0.000000
0.000000 0.000000
0.000000 0.000000
0.000000 0.000000
0.000000 0.000000
0.000000 0.000000
0.000000 0.000000
0.000000 0.000000
0.000000 0.000000
0.000000 0.000000
0.000000 0.000000
0.000378 0.000000
0.006719 0.000000
0.031986 0.000000
0.087849 0.000000
0.177292 0.000000
0.294062 0.000000
0.426474 0.000000
0.561900 0.000000
0.689881 0.000000
0.803075 0.000000
0.892407 0.000000
0.944162 0.000000
0.947714 0.000000
0.902086 0.000000
0.815893 0.000000
0.703152 0.000000
0.578614 0.000000
0.454577 0.000000
0.339574 0.000000
0.238423 0.000000
0.153003 0.000000
0.083224 0.000000
0.027880 0.000000
-0.014725 0.000000
-0.046013 0.000000
-0.062105 0.000000
-0.051583 0.000000
-0.004145 0.000000
0.081976 0.000000
0.199440 0.000000
0.335589 0.000000
0.476935 0.000000
0.612270 0.000000
0.733617 0.000000
0.831381 0.000000
0.891442 0.000000
0.902874 0.000000
0.864500 0.000000
0.784814 0.000000
0.677782 0.000000
0.558153 0.000000
0.438264 0.000000
0.326709 0.000000
0.228382 0.000000
0.145243 0.000000
0.077283 0.000000
0.023372 0.000000
-0.018117 0.000000
-0.048544 0.000000
-0.063937 0.000000
-0.052889 0.000000
-0.005058 0.000000
0.080976 0.000000
0.192312 0.000000
0.303350 0.000000
0.388947 0.000000
0.434920 0.000000
0.439933 0.000000
0.411627 0.000000
0.361528 0.000000
0.300842 0.000000
0.238339 0.000000
0.179750 0.000000
0.128109 0.000000
0.084491 0.000000
0.048767 0.000000
0.020207 0.000000
-0.002119 0.000000
-0.019123 0.000000
-0.031612 0.000000
-0.040277 0.000000
-0.045333 0.000000
-0.041726 0.000000
-0.016944 0.000000
0.040173 0.000000
0.131805 0.000000
0.245718 0.000000
0.356919 0.000000
0.440811 0.000000
0.483709 0.000000
0.484718 0.000000
0.451902 0.000000
0.397010 0.000000
0.331557 0.000000
0.264500 0.000000
0.201698 0.000000
0.146265 0.000000
0.099313 0.000000
0.060718 0.000000
0.029730 0.000000
0.005386 0.000000
-0.013271 0.000000
-0.026717 0.000000
-0.030103 0.000000
-0.011107 0.000000
0.041369 0.000000
0.129786 0.000000
0.247441 0.000000
0.382138 0.000000
0.520840 0.000000
0.652342 0.000000
0.763746 0.000000
0.838400 0.000000
0.863685 0.000000
0.837520 0.000000
0.768078 0.000000
0.669356 0.000000
0.556301 0.000000
0.441502 0.000000
0.333791 0.000000
0.238262 0.000000
0.157040 0.000000
0.090247 0.000000
0.036872 0.000000
-0.004605 0.000000
-0.035443 0.000000
-0.051612 0.000000
-0.041556 0.000000
0.005146 0.000000
0.089990 0.000000
0.200173 0.000000
0.310091 0.000000
0.394637 0.000000
0.439652 0.000000
0.443774 0.000000
0.414741 0.000000
0.364022 0.000000
0.302817 0.000000
0.239886 0.000000
0.180948 0.000000
0.129028 0.000000
0.085189 0.000000
0.049293 0.000000
0.020600 0.000000
-0.001450 0.000000
-0.012189 0.000000
0.000530 0.000000
0.047685 0.000000
0.131285 0.000000
0.238955 0.000000
0.345558 0.000000
0.426376 0.000000
0.467479 0.000000
0.467766 0.000000
0.435083 0.000000
0.381007 0.000000
0.316802 0.000000
0.251253 0.000000
0.190078 0.000000
0.136241 0.000000
0.090827 0.000000
0.053654 0.000000
0.023941 0.000000
0.001086 0.000000
-0.010281 0.000000
0.001953 0.000000
0.048738 0.000000
0.132059 0.000000
0.239519 0.000000
0.345967 0.000000
0.426629 0.000000
0.467618 0.000000
0.467824 0.000000
0.435083 0.000000
0.381007 0.000000
0.316802 0.000000
0.251253 0.000000
0.190078 0.000000
0.136241 0.000000
0.090827 0.000000
0.053654 0.000000
0.023941 0.000000
0.001086 0.000000
-0.010281 0.000000
0.001953 0.000000
0.048738 0.000000
0.132436 0.000000
0.246239 0.000000
0.377953 0.000000
0.514477 0.000000
0.644533 0.000000
0.755167 0.000000
0.829571 0.000000
0.855059 0.000000
0.829390 0.000000
0.760643 0.000000
0.662730 0.000000
0.550489 0.000000
0.436509 0.000000
0.329580 0.000000
0.234770 0.000000
0.154188 0.000000
0.087951 0.000000
0.035047 0.000000
-0.006038 0.000000
-0.036933 0.000000
-0.059186 0.000000
-0.074192 0.000000
-0.083192 0.000378
-0.087290 0.006719
-0.087482 0.031986
-0.084666 0.087849
-0.079609 0.177292
-0.073076 0.294062
-0.065675 0.426096
-0.057911 0.555180
-0.050225 0.657895
-0.042865 0.715604
-0.036040 0.721834
-0.029881 0.682085
-0.024451 0.609088
-0.019762 0.517478
-0.015787 0.420074
-0.012472 0.326174
-0.009750 0.241387
-0.007546 0.168310
-0.005785 0.107464
-0.004395 0.058171
-0.003310 0.019196
-0.002472 -0.010840
-0.001832 -0.033256
-0.001306 -0.049228
-0.000536 -0.059791
0.006097 -0.065860
0.031578 -0.068262
0.087596 -0.067753
0.177153 -0.065024
0.294004 -0.060701
0.426096 -0.055335
0.555180 -0.049396
0.657895 -0.043270
0.715604 -0.037255
0.721834 -0.031570
0.682085 -0.026360
0.609088 -0.021707
0.517478 -0.017645
0.420074 -0.014169
0.326174 -0.011247
0.241387 -0.008831
0.168310 -0.006862
0.107464 -0.005280
0.058171 -0.004025
0.019196 -0.003041
-0.010463 -0.002278
-0.026536 -0.001693
-0.017242 -0.001248
0.028058 -0.000913
0.111054 -0.000622
0.219080 -0.000409
0.326735 -0.000253
0.409027 -0.000139
0.451887 -0.000058
0.454056 0.000000
0.423256 0.000000
0.370978 0.000000
0.308427 0.000000
0.244355 0.000000
0.184469 0.000000
0.131772 0.000000
0.087306 0.000000
0.050910 0.000000
0.021824 0.000000
-0.000531 0.000000
-0.011506 0.000000
0.001035 0.000000
0.048055 0.000000
0.131554 0.000000
0.239149 0.000000
0.345698 0.000000
0.426434 0.000000
0.467479 0.000000
0.467766 0.000000
0.435083 0.000000
0.381007 0.000000
0.316802 0.000000
0.251253 0.000000
0.190078 0.000000
0.136241 0.000000
0.090827 0.000000
0.053654 0.000000
0.023941 0.000000
0.000709 0.000000
-0.017001 0.000000
-0.030033 0.000000
-0.039110 0.000000
-0.044856 0.000378
-0.047824 0.006719
-0.048521 0.031986
-0.047423 0.087849
-0.044970 0.176914
-0.041567 0.287343
-0.037569 0.394488
-0.033240 0.474051
-0.028880 0.512588
-0.024673 0.509391
-0.020750 0.472652
-0.017238 0.414248
-0.014124 0.345682
-0.011425 0.275925
-0.009131 0.210829
-0.007214 0.153479
-0.005638 0.104951
-0.004362 0.065079
-0.003341 0.033072
-0.002158 0.007922
0.004811 -0.011363
0.030562 -0.025671
0.086795 -0.035769
0.176518 -0.042320
0.293498 -0.045915
0.426066 -0.047097
0.561647 -0.046369
0.689363 -0.044196
0.796675 -0.041002
0.867140 -0.037160
0.888299 -0.032988
0.858270 -0.028740
0.785316 -0.024614
0.683481 -0.020750
0.567727 -0.017238
0.450633 -0.014124
0.341005 -0.011425
0.243900 -0.009131
0.161401 -0.007214
0.093589 -0.005638
0.039408 -0.004362
-0.002697 -0.003341
-0.034397 -0.002158
-0.057278 0.004811
-0.072769 0.030562
-0.082138 0.086795
-0.086516 0.176141
-0.086918 0.286778
-0.084258 0.394080
-0.079357 0.473799
-0.072936 0.512449
-0.065617 0.509332
-0.057911 0.472652
-0.050225 0.414248
-0.042865 0.345682
-0.036040 0.275925
-0.029881 0.210829
-0.024451 0.153479
-0.019762 0.104951
-0.015787 0.065079
-0.012472 0.033072
-0.009372 0.007922
-0.000827 -0.011363
0.026201 -0.025671
0.083453 -0.035769
0.173982 -0.042320
0.291590 -0.045915
0.424642 -0.047097
0.560594 -0.046369
0.688967 -0.044196
0.802453 -0.041002
0.891998 -0.037160
0.943909 -0.032988
0.947574 -0.028740
0.902028 -0.024614
0.815893 -0.020750
0.703152 -0.017238
0.578614 -0.014124
0.454577 -0.011425
0.339574 -0.009131
0.238423 -0.007214
0.153003 -0.005638
0.083224 -0.004362
0.027880 -0.003341
-0.014725 -0.002536
-0.046013 -0.001908
-0.062105 -0.001424
-0.051583 -0.001054
-0.004145 -0.000774
0.081599 -0.000564
0.192720 -0.000409
0.303603 -0.000253
0.389087 -0.000139
0.434978 -0.000058
0.439933 0.000000
0.411627 0.000000
0.361528 0.000000
0.300842 0.000000
0.238339 0.000000
0.179750 0.000000
0.128109 0.000000
0.084491 0.000000
0.048767 0.000000
0.020207 0.000000
-0.002119 0.000000
-0.019123 0.000000
-0.031612 0.000378
-0.040277 0.006719
-0.045711 0.031986
-0.048446 0.087849
-0.048930 0.176914
-0.047675 0.287343
-0.045110 0.394488
-0.041625 0.474051
-0.037569 0.512588
-0.033240 0.509391
-0.028880 0.472652
-0.024673 0.414248
-0.020750 0.345682
-0.017238 0.275925
-0.014124 0.210829
-0.011425 0.153479
-0.009131 0.104951
-0.007214 0.065079
-0.005638 0.033072
-0.004362 0.008300
-0.003341 -0.004643
-0.002536 0.006315
-0.001908 0.052080
-0.001424 0.134973
-0.001054 0.247769
-0.000774 0.372657
-0.000564 0.483545
-0.000409 0.557836
-0.000253 0.585158
-0.000139 0.567904
-0.000058 0.516686
0.000000 0.444922
0.000000 0.364883
0.000000 0.285752
0.000000 0.213263
0.000000 0.150242
0.000000 0.097470
0.000000 0.054518
0.000000 0.020380
0.000000 -0.006114
0.000000 -0.026089
0.000000 -0.040541
0.000000 -0.050333
0.000378 -0.056222
0.006719 -0.058886
0.031986 -0.058951
0.087849 -0.056999
0.176914 -0.053560
0.287343 -0.049116
0.394488 -0.044040
0.474051 -0.038735
0.512588 -0.033472
0.509391 -0.028455
0.472652 -0.023865
0.414248 -0.019732
0.345682 -0.016099
0.275925 -0.012971
0.210829 -0.010328
0.153479 -0.008133
0.104951 -0.006336
0.065079 -0.004888
0.033072 -0.003734
0.007922 -0.002449
-0.011363 0.004597
-0.025671 0.030406
-0.035769 0.086682
-0.042320 0.176437
-0.045915 0.293440
-0.047097 0.426066
-0.046369 0.561647
-0.044196 0.689741
-0.041002 0.803017
-0.037160 0.892407
-0.032988 0.944162
-0.028740 0.947714
-0.024614 0.902086
-0.020750 0.815893
-0.017238 0.703152
-0.014124 0.578614
-0.011425 0.454577
-0.009131 0.339574
-0.007214 0.238423
-0.005638 0.153003
-0.004362 0.083224
-0.003341 0.027880
-0.002536 -0.014725
-0.001908 -0.046013
-0.001424 -0.062105
-0.001054 -0.051583
-0.000774 -0.004145
-0.000564 0.081599
-0.000409 0.192720
-0.000253 0.303603
-0.000139 0.389087
-0.000058 0.434978
0.000000 0.439933
0.000000 0.411627
0.000000 0.361528
0.000000 0.300842
0.000000 0.238339
0.000000 0.179750
0.000000 0.128109
0.000000 0.084491
0.000000 0.048767
0.000000 0.020207
0.000000 -0.002119
0.000000 -0.019123
0.000000 -0.031612
0.000000 -0.040277
0.000000 -0.045711
0.000000 -0.048068
0.000000 -0.042210
0.000000 -0.015689
0.000000 0.042739
0.000000 0.135290
0.000000 0.249774
0.000000 0.361248
0.000000 0.445172
0.000000 0.487916
0.000000 0.488640
0.000000 0.455414
0.000000 0.400123
0.000000 0.334256
0.000000 0.266795
0.000000 0.203615
0.000000 0.147841
0.000000 0.100590
0.000000 0.061738
0.000000 0.030536
0.000000 0.006392
0.000000 -0.006067
0.000000 0.005261
0.000000 0.051306
0.000000 0.134408
0.000000 0.247361
0.000000 0.372405
0.000000 0.483405
0.000000 0.557778
0.000000 0.585158
0.000000 0.567904
0.000000 0.516686
0.000000 0.444922
0.000000 0.364883
0.000000 0.285752
0.000000 0.213263
0.000000 0.150242
0.000000 0.097470
0.000000 0.054518
0.000000 0.020380
0.000378 -0.006114
0.006719 -0.026089
0.031986 -0.040541
0.087849 -0.050333
0.177292 -0.056222
0.294062 -0.058886
0.426474 -0.058951
0.561900 -0.056999
0.689881 -0.053560
0.803453 -0.049116
0.898749 -0.044040
0.969428 -0.038735
1.003576 -0.033472
0.991530 -0.028455
0.932663 -0.023865
0.835564 -0.019732
0.714039 -0.016099
0.582558 -0.012971
0.453146 -0.010328
0.334096 -0.008133
0.230025 -0.006336
0.142639 -0.004888
0.071696 -0.003734
0.015851 -0.002827
-0.026719 -0.002122
-0.057560 -0.001580
-0.072906 -0.001167
-0.061438 -0.000855
-0.012945 -0.000622
0.073894 -0.000409
0.186093 -0.000253
0.297995 -0.000139
0.384413 -0.000058
0.431137 0.000000
0.436818 0.000000
0.409132 0.000000
0.359553 0.000000
0.299296 0.000000
0.237142 0.000000
0.178831 0.000000
0.127410 0.000000
0.083965 0.000000
0.048374 0.000000
0.019916 0.000000
-0.002332 0.000378
-0.019279 0.006719
-0.031725 0.031986
-0.040358 0.087849
-0.045769 0.177292
-0.048446 0.294062
-0.048930 0.426096
-0.047675 0.555180
-0.045110 0.657895
-0.041625 0.715604
-0.037569 0.721834
-0.033240 0.682085
-0.028880 0.609088
-0.024673 0.517478
-0.020750 0.420074
-0.017238 0.326174
-0.014124 0.241387
-0.011425 0.168310
-0.009131 0.107464
-0.007214 0.058171
-0.005638 0.019196
-0.004362 -0.010463
-0.003341 -0.026536
-0.002536 -0.017242
-0.001908 0.028058
-0.001424 0.111054
-0.001054 0.219080
-0.000774 0.326735
-0.000564 0.409027
-0.000409 0.451887
-0.000253 0.454056
-0.000139 0.423256
-0.000058 0.370978
0.000000 0.308427
0.000000 0.244355
0.000000 0.184469
0.000000 0.131772
0.000000 0.087306
0.000000 0.050910
0.000000 0.021824
0.000000 -0.000531
0.000000 -0.011506
0.000000 0.001035
0.000000 0.048055
0.000000 0.131554
0.000000 0.239149
0.000000 0.345698
0.000000 0.426434
0.000000 0.467479
0.000000 0.467766
0.000000 0.435083
0.000000 0.381007
0.000000 0.316802
0.000000 0.251253
0.000000 0.190078
0.000000 0.136241
0.000000 0.090827
0.000000 0.053654
0.000000 0.023941
0.000000 0.000709
0.000000 -0.017001
0.000000 -0.030033
0.000000 -0.038732
0.000000 -0.038136
0.000000 -0.015837
0.000000 0.039327
0.000000 0.129492
0.000000 0.242373
0.000000 0.352922
0.000000 0.436482
0.000000 0.479348
0.000000 0.480511
0.000000 0.447980
0.000000 0.393497
0.000000 0.328444
0.000000 0.261801
0.000000 0.199403
0.000000 0.144349
0.000000 0.097738
0.000000 0.059441
0.000000 0.028710
0.000000 0.004959
0.000000 -0.007179
0.000000 0.004407
0.000000 0.050656
0.000000 0.133541
0.000000 0.240653
0.000000 0.346826
0.000000 0.427274
0.000000 0.468140
0.000000 0.468249
0.000000 0.435433
0.000000 0.381260
0.000000 0.316941
0.000000 0.251311
0.000000 0.190078
0.000000 0.136241
0.000000 0.090827
0.000000 0.053654
0.000000 0.023941
0.000000 0.000709
0.000000 -0.017001
0.000000 -0.029655
0.000000 -0.032391
0.000000 -0.012870
0.000000 0.040025
0.000000 0.128771
0.000000 0.246639
0.000000 0.381504
0.000000 0.519956
0.000000 0.645592
0.000000 0.738227
0.000000 0.782398
0.000000 0.774183
0.000000 0.720750
0.000000 0.635666
0.000000 0.533931
0.000000 0.428321
0.000000 0.327930
0.000000 0.238117
0.000000 0.161241
0.000000 0.097625
0.000000 0.046432
0.000000 0.006295
0.000000 -0.023899
0.000000 -0.039988
0.000000 -0.030289
0.000000 0.015737
0.000000 0.099690
0.000000 0.208816
0.000000 0.317683
0.000000 0.401183
0.000000 0.445202
0.000000 0.448448
0.000000 0.418582
0.000000 0.367137
0.000000 0.305312
0.000000 0.241861
0.000000 0.182494
0.000000 0.130226
0.000000 0.086108
0.000000 0.049991
0.000000 0.021126
0.000000 -0.001435
0.000000 -0.018618
0.000000 -0.031242
0.000000 -0.040008
0.000000 -0.045517
0.000000 -0.047929
0.000000 -0.042152
0.000000 -0.015689
0.000000 0.042739
0.000000 0.135290
0.000000 0.249774
0.000000 0.361248
0.000000 0.445172
0.000000 0.487916
0.000000 0.488640
0.000000 0.455414
0.000000 0.400123
0.000000 0.334256
0.000000 0.266795
0.000000 0.203615
0.000000 0.147841
0.000000 0.100590
0.000000 0.061738
0.000000 0.030536
0.000000 0.006014
0.000000 -0.012786
0.000000 -0.026725
0.000000 -0.036165
0.000000 -0.036164
0.000000 -0.014338
0.000000 0.040499
0.000000 0.130784
0.000000 0.249808
0.000000 0.385094
0.000000 0.518020
0.000000 0.624907
0.000000 0.686864
0.000000 0.697220
0.000000 0.661335
0.000000 0.591850
0.000000 0.503354
0.000000 0.408649
0.000000 0.317043
0.000000 0.234174
0.000000 0.162672
0.000000 0.103103
0.000000 0.054830
0.000000 0.016660
0.000000 -0.012748
0.000000 -0.034680
0.000000 -0.050282
0.000000 -0.060565
0.000000 -0.066424
0.000000 -0.068671
0.000000 -0.068006
0.000000 -0.065164
0.000000 -0.060759
0.000000 -0.055335
0.000000 -0.049396
0.000000 -0.043270
0.000000 -0.037255
0.000000 -0.031570
0.000000 -0.026360
0.000000 -0.021707
0.000000 -0.017645
0.000000 -0.014169
0.000000 -0.011247
0.000000 -0.008831
0.000000 -0.006862
0.000000 -0.005280
0.000000 -0.004025
0.000000 -0.003041
0.000000 -0.002278
0.000000 -0.001693
0.000000 -0.001248
0.000000 -0.000913
0.000000 -0.000622
0.000000 -0.000409
0.000000 -0.000253
0.000000 -0.000139
0.000000 -0.000058
0.000000 0.000000
0.000000 0.000000
0.000000 0.000000
0.000000 0.000000
0.000000 0.000000
0.000000 0.000000
0.000000 0.000000
0.000000 0.000000
0.000000 0.000000
0.000000 0.000000
0.000000 0.000000
0.000000 0.000000
0.000000 0.000000
0.000000 0.000000
0.000000 0.000000
0.000000 0.000000
0.000000 0.000000
0.000000 0.000000
0.000000 0.000000
0.000000 0.000000
0.000000 0.000000
0.000000 0.000000
0.000000 0.000000
0.000000 0.000000
0.000000 0.000000
0.000000 0.000000
0.000000 0.000000
0.000000 0.000000
0.000000 0.000000
0.000000 0.000000
0.000000 0.000000
0.000000 0.000000
0.000000 0.000000
0.000000 0.000000
0.000000 0.000000
0.000000 0.000000
0.000000 0.000000
0.000000 0.000000
0.000000 0.000000
0.000000 0.000000
0.000000 0.000000
0.000000 0.000000
0.000000 0.000000
0.000000 0.000000
0.000000 0.000000
0.000000 0.000000
0.000000 0.000000
0.000000 0.000000
0.000000 0.000000
0.000000 0.000000
0.000000 0.000000
0.000000 0.000000
0.000000 0.000000
0.000000 0.000000
0.000000 0.000000
0.000000 0.000000
0.000000 0.000000
0.000000 0.000000
0.000000 0.000000
0.000000 0.000000
0.000000 0.000000
0.000000 0.000000
0.000000 0.000000
0.000000 0.000000
0.000000 0.000000
0.000000 0.000000
0.000000 0.000000
0.000000 0.000000
0.000000 0.000000
0.000000 0.000000
0.000000 0.000000
0.000000 0.000000
0.000000 0.000000
0.000000 0.000000
0.000000 0.000000
0.000000 0.000000
0.000000 0.000000
