0.000000 0.000000
0.000000 0.000000
0.000000 0.000000
0.000000 0.000000
0.000000 0.000000
0.000000 0.000000
0.000000 0.000000
0.000000 0.000000
0.000000 0.000000
0.000000 0.000000
0.000000 0.000000
0.000000 0.000000
0.000000 0.000000
0.000000 0.000000
0.000000 0.000000
0.000000 0.000378
0.000000 0.006719
0.000000 0.031986
0.000000 0.087849
0.000000 0.177292
0.000000 0.294062
0.000000 0.426474
0.000000 0.561900
0.000000 0.689881
0.000000 0.803453
0.000000 0.898749
0.000000 0.969428
0.000000 1.003576
0.000000 0.991530
0.000000 0.932663
0.000000 0.835564
0.000000 0.714039
0.000000 0.582558
0.000000 0.453146
0.000000 0.334096
0.000000 0.230025
0.000000 0.142639
0.000000 0.071696
0.000000 0.015851
0.000000 -0.026719
0.000378 -0.057938
0.006719 -0.079625
0.031986 -0.093424
0.087849 -0.100793
0.177292 -0.103021
0.293684 -0.101250
0.419755 -0.096493
0.529914 -0.089639
0.602032 -0.081451
0.626161 -0.072572
0.605064 -0.063520
0.549673 -0.054695
0.473662 -0.046386
0.389498 -0.038784
0.306502 -0.031998
0.230500 -0.026069
0.164366 -0.020987
0.108895 -0.016706
0.063648 -0.013156
0.027594 -0.010255
-0.000098 -0.007916
-0.015008 -0.006054
-0.005214 -0.004589
0.040051 -0.003450
0.122601 -0.002531
0.229881 -0.001832
0.336590 -0.001306
0.417827 -0.000913
0.459592 -0.000622
0.460683 -0.000409
0.428864 -0.000253
0.375652 -0.000139
0.312267 -0.000058
0.247470 0.000000
0.186963 0.000000
0.133747 0.000000
0.088852 0.000000
0.052108 0.000000
0.022743 0.000000
-0.000210 0.000000
-0.017699 0.000000
-0.030559 0.000000
-0.039125 0.000000
-0.038427 0.000000
-0.016051 0.000000
0.039171 0.000000
0.129756 0.000000
0.249011 0.000000
0.384472 0.000000
0.517611 0.000000
0.624654 0.000000
0.686725 0.000000
0.697162 0.000000
0.661335 0.000000
0.591850 0.000000
0.503354 0.000000
0.408649 0.000000
0.317043 0.000000
0.234174 0.000000
0.162672 0.000000
0.103103 0.000000
0.054830 0.000000
0.016660 0.000000
-0.012748 0.000000
-0.034680 0.000000
-0.050282 0.000000
-0.060565 0.000000
-0.066424 0.000000
-0.068671 0.000378
-0.068006 0.006719
-0.065164 0.031986
-0.060759 0.087849
-0.055335 0.176914
-0.049396 0.287343
-0.043270 0.394488
-0.037255 0.474051
-0.031570 0.512588
-0.026360 0.509391
-0.021707 0.472652
-0.017645 0.414248
-0.014169 0.345682
-0.011247 0.275925
-0.008831 0.210829
-0.006862 0.153479
-0.005280 0.104951
-0.004025 0.065079
-0.003041 0.033072
-0.001900 0.007922
0.005027 -0.011363
0.030738 -0.025671
0.086935 -0.035769
0.176292 -0.042320
0.286934 -0.045915
0.394236 -0.047097
0.473912 -0.046369
0.512530 -0.044196
0.509391 -0.041002
0.472652 -0.037160
0.414248 -0.032988
0.345682 -0.028740
0.275925 -0.024614
0.210829 -0.020750
0.153479 -0.017238
0.104951 -0.014124
0.065079 -0.011425
0.033072 -0.009131
0.008300 -0.007214
-0.004643 -0.005638
0.006315 -0.004362
0.052080 -0.003341
0.134973 -0.002536
0.248147 -0.001908
0.379377 -0.001424
0.515531 -0.001054
0.645684 -0.000774
0.762450 -0.000564
0.861588 -0.000409
0.936440 -0.000253
0.974836 -0.000139
0.966915 -0.000058
0.911912 0.000000
0.818327 0.000000
0.699915 0.000000
0.571132 0.000000
0.444015 0.000000
0.326883 0.000000
0.224387 0.000000
0.138277 0.000000
0.068354 0.000000
0.013315 0.000000
-0.028627 0.000000
-0.059361 0.000378
-0.080679 0.006719
-0.094198 0.031986
-0.101357 0.087849
-0.103429 0.176914
-0.101503 0.287343
-0.096633 0.394488
-0.089697 0.474051
-0.081451 0.512588
-0.072572 0.509391
-0.063520 0.472652
-0.054695 0.414248
-0.046386 0.345682
-0.038784 0.275925
-0.031998 0.210829
-0.026069 0.153479
-0.020987 0.104951
-0.016706 0.065079
-0.013156 0.033072
-0.009877 0.007922
-0.001197 -0.011363
0.025932 -0.025671
0.083259 -0.035769
0.173843 -0.042320
0.291532 -0.045915
0.424642 -0.047097
0.560594 -0.046369
0.688967 -0.044196
0.802453 -0.041002
0.891998 -0.037160
0.943909 -0.032988
0.947574 -0.028740
0.902028 -0.024614
0.815893 -0.020750
0.703152 -0.017238
0.578614 -0.014124
0.454577 -0.011425
0.339574 -0.009131
0.238423 -0.007214
0.153003 -0.005638
0.083224 -0.004362
0.027880 -0.003341
-0.014725 -0.002536
-0.046391 -0.001530
-0.068825 0.005296
-0.083569 0.030932
-0.091993 0.087075
-0.095316 0.176728
-0.094623 0.293654
-0.090885 0.426222
-0.084965 0.561760
-0.077610 0.689822
-0.069458 0.803075
-0.061026 0.892407
-0.052720 0.944162
-0.044839 0.947714
-0.037586 0.902086
-0.031079 0.815893
-0.025370 0.703152
-0.020461 0.578614
-0.016313 0.454577
-0.012865 0.339574
-0.010041 0.238423
-0.007760 0.153003
-0.005941 0.083224
-0.004508 0.027880
-0.003391 -0.014725
-0.002531 -0.046013
-0.001832 -0.062105
-0.001306 -0.051583
-0.000913 -0.004145
-0.000622 0.081976
-0.000409 0.199440
-0.000253 0.335589
-0.000139 0.476935
-0.000058 0.612270
0.000000 0.733617
0.000000 0.831381
0.000000 0.891442
0.000000 0.902874
0.000000 0.864500
0.000000 0.784814
0.000000 0.677782
0.000000 0.558153
0.000000 0.438264
0.000000 0.326709
0.000000 0.228382
0.000000 0.145243
0.000000 0.077283
0.000000 0.023372
0.000000 -0.018117
0.000000 -0.048922
0.000000 -0.070657
0.000000 -0.084875
0.000000 -0.092907
0.000000 -0.095938
0.000378 -0.095031
0.006719 -0.091138
0.031986 -0.085104
0.087849 -0.077669
0.177292 -0.069458
0.294062 -0.061026
0.426474 -0.052720
0.561900 -0.044839
0.689503 -0.037586
0.796733 -0.031079
0.867140 -0.025370
0.888299 -0.020461
0.858270 -0.016313
0.785316 -0.012865
0.683481 -0.010041
0.567727 -0.007760
0.450633 -0.005941
0.341005 -0.004508
0.243900 -0.003391
0.161401 -0.002531
0.093589 -0.001832
0.039408 -0.001306
-0.002697 -0.000913
-0.034019 -0.000622
-0.050558 -0.000409
-0.040783 -0.000253
0.005711 -0.000139
0.090398 -0.000058
0.200425 0.000000
0.310230 0.000000
0.394695 0.000000
0.439652 0.000000
0.443774 0.000000
0.414741 0.000000
0.364022 0.000000
0.302817 0.000000
0.239886 0.000000
0.180948 0.000000
0.129028 0.000000
0.085189 0.000000
0.049293 0.000000
0.020600 0.000000
-0.001828 0.000378
-0.018909 0.006719
-0.031456 0.031986
-0.040164 0.087849
-0.045630 0.177292
-0.048388 0.293684
-0.048930 0.419755
-0.047675 0.529914
-0.045110 0.602032
-0.041625 0.626161
-0.037569 0.605064
-0.033240 0.549673
-0.028880 0.473662
-0.024673 0.389498
-0.020750 0.306502
-0.017238 0.230500
-0.014124 0.164366
-0.011425 0.108895
-0.009131 0.063648
-0.007214 0.027594
-0.005260 -0.000476
0.002358 -0.021727
0.028645 -0.037200
0.085312 -0.047797
0.175384 -0.054313
0.292639 -0.057462
0.425420 -0.057898
0.560748 -0.056225
0.682597 -0.052996
0.771058 -0.048707
0.811025 -0.043788
0.798716 -0.038596
0.741442 -0.033414
0.652904 -0.028455
0.548055 -0.023865
0.439746 -0.019732
0.337061 -0.016099
0.245331 -0.012971
0.166879 -0.010328
0.101987 -0.008133
0.049773 -0.006336
0.008832 -0.004888
-0.022369 -0.003734
-0.045284 -0.002827
-0.061222 -0.002122
-0.070960 -0.001580
-0.069941 -0.001167
-0.046132 -0.000855
0.011296 -0.000622
0.104185 -0.000409
0.220014 -0.000253
0.333545 -0.000139
0.419981 -0.000058
0.465478 0.000000
0.469021 0.000000
0.438587 0.000000
0.385913 0.000000
0.322428 0.000000
0.257082 0.000000
0.195740 0.000000
0.141533 0.000000
0.095594 0.000000
0.057824 0.000000
0.027500 0.000000
0.003683 0.000378
-0.014560 0.006719
-0.028062 0.031986
-0.037543 0.087849
-0.043626 0.177292
-0.046829 0.294062
-0.047720 0.426096
-0.046778 0.555180
-0.044449 0.657895
-0.041142 0.715604
-0.037219 0.721834
-0.032988 0.682085
-0.028740 0.609088
-0.024614 0.517478
-0.020750 0.420074
-0.017238 0.326174
-0.014124 0.241387
-0.011425 0.168310
-0.009131 0.107464
-0.007214 0.058171
-0.005638 0.019196
-0.003984 -0.010840
0.003378 -0.033256
0.029450 -0.049228
0.085940 -0.059791
0.175491 -0.065860
0.286289 -0.068262
0.393714 -0.067753
0.473487 -0.065024
0.512180 -0.060701
0.509138 -0.055335
0.472513 -0.049396
0.414189 -0.043270
0.345682 -0.037255
0.275925 -0.031570
0.210829 -0.026360
0.153479 -0.021707
0.104951 -0.017645
0.065079 -0.014169
0.033072 -0.011247
0.007922 -0.008453
-0.011363 -0.000143
-0.025671 0.026706
-0.035769 0.083823
-0.042320 0.174251
-0.045915 0.291784
-0.047097 0.424781
-0.046369 0.560652
-0.044196 0.688589
-0.041002 0.796111
-0.037160 0.866732
-0.032988 0.888047
-0.028740 0.858131
-0.024614 0.785258
-0.020750 0.683481
-0.017238 0.567727
-0.014124 0.450633
-0.011425 0.341005
-0.009131 0.243900
-0.007214 0.161401
-0.005638 0.093589
-0.004362 0.039408
-0.003341 -0.002697
-0.002536 -0.034397
-0.001908 -0.057278
-0.001424 -0.072769
-0.001054 -0.082138
-0.000396 -0.086516
0.006155 -0.086918
0.031578 -0.084258
0.087596 -0.079357
0.177153 -0.072936
0.294004 -0.065617
0.426474 -0.057911
0.561900 -0.050225
0.689881 -0.042865
0.803075 -0.036040
0.892407 -0.029881
0.944162 -0.024451
0.947714 -0.019762
0.902086 -0.015787
0.815893 -0.012472
0.703152 -0.009750
0.578614 -0.007546
0.454577 -0.005785
0.339574 -0.004395
0.238423 -0.003310
0.153003 -0.002472
0.083224 -0.001832
0.027880 -0.001306
-0.014725 -0.000913
-0.046013 -0.000622
-0.062105 -0.000409
-0.051583 -0.000253
-0.004145 -0.000139
0.081976 -0.000058
0.199440 0.000000
0.335589 0.000000
0.476935 0.000000
0.611892 0.000000
0.727276 0.000000
0.806115 0.000000
0.835579 0.000000
0.813431 0.000000
0.747730 0.000000
0.652402 0.000000
0.542356 0.000000
0.430172 0.000000
0.324692 0.000000
0.231036 0.000000
0.151361 0.000000
0.085829 0.000000
0.033467 0.000000
-0.007205 0.000000
-0.037789 0.000378
-0.059809 0.006719
-0.074601 0.031986
-0.083444 0.087849
-0.087429 0.177292
-0.087540 0.294062
-0.084666 0.426474
-0.079609 0.561900
-0.073076 0.689881
-0.065675 0.803453
-0.057911 0.898749
-0.050225 0.969428
-0.042865 1.003576
-0.036040 0.991530
-0.029881 0.932663
-0.024451 0.835564
-0.019762 0.714039
-0.015787 0.582558
-0.012472 0.453146
-0.009750 0.334096
-0.007546 0.230025
-0.005785 0.142639
-0.004395 0.071696
-0.003310 0.015851
-0.002472 -0.026719
-0.001832 -0.057560
-0.001306 -0.072906
-0.000913 -0.061438
-0.000622 -0.012945
-0.000409 0.074272
-0.000253 0.192812
-0.000139 0.329981
-0.000058 0.471883
0.000000 0.601710
0.000000 0.698894
0.000000 0.747757
0.000000 0.744161
0.000000 0.695114
0.000000 0.614120
0.000000 0.516057
0.000000 0.413677
0.000000 0.316074
0.000000 0.228626
0.000000 0.153723
0.000000 0.091732
0.000000 0.041857
0.000000 0.002777
0.000000 -0.026581
0.000000 -0.042014
0.000000 -0.031766
0.000000 0.014679
0.000000 0.099326
0.000000 0.215031
0.000000 0.348921
0.000000 0.482043
0.000000 0.590314
0.000000 0.654522
0.000000 0.667706
0.000000 0.634975
0.000000 0.568718
0.000000 0.483413
0.000000 0.391740
0.000000 0.302920
0.000000 0.222544
0.000000 0.153222
0.000000 0.095518
0.000000 0.048814
0.000000 0.011941
0.000000 -0.016412
0.000000 -0.037117
0.000000 -0.045706
0.000000 -0.030196
0.000000 0.020214
0.000000 0.107724
0.000000 0.225396
0.000000 0.360450
0.000000 0.494071
0.000000 0.602307
0.000000 0.666069
0.000000 0.678506
0.000000 0.644830
0.000000 0.577518
0.000000 0.491118
0.000000 0.398367
0.000000 0.308528
0.000000 0.227218
0.000000 0.157062
0.000000 0.098633
0.000000 0.051309
0.000000 0.013916
0.000378 -0.014865
0.006719 -0.036297
0.031986 -0.051506
0.087849 -0.061484
0.177292 -0.067108
0.294062 -0.069176
0.426096 -0.068376
0.555180 -0.065433
0.657895 -0.060954
0.715604 -0.055474
0.721834 -0.049454
0.682085 -0.043270
0.609088 -0.037255
0.517478 -0.031570
0.420074 -0.026360
0.326174 -0.021707
0.241387 -0.017645
0.168310 -0.014169
0.107464 -0.011247
0.058171 -0.008831
0.019196 -0.006862
-0.010840 -0.005280
-0.033256 -0.004025
-0.049228 -0.003041
-0.059791 -0.002278
-0.065482 -0.001693
-0.061543 -0.001248
-0.035767 -0.000913
0.022824 -0.000622
0.116591 -0.000409
0.238728 -0.000253
0.377078 -0.000139
0.518630 -0.000058
0.652626 0.000000
0.771883 0.000000
0.872389 0.000000
0.947721 0.000000
0.985931 0.000000
0.977360 0.000000
0.921415 0.000000
0.826733 0.000000
0.707177 0.000000
0.577277 0.000000
0.449121 0.000000
0.331055 0.000000
0.227747 0.000000
0.140946 0.000000
0.070447 0.000000
0.014938 0.000000
-0.027342 0.000000
-0.057969 0.000000
-0.073158 0.000000
-0.061578 0.000000
-0.013003 0.000000
0.074272 0.000000
0.192812 0.000000
0.329603 0.000000
0.465542 0.000000
0.576443 0.000000
0.643032 0.000000
0.658314 0.000000
0.627390 0.000000
0.562702 0.000000
0.478694 0.000000
0.388076 0.000000
0.300105 0.000000
0.220401 0.000000
0.151604 0.000000
0.094309 0.000000
0.047916 0.000000
0.011280 0.000000
-0.016895 0.000378
-0.037845 0.006719
-0.052678 0.031986
-0.062321 0.087849
-0.067692 0.177292
-0.069569 0.294062
-0.068667 0.426474
-0.065647 0.561900
-0.061110 0.689881
-0.055587 0.803453
-0.049535 0.898749
-0.043328 0.969428
-0.037255 1.003576
-0.031570 0.991530
-0.026360 0.932663
-0.021707 0.835564
-0.017645 0.714039
-0.014169 0.582558
-0.011247 0.453146
-0.008831 0.334096
-0.006862 0.230025
-0.005280 0.142639
-0.004025 0.071696
-0.003041 0.015851
-0.002278 -0.026719
-0.001693 -0.057560
-0.001248 -0.072906
-0.000913 -0.061438
-0.000622 -0.012945
-0.000409 0.073894
-0.000253 0.186093
-0.000139 0.297995
-0.000058 0.384413
0.000000 0.431137
0.000000 0.436818
0.000000 0.409132
0.000000 0.359553
0.000000 0.299296
0.000000 0.237142
0.000000 0.178831
0.000000 0.127410
0.000000 0.083965
0.000000 0.048374
0.000000 0.019916
0.000000 -0.001955
0.000000 -0.012559
0.000000 0.000261
0.000000 0.047490
0.000000 0.131523
0.000000 0.245239
0.000000 0.370825
0.000000 0.482239
0.000000 0.556922
0.000000 0.584536
0.000000 0.567495
0.000000 0.516433
0.000000 0.444783
0.000000 0.364825
0.000000 0.285752
0.000000 0.213263
0.000000 0.150242
0.000000 0.097470
0.000000 0.054518
0.000000 0.020380
0.000000 -0.005736
0.000000 -0.019369
0.000000 -0.008555
0.000000 0.037515
0.000000 0.121071
0.000000 0.235176
0.000000 0.367145
0.000000 0.498182
0.000000 0.604334
0.000000 0.666488
0.000000 0.677794
0.000000 0.643350
0.000000 0.575616
0.000000 0.489023
0.000000 0.396209
0.000000 0.306442
0.000000 0.225288
0.000000 0.155339
0.000000 0.097136
0.000000 0.050038
0.000000 0.012860
0.000000 -0.015350
0.000000 -0.030271
0.000000 -0.020069
0.000000 0.025936
0.000000 0.109852
0.000000 0.224633
0.000000 0.357866
0.000000 0.496253
0.000000 0.628771
0.000000 0.747488
0.000000 0.842871
0.000000 0.900834
0.000000 0.910459
0.000000 0.870516
0.000000 0.789533
0.000000 0.681445
0.000000 0.560968
0.000000 0.440408
0.000000 0.328326
0.000000 0.229592
0.000000 0.146141
0.000000 0.077944
0.000000 0.023855
0.000000 -0.017766
0.000378 -0.048669
0.006719 -0.070517
0.031986 -0.084817
0.087849 -0.092907
0.177292 -0.095938
0.294062 -0.095031
0.426474 -0.091138
0.561900 -0.085104
0.689881 -0.077669
0.803453 -0.069458
0.898749 -0.061026
0.969428 -0.052720
1.003576 -0.044839
0.991530 -0.037586
0.932663 -0.031079
0.835564 -0.025370
0.714039 -0.020461
0.582558 -0.016313
0.453146 -0.012865
0.334096 -0.010041
0.230025 -0.007760
0.142639 -0.005941
0.071696 -0.004508
0.015851 -0.003391
-0.026719 -0.002531
-0.057560 -0.001832
-0.072906 -0.001306
-0.061438 -0.000913
-0.012945 -0.000622
0.073894 -0.000409
0.186093 -0.000253
0.297995 -0.000139
0.384413 -0.000058
0.431137 0.000000
0.436818 0.000000
0.409132 0.000000
0.359553 0.000000
0.299296 0.000000
0.237142 0.000000
0.178831 0.000000
0.127410 0.000000
0.083965 0.000000
0.048374 0.000000
0.019916 0.000000
-0.002332 0.000378
-0.019279 0.006719
-0.031725 0.031986
-0.040358 0.087849
-0.045769 0.177292
-0.048446 0.294062
-0.048930 0.426474
-0.047675 0.561900
-0.045110 0.689881
-0.041625 0.803453
-0.037569 0.898749
-0.033240 0.969428
-0.028880 1.003576
-0.024673 0.991530
-0.020750 0.932663
-0.017238 0.835564
-0.014124 0.714039
-0.011425 0.582558
-0.009131 0.453146
-0.007214 0.334096
-0.005638 0.230025
-0.004362 0.142639
-0.003341 0.071696
-0.002536 0.015851
-0.001908 -0.026719
-0.001424 -0.057938
-0.001054 -0.079625
-0.000774 -0.093424
-0.000564 -0.100793
-0.000409 -0.103021
-0.000253 -0.101250
-0.000139 -0.096493
-0.000058 -0.089639
0.000000 -0.081451
0.000000 -0.072572
0.000000 -0.063520
0.000000 -0.054695
0.000000 -0.046386
0.000000 -0.038784
0.000000 -0.031998
0.000000 -0.026069
0.000000 -0.020987
0.000000 -0.016706
0.000000 -0.013156
0.000000 -0.010255
0.000000 -0.007916
0.000000 -0.006054
0.000000 -0.004589
0.000000 -0.003450
0.000000 -0.002531
0.000000 -0.001832
0.000000 -0.001306
0.000000 -0.000913
0.000000 -0.000622
0.000000 -0.000409
0.000000 -0.000253
0.000000 -0.000139
0.000000 -0.000058
0.000000 0.000000
0.000000 0.000000
0.000000 0.000000
0.000000 0.000000
0.000000 0.000000
0.000000 0.000000
0.000000 0.000000
0.000000 0.000000
0.000000 0.000000
0.000000 0.000000
0.000000 0.000000
0.000000 0.000000
0.000000 0.000000
0.000000 0.000000
0.000000 0.000000
0.000000 0.000000
0.000000 0.000000
0.000000 0.000000
0.000000 0.000000
0.000000 0.000000
0.000000 0.000000
0.000000 0.000000
0.000000 0.000000
0.000000 0.000000
0.000000 0.000000
0.000000 0.000000
0.000000 0.000000
0.000000 0.000000
0.000000 0.000000
0.000000 0.000000
0.000000 0.000000
0.000000 0.000000
0.000000 0.000000
0.000000 0.000000
0.000000 0.000000
0.000000 0.000000
0.000000 0.000000
0.000000 0.000000
0.000000 0.000000
0.000000 0.000000
0.000000 0.000000
