0.000000 0.000000
0.000000 0.000000
0.000000 0.000000
0.000000 0.000000
0.000000 0.000000
0.000000 0.000000
0.000000 0.000000
0.000000 0.000000
0.000000 0.000000
0.000000 0.000000
0.000000 0.000000
0.000000 0.000000
0.000000 0.000000
0.000000 0.000000
0.000000 0.000000
0.000378 0.000000
0.006719 0.000000
0.031986 0.000000
0.087849 0.000000
0.176914 0.000000
0.287343 0.000000
0.394488 0.000000
0.474051 0.000000
0.512588 0.000000
0.509391 0.000000
0.472652 0.000000
0.414248 0.000000
0.345682 0.000000
0.275925 0.000000
0.210829 0.000000
0.153479 0.000000
0.104951 0.000000
0.065079 0.000000
0.033072 0.000000
0.007922 0.000378
-0.011363 0.006719
-0.025671 0.031986
-0.035769 0.087849
-0.042320 0.176914
-0.045915 0.287343
-0.047097 0.394488
-0.046369 0.474051
-0.044196 0.512588
-0.041002 0.509391
-0.037160 0.472652
-0.032988 0.414248
-0.028740 0.345682
-0.024614 0.275925
-0.020750 0.210829
-0.017238 0.153479
-0.014124 0.104951
-0.011425 0.065079
-0.009131 0.033072
-0.007214 0.007922
-0.005638 -0.011363
-0.004362 -0.025671
-0.003341 -0.035769
-0.002536 -0.042320
-0.001908 -0.045538
-0.001424 -0.040378
-0.001054 -0.014383
-0.000774 0.043652
-0.000564 0.136290
-0.000409 0.256902
-0.000253 0.393487
-0.000139 0.533160
-0.000058 0.665266
0.000000 0.782325
0.000000 0.875169
0.000000 0.930037
0.000000 0.936288
0.000000 0.892955
0.000000 0.808679
0.000000 0.697514
0.000000 0.574252
0.000000 0.451236
0.000000 0.337038
0.000000 0.236515
0.000000 0.151580
0.000000 0.082170
0.000000 0.027106
0.000000 -0.015290
0.000000 -0.046800
0.000000 -0.069077
0.000378 -0.083708
0.006719 -0.092052
0.031986 -0.095316
0.087849 -0.094623
0.176914 -0.090885
0.287343 -0.084965
0.394488 -0.077610
0.474051 -0.069458
0.512588 -0.061026
0.509391 -0.052720
0.472652 -0.044839
0.414248 -0.037586
0.345682 -0.031079
0.275925 -0.025370
0.210829 -0.020461
0.153479 -0.016313
0.104951 -0.012865
0.065079 -0.010041
0.033072 -0.007760
0.007922 -0.005563
-0.011363 0.002211
-0.025671 0.028595
-0.035769 0.085318
-0.042320 0.175082
-0.045915 0.286037
-0.047097 0.393575
-0.046369 0.473429
-0.044196 0.512180
-0.041002 0.509138
-0.037160 0.472513
-0.032988 0.414189
-0.028740 0.345682
-0.024614 0.275925
-0.020750 0.210829
-0.017238 0.153479
-0.014124 0.104951
-0.011425 0.065079
-0.009131 0.033072
-0.007214 0.007922
-0.005638 -0.011363
-0.004362 -0.025671
-0.003341 -0.035769
-0.002536 -0.041942
-0.001908 -0.039196
-0.001424 -0.015111
-0.001054 0.041479
-0.000774 0.133096
-0.000564 0.253060
-0.000409 0.388936
-0.000253 0.522193
-0.000139 0.629154
-0.000058 0.690990
0.000000 0.701084
0.000000 0.664848
0.000000 0.594964
0.000000 0.506053
0.000000 0.410944
0.000000 0.318960
0.000000 0.235749
0.000000 0.163948
0.000000 0.104123
0.000000 0.055635
0.000000 0.017288
0.000378 -0.012264
0.006719 -0.034310
0.031986 -0.050002
0.087849 -0.060355
0.176914 -0.066269
0.287343 -0.068515
0.394488 -0.067893
0.474051 -0.065082
0.512588 -0.060701
0.509391 -0.055335
0.472652 -0.049396
0.414248 -0.043270
0.345682 -0.037255
0.275925 -0.031570
0.210829 -0.026360
0.153479 -0.021707
0.104951 -0.017645
0.065079 -0.014169
0.033072 -0.011247
0.007922 -0.008831
-0.011363 -0.006862
-0.025671 -0.004903
-0.035769 0.002694
-0.042320 0.028945
-0.045915 0.085570
-0.047097 0.175222
-0.046369 0.286095
-0.044196 0.393575
-0.041002 0.473429
-0.037160 0.512180
-0.032988 0.509138
-0.028740 0.472513
-0.024614 0.414189
-0.020750 0.345682
-0.017238 0.275925
-0.014124 0.210829
-0.011425 0.153479
-0.009131 0.104951
-0.007214 0.065079
-0.005638 0.033072
-0.003984 0.007922
0.003378 -0.011363
0.029450 -0.025671
0.085940 -0.035769
0.175491 -0.042320
0.286289 -0.045915
0.393714 -0.047097
0.473487 -0.046369
0.512180 -0.044196
0.509138 -0.041002
0.472513 -0.037160
0.414189 -0.032988
0.345682 -0.028740
0.275925 -0.024614
0.210829 -0.020750
0.153479 -0.017238
0.104951 -0.014124
0.065079 -0.011425
0.033072 -0.009131
0.007922 -0.007214
-0.010985 -0.005638
-0.018952 -0.004362
-0.003783 -0.003341
0.045529 -0.002536
0.130999 -0.001908
0.240245 -0.001424
0.348119 -0.001054
0.429855 -0.000774
0.471586 -0.000564
0.472230 -0.000409
0.439664 -0.000253
0.385507 -0.000139
0.321067 -0.000058
0.255175 0.000000
0.193591 0.000000
0.139355 0.000000
0.093526 0.000000
0.055949 0.000000
0.025858 0.000000
0.002662 0.000000
-0.009005 0.000000
0.002974 0.000000
0.049544 0.000000
0.133064 0.000000
0.246723 0.000000
0.378323 0.000000
0.514379 0.000000
0.638401 0.000000
0.730056 0.000000
0.773865 0.000000
0.765728 0.000000
0.712702 0.000000
0.628290 0.000000
0.527305 0.000000
0.422508 0.000000
0.322937 0.000000
0.233906 0.000000
0.157748 0.000000
0.094773 0.000000
0.044135 0.000000
0.004470 0.000000
-0.025332 0.000000
-0.041101 0.000000
-0.031144 0.000000
0.015087 0.000000
0.099578 0.000000
0.215170 0.000000
0.349357 0.000000
0.488762 0.000000
0.622300 0.000000
0.741993 0.000000
0.838279 0.000000
0.897051 0.000000
0.907344 0.000000
0.868021 0.000000
0.787558 0.000000
0.679899 0.000000
0.559770 0.000000
0.439489 0.000000
0.327628 0.000000
0.229066 0.000000
0.145748 0.000000
0.077653 0.000000
0.023641 0.000000
-0.017922 0.000000
-0.048404 0.000000
-0.063879 0.000000
-0.052889 0.000000
-0.005058 0.000000
0.081354 0.000000
0.199031 0.000000
0.335336 0.000000
0.476796 0.000000
0.612212 0.000000
0.733617 0.000000
0.831381 0.000000
0.891442 0.000000
0.902874 0.000000
0.864500 0.000000
0.784814 0.000000
0.677782 0.000000
0.558153 0.000000
0.438264 0.000000
0.326709 0.000000
0.228382 0.000000
0.145243 0.000000
0.077283 0.000000
0.023372 0.000000
-0.018117 0.000000
-0.048922 0.000000
-0.070657 0.000000
-0.084875 0.000000
-0.092907 0.000000
-0.095938 0.000378
-0.095031 0.006719
-0.091138 0.031986
-0.085104 0.087849
-0.077669 0.176914
-0.069458 0.287343
-0.061026 0.394488
-0.052720 0.474051
-0.044839 0.512588
-0.037586 0.509391
-0.031079 0.472652
-0.025370 0.414248
-0.020461 0.345682
-0.016313 0.275925
-0.012865 0.210829
-0.010041 0.153479
-0.007760 0.104951
-0.005941 0.065079
-0.004508 0.033072
-0.003391 0.008300
-0.002531 -0.004643
-0.001832 0.006315
-0.001306 0.052080
-0.000913 0.134595
-0.000622 0.241427
-0.000409 0.347391
-0.000253 0.427682
-0.000139 0.468392
-0.000058 0.468388
0.000000 0.435492
0.000000 0.381260
0.000000 0.316941
0.000000 0.251311
0.000000 0.190078
0.000000 0.136241
0.000000 0.090827
0.000000 0.053654
0.000000 0.023941
0.000000 0.001086
0.000000 -0.010281
0.000000 0.001953
0.000000 0.048738
0.000000 0.132436
0.000000 0.245861
0.000000 0.371234
0.000000 0.482491
0.000000 0.557062
0.000000 0.584594
0.000000 0.567495
0.000000 0.516433
0.000000 0.444783
0.000000 0.364825
0.000000 0.285752
0.000000 0.213263
0.000000 0.150242
0.000000 0.097470
0.000000 0.054518
0.000000 0.020380
0.000000 -0.005736
0.000000 -0.019369
0.000000 -0.008555
0.000000 0.037515
0.000000 0.121071
0.000000 0.234799
0.000000 0.360803
0.000000 0.472915
0.000000 0.548472
0.000000 0.577045
0.000000 0.561024
0.000000 0.510938
0.000000 0.440190
0.000000 0.361042
0.000000 0.282637
0.000000 0.210768
0.000000 0.148267
0.000000 0.095924
0.000000 0.053320
0.000000 0.019462
0.000378 -0.006812
0.006719 -0.026615
0.031986 -0.040934
0.087849 -0.050624
0.177292 -0.056435
0.294062 -0.059042
0.426474 -0.059064
0.561900 -0.057080
0.689503 -0.053618
0.796733 -0.049116
0.867140 -0.044040
0.888299 -0.038735
0.858270 -0.033472
0.785316 -0.028455
0.683481 -0.023865
0.567727 -0.019732
0.450633 -0.016099
0.341005 -0.012971
0.243900 -0.010328
0.161401 -0.008133
0.093589 -0.006336
0.039408 -0.004888
-0.002697 -0.003734
-0.034019 -0.002827
-0.050558 -0.002122
-0.040783 -0.001580
0.005711 -0.001167
0.090776 -0.000855
0.207145 -0.000622
0.342216 -0.000409
0.482165 -0.000253
0.610225 -0.000139
0.705850 -0.000058
0.753367 0.000000
0.748630 0.000000
0.698635 0.000000
0.616864 0.000000
0.518174 0.000000
0.415295 0.000000
0.317299 0.000000
0.229545 0.000000
0.154407 0.000000
0.092237 0.000000
0.042227 0.000000
0.003046 0.000000
-0.026386 0.000000
-0.041875 0.000000
-0.031708 0.000000
0.014679 0.000000
0.099326 0.000000
0.215031 0.000000
0.348921 0.000000
0.482043 0.000000
0.590314 0.000000
0.654522 0.000000
0.667706 0.000000
0.634975 0.000000
0.568718 0.000000
0.483413 0.000000
0.391740 0.000000
0.302920 0.000000
0.222544 0.000000
0.153222 0.000000
0.095518 0.000000
0.048814 0.000000
0.011941 0.000000
-0.016034 0.000000
-0.030775 0.000000
-0.020439 0.000000
0.025667 0.000000
0.109280 0.000000
0.217774 0.000000
0.325821 0.000000
0.408405 0.000000
0.451479 0.000000
0.453803 0.000000
0.423117 0.000000
0.370920 0.000000
0.308427 0.000000
0.244355 0.000000
0.184469 0.000000
0.131772 0.000000
0.087306 0.000000
0.050910 0.000000
0.021824 0.000000
-0.000909 0.000000
-0.018225 0.000000
-0.030951 0.000000
-0.039794 0.000000
-0.045361 0.000378
-0.048193 0.006719
-0.048790 0.031986
-0.047617 0.087849
-0.045110 0.176914
-0.041625 0.287343
-0.037569 0.394488
-0.033240 0.474051
-0.028880 0.512588
-0.024673 0.509391
-0.020750 0.472652
-0.017238 0.414248
-0.014124 0.345682
-0.011425 0.275925
-0.009131 0.210829
-0.007214 0.153479
-0.005638 0.104951
-0.004362 0.065079
-0.003341 0.033072
-0.002536 0.007922
-0.001908 -0.011363
-0.001424 -0.025671
-0.001054 -0.035769
-0.000774 -0.042320
-0.000187 -0.045915
0.006311 -0.047097
0.031734 -0.046369
0.087709 -0.044196
0.177234 -0.041002
0.294062 -0.037160
0.426474 -0.032988
0.561900 -0.028740
0.689881 -0.024614
0.803453 -0.020750
0.898749 -0.017238
0.969428 -0.014124
1.003576 -0.011425
0.991530 -0.009131
0.932663 -0.007214
0.835564 -0.005638
0.714039 -0.004362
0.582558 -0.003341
0.453146 -0.002536
0.334096 -0.001908
0.230025 -0.001424
0.142639 -0.001054
0.071696 -0.000774
0.015851 -0.000564
-0.026719 -0.000409
-0.057938 0.000125
-0.079625 0.006580
-0.093424 0.031928
-0.100793 0.087849
-0.103021 0.177292
-0.101250 0.294062
-0.096493 0.426474
-0.089639 0.561522
-0.081451 0.683161
-0.072572 0.771467
-0.063520 0.811278
-0.054695 0.798855
-0.046386 0.741500
-0.038784 0.652904
-0.031998 0.548055
-0.026069 0.439746
-0.020987 0.337061
-0.016706 0.245331
-0.013156 0.166879
-0.010255 0.101987
-0.007916 0.049773
-0.006054 0.008832
-0.004589 -0.022369
-0.003450 -0.045284
-0.002531 -0.061222
-0.001454 -0.071338
0.005413 -0.076660
0.031073 -0.078118
0.087226 -0.076553
0.176884 -0.072729
0.293810 -0.067328
0.426335 -0.060943
0.561842 -0.054070
0.689881 -0.047111
0.803453 -0.040370
0.898749 -0.034065
0.969428 -0.028335
1.003576 -0.023253
0.991530 -0.018843
0.932663 -0.015088
0.835564 -0.011946
0.714039 -0.009357
0.582558 -0.007255
0.453146 -0.005571
0.334096 -0.004239
0.230025 -0.003197
0.142639 -0.002391
0.071696 -0.001774
0.015851 -0.001306
-0.026719 -0.000913
-0.057560 -0.000622
-0.072906 -0.000409
-0.061438 -0.000253
-0.012945 -0.000139
0.074272 -0.000058
0.192812 0.000000
0.329981 0.000000
0.472261 0.000000
0.608429 0.000000
0.730880 0.000000
0.835228 0.000000
0.914733 0.000000
0.957191 0.000000
0.952746 0.000000
0.900665 0.000000
0.809496 0.000000
0.693053 0.000000
0.565852 0.000000
0.439990 0.000000
0.323841 0.000000
0.222109 0.000000
0.136585 0.000000
0.067106 0.000000
0.012402 0.000000
-0.029250 0.000000
-0.059392 0.000000
-0.074212 0.000000
-0.062352 0.000000
-0.013567 0.000000
0.073485 0.000000
0.185840 0.000000
0.297855 0.000000
0.384354 0.000000
0.431137 0.000000
0.436818 0.000000
0.409132 0.000000
0.359553 0.000000
0.299296 0.000000
0.237142 0.000000
0.178831 0.000000
0.127410 0.000000
0.083965 0.000000
0.048374 0.000000
0.019916 0.000000
-0.002332 0.000000
-0.019279 0.000000
-0.031725 0.000000
-0.040358 0.000000
-0.045392 0.000000
-0.041726 0.000000
-0.016944 0.000000
0.040173 0.000000
0.132182 0.000000
0.252438 0.000000
0.388905 0.000000
0.528660 0.000000
0.661001 0.000000
0.778780 0.000000
0.877998 0.000000
0.952190 0.000000
0.989452 0.000000
0.980104 0.000000
0.923532 0.000000
0.828351 0.000000
0.708401 0.000000
0.578196 0.000000
0.449805 0.000000
0.331560 0.000000
0.228117 0.000000
0.141215 0.000000
0.070642 0.000000
0.015077 0.000000
-0.027283 0.000000
-0.057969 0.000000
-0.073158 0.000000
-0.061578 0.000000
-0.013003 0.000000
0.073894 0.000000
0.186093 0.000000
0.297995 0.000000
0.384413 0.000000
0.431137 0.000000
0.436818 0.000000
0.409132 0.000000
0.359553 0.000000
0.299296 0.000000
0.237142 0.000000
0.178831 0.000000
0.127410 0.000000
0.083965 0.000000
0.048374 0.000000
0.019916 0.000000
-0.002332 0.000378
-0.019279 0.006719
-0.031725 0.031986
-0.040358 0.087849
-0.045769 0.176914
-0.048446 0.287343
-0.048930 0.394488
-0.047675 0.474051
-0.045110 0.512588
-0.041625 0.509391
-0.037569 0.472652
-0.033240 0.414248
-0.028880 0.345682
-0.024673 0.275925
-0.020750 0.210829
-0.017238 0.153479
-0.014124 0.104951
-0.011425 0.065079
-0.009131 0.033072
-0.007214 0.008300
-0.005638 -0.004643
-0.004362 0.006315
-0.003341 0.052080
-0.002536 0.134973
-0.001908 0.248147
-0.001424 0.379377
-0.001054 0.515531
-0.000774 0.645307
-0.000564 0.755731
-0.000409 0.829980
-0.000253 0.855311
-0.000139 0.829530
-0.000058 0.760701
0.000000 0.662730
0.000000 0.550489
0.000000 0.436509
0.000000 0.329580
0.000000 0.234770
0.000000 0.154188
0.000000 0.087951
0.000000 0.035047
0.000000 -0.006038
0.000000 -0.036933
0.000000 -0.059186
0.000000 -0.073815
0.000000 -0.076472
0.000000 -0.055304
0.000000 0.000367
0.000000 0.092248
0.000000 0.207733
0.000000 0.321412
0.000000 0.408377
0.000000 0.454678
0.000000 0.459165
0.000000 0.429788
0.000000 0.378208
0.000000 0.315801
0.000000 0.251474
0.000000 0.191066
0.000000 0.137692
0.000000 0.092480
0.000000 0.055329
0.000000 0.025526
0.000000 0.002137
0.000000 -0.015758
0.000000 -0.028981
0.000000 -0.038241
0.000000 -0.043774
0.000000 -0.040502
0.000000 -0.016025
0.000000 0.040857
0.000000 0.132310
0.000000 0.246088
0.000000 0.357188
0.000000 0.441006
0.000000 0.483848
0.000000 0.484776
0.000000 0.451902
0.000000 0.397010
0.000000 0.331557
0.000000 0.264500
0.000000 0.201698
0.000000 0.146265
0.000000 0.099313
0.000000 0.060718
0.000000 0.029730
0.000000 0.005764
0.000000 -0.006551
0.000000 0.004891
0.000000 0.051026
0.000000 0.133821
0.000000 0.240863
0.000000 0.346982
0.000000 0.427430
0.000000 0.468253
0.000000 0.468330
0.000000 0.435492
0.000000 0.381260
0.000000 0.316941
0.000000 0.251311
0.000000 0.190078
0.000000 0.136241
0.000000 0.090827
0.000000 0.053654
0.000000 0.023941
0.000000 0.001086
0.000000 -0.010281
0.000000 0.001953
0.000000 0.048738
0.000000 0.132059
0.000000 0.239519
0.000000 0.345967
0.000000 0.426629
0.000000 0.467618
0.000000 0.467824
0.000000 0.435083
0.000000 0.381007
0.000000 0.316802
0.000000 0.251253
0.000000 0.190078
0.000000 0.136241
0.000000 0.090827
0.000000 0.053654
0.000000 0.023941
0.000000 0.001086
0.000000 -0.010281
0.000000 0.001953
0.000000 0.048738
0.000000 0.132436
0.000000 0.246239
0.000000 0.377953
0.000000 0.514099
0.000000 0.638191
0.000000 0.729900
0.000000 0.773709
0.000000 0.765615
0.000000 0.712620
0.000000 0.628231
0.000000 0.527305
0.000000 0.422508
0.000000 0.322937
0.000000 0.233906
0.000000 0.157748
0.000000 0.094773
0.000000 0.044135
0.000000 0.004470
0.000000 -0.025710
0.000000 -0.047820
0.000000 -0.063130
0.000000 -0.072761
0.000000 -0.077714
0.000000 -0.078892
0.000000 -0.077117
0.000000 -0.073138
0.000000 -0.067581
0.000000 -0.061082
0.000000 -0.054128
0.000000 -0.047111
0.000000 -0.040370
0.000000 -0.034065
0.000000 -0.028335
0.000000 -0.023253
0.000000 -0.018843
0.000000 -0.015088
0.000000 -0.011946
0.000000 -0.009357
0.000000 -0.007255
0.000000 -0.005571
0.000000 -0.004239
0.000000 -0.003197
0.000000 -0.002391
0.000000 -0.001774
0.000000 -0.001306
0.000000 -0.000913
0.000000 -0.000622
0.000000 -0.000409
0.000000 -0.000253
0.000000 -0.000139
0.000000 -0.000058
0.000000 0.000000
0.000000 0.000000
0.000000 0.000000
0.000000 0.000000
0.000000 0.000000
0.000000 0.000000
0.000000 0.000000
0.000000 0.000000
0.000000 0.000000
0.000000 0.000000
0.000000 0.000000
0.000000 0.000000
0.000000 0.000000
0.000000 0.000000
0.000000 0.000000
0.000000 0.000000
0.000000 0.000000
0.000000 0.000000
0.000000 0.000000
0.000000 0.000000
0.000000 0.000000
0.000000 0.000000
0.000000 0.000000
0.000000 0.000000
0.000000 0.000000
0.000000 0.000000
0.000000 0.000000
0.000000 0.000000
0.000000 0.000000
0.000000 0.000000
0.000000 0.000000
0.000000 0.000000
0.000000 0.000000
0.000000 0.000000
0.000000 0.000000
0.000000 0.000000
0.000000 0.000000
0.000000 0.000000
0.000000 0.000000
0.000000 0.000000
0.000000 0.000000
0.000000 0.000000
0.000000 0.000000
0.000000 0.000000
0.000000 0.000000
0.000000 0.000000
0.000000 0.000000
0.000000 0.000000
0.000000 0.000000
0.000000 0.000000
0.000000 0.000000
0.000000 0.000000
0.000000 0.000000
0.000000 0.000000
0.000000 0.000000
0.000000 0.000000
0.000000 0.000000
0.000000 0.000000
0.000000 0.000000
0.000000 0.000000
0.000000 0.000000
0.000000 0.000000
0.000000 0.000000
