0.000000 0.000000
0.000000 0.000000
0.000000 0.000000
0.000000 0.000000
0.000000 0.000000
0.000000 0.000000
0.000000 0.000000
0.000000 0.000000
0.000000 0.000000
0.000000 0.000000
0.000000 0.000000
0.000000 0.000000
0.000000 0.000000
0.000000 0.000000
0.000000 0.000000
0.000000 0.000378
0.000000 0.006719
0.000000 0.031986
0.000000 0.087849
0.000000 0.177292
0.000000 0.294062
0.000000 0.426096
0.000000 0.555180
0.000000 0.657895
0.000000 0.715604
0.000000 0.721834
0.000000 0.682085
0.000000 0.609088
0.000000 0.517478
0.000000 0.420074
0.000000 0.326174
0.000000 0.241387
0.000000 0.168310
0.000000 0.107464
0.000000 0.058171
0.000000 0.019196
0.000000 -0.010463
0.000000 -0.026536
0.000000 -0.017242
0.000000 0.028058
0.000000 0.111432
0.000000 0.225800
0.000000 0.358721
0.000000 0.496876
0.000000 0.628802
0.000000 0.741399
0.000000 0.817744
0.000000 0.845029
0.000000 0.821015
0.000000 0.753746
0.000000 0.657121
0.000000 0.546019
0.000000 0.432988
0.000000 0.326835
0.000000 0.232653
0.000000 0.152570
0.000000 0.086726
0.000000 0.034128
0.000000 -0.006722
0.000378 -0.037438
0.006719 -0.059556
0.031986 -0.074461
0.087849 -0.083386
0.177292 -0.087429
0.294062 -0.087540
0.426474 -0.084666
0.561900 -0.079609
0.689881 -0.073076
0.803075 -0.065675
0.892407 -0.057911
0.944162 -0.050225
0.947714 -0.042865
0.902086 -0.036040
0.815893 -0.029881
0.703152 -0.024451
0.578614 -0.019762
0.454577 -0.015787
0.339574 -0.012472
0.238423 -0.009750
0.153003 -0.007546
0.083224 -0.005785
0.027880 -0.004395
-0.014725 -0.003310
-0.046013 -0.002472
-0.062105 -0.001832
-0.051583 -0.001306
-0.004145 -0.000913
0.081976 -0.000622
0.199440 -0.000409
0.335589 -0.000253
0.476935 -0.000139
0.612270 -0.000058
0.733617 0.000000
0.831381 0.000000
0.891442 0.000000
0.902874 0.000000
0.864500 0.000000
0.784814 0.000000
0.677782 0.000000
0.558153 0.000000
0.438264 0.000000
0.326709 0.000000
0.228382 0.000000
0.145243 0.000000
0.077283 0.000000
0.023372 0.000000
-0.018117 0.000000
-0.048922 0.000378
-0.070657 0.006719
-0.084875 0.031986
-0.092907 0.087849
-0.095938 0.177292
-0.095031 0.294062
-0.091138 0.426474
-0.085104 0.561900
-0.077669 0.689881
-0.069458 0.803453
-0.061026 0.898749
-0.052720 0.969428
-0.044839 1.003576
-0.037586 0.991530
-0.031079 0.932663
-0.025370 0.835564
-0.020461 0.714039
-0.016313 0.582558
-0.012865 0.453146
-0.010041 0.334096
-0.007760 0.230025
-0.005941 0.142639
-0.004508 0.071696
-0.003391 0.015851
-0.002531 -0.026719
-0.001832 -0.057560
-0.001306 -0.072906
-0.000913 -0.061438
-0.000622 -0.012945
-0.000409 0.073894
-0.000253 0.186093
-0.000139 0.297995
-0.000058 0.384413
0.000000 0.431137
0.000000 0.436818
0.000000 0.409132
0.000000 0.359553
0.000000 0.299296
0.000000 0.237142
0.000000 0.178831
0.000000 0.127410
0.000000 0.083965
0.000000 0.048374
0.000000 0.019916
0.000000 -0.002332
0.000378 -0.019279
0.006719 -0.031725
0.031986 -0.040358
0.087849 -0.045769
0.177292 -0.048446
0.294062 -0.048930
0.426474 -0.047675
0.561900 -0.045110
0.689881 -0.041625
0.803075 -0.037569
0.892407 -0.033240
0.944162 -0.028880
0.947714 -0.024673
0.902086 -0.020750
0.815893 -0.017238
0.703152 -0.014124
0.578614 -0.011425
0.454577 -0.009131
0.339574 -0.007214
0.238423 -0.005638
0.153003 -0.004362
0.083224 -0.003341
0.027880 -0.002536
-0.014725 -0.001908
-0.046391 -0.001424
-0.068825 -0.001054
-0.083569 -0.000774
-0.091993 -0.000564
-0.095316 -0.000409
-0.094245 -0.000253
-0.084166 -0.000139
-0.052979 -0.000058
0.010238 0.000000
0.107457 0.000000
0.226317 0.000000
0.341768 0.000000
0.429212 0.000000
0.475003 0.000000
0.478312 0.000000
0.447282 0.000000
0.393787 0.000000
0.329369 0.000000
0.263061 0.000000
0.200788 0.000000
0.145719 0.000000
0.099010 0.000000
0.060571 0.000000
0.029680 0.000000
0.005392 0.000000
-0.013195 0.000378
-0.026977 0.006719
-0.036682 0.031986
-0.042942 0.087849
-0.046324 0.177292
-0.047350 0.294062
-0.046509 0.426474
-0.044254 0.561900
-0.041002 0.689881
-0.037160 0.803075
-0.032988 0.892407
-0.028740 0.944162
-0.024614 0.947714
-0.020750 0.902086
-0.017238 0.815893
-0.014124 0.703152
-0.011425 0.578614
-0.009131 0.454577
-0.007214 0.339574
-0.005638 0.238423
-0.004362 0.153003
-0.003341 0.083224
-0.002536 0.027880
-0.001908 -0.014725
-0.001046 -0.046391
0.005666 -0.068825
0.031212 -0.083569
0.087284 -0.091993
0.176884 -0.095316
0.293810 -0.094623
0.426335 -0.090885
0.561842 -0.084965
0.689503 -0.077610
0.796733 -0.069458
0.867140 -0.061026
0.888299 -0.052720
0.858270 -0.044839
0.785316 -0.037586
0.683481 -0.031079
0.567727 -0.025370
0.450633 -0.020461
0.341005 -0.016313
0.243900 -0.012865
0.161401 -0.010041
0.093589 -0.007760
0.039408 -0.005941
-0.002697 -0.004508
-0.034019 -0.003391
-0.050558 -0.002531
-0.040783 -0.001832
0.005711 -0.001306
0.090776 -0.000913
0.207145 -0.000622
0.342216 -0.000409
0.482543 -0.000253
0.616566 -0.000139
0.731117 -0.000058
0.809229 0.000000
0.838074 0.000000
0.815406 0.000000
0.749276 0.000000
0.653600 0.000000
0.543275 0.000000
0.430871 0.000000
0.325218 0.000000
0.231428 0.000000
0.151652 0.000000
0.086043 0.000000
0.033623 0.000000
-0.007092 0.000000
-0.037707 0.000000
-0.059750 0.000000
-0.074601 0.000000
-0.083444 0.000000
-0.087429 0.000378
-0.087540 0.006719
-0.084666 0.031986
-0.079609 0.087849
-0.073076 0.176914
-0.065675 0.287343
-0.057911 0.394488
-0.050225 0.474051
-0.042865 0.512588
-0.036040 0.509391
-0.029881 0.472652
-0.024451 0.414248
-0.019762 0.345682
-0.015787 0.275925
-0.012472 0.210829
-0.009750 0.153479
-0.007546 0.104951
-0.005785 0.065079
-0.004395 0.033072
-0.003310 0.008300
-0.002472 -0.004643
-0.001832 0.006315
-0.001306 0.052080
-0.000913 0.134973
-0.000622 0.248147
-0.000409 0.379377
-0.000253 0.515531
-0.000139 0.645684
-0.000058 0.762073
0.000000 0.855246
0.000000 0.911174
0.000000 0.918974
0.000000 0.877472
0.000000 0.795142
0.000000 0.685915
0.000000 0.564489
0.000000 0.443152
0.000000 0.330443
0.000000 0.231209
0.000000 0.147365
0.000000 0.078863
0.000000 0.024538
0.000000 -0.017262
0.000000 -0.047921
0.000000 -0.063529
0.000000 -0.052637
0.000000 -0.004919
0.000000 0.081412
0.000000 0.198653
0.000000 0.328617
0.000000 0.444810
0.000000 0.524363
0.000000 0.556703
0.000000 0.544038
0.000000 0.496953
0.000000 0.428823
0.000000 0.351912
0.000000 0.275423
0.000000 0.205130
0.000000 0.143905
0.000000 0.092583
0.000000 0.050784
0.000000 0.017553
0.000378 -0.008236
0.006719 -0.027669
0.031986 -0.041708
0.087849 -0.051189
0.176914 -0.056844
0.287343 -0.059294
0.394488 -0.059204
0.474051 -0.057138
0.512588 -0.053618
0.509391 -0.049116
0.472652 -0.044040
0.414248 -0.038735
0.345682 -0.033472
0.275925 -0.028455
0.210829 -0.023865
0.153479 -0.019732
0.104951 -0.016099
0.065079 -0.012971
0.033072 -0.010328
0.007922 -0.008133
-0.011363 -0.006336
-0.025293 -0.004888
-0.029049 -0.003734
-0.010334 -0.002827
0.041933 -0.002122
0.130195 -0.001580
0.247315 -0.001167
0.375558 -0.000855
0.488912 -0.000622
0.564872 -0.000409
0.593173 -0.000253
0.576324 -0.000139
0.525059 -0.000058
0.452912 0.000000
0.372260 0.000000
0.292378 0.000000
0.219075 0.000000
0.155236 0.000000
0.101682 0.000000
0.058010 0.000000
0.023233 0.000000
-0.003439 0.000000
-0.017544 0.000000
-0.007122 0.000000
0.038628 0.000000
0.121925 0.000000
0.235826 0.000000
0.368012 0.000000
0.505267 0.000000
0.636254 0.000000
0.747887 0.000000
0.823294 0.000000
0.849703 0.000000
0.824856 0.000000
0.756861 0.000000
0.659616 0.000000
0.547994 0.000000
0.434534 0.000000
0.328033 0.000000
0.233572 0.000000
0.153269 0.000000
0.087252 0.000000
0.034521 0.000000
-0.006431 0.000000
-0.037224 0.000378
-0.059400 0.006719
-0.074348 0.031986
-0.083305 0.087849
-0.087371 0.176914
-0.087540 0.287343
-0.084666 0.394488
-0.079609 0.474051
-0.073076 0.512588
-0.065675 0.509391
-0.057911 0.472652
-0.050225 0.414248
-0.042865 0.345682
-0.036040 0.275925
-0.029881 0.210829
-0.024451 0.153479
-0.019762 0.104951
-0.015787 0.065079
-0.012472 0.033072
-0.009750 0.007922
-0.007546 -0.011363
-0.005785 -0.025671
-0.004395 -0.035769
-0.003310 -0.041942
-0.002472 -0.039196
-0.001832 -0.015111
-0.001306 0.041479
-0.000913 0.133096
-0.000622 0.253060
-0.000409 0.389314
-0.000253 0.528535
-0.000139 0.654421
-0.000058 0.746852
0.000000 0.790527
0.000000 0.781618
0.000000 0.727376
0.000000 0.641479
0.000000 0.538924
0.000000 0.432532
0.000000 0.331423
0.000000 0.240970
0.000000 0.163538
0.000000 0.099451
0.000000 0.047865
0.000000 0.007408
0.000000 -0.023423
0.000000 -0.046058
0.000000 -0.061786
0.000378 -0.071746
0.006719 -0.076913
0.031986 -0.078257
0.087849 -0.076611
0.176914 -0.072729
0.287343 -0.067328
0.394488 -0.060943
0.474051 -0.054070
0.512588 -0.047111
0.509391 -0.040370
0.472652 -0.034065
0.414248 -0.028335
0.345682 -0.023253
0.275925 -0.018843
0.210829 -0.015088
0.153479 -0.011946
0.104951 -0.009357
0.065079 -0.007255
0.033072 -0.005571
0.008300 -0.004239
-0.004643 -0.003197
0.006315 -0.002391
0.052080 -0.001774
0.134973 -0.001306
0.248147 -0.000913
0.379377 -0.000622
0.515531 -0.000409
0.645684 -0.000253
0.762073 -0.000139
0.855246 -0.000058
0.911174 0.000000
0.918974 0.000000
0.877472 0.000000
0.795142 0.000000
0.685915 0.000000
0.564489 0.000000
0.443152 0.000000
0.330443 0.000000
0.231209 0.000000
0.147365 0.000000
0.078863 0.000000
0.024538 0.000000
-0.017262 0.000000
-0.048299 0.000378
-0.070248 0.006719
-0.084623 0.031986
-0.092767 0.087849
-0.095880 0.177292
-0.095031 0.294062
-0.091138 0.426096
-0.085104 0.555180
-0.077669 0.657895
-0.069458 0.715604
-0.061026 0.721834
-0.052720 0.682085
-0.044839 0.609088
-0.037586 0.517478
-0.031079 0.420074
-0.025370 0.326174
-0.020461 0.241387
-0.016313 0.168310
-0.012865 0.107464
-0.010041 0.058171
-0.007760 0.019196
-0.005941 -0.010840
-0.004508 -0.033256
-0.003391 -0.049228
-0.002531 -0.059791
-0.001832 -0.065860
-0.000928 -0.068262
0.005806 -0.067753
0.031364 -0.065024
0.087440 -0.060701
0.176662 -0.055335
0.287203 -0.049396
0.394430 -0.043270
0.474051 -0.037255
0.512588 -0.031570
0.509391 -0.026360
0.472652 -0.021707
0.414248 -0.017645
0.345682 -0.014169
0.275925 -0.011247
0.210829 -0.008831
0.153479 -0.006862
0.104951 -0.005280
0.065079 -0.004025
0.033072 -0.003041
0.008300 -0.002278
-0.004643 -0.001693
0.006315 -0.001248
0.052080 -0.000913
0.134595 -0.000622
0.241427 -0.000409
0.347391 -0.000253
0.427682 -0.000139
0.468392 -0.000058
0.468388 0.000000
0.435492 0.000000
0.381260 0.000000
0.316941 0.000000
0.251311 0.000000
0.190078 0.000000
0.136241 0.000000
0.090827 0.000000
0.053654 0.000000
0.023941 0.000000
0.000709 0.000378
-0.017001 0.006719
-0.030033 0.031986
-0.039110 0.087849
-0.044856 0.177292
-0.047824 0.294062
-0.048521 0.426474
-0.047423 0.561900
-0.044970 0.689881
-0.041567 0.803075
-0.037569 0.892407
-0.033240 0.944162
-0.028880 0.947714
-0.024673 0.902086
-0.020750 0.815893
-0.017238 0.703152
-0.014124 0.578614
-0.011425 0.454577
-0.009131 0.339574
-0.007214 0.238423
-0.005638 0.153003
-0.004362 0.083224
-0.003341 0.027880
-0.002536 -0.014725
-0.001908 -0.046013
-0.001424 -0.062105
-0.001054 -0.051583
-0.000774 -0.004145
-0.000564 0.081976
-0.000409 0.199062
-0.000253 0.328869
-0.000139 0.444949
-0.000058 0.524422
0.000000 0.556703
0.000000 0.544038
0.000000 0.496953
0.000000 0.428823
0.000000 0.351912
0.000000 0.275423
0.000000 0.205130
0.000000 0.143905
0.000000 0.092583
0.000000 0.050784
0.000000 0.017553
0.000000 -0.007858
0.000000 -0.020949
0.000000 -0.009722
0.000000 0.036660
0.000000 0.120070
0.000000 0.228048
0.000000 0.335284
0.000000 0.416913
0.000000 0.458970
0.000000 0.460275
0.000000 0.428612
0.000000 0.375512
0.000000 0.312209
0.000000 0.247470
0.000000 0.186963
0.000000 0.133747
0.000000 0.088852
0.000000 0.052108
0.000000 0.022743
0.000378 -0.000210
0.006719 -0.017699
0.031986 -0.030559
0.087849 -0.039503
0.176914 -0.045147
0.287343 -0.048037
0.394488 -0.048677
0.474051 -0.047536
0.512588 -0.045052
0.509391 -0.041625
0.472652 -0.037569
0.414248 -0.033240
0.345682 -0.028880
0.275925 -0.024673
0.210829 -0.020750
0.153479 -0.017238
0.104951 -0.014124
0.065079 -0.011425
0.033072 -0.009131
0.008300 -0.007214
-0.004643 -0.005638
0.006315 -0.004362
0.052080 -0.003341
0.134973 -0.002536
0.248147 -0.001908
0.379377 -0.001424
0.515531 -0.001054
0.645307 -0.000774
0.755731 -0.000564
0.829980 -0.000409
0.855311 -0.000253
0.829530 -0.000139
0.760701 -0.000058
0.662730 0.000000
0.550489 0.000000
0.436509 0.000000
0.329580 0.000000
0.234770 0.000000
0.154188 0.000000
0.087951 0.000000
0.035047 0.000000
-0.006038 0.000000
-0.036556 0.000000
-0.052467 0.000000
-0.042206 0.000000
0.004657 0.000000
0.090002 0.000000
0.206580 0.000000
0.341808 0.000000
0.482291 0.000000
0.616805 0.000000
0.737778 0.000000
0.840838 0.000000
0.919203 0.000000
0.960712 0.000000
0.955490 0.000000
0.902782 0.000000
0.811113 0.000000
0.694277 0.000000
0.566771 0.000000
0.440674 0.000000
0.324346 0.000000
0.222479 0.000000
0.136854 0.000000
0.067301 0.000000
0.012541 0.000000
-0.029192 0.000000
-0.059392 0.000000
-0.074212 0.000000
-0.062352 0.000000
-0.013567 0.000000
0.073485 0.000000
0.185840 0.000000
0.297855 0.000000
0.384354 0.000000
0.431137 0.000000
0.436818 0.000000
0.409132 0.000000
0.359553 0.000000
0.299296 0.000000
0.237142 0.000000
0.178831 0.000000
0.127410 0.000000
0.083965 0.000000
0.048374 0.000000
0.019916 0.000000
-0.002332 0.000378
-0.019279 0.006719
-0.031725 0.031986
-0.040358 0.087849
-0.045769 0.177292
-0.048446 0.293684
-0.048930 0.419755
-0.047675 0.529914
-0.045110 0.602032
-0.041625 0.626161
-0.037569 0.605064
-0.033240 0.549673
-0.028880 0.473662
-0.024673 0.389498
-0.020750 0.306502
-0.017238 0.230500
-0.014124 0.164366
-0.011425 0.108895
-0.009131 0.063648
-0.007214 0.027594
-0.005638 -0.000098
-0.004362 -0.015008
-0.003341 -0.005214
-0.002536 0.040051
-0.001908 0.122979
-0.001424 0.236600
-0.001054 0.368576
-0.000774 0.505675
-0.000564 0.636885
-0.000409 0.754368
-0.000253 0.848619
-0.000139 0.905566
-0.000058 0.914300
0.000000 0.873631
0.000000 0.792028
0.000000 0.683420
0.000000 0.562514
0.000000 0.441606
0.000000 0.329245
0.000000 0.230290
0.000000 0.146667
0.000000 0.078337
0.000000 0.024145
0.000000 -0.017553
0.000378 -0.048513
0.006719 -0.070404
0.031986 -0.084736
0.087849 -0.092849
0.176914 -0.095938
0.287343 -0.095031
0.394488 -0.091138
0.474051 -0.085104
0.512588 -0.077669
0.509391 -0.069458
0.472652 -0.061026
0.414248 -0.052720
0.345682 -0.044839
0.275925 -0.037586
0.210829 -0.031079
0.153479 -0.025370
0.104951 -0.020461
0.065079 -0.016313
0.033072 -0.012865
0.007922 -0.009663
-0.011363 -0.001041
-0.025671 0.026045
-0.035769 0.083340
-0.042320 0.173523
-0.045915 0.284812
-0.047097 0.392656
-0.046369 0.472745
-0.044196 0.511675
-0.041002 0.508768
-0.037160 0.472244
-0.032988 0.413995
-0.028740 0.345542
-0.024614 0.275867
-0.020750 0.210829
-0.017238 0.153479
-0.014124 0.104951
-0.011425 0.065079
-0.009131 0.033072
-0.007214 0.008300
-0.005638 -0.004643
-0.004362 0.006315
-0.003341 0.052080
-0.002536 0.134595
-0.001908 0.241427
-0.001424 0.347391
-0.001054 0.427682
-0.000774 0.468392
-0.000564 0.468388
-0.000409 0.435492
-0.000253 0.381260
-0.000139 0.316941
-0.000058 0.251311
0.000000 0.190078
0.000000 0.136241
0.000000 0.090827
0.000000 0.053654
0.000000 0.023941
0.000000 0.000709
0.000000 -0.017001
0.000000 -0.030033
0.000000 -0.039110
0.000000 -0.044856
0.000000 -0.047824
0.000000 -0.048521
0.000000 -0.047423
0.000000 -0.044970
0.000000 -0.041567
0.000000 -0.037569
0.000000 -0.033240
0.000000 -0.028880
0.000000 -0.024673
0.000000 -0.020750
0.000000 -0.017238
0.000000 -0.014124
0.000000 -0.011425
0.000000 -0.009131
0.000000 -0.007214
0.000000 -0.005638
0.000000 -0.004362
0.000000 -0.003341
0.000000 -0.002536
0.000000 -0.001908
0.000000 -0.001424
0.000000 -0.001054
0.000000 -0.000774
0.000000 -0.000564
0.000000 -0.000409
0.000000 -0.000253
0.000000 -0.000139
0.000000 -0.000058
0.000000 0.000000
0.000000 0.000000
0.000000 0.000000
0.000000 0.000000
0.000000 0.000000
0.000000 0.000000
0.000000 0.000000
0.000000 0.000000
0.000000 0.000000
0.000000 0.000000
0.000000 0.000000
0.000000 0.000000
0.000000 0.000000
0.000000 0.000000
0.000000 0.000000
0.000000 0.000000
0.000000 0.000000
0.000000 0.000000
0.000000 0.000000
0.000000 0.000000
0.000000 0.000000
0.000000 0.000000
0.000000 0.000000
0.000000 0.000000
0.000000 0.000000
0.000000 0.000000
0.000000 0.000000
0.000000 0.000000
0.000000 0.000000
0.000000 0.000000
0.000000 0.000000
0.000000 0.000000
0.000000 0.000000
0.000000 0.000000
0.000000 0.000000
0.000000 0.000000
0.000000 0.000000
0.000000 0.000000
0.000000 0.000000
0.000000 0.000000
0.000000 0.000000
0.000000 0.000000
0.000000 0.000000
0.000000 0.000000
0.000000 0.000000
0.000000 0.000000
0.000000 0.000000
0.000000 0.000000
0.000000 0.000000
0.000000 0.000000
0.000000 0.000000
0.000000 0.000000
0.000000 0.000000
0.000000 0.000000
0.000000 0.000000
0.000000 0.000000
0.000000 0.000000
0.000000 0.000000
0.000000 0.000000
0.000000 0.000000
