0.000000 0.000000
0.000000 0.000000
0.000000 0.000000
0.000000 0.000000
0.000000 0.000000
0.000000 0.000000
0.000000 0.000000
0.000000 0.000000
0.000000 0.000000
0.000000 0.000000
0.000000 0.000000
0.000000 0.000000
0.000000 0.000000
0.000000 0.000000
0.000000 0.000000
0.000378 0.000000
0.006719 0.000000
0.031986 0.000000
0.087849 0.000000
0.176914 0.000000
0.287343 0.000000
0.394488 0.000000
0.474051 0.000000
0.512588 0.000000
0.509391 0.000000
0.472652 0.000000
0.414248 0.000000
0.345682 0.000000
0.275925 0.000000
0.210829 0.000000
0.153479 0.000000
0.104951 0.000000
0.065079 0.000000
0.033072 0.000000
0.008300 0.000000
-0.004643 0.000000
0.006315 0.000000
0.052080 0.000000
0.134973 0.000000
0.248147 0.000000
0.379377 0.000000
0.515531 0.000000
0.645307 0.000000
0.755731 0.000000
0.829980 0.000000
0.855311 0.000000
0.829530 0.000000
0.760701 0.000000
0.662730 0.000000
0.550489 0.000000
0.436509 0.000000
0.329580 0.000000
0.234770 0.000000
0.154188 0.000000
0.087951 0.000000
0.035047 0.000000
-0.006038 0.000000
-0.036933 0.000378
-0.059186 0.006719
-0.074192 0.031986
-0.083192 0.087849
-0.087290 0.177292
-0.087482 0.294062
-0.084666 0.426474
-0.079609 0.561900
-0.073076 0.689503
-0.065675 0.796733
-0.057911 0.867140
-0.050225 0.888299
-0.042865 0.858270
-0.036040 0.785316
-0.029881 0.683481
-0.024451 0.567727
-0.019762 0.450633
-0.015787 0.341005
-0.012472 0.243900
-0.009750 0.161401
-0.007546 0.093589
-0.005785 0.039408
-0.004395 -0.002697
-0.002932 -0.034397
0.004247 -0.057278
0.030154 -0.072769
0.086542 -0.082138
0.176379 -0.086516
0.293440 -0.086918
0.426066 -0.084258
0.561647 -0.079357
0.689741 -0.072936
0.803395 -0.065617
0.898749 -0.057911
0.969428 -0.050225
1.003576 -0.042865
0.991530 -0.036040
0.932663 -0.029881
0.835564 -0.024451
0.714039 -0.019762
0.582558 -0.015787
0.453146 -0.012472
0.334096 -0.009750
0.230025 -0.007546
0.142639 -0.005785
0.071696 -0.004395
0.015851 -0.003310
-0.026719 -0.002472
-0.057938 -0.001832
-0.079625 -0.001306
-0.093424 -0.000913
-0.100793 -0.000622
-0.103021 -0.000409
-0.100872 -0.000253
-0.089774 -0.000139
-0.057653 -0.000058
0.006397 0.000000
0.104720 0.000000
0.230164 0.000000
0.365060 0.000000
0.483528 0.000000
0.563248 0.000000
0.594163 0.000000
0.578995 0.000000
0.528687 0.000000
0.456957 0.000000
0.376342 0.000000
0.296247 0.000000
0.222584 0.000000
0.158312 0.000000
0.104306 0.000000
0.060199 0.000000
0.025064 0.000000
-0.002308 0.000378
-0.023033 0.006719
-0.038113 0.031986
-0.048420 0.087849
-0.054722 0.176914
-0.057715 0.287343
-0.058037 0.394488
-0.056283 0.474051
-0.052996 0.512588
-0.048707 0.509391
-0.043788 0.472652
-0.038596 0.414248
-0.033414 0.345682
-0.028455 0.275925
-0.023865 0.210829
-0.019732 0.153479
-0.016099 0.104951
-0.012971 0.065079
-0.010328 0.033072
-0.007755 0.007922
0.000383 -0.011363
0.027099 -0.025671
0.084114 -0.035769
0.174465 -0.042320
0.291940 -0.045915
0.424894 -0.047097
0.560733 -0.046369
0.689025 -0.044196
0.802830 -0.041002
0.898340 -0.037160
0.969176 -0.032988
1.003437 -0.028740
0.991471 -0.024614
0.932663 -0.020750
0.835564 -0.017238
0.714039 -0.014124
0.582558 -0.011425
0.453146 -0.009131
0.334096 -0.007214
0.230025 -0.005638
0.142639 -0.004362
0.071696 -0.003341
0.015851 -0.002536
-0.026719 -0.001908
-0.057938 -0.001424
-0.079625 -0.001054
-0.093424 -0.000774
-0.100793 -0.000564
-0.103021 -0.000031
-0.101250 0.006467
-0.096493 0.031847
-0.089639 0.087790
-0.081451 0.177292
-0.072572 0.293684
-0.063520 0.419755
-0.054695 0.529914
-0.046386 0.602032
-0.038784 0.626161
-0.031998 0.605064
-0.026069 0.549673
-0.020987 0.473662
-0.016706 0.389498
-0.013156 0.306502
-0.010255 0.230500
-0.007916 0.164366
-0.006054 0.108895
-0.004589 0.063648
-0.003450 0.027594
-0.002153 -0.000476
0.004887 -0.021727
0.030680 -0.037200
0.086935 -0.047797
0.176670 -0.054313
0.293654 -0.057462
0.426222 -0.057898
0.561760 -0.056225
0.689822 -0.052996
0.803075 -0.048707
0.892407 -0.043788
0.944162 -0.038596
0.947714 -0.033414
0.902086 -0.028455
0.815893 -0.023865
0.703152 -0.019732
0.578614 -0.016099
0.454577 -0.012971
0.339574 -0.010328
0.238423 -0.008133
0.153003 -0.006336
0.083224 -0.004888
0.027880 -0.003734
-0.014725 -0.002827
-0.046391 -0.001744
-0.068825 0.005140
-0.083569 0.030819
-0.091993 0.086993
-0.095316 0.176670
-0.094623 0.293654
-0.090885 0.426222
-0.084965 0.561760
-0.077610 0.689822
-0.069458 0.803453
-0.061026 0.898749
-0.052720 0.969428
-0.044839 1.003576
-0.037586 0.991530
-0.031079 0.932663
-0.025370 0.835564
-0.020461 0.714039
-0.016313 0.582558
-0.012865 0.453146
-0.010041 0.334096
-0.007760 0.230025
-0.005941 0.142639
-0.004508 0.071696
-0.003391 0.015851
-0.002531 -0.026719
-0.001454 -0.057938
0.005413 -0.079625
0.031073 -0.093424
0.087226 -0.100793
0.176506 -0.103021
0.287090 -0.101250
0.394349 -0.096493
0.473993 -0.089639
0.512588 -0.081451
0.509391 -0.072572
0.472652 -0.063520
0.414248 -0.054695
0.345682 -0.046386
0.275925 -0.038784
0.210829 -0.031998
0.153479 -0.026069
0.104951 -0.020987
0.065079 -0.016706
0.033072 -0.013156
0.008300 -0.010255
-0.004643 -0.007916
0.006315 -0.006054
0.052080 -0.004589
0.134973 -0.003450
0.248147 -0.002531
0.379377 -0.001832
0.515531 -0.001306
0.645684 -0.000913
0.762073 -0.000622
0.855246 -0.000409
0.911174 -0.000253
0.918974 -0.000139
0.877472 -0.000058
0.795142 0.000000
0.685915 0.000000
0.564489 0.000000
0.443152 0.000000
0.330443 0.000000
0.231209 0.000000
0.147365 0.000000
0.078863 0.000000
0.024538 0.000000
-0.017262 0.000000
-0.048299 0.000378
-0.070248 0.006719
-0.084623 0.031986
-0.092767 0.087849
-0.095880 0.177292
-0.095031 0.293684
-0.091138 0.419755
-0.085104 0.529914
-0.077669 0.602032
-0.069458 0.626161
-0.061026 0.605064
-0.052720 0.549673
-0.044839 0.473662
-0.037586 0.389498
-0.031079 0.306502
-0.025370 0.230500
-0.020461 0.164366
-0.016313 0.108895
-0.012865 0.063648
-0.010041 0.027594
-0.007382 -0.000476
0.000778 -0.021727
0.027478 -0.037200
0.084457 -0.047797
0.174384 -0.054313
0.285511 -0.057462
0.393182 -0.057898
0.473138 -0.056225
0.511966 -0.052996
0.508982 -0.048707
0.472400 -0.043788
0.414108 -0.038596
0.345623 -0.033414
0.275925 -0.028455
0.210829 -0.023865
0.153479 -0.019732
0.104951 -0.016099
0.065079 -0.012971
0.033072 -0.010328
0.007922 -0.008133
-0.011363 -0.006336
-0.025671 -0.004888
-0.035769 -0.003734
-0.042320 -0.002449
-0.045915 0.004597
-0.047097 0.030406
-0.046369 0.086682
-0.044196 0.176059
-0.041002 0.286720
-0.037160 0.394080
-0.032988 0.473799
-0.028740 0.512449
-0.024614 0.509332
-0.020750 0.472652
-0.017238 0.414248
-0.014124 0.345682
-0.011425 0.275925
-0.009131 0.210829
-0.007214 0.153479
-0.005638 0.104951
-0.004362 0.065079
-0.003341 0.033072
-0.002536 0.007922
-0.001908 -0.010985
-0.001424 -0.018952
-0.001054 -0.003783
-0.000774 0.045529
-0.000564 0.131377
-0.000409 0.246965
-0.000253 0.380105
-0.000139 0.517704
-0.000058 0.648878
0.000000 0.766292
0.000000 0.865761
0.000000 0.940688
0.000000 0.978962
0.000000 0.970779
0.000000 0.915425
0.000000 0.821440
0.000000 0.702614
0.000000 0.573427
0.000000 0.445932
0.000000 0.328458
0.000000 0.225663
0.000000 0.139297
0.000000 0.069159
0.000000 0.013943
0.000000 -0.028143
0.000000 -0.058991
0.000000 -0.080399
0.000000 -0.093989
0.000000 -0.101202
0.000000 -0.103273
0.000378 -0.101390
0.006719 -0.096552
0.031986 -0.089639
0.087849 -0.081451
0.177292 -0.072572
0.294062 -0.063520
0.426474 -0.054695
0.561522 -0.046386
0.683161 -0.038784
0.771467 -0.031998
0.811278 -0.026069
0.798855 -0.020987
0.741500 -0.016706
0.652904 -0.013156
0.548055 -0.010255
0.439746 -0.007916
0.337061 -0.006054
0.245331 -0.004589
0.166879 -0.003450
0.101987 -0.002531
0.049773 -0.001832
0.008832 -0.001306
-0.021991 -0.000913
-0.038565 -0.000622
-0.029236 -0.000409
0.016511 -0.000253
0.100254 -0.000139
0.209225 -0.000058
0.317935 0.000000
0.401322 0.000000
0.445260 0.000000
0.448448 0.000000
0.418582 0.000000
0.367137 0.000000
0.305312 0.000000
0.241861 0.000000
0.182494 0.000000
0.130226 0.000000
0.086108 0.000000
0.049991 0.000000
0.021126 0.000000
-0.001435 0.000378
-0.018618 0.006719
-0.031242 0.031986
-0.040008 0.087849
-0.045517 0.176914
-0.048306 0.287343
-0.048872 0.394488
-0.047675 0.474051
-0.045110 0.512588
-0.041625 0.509391
-0.037569 0.472652
-0.033240 0.414248
-0.028880 0.345682
-0.024673 0.275925
-0.020750 0.210829
-0.017238 0.153479
-0.014124 0.104951
-0.011425 0.065079
-0.009131 0.033072
-0.007214 0.007922
-0.005638 -0.011363
-0.004362 -0.025671
-0.003341 -0.035769
-0.002536 -0.041942
-0.001908 -0.039196
-0.001424 -0.015111
-0.001054 0.041479
-0.000774 0.132718
-0.000564 0.246340
-0.000409 0.357328
-0.000253 0.441064
-0.000139 0.483848
-0.000058 0.484776
0.000000 0.451902
0.000000 0.397010
0.000000 0.331557
0.000000 0.264500
0.000000 0.201698
0.000000 0.146265
0.000000 0.099313
0.000000 0.060718
0.000000 0.029730
0.000000 0.005764
0.000000 -0.006551
0.000000 0.004891
0.000000 0.051026
0.000000 0.134199
0.000000 0.247583
0.000000 0.378590
0.000000 0.508559
0.000000 0.613559
0.000000 0.674544
0.000000 0.684674
0.000000 0.649098
0.000000 0.580348
0.000000 0.492864
0.000000 0.399324
0.000000 0.308936
0.000000 0.227263
0.000000 0.156885
0.000000 0.098334
0.000000 0.050957
0.000000 0.013558
0.000378 -0.015202
0.006719 -0.036597
0.031986 -0.051764
0.087849 -0.061699
0.177292 -0.067284
0.294062 -0.069316
0.426474 -0.068527
0.561900 -0.065589
0.689881 -0.061110
0.803075 -0.055587
0.892407 -0.049535
0.944162 -0.043328
0.947714 -0.037255
0.902086 -0.031570
0.815893 -0.026360
0.703152 -0.021707
0.578614 -0.017645
0.454577 -0.014169
0.339574 -0.011247
0.238423 -0.008831
0.153003 -0.006862
0.083224 -0.005280
0.027880 -0.004025
-0.014725 -0.003041
-0.046391 -0.001900
-0.068825 0.005027
-0.083569 0.030738
-0.091993 0.086935
-0.095316 0.176670
-0.094623 0.293276
-0.090885 0.419502
-0.084965 0.529774
-0.077610 0.601974
-0.069458 0.626161
-0.061026 0.605064
-0.052720 0.549673
-0.044839 0.473662
-0.037586 0.389498
-0.031079 0.306502
-0.025370 0.230500
-0.020461 0.164366
-0.016313 0.108895
-0.012865 0.063648
-0.010041 0.027594
-0.007760 -0.000098
-0.005941 -0.015008
-0.004508 -0.005214
-0.003391 0.040051
-0.002531 0.122979
-0.001832 0.236600
-0.001306 0.368576
-0.000913 0.505675
-0.000622 0.636885
-0.000409 0.754746
-0.000253 0.854961
-0.000139 0.930832
-0.000058 0.970162
0.000000 0.963074
0.000000 0.908798
0.000000 0.815832
0.000000 0.697940
0.000000 0.569586
0.000000 0.442817
0.000000 0.325964
0.000000 0.223688
0.000000 0.137751
0.000000 0.067961
0.000000 0.013024
0.000000 -0.028841
0.000378 -0.059517
0.006719 -0.080792
0.031986 -0.094280
0.087849 -0.101416
0.177292 -0.103429
0.294062 -0.101503
0.426474 -0.096633
0.561900 -0.089697
0.689503 -0.081451
0.796733 -0.072572
0.867140 -0.063520
0.888299 -0.054695
0.858270 -0.046386
0.785316 -0.038784
0.683481 -0.031998
0.567727 -0.026069
0.450633 -0.020987
0.341005 -0.016706
0.243900 -0.013156
0.161401 -0.010255
0.093589 -0.007916
0.039408 -0.006054
-0.002697 -0.004589
-0.034397 -0.003450
-0.057278 -0.002531
-0.072769 -0.001832
-0.081760 -0.001306
-0.079796 -0.000913
-0.054932 -0.000622
0.003591 -0.000409
0.097558 -0.000253
0.214406 -0.000139
0.328871 -0.000058
0.416141 0.000000
0.462363 0.000000
0.466526 0.000000
0.436612 0.000000
0.384367 0.000000
0.321230 0.000000
0.256163 0.000000
0.195042 0.000000
0.141007 0.000000
0.095201 0.000000
0.057533 0.000000
0.027287 0.000000
0.003905 0.000000
-0.007953 0.000000
0.003842 0.000000
0.050248 0.000000
0.133666 0.000000
0.246856 0.000000
0.372035 0.000000
0.483136 0.000000
0.557583 0.000000
0.585019 0.000000
0.567845 0.000000
0.516686 0.000000
0.444922 0.000000
0.364883 0.000000
0.285752 0.000000
0.213263 0.000000
0.150242 0.000000
0.097470 0.000000
0.054518 0.000000
0.020380 0.000000
-0.006114 0.000378
-0.026089 0.006719
-0.040541 0.031986
-0.050333 0.087849
-0.056222 0.177292
-0.058886 0.294062
-0.058951 0.426474
-0.056999 0.561900
-0.053560 0.689881
-0.049116 0.803075
-0.044040 0.892407
-0.038735 0.944162
-0.033472 0.947714
-0.028455 0.902086
-0.023865 0.815893
-0.019732 0.703152
-0.016099 0.578614
-0.012971 0.454577
-0.010328 0.339574
-0.008133 0.238423
-0.006336 0.153003
-0.004888 0.083224
-0.003734 0.027880
-0.002827 -0.014725
-0.002122 -0.046391
-0.001580 -0.068447
-0.001167 -0.076849
-0.000855 -0.060007
-0.000622 -0.007467
-0.000409 0.082670
-0.000253 0.203177
-0.000139 0.341509
-0.000058 0.484289
0.000000 0.620045
0.000000 0.735708
0.000000 0.814420
0.000000 0.843460
0.000000 0.820684
0.000000 0.754237
0.000000 0.658110
0.000000 0.547266
0.000000 0.434320
0.000000 0.328140
0.000000 0.233859
0.000000 0.153641
0.000000 0.087648
0.000000 0.034900
0.000000 -0.006089
0.000000 -0.036550
0.000000 -0.052391
0.000000 -0.042089
0.000000 0.004797
0.000000 0.089776
0.000000 0.200017
0.000000 0.309978
0.000000 0.394555
0.000000 0.439594
0.000000 0.443774
0.000000 0.414741
0.000000 0.364022
0.000000 0.302817
0.000000 0.239886
0.000000 0.180948
0.000000 0.129028
0.000000 0.085189
0.000000 0.049293
0.000000 0.020600
0.000000 -0.001450
0.000000 -0.012189
0.000000 0.000530
0.000000 0.047685
0.000000 0.131662
0.000000 0.245297
0.000000 0.370825
0.000000 0.482239
0.000000 0.556922
0.000000 0.584536
0.000000 0.567495
0.000000 0.516433
0.000000 0.444783
0.000000 0.364825
0.000000 0.285752
0.000000 0.213263
0.000000 0.150242
0.000000 0.097470
0.000000 0.054518
0.000000 0.020380
0.000000 -0.006114
0.000000 -0.026089
0.000000 -0.040163
0.000000 -0.043614
0.000000 -0.024236
0.000000 0.028963
0.000000 0.117963
0.000000 0.230344
0.000000 0.340928
0.000000 0.424936
0.000000 0.468548
0.000000 0.470655
0.000000 0.439180
0.000000 0.385792
0.000000 0.321817
0.000000 0.256193
0.000000 0.194729
0.000000 0.140508
0.000000 0.094623
0.000000 0.056947
0.000000 0.026735
0.000000 0.003413
0.000000 -0.008377
0.000000 0.003488
0.000000 0.049958
0.000000 0.133393
0.000000 0.246980
0.000000 0.378521
0.000000 0.514908
0.000000 0.644898
0.000000 0.755479
0.000000 0.829840
0.000000 0.855253
0.000000 0.829530
0.000000 0.760701
0.000000 0.662730
0.000000 0.550489
0.000000 0.436509
0.000000 0.329580
0.000000 0.234770
0.000000 0.154188
0.000000 0.087951
0.000000 0.035047
0.000000 -0.006038
0.000378 -0.036933
0.006719 -0.059186
0.031986 -0.074192
0.087849 -0.083192
0.177292 -0.087290
0.294062 -0.087482
0.426474 -0.084666
0.561900 -0.079609
0.689881 -0.073076
0.803075 -0.065675
0.892407 -0.057911
0.944162 -0.050225
0.947714 -0.042865
0.902086 -0.036040
0.815893 -0.029881
0.703152 -0.024451
0.578614 -0.019762
0.454577 -0.015787
0.339574 -0.012472
0.238423 -0.009750
0.153003 -0.007546
0.083224 -0.005785
0.027880 -0.004395
-0.014725 -0.003310
-0.046391 -0.002472
-0.068825 -0.001832
-0.083569 -0.001306
-0.091993 -0.000913
-0.095316 -0.000622
-0.094245 -0.000409
-0.084166 -0.000253
-0.052979 -0.000139
0.010238 -0.000058
0.107835 0.000000
0.233037 0.000000
0.373754 0.000000
0.516683 0.000000
0.645575 0.000000
0.740388 0.000000
0.785907 0.000000
0.778395 0.000000
0.725187 0.000000
0.640039 0.000000
0.538014 0.000000
0.431986 0.000000
0.331120 0.000000
0.240823 0.000000
0.163487 0.000000
0.099456 0.000000
0.047941 0.000000
0.007525 0.000000
-0.023282 0.000000
-0.045529 0.000000
-0.054911 0.000000
-0.039604 0.000000
0.011049 0.000000
0.098738 0.000000
0.210790 0.000000
0.321759 0.000000
0.406723 0.000000
0.451646 0.000000
0.455321 0.000000
0.425542 0.000000
0.373878 0.000000
0.311617 0.000000
0.247591 0.000000
0.187575 0.000000
0.134636 0.000000
0.089863 0.000000
0.053134 0.000000
0.023715 0.000000
0.000667 0.000000
-0.016934 0.000000
-0.029910 0.000000
-0.038966 0.000000
-0.044711 0.000000
-0.047689 0.000000
-0.048404 0.000000
-0.047283 0.000000
-0.044819 0.000000
-0.041411 0.000000
-0.037413 0.000000
-0.033127 0.000000
-0.028798 0.000000
-0.024614 0.000000
-0.020750 0.000000
-0.017238 0.000000
-0.014124 0.000000
-0.011425 0.000000
-0.009131 0.000000
-0.007214 0.000000
-0.005638 0.000000
-0.004362 0.000000
-0.003341 0.000000
-0.002536 0.000000
-0.001908 0.000000
-0.001424 0.000000
-0.001054 0.000000
-0.000774 0.000000
-0.000564 0.000000
-0.000409 0.000000
-0.000253 0.000000
-0.000139 0.000000
-0.000058 0.000000
0.000000 0.000000
0.000000 0.000000
0.000000 0.000000
0.000000 0.000000
0.000000 0.000000
0.000000 0.000000
0.000000 0.000000
0.000000 0.000000
0.000000 0.000000
0.000000 0.000000
0.000000 0.000000
0.000000 0.000000
0.000000 0.000000
0.000000 0.000000
0.000000 0.000000
0.000000 0.000000
0.000000 0.000000
0.000000 0.000000
0.000000 0.000000
0.000000 0.000000
0.000000 0.000000
0.000000 0.000000
0.000000 0.000000
0.000000 0.000000
0.000000 0.000000
0.000000 0.000000
0.000000 0.000000
0.000000 0.000000
0.000000 0.000000
0.000000 0.000000
0.000000 0.000000
0.000000 0.000000
0.000000 0.000000
0.000000 0.000000
0.000000 0.000000
0.000000 0.000000
0.000000 0.000000
0.000000 0.000000
0.000000 0.000000
0.000000 0.000000
0.000000 0.000000
0.000000 0.000000
0.000000 0.000000
0.000000 0.000000
