0.000000 0.000000
0.000000 0.000000
0.000000 0.000000
0.000000 0.000000
0.000000 0.000000
0.000000 0.000000
0.000000 0.000000
0.000000 0.000000
0.000000 0.000000
0.000000 0.000000
0.000000 0.000000
0.000000 0.000000
0.000000 0.000000
0.000000 0.000000
0.000000 0.000000
0.000000 0.000000
0.000000 0.000000
0.000378 0.000000
0.006719 0.000000
0.031986 0.000000
0.087849 0.000000
0.176914 0.000000
0.287343 0.000000
0.394488 0.000000
0.474051 0.000000
0.512588 0.000000
0.509391 0.000000
0.472652 0.000000
0.414248 0.000000
0.345682 0.000000
0.275925 0.000000
0.210829 0.000000
0.153479 0.000000
0.104951 0.000000
0.065079 0.000000
0.033072 0.000000
0.007922 0.000378
-0.011363 0.006719
-0.025671 0.031986
-0.035769 0.087849
-0.042320 0.176914
-0.045915 0.287343
-0.047097 0.394488
-0.046369 0.474051
-0.044196 0.512588
-0.041002 0.509391
-0.037160 0.472652
-0.032988 0.414248
-0.028740 0.345682
-0.024614 0.275925
-0.020750 0.210829
-0.017238 0.153479
-0.014124 0.104951
-0.011425 0.065079
-0.009131 0.033072
-0.007214 0.008300
-0.005638 -0.004643
-0.004362 0.006315
-0.003341 0.052080
-0.002536 0.134595
-0.001908 0.241427
-0.001424 0.347391
-0.001054 0.427682
-0.000774 0.468392
-0.000564 0.468388
-0.000409 0.435492
-0.000253 0.381260
-0.000139 0.316941
-0.000058 0.251311
0.000000 0.190078
0.000000 0.136241
0.000000 0.090827
0.000000 0.053654
0.000000 0.023941
0.000378 0.000709
0.006719 -0.017001
0.031986 -0.030033
0.087849 -0.039110
0.176914 -0.044856
0.287343 -0.047824
0.394488 -0.048521
0.474051 -0.047423
0.512588 -0.044970
0.509391 -0.041567
0.472652 -0.037569
0.414248 -0.033240
0.345682 -0.028880
0.275925 -0.024673
0.210829 -0.020750
0.153479 -0.017238
0.104951 -0.014124
0.065079 -0.011425
0.033072 -0.009131
0.007922 -0.006836
-0.011363 0.001081
-0.025671 0.027625
-0.035769 0.084507
-0.042320 0.174378
-0.045915 0.285435
-0.047097 0.393064
-0.046369 0.472998
-0.044196 0.511815
-0.041002 0.508826
-0.037160 0.472244
-0.032988 0.413995
-0.028740 0.345542
-0.024614 0.275867
-0.020750 0.210829
-0.017238 0.153479
-0.014124 0.104951
-0.011425 0.065079
-0.009131 0.033072
-0.007214 0.008300
-0.005638 -0.004643
-0.004362 0.006315
-0.003341 0.052080
-0.002536 0.134595
-0.001908 0.241427
-0.001424 0.347391
-0.001054 0.427682
-0.000774 0.468392
-0.000564 0.468388
-0.000409 0.435492
-0.000253 0.381260
-0.000139 0.316941
-0.000058 0.251311
0.000000 0.190078
0.000000 0.136241
0.000000 0.090827
0.000000 0.053654
0.000000 0.023941
0.000000 0.001086
0.000000 -0.010281
0.000000 0.001953
0.000000 0.048738
0.000000 0.132059
0.000000 0.239519
0.000000 0.345967
0.000000 0.426629
0.000000 0.467618
0.000000 0.467824
0.000000 0.435083
0.000000 0.381007
0.000000 0.316802
0.000000 0.251253
0.000000 0.190078
0.000000 0.136241
0.000000 0.090827
0.000000 0.053654
0.000000 0.023941
0.000378 0.000709
0.006719 -0.017001
0.031986 -0.030033
0.087849 -0.039110
0.176914 -0.044856
0.287343 -0.047824
0.394488 -0.048521
0.474051 -0.047423
0.512588 -0.044970
0.509391 -0.041567
0.472652 -0.037569
0.414248 -0.033240
0.345682 -0.028880
0.275925 -0.024673
0.210829 -0.020750
0.153479 -0.017238
0.104951 -0.014124
0.065079 -0.011425
0.033072 -0.009131
0.008300 -0.007214
-0.004643 -0.005638
0.006315 -0.004362
0.052080 -0.003341
0.134973 -0.002536
0.248147 -0.001908
0.379377 -0.001424
0.515153 -0.001054
0.638965 -0.000774
0.730464 -0.000564
0.774117 -0.000409
0.765868 -0.000253
0.712760 -0.000139
0.628290 -0.000058
0.527305 0.000000
0.422508 0.000000
0.322937 0.000000
0.233906 0.000000
0.157748 0.000000
0.094773 0.000000
0.044135 0.000000
0.004470 0.000000
-0.025710 0.000378
-0.047820 0.006719
-0.063130 0.031986
-0.072761 0.087849
-0.077714 0.176914
-0.078892 0.287343
-0.077117 0.394488
-0.073138 0.474051
-0.067581 0.512588
-0.061082 0.509391
-0.054128 0.472652
-0.047111 0.414248
-0.040370 0.345682
-0.034065 0.275925
-0.028335 0.210829
-0.023253 0.153479
-0.018843 0.104951
-0.015088 0.065079
-0.011946 0.033072
-0.009357 0.008300
-0.007255 -0.004643
-0.005571 0.006315
-0.004239 0.052080
-0.003197 0.134595
-0.002391 0.241427
-0.001774 0.347391
-0.001306 0.427682
-0.000913 0.468392
-0.000622 0.468388
-0.000409 0.435492
-0.000253 0.381260
-0.000139 0.316941
-0.000058 0.251311
0.000000 0.190078
0.000000 0.136241
0.000000 0.090827
0.000000 0.053654
0.000000 0.023941
0.000378 0.000709
0.006719 -0.017001
0.031986 -0.030033
0.087849 -0.039110
0.177292 -0.044856
0.294062 -0.047824
0.426474 -0.048521
0.561522 -0.047423
0.683161 -0.044970
0.771467 -0.041567
0.811278 -0.037569
0.798855 -0.033240
0.741500 -0.028880
0.652904 -0.024673
0.548055 -0.020750
0.439746 -0.017238
0.337061 -0.014124
0.245331 -0.011425
0.166879 -0.009131
0.101987 -0.007214
0.049773 -0.005638
0.008832 -0.004362
-0.021991 -0.003341
-0.038565 -0.002536
-0.029236 -0.001908
0.016511 -0.001424
0.100632 -0.001054
0.215944 -0.000774
0.349921 -0.000564
0.488793 -0.000409
0.615833 -0.000253
0.710524 -0.000139
0.757208 -0.000058
0.751745 0.000000
0.701130 0.000000
0.618839 0.000000
0.519720 0.000000
0.416493 0.000000
0.318218 0.000000
0.230243 0.000000
0.154933 0.000000
0.092630 0.000000
0.042518 0.000000
0.003260 0.000000
-0.026230 0.000000
-0.041762 0.000000
-0.031627 0.000000
0.014737 0.000000
0.099326 0.000000
0.215031 0.000000
0.349299 0.000000
0.488762 0.000000
0.621922 0.000000
0.735651 0.000000
0.813012 0.000000
0.841189 0.000000
0.817900 0.000000
0.751251 0.000000
0.655146 0.000000
0.544473 0.000000
0.431790 0.000000
0.325916 0.000000
0.231954 0.000000
0.152044 0.000000
0.086334 0.000000
0.033837 0.000000
-0.006936 0.000000
-0.037217 0.000000
-0.052950 0.000000
-0.042557 0.000000
0.004404 0.000000
0.089863 0.000000
0.206522 0.000000
0.341808 0.000000
0.482291 0.000000
0.616805 0.000000
0.737778 0.000000
0.840838 0.000000
0.919203 0.000000
0.960712 0.000000
0.955490 0.000000
0.902782 0.000000
0.811113 0.000000
0.694277 0.000000
0.566771 0.000000
0.440674 0.000000
0.324346 0.000000
0.222479 0.000000
0.136854 0.000000
0.067301 0.000000
0.012541 0.000000
-0.029192 0.000000
-0.059770 0.000378
-0.080931 0.006719
-0.094338 0.031986
-0.101416 0.087849
-0.103429 0.177292
-0.101503 0.294062
-0.096633 0.426474
-0.089697 0.561900
-0.081451 0.689881
-0.072572 0.803075
-0.063520 0.892407
-0.054695 0.944162
-0.046386 0.947714
-0.038784 0.902086
-0.031998 0.815893
-0.026069 0.703152
-0.020987 0.578614
-0.016706 0.454577
-0.013156 0.339574
-0.010255 0.238423
-0.007916 0.153003
-0.006054 0.083224
-0.004589 0.027880
-0.003450 -0.014725
-0.002153 -0.046391
0.004887 -0.068825
0.030680 -0.083569
0.086935 -0.091993
0.176292 -0.095316
0.286934 -0.094623
0.394236 -0.090885
0.473912 -0.084965
0.512530 -0.077610
0.509391 -0.069458
0.472652 -0.061026
0.414248 -0.052720
0.345682 -0.044839
0.275925 -0.037586
0.210829 -0.031079
0.153479 -0.025370
0.104951 -0.020461
0.065079 -0.016313
0.033072 -0.012865
0.007922 -0.009663
-0.011363 -0.001041
-0.025671 0.026045
-0.035769 0.083340
-0.042320 0.173901
-0.045915 0.291532
-0.047097 0.424642
-0.046369 0.560594
-0.044196 0.688589
-0.041002 0.796111
-0.037160 0.866732
-0.032988 0.888047
-0.028740 0.858131
-0.024614 0.785258
-0.020750 0.683481
-0.017238 0.567727
-0.014124 0.450633
-0.011425 0.341005
-0.009131 0.243900
-0.007214 0.161401
-0.005638 0.093589
-0.004362 0.039408
-0.003341 -0.002697
-0.002158 -0.034397
0.004811 -0.057278
0.030562 -0.072769
0.086795 -0.082138
0.176518 -0.086516
0.293120 -0.086918
0.419346 -0.084258
0.529661 -0.079357
0.601893 -0.072936
0.626102 -0.065617
0.605064 -0.057911
0.549673 -0.050225
0.473662 -0.042865
0.389498 -0.036040
0.306502 -0.029881
0.230500 -0.024451
0.164366 -0.019762
0.108895 -0.015787
0.063648 -0.012472
0.027594 -0.009750
-0.000476 -0.007546
-0.021727 -0.005785
-0.037200 -0.004395
-0.047797 -0.002932
-0.054313 0.004247
-0.057462 0.030154
-0.057898 0.086542
-0.056225 0.176001
-0.052996 0.286720
-0.048707 0.394080
-0.043788 0.473799
-0.038596 0.512449
-0.033414 0.509332
-0.028455 0.472652
-0.023865 0.414248
-0.019732 0.345682
-0.016099 0.275925
-0.012971 0.210829
-0.010328 0.153479
-0.008133 0.104951
-0.006336 0.065079
-0.004888 0.033072
-0.003734 0.007922
-0.002827 -0.010985
-0.002122 -0.018952
-0.001580 -0.003783
-0.001167 0.045529
-0.000855 0.131377
-0.000622 0.246965
-0.000409 0.380105
-0.000253 0.517704
-0.000139 0.648501
-0.000058 0.759573
0.000000 0.834153
0.000000 0.859559
0.000000 0.833656
0.000000 0.764566
0.000000 0.666243
0.000000 0.553602
0.000000 0.439208
0.000000 0.331874
0.000000 0.236687
0.000000 0.155763
0.000000 0.089227
0.000000 0.036067
0.000000 -0.005233
0.000378 -0.036305
0.006719 -0.058702
0.031986 -0.073822
0.087849 -0.082912
0.176914 -0.087080
0.287343 -0.087326
0.394488 -0.084510
0.474051 -0.079496
0.512588 -0.072995
0.509391 -0.065617
0.472652 -0.057911
0.414248 -0.050225
0.345682 -0.042865
0.275925 -0.036040
0.210829 -0.029881
0.153479 -0.024451
0.104951 -0.019762
0.065079 -0.015787
0.033072 -0.012472
0.008300 -0.009750
-0.004643 -0.007546
0.006315 -0.005785
0.052080 -0.004395
0.134973 -0.003310
0.247769 -0.002472
0.372657 -0.001832
0.483545 -0.001306
0.557836 -0.000913
0.585158 -0.000622
0.567904 -0.000409
0.516686 -0.000253
0.444922 -0.000139
0.364883 -0.000058
0.285752 0.000000
0.213263 0.000000
0.150242 0.000000
0.097470 0.000000
0.054518 0.000000
0.020380 0.000000
-0.006114 0.000378
-0.026089 0.006719
-0.040541 0.031986
-0.050333 0.087849
-0.056222 0.177292
-0.058886 0.294062
-0.058951 0.426474
-0.056999 0.561900
-0.053560 0.689503
-0.049116 0.796733
-0.044040 0.867140
-0.038735 0.888299
-0.033472 0.858270
-0.028455 0.785316
-0.023865 0.683481
-0.019732 0.567727
-0.016099 0.450633
-0.012971 0.341005
-0.010328 0.243900
-0.008133 0.161401
-0.006336 0.093589
-0.004888 0.039408
-0.003734 -0.002697
-0.002827 -0.034019
-0.002122 -0.050558
-0.001580 -0.040783
-0.001167 0.005711
-0.000855 0.090398
-0.000622 0.200425
-0.000409 0.310230
-0.000253 0.394695
-0.000139 0.439652
-0.000058 0.443774
0.000000 0.414741
0.000000 0.364022
0.000000 0.302817
0.000000 0.239886
0.000000 0.180948
0.000000 0.129028
0.000000 0.085189
0.000000 0.049293
0.000000 0.020600
0.000000 -0.001450
0.000000 -0.012189
0.000000 0.000530
0.000000 0.047685
0.000000 0.131662
0.000000 0.245674
0.000000 0.377544
0.000000 0.514225
0.000000 0.644393
0.000000 0.755109
0.000000 0.829571
0.000000 0.855059
0.000000 0.829390
0.000000 0.760643
0.000000 0.662730
0.000000 0.550489
0.000000 0.436509
0.000000 0.329580
0.000000 0.234770
0.000000 0.154188
0.000000 0.087951
0.000000 0.035047
0.000000 -0.006038
0.000378 -0.036933
0.006719 -0.059186
0.031986 -0.074192
0.087849 -0.083192
0.176914 -0.087290
0.287343 -0.087482
0.394488 -0.084666
0.474051 -0.079609
0.512588 -0.073076
0.509391 -0.065675
0.472652 -0.057911
0.414248 -0.050225
0.345682 -0.042865
0.275925 -0.036040
0.210829 -0.029881
0.153479 -0.024451
0.104951 -0.019762
0.065079 -0.015787
0.033072 -0.012472
0.007922 -0.009750
-0.011363 -0.007546
-0.025671 -0.005785
-0.035769 -0.004017
-0.042320 0.003409
-0.045915 0.029514
-0.047097 0.086016
-0.046369 0.175986
-0.044196 0.293149
-0.041002 0.425852
-0.037160 0.561491
-0.032988 0.689628
-0.028740 0.802936
-0.024614 0.892349
-0.020750 0.944162
-0.017238 0.947714
-0.014124 0.902086
-0.011425 0.815893
-0.009131 0.703152
-0.007214 0.578614
-0.005638 0.454577
-0.004362 0.339574
-0.003341 0.238423
-0.002536 0.153003
-0.001908 0.083224
-0.001424 0.027880
-0.001054 -0.014725
-0.000774 -0.046391
-0.000564 -0.068825
-0.000409 -0.083569
-0.000253 -0.091993
-0.000139 -0.095316
0.000320 -0.094623
0.006719 -0.090885
0.031986 -0.084965
0.087849 -0.077610
0.177292 -0.069458
0.294062 -0.061026
0.426474 -0.052720
0.561900 -0.044839
0.689881 -0.037586
0.803075 -0.031079
0.892407 -0.025370
0.944162 -0.020461
0.947714 -0.016313
0.902086 -0.012865
0.815893 -0.010041
0.703152 -0.007760
0.578614 -0.005941
0.454577 -0.004508
0.339574 -0.003391
0.238423 -0.002531
0.153003 -0.001832
0.083224 -0.001306
0.027880 -0.000913
-0.014725 -0.000622
-0.046391 -0.000409
-0.068825 -0.000253
-0.083569 -0.000139
-0.091993 -0.000058
-0.095316 0.000000
-0.094623 0.000378
-0.090885 0.006719
-0.084965 0.031986
-0.077610 0.087849
-0.069458 0.176914
-0.061026 0.287343
-0.052720 0.394488
-0.044839 0.474051
-0.037586 0.512588
-0.031079 0.509391
-0.025370 0.472652
-0.020461 0.414248
-0.016313 0.345682
-0.012865 0.275925
-0.010041 0.210829
-0.007760 0.153479
-0.005941 0.104951
-0.004508 0.065079
-0.003391 0.033072
-0.002531 0.007922
-0.001832 -0.011363
-0.001306 -0.025671
-0.000913 -0.035769
-0.000622 -0.042320
-0.000409 -0.045538
-0.000253 -0.040378
-0.000139 -0.014383
-0.000058 0.043652
0.000000 0.136290
0.000000 0.256902
0.000000 0.393487
0.000000 0.533160
0.000000 0.665266
0.000000 0.782702
0.000000 0.881511
0.000000 0.955304
0.000000 0.992151
0.000000 0.982399
0.000000 0.925449
0.000000 0.829926
0.000000 0.709678
0.000000 0.579216
0.000000 0.450610
0.000000 0.332188
0.000000 0.228601
0.000000 0.141585
0.000000 0.070922
0.000000 0.015287
0.000000 -0.027128
0.000378 -0.058190
0.006719 -0.079764
0.031986 -0.093483
0.087849 -0.100793
0.177292 -0.103021
0.293684 -0.101250
0.419755 -0.096493
0.529914 -0.089639
0.602032 -0.081451
0.626161 -0.072572
0.605064 -0.063520
0.549673 -0.054695
0.473662 -0.046386
0.389498 -0.038784
0.306502 -0.031998
0.230500 -0.026069
0.164366 -0.020987
0.108895 -0.016706
0.063648 -0.013156
0.027594 -0.010255
-0.000476 -0.007538
-0.021727 0.000665
-0.037200 0.027397
-0.047797 0.084399
-0.054313 0.174762
-0.057462 0.291852
-0.057898 0.418448
-0.056225 0.529001
-0.052996 0.601410
-0.048707 0.625752
-0.043788 0.604812
-0.038596 0.549534
-0.033414 0.473604
-0.028455 0.389498
-0.023865 0.306502
-0.019732 0.230500
-0.016099 0.164366
-0.012971 0.108895
-0.010328 0.063648
-0.008133 0.027594
-0.006336 -0.000476
-0.004888 -0.021727
-0.003734 -0.037200
-0.002827 -0.047797
-0.001744 -0.054313
0.005140 -0.057462
0.030819 -0.057898
0.086993 -0.056225
0.176670 -0.052996
0.293654 -0.048707
0.426222 -0.043788
0.561760 -0.038596
0.689822 -0.033414
0.803453 -0.028455
0.898749 -0.023865
0.969428 -0.019732
1.003576 -0.016099
0.991530 -0.012971
0.932663 -0.010328
0.835564 -0.008133
0.714039 -0.006336
0.582558 -0.004888
0.453146 -0.003734
0.334096 -0.002827
0.230025 -0.002122
0.142639 -0.001580
0.071696 -0.001167
0.015851 -0.000855
-0.026719 -0.000622
-0.057938 -0.000409
-0.079625 -0.000253
-0.093424 -0.000139
-0.100793 -0.000058
-0.103021 0.000000
-0.100872 0.000000
-0.089774 0.000000
-0.057653 0.000000
0.006397 0.000000
0.104720 0.000000
0.230542 0.000000
0.371402 0.000000
0.508795 0.000000
0.619111 0.000000
0.683606 0.000000
0.695765 0.000000
0.661099 0.000000
0.592382 0.000000
0.504322 0.000000
0.409819 0.000000
0.318258 0.000000
0.235333 0.000000
0.163721 0.000000
0.104015 0.000000
0.055640 0.000000
0.017364 0.000000
-0.011769 0.000000
-0.027450 0.000000
-0.017864 0.000000
0.027649 0.000000
0.111179 0.000000
0.225660 0.000000
0.358663 0.000000
0.496876 0.000000
0.629180 0.000000
0.748118 0.000000
0.849353 0.000000
0.926158 0.000000
0.966321 0.000000
0.959960 0.000000
0.906303 0.000000
0.813857 0.000000
0.696394 0.000000
0.568388 0.000000
0.441898 0.000000
0.325265 0.000000
0.223162 0.000000
0.137358 0.000000
0.067670 0.000000
0.012810 0.000000
-0.028997 0.000000
-0.059630 0.000000
-0.080873 0.000000
-0.094338 0.000000
-0.101416 0.000000
-0.103429 0.000000
-0.101503 0.000000
-0.096633 0.000000
-0.089697 0.000000
-0.081451 0.000000
-0.072572 0.000000
-0.063520 0.000000
-0.054695 0.000000
-0.046386 0.000000
-0.038784 0.000000
-0.031998 0.000000
-0.026069 0.000000
-0.020987 0.000000
-0.016706 0.000000
-0.013156 0.000000
-0.010255 0.000000
-0.007916 0.000000
-0.006054 0.000000
-0.004589 0.000000
-0.003450 0.000000
-0.002531 0.000000
-0.001832 0.000000
-0.001306 0.000000
-0.000913 0.000000
-0.000622 0.000000
-0.000409 0.000000
-0.000253 0.000000
-0.000139 0.000000
-0.000058 0.000000
0.000000 0.000000
0.000000 0.000000
0.000000 0.000000
0.000000 0.000000
0.000000 0.000000
0.000000 0.000000
0.000000 0.000000
0.000000 0.000000
0.000000 0.000000
0.000000 0.000000
0.000000 0.000000
0.000000 0.000000
0.000000 0.000000
0.000000 0.000000
0.000000 0.000000
0.000000 0.000000
0.000000 0.000000
0.000000 0.000000
0.000000 0.000000
0.000000 0.000000
0.000000 0.000000
0.000000 0.000000
0.000000 0.000000
0.000000 0.000000
0.000000 0.000000
0.000000 0.000000
0.000000 0.000000
0.000000 0.000000
0.000000 0.000000
0.000000 0.000000
0.000000 0.000000
0.000000 0.000000
0.000000 0.000000
0.000000 0.000000
0.000000 0.000000
0.000000 0.000000
0.000000 0.000000
0.000000 0.000000
0.000000 0.000000
0.000000 0.000000
0.000000 0.000000
0.000000 0.000000
0.000000 0.000000
0.000000 0.000000
0.000000 0.000000
0.000000 0.000000
0.000000 0.000000
0.000000 0.000000
0.000000 0.000000
0.000000 0.000000
0.000000 0.000000
0.000000 0.000000
0.000000 0.000000
0.000000 0.000000
0.000000 0.000000
0.000000 0.000000
0.000000 0.000000
0.000000 0.000000
0.000000 0.000000
0.000000 0.000000
0.000000 0.000000
