0.000000 0.000000
0.000000 0.000000
0.000000 0.000000
0.000000 0.000000
0.000000 0.000000
0.000000 0.000000
0.000000 0.000000
0.000000 0.000000
0.000000 0.000000
0.000000 0.000000
0.000000 0.000000
0.000000 0.000000
0.000000 0.000000
0.000000 0.000000
0.000000 0.000000
0.000000 0.000000
0.000000 0.000000
0.000000 0.000000
0.000000 0.000000
0.000000 0.000378
0.000000 0.006719
0.000000 0.031986
0.000000 0.087849
0.000000 0.176914
0.000000 0.287343
0.000000 0.394488
0.000000 0.474051
0.000000 0.512588
0.000000 0.509391
0.000000 0.472652
0.000000 0.414248
0.000000 0.345682
0.000000 0.275925
0.000000 0.210829
0.000000 0.153479
0.000000 0.104951
0.000000 0.065079
0.000000 0.033072
0.000378 0.007922
0.006719 -0.011363
0.031986 -0.025671
0.087849 -0.035769
0.177292 -0.042320
0.294062 -0.045915
0.426474 -0.047097
0.561900 -0.046369
0.689881 -0.044196
0.803075 -0.041002
0.892407 -0.037160
0.944162 -0.032988
0.947714 -0.028740
0.902086 -0.024614
0.815893 -0.020750
0.703152 -0.017238
0.578614 -0.014124
0.454577 -0.011425
0.339574 -0.009131
0.238423 -0.007214
0.153003 -0.005638
0.083224 -0.004362
0.027880 -0.003341
-0.014725 -0.002536
-0.046391 -0.001530
-0.068825 0.005296
-0.083569 0.030932
-0.091993 0.087075
-0.095316 0.176350
-0.094623 0.286934
-0.090885 0.394236
-0.084965 0.473912
-0.077610 0.512530
-0.069458 0.509391
-0.061026 0.472652
-0.052720 0.414248
-0.044839 0.345682
-0.037586 0.275925
-0.031079 0.210829
-0.025370 0.153479
-0.020461 0.104951
-0.016313 0.065079
-0.012865 0.033072
-0.009663 0.007922
-0.001041 -0.011363
0.026045 -0.025671
0.083340 -0.035769
0.173901 -0.042320
0.291532 -0.045915
0.424264 -0.047097
0.553874 -0.046369
0.656981 -0.044196
0.714982 -0.041002
0.721426 -0.037160
0.681833 -0.032988
0.608949 -0.028740
0.517420 -0.024614
0.420074 -0.020750
0.326174 -0.017238
0.241387 -0.014124
0.168310 -0.011425
0.107464 -0.009131
0.058171 -0.007214
0.019196 -0.005638
-0.010840 -0.004362
-0.033256 -0.003341
-0.049228 -0.002536
-0.059791 -0.001908
-0.065860 -0.001046
-0.068262 0.005666
-0.067753 0.031212
-0.065024 0.087284
-0.060701 0.176884
-0.055335 0.293810
-0.049396 0.425957
-0.043270 0.555122
-0.037255 0.657895
-0.031570 0.715604
-0.026360 0.721834
-0.021707 0.682085
-0.017645 0.609088
-0.014169 0.517478
-0.011247 0.420074
-0.008831 0.326174
-0.006862 0.241387
-0.005280 0.168310
-0.004025 0.107464
-0.003041 0.058171
-0.002278 0.019196
-0.001693 -0.010463
-0.001248 -0.026536
-0.000913 -0.017242
-0.000622 0.028058
-0.000409 0.111432
-0.000253 0.225800
-0.000139 0.358721
-0.000058 0.496876
0.000000 0.629180
0.000000 0.748118
0.000000 0.849353
0.000000 0.926158
0.000000 0.966321
0.000000 0.959960
0.000000 0.906303
0.000000 0.813857
0.000000 0.696394
0.000000 0.568388
0.000000 0.441898
0.000000 0.325265
0.000000 0.223162
0.000000 0.137358
0.000000 0.067670
0.000000 0.012810
0.000000 -0.028997
0.000378 -0.059630
0.006719 -0.080873
0.031986 -0.094338
0.087849 -0.101416
0.177292 -0.103429
0.294062 -0.101503
0.426096 -0.096633
0.555180 -0.089697
0.657895 -0.081451
0.715604 -0.072572
0.721834 -0.063520
0.682085 -0.054695
0.609088 -0.046386
0.517478 -0.038784
0.420074 -0.031998
0.326174 -0.026069
0.241387 -0.020987
0.168310 -0.016706
0.107464 -0.013156
0.058171 -0.010255
0.019196 -0.007916
-0.010840 -0.006054
-0.033256 -0.004589
-0.049228 -0.003450
-0.059791 -0.002153
-0.065860 0.004887
-0.068262 0.030680
-0.067753 0.086935
-0.065024 0.176670
-0.060701 0.293654
-0.055335 0.426222
-0.049396 0.561383
-0.043270 0.683103
-0.037255 0.771467
-0.031570 0.811278
-0.026360 0.798855
-0.021707 0.741500
-0.017645 0.652904
-0.014169 0.548055
-0.011247 0.439746
-0.008831 0.337061
-0.006862 0.245331
-0.005280 0.166879
-0.004025 0.101987
-0.003041 0.049773
-0.002278 0.008832
-0.001693 -0.021991
-0.001248 -0.038565
-0.000913 -0.029236
-0.000622 0.016511
-0.000409 0.100632
-0.000253 0.215944
-0.000139 0.349921
-0.000058 0.489171
0.000000 0.622552
0.000000 0.742132
0.000000 0.838337
0.000000 0.897051
0.000000 0.907344
0.000000 0.868021
0.000000 0.787558
0.000000 0.679899
0.000000 0.559770
0.000000 0.439489
0.000000 0.327628
0.000000 0.229066
0.000000 0.145748
0.000000 0.077653
0.000000 0.023641
0.000000 -0.017922
0.000000 -0.048782
0.000000 -0.070599
0.000000 -0.084875
0.000000 -0.092907
0.000378 -0.095938
0.006719 -0.095031
0.031986 -0.091138
0.087849 -0.085104
0.177292 -0.077669
0.294062 -0.069458
0.426474 -0.061026
0.561522 -0.052720
0.683161 -0.044839
0.771467 -0.037586
0.811278 -0.031079
0.798855 -0.025370
0.741500 -0.020461
0.652904 -0.016313
0.548055 -0.012865
0.439746 -0.010041
0.337061 -0.007760
0.245331 -0.005941
0.166879 -0.004508
0.101987 -0.003391
0.049773 -0.002531
0.008832 -0.001832
-0.022369 -0.001306
-0.045284 -0.000536
-0.061222 0.006097
-0.071338 0.031578
-0.076660 0.087596
-0.078118 0.177153
-0.076553 0.294004
-0.072729 0.426474
-0.067328 0.561900
-0.060943 0.689503
-0.054070 0.796733
-0.047111 0.867140
-0.040370 0.888299
-0.034065 0.858270
-0.028335 0.785316
-0.023253 0.683481
-0.018843 0.567727
-0.015088 0.450633
-0.011946 0.341005
-0.009357 0.243900
-0.007255 0.161401
-0.005571 0.093589
-0.004239 0.039408
-0.003197 -0.002697
-0.002013 -0.034397
0.004945 -0.057278
0.030680 -0.072769
0.086935 -0.082138
0.176292 -0.086516
0.286934 -0.086918
0.394236 -0.084258
0.473912 -0.079357
0.512530 -0.072936
0.509391 -0.065617
0.472652 -0.057911
0.414248 -0.050225
0.345682 -0.042865
0.275925 -0.036040
0.210829 -0.029881
0.153479 -0.024451
0.104951 -0.019762
0.065079 -0.015787
0.033072 -0.012472
0.007922 -0.009372
-0.011363 -0.000827
-0.025671 0.026201
-0.035769 0.083453
-0.042320 0.173982
-0.045915 0.291590
-0.047097 0.424642
-0.046369 0.560594
-0.044196 0.688967
-0.041002 0.802453
-0.037160 0.891998
-0.032988 0.943909
-0.028740 0.947574
-0.024614 0.902028
-0.020750 0.815893
-0.017238 0.703152
-0.014124 0.578614
-0.011425 0.454577
-0.009131 0.339574
-0.007214 0.238423
-0.005638 0.153003
-0.004362 0.083224
-0.003341 0.027880
-0.002536 -0.014725
-0.001530 -0.046391
0.005296 -0.068825
0.030932 -0.083569
0.087075 -0.091993
0.176350 -0.095316
0.286934 -0.094623
0.394236 -0.090885
0.473912 -0.084965
0.512530 -0.077610
0.509391 -0.069458
0.472652 -0.061026
0.414248 -0.052720
0.345682 -0.044839
0.275925 -0.037586
0.210829 -0.031079
0.153479 -0.025370
0.104951 -0.020461
0.065079 -0.016313
0.033072 -0.012865
0.007922 -0.010041
-0.011363 -0.007760
-0.025671 -0.005941
-0.035769 -0.004130
-0.042320 0.003328
-0.045915 0.029455
-0.047097 0.086016
-0.046369 0.175608
-0.044196 0.286429
-0.041002 0.393866
-0.037160 0.473643
-0.032988 0.512336
-0.028740 0.509251
-0.024614 0.472594
-0.020750 0.414248
-0.017238 0.345682
-0.014124 0.275925
-0.011425 0.210829
-0.009131 0.153479
-0.007214 0.104951
-0.005638 0.065079
-0.004362 0.033072
-0.003341 0.008300
-0.002536 -0.004643
-0.001908 0.006315
-0.001424 0.052080
-0.001054 0.134973
-0.000774 0.248147
-0.000564 0.379377
-0.000409 0.515153
-0.000253 0.638965
-0.000139 0.730464
-0.000058 0.774117
0.000000 0.765868
0.000000 0.712760
0.000000 0.628290
0.000000 0.527305
0.000000 0.422508
0.000000 0.322937
0.000000 0.233906
0.000000 0.157748
0.000000 0.094773
0.000000 0.044135
0.000000 0.004470
0.000000 -0.025332
0.000000 -0.041101
0.000000 -0.031144
0.000000 0.015087
0.000000 0.099578
0.000000 0.215170
0.000000 0.349357
0.000000 0.488384
0.000000 0.615580
0.000000 0.710384
0.000000 0.757150
0.000000 0.751745
0.000000 0.701130
0.000000 0.618839
0.000000 0.519720
0.000000 0.416493
0.000000 0.318218
0.000000 0.230243
0.000000 0.154933
0.000000 0.092630
0.000000 0.042518
0.000000 0.003260
0.000378 -0.026608
0.006719 -0.048481
0.031986 -0.063613
0.087849 -0.073112
0.176914 -0.077967
0.287343 -0.079031
0.394488 -0.077175
0.474051 -0.073138
0.512588 -0.067581
0.509391 -0.061082
0.472652 -0.054128
0.414248 -0.047111
0.345682 -0.040370
0.275925 -0.034065
0.210829 -0.028335
0.153479 -0.023253
0.104951 -0.018843
0.065079 -0.015088
0.033072 -0.011946
0.007922 -0.009357
-0.011363 -0.007255
-0.025671 -0.005571
-0.035769 -0.004239
-0.042320 -0.003197
-0.045915 -0.002013
-0.047097 0.004945
-0.046369 0.030680
-0.044196 0.086935
-0.041002 0.176670
-0.037160 0.293276
-0.032988 0.419502
-0.028740 0.529774
-0.024614 0.601974
-0.020750 0.626161
-0.017238 0.605064
-0.014124 0.549673
-0.011425 0.473662
-0.009131 0.389498
-0.007214 0.306502
-0.005638 0.230500
-0.004362 0.164366
-0.003341 0.108895
-0.002536 0.063648
-0.001908 0.027594
-0.001424 -0.000098
-0.001054 -0.015008
-0.000774 -0.005214
-0.000564 0.040051
-0.000409 0.122601
-0.000253 0.229881
-0.000139 0.336590
-0.000058 0.417827
0.000000 0.459592
0.000000 0.460683
0.000000 0.428864
0.000000 0.375652
0.000000 0.312267
0.000000 0.247470
0.000000 0.186963
0.000000 0.133747
0.000000 0.088852
0.000000 0.052108
0.000000 0.022743
0.000378 -0.000210
0.006719 -0.017699
0.031986 -0.030559
0.087849 -0.039503
0.176914 -0.045147
0.287343 -0.048037
0.394488 -0.048677
0.474051 -0.047536
0.512588 -0.045052
0.509391 -0.041625
0.472652 -0.037569
0.414248 -0.033240
0.345682 -0.028880
0.275925 -0.024673
0.210829 -0.020750
0.153479 -0.017238
0.104951 -0.014124
0.065079 -0.011425
0.033072 -0.009131
0.007922 -0.006836
-0.011363 0.001081
-0.025671 0.027625
-0.035769 0.084507
-0.042320 0.174378
-0.045915 0.285435
-0.047097 0.393064
-0.046369 0.472998
-0.044196 0.511815
-0.041002 0.508826
-0.037160 0.472244
-0.032988 0.413995
-0.028740 0.345542
-0.024614 0.275867
-0.020750 0.210829
-0.017238 0.153479
-0.014124 0.104951
-0.011425 0.065079
-0.009131 0.033072
-0.007214 0.008300
-0.005638 -0.004643
-0.004362 0.006315
-0.003341 0.052080
-0.002536 0.134973
-0.001908 0.248147
-0.001424 0.379377
-0.001054 0.515531
-0.000774 0.645684
-0.000564 0.762450
-0.000409 0.861588
-0.000253 0.936440
-0.000139 0.974836
-0.000058 0.966915
0.000000 0.911912
0.000000 0.818327
0.000000 0.699915
0.000000 0.571132
0.000000 0.444015
0.000000 0.326883
0.000000 0.224387
0.000000 0.138277
0.000000 0.068354
0.000000 0.013315
0.000000 -0.028627
0.000378 -0.059361
0.006719 -0.080679
0.031986 -0.094198
0.087849 -0.101357
0.177292 -0.103429
0.293684 -0.101503
0.419755 -0.096633
0.529914 -0.089697
0.602032 -0.081451
0.626161 -0.072572
0.605064 -0.063520
0.549673 -0.054695
0.473662 -0.046386
0.389498 -0.038784
0.306502 -0.031998
0.230500 -0.026069
0.164366 -0.020987
0.108895 -0.016706
0.063648 -0.013156
0.027594 -0.010255
-0.000476 -0.007916
-0.021350 -0.006054
-0.030480 -0.004589
-0.015811 -0.003450
0.033535 -0.002531
0.119830 -0.001832
0.236164 -0.001306
0.370250 -0.000913
0.508904 -0.000622
0.641173 -0.000409
0.759287 -0.000253
0.853811 -0.000139
0.910747 -0.000058
0.919258 0.000000
0.878221 0.000000
0.796160 0.000000
0.687053 0.000000
0.565642 0.000000
0.444248 0.000000
0.331441 0.000000
0.232086 0.000000
0.148116 0.000000
0.079490 0.000000
0.025052 0.000000
-0.016847 0.000000
-0.047971 0.000000
-0.069991 0.000000
-0.084424 0.000000
-0.092616 0.000000
-0.095346 0.000000
-0.088156 0.000000
-0.059039 0.000000
0.002826 0.000000
0.099304 0.000000
0.217885 0.000000
0.333463 0.000000
0.421331 0.000000
0.467749 0.000000
0.471805 0.000000
0.441573 0.000000
0.388877 0.000000
0.325221 0.000000
0.259613 0.000000
0.197964 0.000000
0.143438 0.000000
0.097191 0.000000
0.059138 0.000000
0.028564 0.000000
0.004531 0.000378
-0.013893 0.006719
-0.027503 0.031986
-0.037075 0.087849
-0.043233 0.177292
-0.046538 0.294062
-0.047506 0.426474
-0.046622 0.561522
-0.044336 0.683161
-0.041060 0.771467
-0.037160 0.811278
-0.032988 0.798855
-0.028740 0.741500
-0.024614 0.652904
-0.020750 0.548055
-0.017238 0.439746
-0.014124 0.337061
-0.011425 0.245331
-0.009131 0.166879
-0.007214 0.101987
-0.005638 0.049773
-0.004362 0.008832
-0.002964 -0.022369
0.004183 -0.045284
0.030078 -0.061222
0.086425 -0.071338
0.176238 -0.076660
0.293288 -0.078118
0.425532 -0.076553
0.554772 -0.072729
0.657642 -0.067328
0.715465 -0.060943
0.721776 -0.054070
0.682085 -0.047111
0.609088 -0.040370
0.517478 -0.034065
0.420074 -0.028335
0.326174 -0.023253
0.241387 -0.018843
0.168310 -0.015088
0.107464 -0.011946
0.058171 -0.009357
0.019196 -0.007255
-0.010463 -0.005571
-0.026536 -0.004239
-0.017242 -0.003197
0.028058 -0.002391
0.111432 -0.001774
0.225800 -0.001306
0.358343 -0.000913
0.490156 -0.000622
0.597194 -0.000409
0.660270 -0.000253
0.672438 -0.000139
0.638816 -0.000058
0.571833 0.000000
0.485908 0.000000
0.393714 0.000000
0.304467 0.000000
0.223742 0.000000
0.154141 0.000000
0.096217 0.000000
0.049340 0.000000
0.012334 0.000000
-0.016121 0.000378
-0.037281 0.006719
-0.052269 0.031986
-0.062069 0.087849
-0.067553 0.176914
-0.069510 0.287343
-0.068667 0.394488
-0.065647 0.474051
-0.061110 0.512588
-0.055587 0.509391
-0.049535 0.472652
-0.043328 0.414248
-0.037255 0.345682
-0.031570 0.275925
-0.026360 0.210829
-0.021707 0.153479
-0.017645 0.104951
-0.014169 0.065079
-0.011247 0.033072
-0.008453 0.007922
-0.000143 -0.011363
0.026706 -0.025671
0.083823 -0.035769
0.173873 -0.042320
0.285065 -0.045915
0.392795 -0.047097
0.472803 -0.046369
0.511675 -0.044196
0.508768 -0.041002
0.472244 -0.037160
0.413995 -0.032988
0.345542 -0.028740
0.275867 -0.024614
0.210829 -0.020750
0.153479 -0.017238
0.104951 -0.014124
0.065079 -0.011425
0.033072 -0.009131
0.007922 -0.007214
-0.011363 -0.005638
-0.025671 -0.004362
-0.035769 -0.003341
-0.042320 -0.002536
-0.045915 -0.001530
-0.047097 0.005296
-0.046369 0.030932
-0.044196 0.087075
-0.041002 0.176728
-0.037160 0.293654
-0.032988 0.426222
-0.028740 0.561760
-0.024614 0.689822
-0.020750 0.803075
-0.017238 0.892407
-0.014124 0.944162
-0.011425 0.947714
-0.009131 0.902086
-0.007214 0.815893
-0.005638 0.703152
-0.004362 0.578614
-0.003341 0.454577
-0.002536 0.339574
-0.001908 0.238423
-0.001424 0.153003
-0.001054 0.083224
-0.000774 0.027880
-0.000564 -0.014725
-0.000031 -0.046391
0.006467 -0.068825
0.031847 -0.083569
0.087790 -0.091993
0.176914 -0.095316
0.287343 -0.094623
0.394488 -0.090885
0.474051 -0.084965
0.512588 -0.077610
0.509391 -0.069458
0.472652 -0.061026
0.414248 -0.052720
0.345682 -0.044839
0.275925 -0.037586
0.210829 -0.031079
0.153479 -0.025370
0.104951 -0.020461
0.065079 -0.016313
0.033072 -0.012865
0.008300 -0.010041
-0.004643 -0.007760
0.006315 -0.005941
0.052080 -0.004508
0.134595 -0.003391
0.241427 -0.002531
0.347391 -0.001832
0.427682 -0.001306
0.468392 -0.000913
0.468388 -0.000622
0.435492 -0.000409
0.381260 -0.000253
0.316941 -0.000139
0.251311 -0.000058
0.190078 0.000000
0.136241 0.000000
0.090827 0.000000
0.053654 0.000000
0.023941 0.000000
0.001086 0.000000
-0.010281 0.000000
0.001953 0.000000
0.048738 0.000000
0.132436 0.000000
0.246239 0.000000
0.377575 0.000000
0.507758 0.000000
0.612924 0.000000
0.674038 0.000000
0.684265 0.000000
0.648845 0.000000
0.580208 0.000000
0.492806 0.000000
0.399324 0.000000
0.308936 0.000000
0.227263 0.000000
0.156885 0.000000
0.098334 0.000000
0.050957 0.000000
0.013558 0.000000
-0.015202 0.000000
-0.036597 0.000000
-0.051387 0.000000
-0.054980 0.000000
-0.035298 0.000000
0.018532 0.000000
0.108765 0.000000
0.228474 0.000000
0.365365 0.000000
0.506313 0.000000
0.639967 0.000000
0.753405 0.000000
0.829885 0.000000
0.856729 0.000000
0.831910 0.000000
0.763609 0.000000
0.665835 0.000000
0.553557 0.000000
0.439386 0.000000
0.332174 0.000000
0.237038 0.000000
0.156121 0.000000
0.089564 0.000000
0.036367 0.000000
-0.004975 0.000000
-0.036090 0.000000
-0.058526 0.000000
-0.073682 0.000000
-0.082760 0.000000
-0.086924 0.000000
-0.087170 0.000000
-0.084397 0.000000
-0.079415 0.000000
-0.072936 0.000000
-0.065617 0.000000
-0.057911 0.000000
-0.050225 0.000000
-0.042865 0.000000
-0.036040 0.000000
-0.029881 0.000000
-0.024451 0.000000
-0.019762 0.000000
-0.015787 0.000000
-0.012472 0.000000
-0.009750 0.000000
-0.007546 0.000000
-0.005785 0.000000
-0.004395 0.000000
-0.003310 0.000000
-0.002472 0.000000
-0.001832 0.000000
-0.001306 0.000000
-0.000913 0.000000
-0.000622 0.000000
-0.000409 0.000000
-0.000253 0.000000
-0.000139 0.000000
-0.000058 0.000000
0.000000 0.000000
0.000000 0.000000
0.000000 0.000000
0.000000 0.000000
0.000000 0.000000
0.000000 0.000000
0.000000 0.000000
0.000000 0.000000
0.000000 0.000000
0.000000 0.000000
0.000000 0.000000
0.000000 0.000000
0.000000 0.000000
0.000000 0.000000
0.000000 0.000000
0.000000 0.000000
0.000000 0.000000
0.000000 0.000000
0.000000 0.000000
0.000000 0.000000
0.000000 0.000000
0.000000 0.000000
0.000000 0.000000
0.000000 0.000000
0.000000 0.000000
0.000000 0.000000
0.000000 0.000000
0.000000 0.000000
0.000000 0.000000
0.000000 0.000000
0.000000 0.000000
0.000000 0.000000
0.000000 0.000000
0.000000 0.000000
0.000000 0.000000
0.000000 0.000000
0.000000 0.000000
0.000000 0.000000
0.000000 0.000000
0.000000 0.000000
0.000000 0.000000
0.000000 0.000000
0.000000 0.000000
0.000000 0.000000
0.000000 0.000000
0.000000 0.000000
0.000000 0.000000
0.000000 0.000000
0.000000 0.000000
0.000000 0.000000
0.000000 0.000000
0.000000 0.000000
0.000000 0.000000
0.000000 0.000000
0.000000 0.000000
0.000000 0.000000
0.000000 0.000000
0.000000 0.000000
