0.000000 0.000000
0.000000 0.000000
0.000000 0.000000
0.000000 0.000000
0.000000 0.000000
0.000000 0.000000
0.000000 0.000000
0.000000 0.000000
0.000000 0.000000
0.000000 0.000000
0.000000 0.000000
0.000000 0.000000
0.000000 0.000000
0.000000 0.000000
0.000000 0.000000
0.000000 0.000378
0.000000 0.006719
0.000000 0.031986
0.000000 0.087849
0.000000 0.176914
0.000000 0.287343
0.000000 0.394488
0.000000 0.474051
0.000000 0.512588
0.000000 0.509391
0.000000 0.472652
0.000000 0.414248
0.000000 0.345682
0.000000 0.275925
0.000000 0.210829
0.000000 0.153479
0.000000 0.104951
0.000000 0.065079
0.000000 0.033072
0.000378 0.007922
0.006719 -0.011363
0.031986 -0.025671
0.087849 -0.035769
0.176914 -0.042320
0.287343 -0.045915
0.394488 -0.047097
0.474051 -0.046369
0.512588 -0.044196
0.509391 -0.041002
0.472652 -0.037160
0.414248 -0.032988
0.345682 -0.028740
0.275925 -0.024614
0.210829 -0.020750
0.153479 -0.017238
0.104951 -0.014124
0.065079 -0.011425
0.033072 -0.009131
0.008300 -0.007214
-0.004643 -0.005638
0.006315 -0.004362
0.052080 -0.003341
0.134595 -0.002536
0.241427 -0.001908
0.347391 -0.001424
0.427682 -0.001054
0.468392 -0.000774
0.468388 -0.000564
0.435492 -0.000409
0.381260 -0.000253
0.316941 -0.000139
0.251311 -0.000058
0.190078 0.000000
0.136241 0.000000
0.090827 0.000000
0.053654 0.000000
0.023941 0.000000
0.000709 0.000378
-0.017001 0.006719
-0.030033 0.031986
-0.039110 0.087849
-0.044856 0.177292
-0.047824 0.294062
-0.048521 0.426474
-0.047423 0.561900
-0.044970 0.689503
-0.041567 0.796733
-0.037569 0.867140
-0.033240 0.888299
-0.028880 0.858270
-0.024673 0.785316
-0.020750 0.683481
-0.017238 0.567727
-0.014124 0.450633
-0.011425 0.341005
-0.009131 0.243900
-0.007214 0.161401
-0.005638 0.093589
-0.004362 0.039408
-0.003341 -0.002697
-0.002158 -0.034397
0.004811 -0.057278
0.030562 -0.072769
0.086795 -0.082138
0.176141 -0.086516
0.286778 -0.086918
0.394080 -0.084258
0.473799 -0.079357
0.512449 -0.072936
0.509332 -0.065617
0.472652 -0.057911
0.414248 -0.050225
0.345682 -0.042865
0.275925 -0.036040
0.210829 -0.029881
0.153479 -0.024451
0.104951 -0.019762
0.065079 -0.015787
0.033072 -0.012472
0.007922 -0.009372
-0.011363 -0.000827
-0.025671 0.026201
-0.035769 0.083453
-0.042320 0.173982
-0.045915 0.291590
-0.047097 0.424642
-0.046369 0.560594
-0.044196 0.688967
-0.041002 0.802830
-0.037160 0.898340
-0.032988 0.969176
-0.028740 1.003437
-0.024614 0.991471
-0.020750 0.932663
-0.017238 0.835564
-0.014124 0.714039
-0.011425 0.582558
-0.009131 0.453146
-0.007214 0.334096
-0.005638 0.230025
-0.004362 0.142639
-0.003341 0.071696
-0.002536 0.015851
-0.001908 -0.026719
-0.001424 -0.057938
-0.001054 -0.079625
-0.000774 -0.093424
-0.000564 -0.100793
-0.000409 -0.103021
0.000125 -0.101250
0.006580 -0.096493
0.031928 -0.089639
0.087849 -0.081451
0.176914 -0.072572
0.287343 -0.063520
0.394488 -0.054695
0.474051 -0.046386
0.512588 -0.038784
0.509391 -0.031998
0.472652 -0.026069
0.414248 -0.020987
0.345682 -0.016706
0.275925 -0.013156
0.210829 -0.010255
0.153479 -0.007916
0.104951 -0.006054
0.065079 -0.004589
0.033072 -0.003450
0.008300 -0.002531
-0.004643 -0.001832
0.006315 -0.001306
0.052080 -0.000913
0.134973 -0.000622
0.248147 -0.000409
0.379377 -0.000253
0.515531 -0.000139
0.645684 -0.000058
0.762073 0.000000
0.855246 0.000000
0.911174 0.000000
0.918974 0.000000
0.877472 0.000000
0.795142 0.000000
0.685915 0.000000
0.564489 0.000000
0.443152 0.000000
0.330443 0.000000
0.231209 0.000000
0.147365 0.000000
0.078863 0.000000
0.024538 0.000000
-0.017262 0.000000
-0.048299 0.000378
-0.070248 0.006719
-0.084623 0.031986
-0.092767 0.087849
-0.095880 0.176914
-0.095031 0.287343
-0.091138 0.394488
-0.085104 0.474051
-0.077669 0.512588
-0.069458 0.509391
-0.061026 0.472652
-0.052720 0.414248
-0.044839 0.345682
-0.037586 0.275925
-0.031079 0.210829
-0.025370 0.153479
-0.020461 0.104951
-0.016313 0.065079
-0.012865 0.033072
-0.010041 0.007922
-0.007760 -0.011363
-0.005563 -0.025671
0.002211 -0.035769
0.028595 -0.042320
0.085318 -0.045915
0.175460 -0.047097
0.292756 -0.046369
0.425183 -0.044196
0.554558 -0.041002
0.657486 -0.037160
0.715352 -0.032988
0.721695 -0.028740
0.682027 -0.024614
0.609088 -0.020750
0.517478 -0.017238
0.420074 -0.014124
0.326174 -0.011425
0.241387 -0.009131
0.168310 -0.007214
0.107464 -0.005638
0.058171 -0.004362
0.019196 -0.003341
-0.010840 -0.002158
-0.033256 0.004811
-0.049228 0.030562
-0.059791 0.086795
-0.065860 0.176518
-0.068262 0.293498
-0.067753 0.425688
-0.065024 0.554928
-0.060701 0.657755
-0.055335 0.715546
-0.049396 0.721834
-0.043270 0.682085
-0.037255 0.609088
-0.031570 0.517478
-0.026360 0.420074
-0.021707 0.326174
-0.017645 0.241387
-0.014169 0.168310
-0.011247 0.107464
-0.008831 0.058171
-0.006862 0.019196
-0.004903 -0.010840
0.002694 -0.033256
0.028945 -0.049228
0.085570 -0.059791
0.175222 -0.065860
0.286095 -0.068262
0.393575 -0.067753
0.473429 -0.065024
0.512180 -0.060701
0.509138 -0.055335
0.472513 -0.049396
0.414189 -0.043270
0.345682 -0.037255
0.275925 -0.031570
0.210829 -0.026360
0.153479 -0.021707
0.104951 -0.017645
0.065079 -0.014169
0.033072 -0.011247
0.007922 -0.008831
-0.011363 -0.006862
-0.025671 -0.005280
-0.035391 -0.004025
-0.035600 -0.003041
-0.013929 -0.002278
0.040751 -0.001693
0.130923 -0.001248
0.249488 -0.000913
0.378752 -0.000622
0.492753 -0.000409
0.569044 -0.000253
0.597420 -0.000139
0.580450 -0.000058
0.528923 0.000000
0.456425 0.000000
0.375373 0.000000
0.295077 0.000000
0.221370 0.000000
0.157152 0.000000
0.103257 0.000000
0.059287 0.000000
0.024253 0.000000
-0.002634 0.000000
-0.016916 0.000000
-0.006637 0.000000
0.038998 0.000000
0.122205 0.000000
0.236036 0.000000
0.367790 0.000000
0.498703 0.000000
0.604759 0.000000
0.666839 0.000000
0.678046 0.000000
0.643490 0.000000
0.575674 0.000000
0.489023 0.000000
0.396209 0.000000
0.306442 0.000000
0.225288 0.000000
0.155339 0.000000
0.097136 0.000000
0.050038 0.000000
0.012860 0.000000
-0.015728 0.000000
-0.036990 0.000000
-0.052055 0.000000
-0.061913 0.000000
-0.067440 0.000378
-0.069429 0.006719
-0.068608 0.031986
-0.065647 0.087849
-0.061110 0.177292
-0.055587 0.294062
-0.049535 0.426474
-0.043328 0.561900
-0.037255 0.689881
-0.031570 0.803075
-0.026360 0.892407
-0.021707 0.944162
-0.017645 0.947714
-0.014169 0.902086
-0.011247 0.815893
-0.008831 0.703152
-0.006862 0.578614
-0.005280 0.454577
-0.004025 0.339574
-0.003041 0.238423
-0.002278 0.153003
-0.001693 0.083224
-0.001248 0.027880
-0.000913 -0.014725
-0.000622 -0.046013
-0.000409 -0.062105
-0.000253 -0.051583
-0.000139 -0.004145
-0.000058 0.081976
0.000000 0.199440
0.000000 0.335589
0.000000 0.476935
0.000000 0.612270
0.000000 0.733995
0.000000 0.837723
0.000000 0.916708
0.000000 0.958737
0.000000 0.953944
0.000000 0.901584
0.000000 0.810194
0.000000 0.693579
0.000000 0.566245
0.000000 0.440281
0.000000 0.324055
0.000000 0.222265
0.000000 0.136698
0.000000 0.067187
0.000000 0.012460
0.000000 -0.029250
0.000000 -0.059770
0.000000 -0.080931
0.000000 -0.094338
0.000000 -0.101416
0.000000 -0.103051
0.000000 -0.094783
0.000000 -0.064647
0.000000 -0.001848
0.000000 0.095841
0.000000 0.221490
0.000000 0.362954
0.000000 0.506827
0.000000 0.636776
0.000000 0.732683
0.000000 0.779280
0.000000 0.772787
0.000000 0.720513
0.000000 0.636198
0.000000 0.534899
0.000000 0.429491
0.000000 0.329145
0.000000 0.239277
0.000000 0.162290
0.000000 0.098537
0.000000 0.047242
0.000000 0.006999
0.000000 -0.023297
0.000000 -0.039478
0.000000 -0.029858
0.000000 0.016102
0.000000 0.100379
0.000000 0.215805
0.000000 0.349485
0.000000 0.482451
0.000000 0.590566
0.000000 0.654662
0.000000 0.667764
0.000000 0.634975
0.000000 0.568718
0.000000 0.483413
0.000000 0.391740
0.000000 0.302920
0.000000 0.222544
0.000000 0.153222
0.000000 0.095518
0.000000 0.048814
0.000000 0.011941
0.000000 -0.016412
0.000000 -0.037495
0.000000 -0.052425
0.000378 -0.062182
0.006719 -0.067634
0.031986 -0.069569
0.087849 -0.068667
0.176914 -0.065647
0.287343 -0.061110
0.394488 -0.055587
0.474051 -0.049535
0.512588 -0.043328
0.509391 -0.037255
0.472652 -0.031570
0.414248 -0.026360
0.345682 -0.021707
0.275925 -0.017645
0.210829 -0.014169
0.153479 -0.011247
0.104951 -0.008831
0.065079 -0.006862
0.033072 -0.005280
0.007922 -0.003647
-0.011363 0.003678
-0.025671 0.029708
-0.035769 0.086156
-0.042320 0.176044
-0.045915 0.293149
-0.047097 0.425852
-0.046369 0.561491
-0.044196 0.689628
-0.041002 0.802936
-0.037160 0.892349
-0.032988 0.944162
-0.028740 0.947714
-0.024614 0.902086
-0.020750 0.815893
-0.017238 0.703152
-0.014124 0.578614
-0.011425 0.454577
-0.009131 0.339574
-0.007214 0.238423
-0.005638 0.153003
-0.004362 0.083224
-0.003341 0.027880
-0.002536 -0.014725
-0.001908 -0.046013
-0.001424 -0.062105
-0.001054 -0.051583
-0.000774 -0.004145
-0.000564 0.081976
-0.000409 0.199440
-0.000253 0.335589
-0.000139 0.476935
-0.000058 0.612270
0.000000 0.733995
0.000000 0.837723
0.000000 0.916708
0.000000 0.958737
0.000000 0.953944
0.000000 0.901584
0.000000 0.810194
0.000000 0.693579
0.000000 0.566245
0.000000 0.440281
0.000000 0.324055
0.000000 0.222265
0.000000 0.136698
0.000000 0.067187
0.000000 0.012460
0.000000 -0.029250
0.000000 -0.059770
0.000378 -0.080931
0.006719 -0.094338
0.031986 -0.101416
0.087849 -0.103429
0.177292 -0.101503
0.294062 -0.096633
0.426474 -0.089697
0.561522 -0.081451
0.683161 -0.072572
0.771467 -0.063520
0.811278 -0.054695
0.798855 -0.046386
0.741500 -0.038784
0.652904 -0.031998
0.548055 -0.026069
0.439746 -0.020987
0.337061 -0.016706
0.245331 -0.013156
0.166879 -0.010255
0.101987 -0.007916
0.049773 -0.006054
0.008832 -0.004589
-0.022369 -0.003450
-0.045284 -0.002153
-0.061222 0.004887
-0.071338 0.030680
-0.076660 0.086935
-0.078118 0.176670
-0.076553 0.293654
-0.072729 0.425844
-0.067328 0.555041
-0.060943 0.657836
-0.054070 0.715604
-0.047111 0.721834
-0.040370 0.682085
-0.034065 0.609088
-0.028335 0.517478
-0.023253 0.420074
-0.018843 0.326174
-0.015088 0.241387
-0.011946 0.168310
-0.009357 0.107464
-0.007255 0.058171
-0.005571 0.019196
-0.004239 -0.010463
-0.003197 -0.026536
-0.002391 -0.017242
-0.001774 0.028058
-0.001306 0.111432
-0.000913 0.225800
-0.000622 0.358721
-0.000409 0.496876
-0.000253 0.628802
-0.000139 0.741399
-0.000058 0.817744
0.000000 0.845029
0.000000 0.821015
0.000000 0.753746
0.000000 0.657121
0.000000 0.546019
0.000000 0.432988
0.000000 0.326835
0.000000 0.232653
0.000000 0.152570
0.000000 0.086726
0.000000 0.034128
0.000000 -0.006722
0.000000 -0.037061
0.000000 -0.052837
0.000000 -0.042475
0.000000 0.004463
0.000000 0.089485
0.000000 0.199803
0.000000 0.309822
0.000000 0.394442
0.000000 0.439513
0.000000 0.443716
0.000000 0.414741
0.000000 0.364022
0.000000 0.302817
0.000000 0.239886
0.000000 0.180948
0.000000 0.129028
0.000000 0.085189
0.000000 0.049293
0.000000 0.020600
0.000378 -0.001828
0.006719 -0.018909
0.031986 -0.031456
0.087849 -0.040164
0.177292 -0.045630
0.294062 -0.048388
0.426474 -0.048930
0.561900 -0.047675
0.689881 -0.045110
0.803075 -0.041625
0.892407 -0.037569
0.944162 -0.033240
0.947714 -0.028880
0.902086 -0.024673
0.815893 -0.020750
0.703152 -0.017238
0.578614 -0.014124
0.454577 -0.011425
0.339574 -0.009131
0.238423 -0.007214
0.153003 -0.005638
0.083224 -0.004362
0.027880 -0.003341
-0.014725 -0.002536
-0.046013 -0.001908
-0.062105 -0.001424
-0.051583 -0.001054
-0.004145 -0.000774
0.081599 -0.000564
0.192720 -0.000409
0.303603 -0.000253
0.389087 -0.000139
0.434978 -0.000058
0.439933 0.000000
0.411627 0.000000
0.361528 0.000000
0.300842 0.000000
0.238339 0.000000
0.179750 0.000000
0.128109 0.000000
0.084491 0.000000
0.048767 0.000000
0.020207 0.000000
-0.002119 0.000378
-0.019123 0.006719
-0.031612 0.031986
-0.040277 0.087849
-0.045711 0.177292
-0.048446 0.294062
-0.048930 0.426474
-0.047675 0.561900
-0.045110 0.689503
-0.041625 0.796733
-0.037569 0.867140
-0.033240 0.888299
-0.028880 0.858270
-0.024673 0.785316
-0.020750 0.683481
-0.017238 0.567727
-0.014124 0.450633
-0.011425 0.341005
-0.009131 0.243900
-0.007214 0.161401
-0.005638 0.093589
-0.004362 0.039408
-0.003341 -0.002697
-0.002536 -0.034397
-0.001908 -0.057278
-0.001424 -0.072769
-0.001054 -0.082138
-0.000774 -0.086138
-0.000564 -0.080198
-0.000409 -0.052272
-0.000253 0.008492
-0.000139 0.104356
-0.000058 0.228445
0.000000 0.368563
0.000000 0.511675
0.000000 0.647016
0.000000 0.767413
0.000000 0.868868
0.000000 0.944977
0.000000 0.983814
0.000000 0.975743
0.000000 0.920191
0.000000 0.825814
0.000000 0.706493
0.000000 0.576772
0.000000 0.448751
0.000000 0.330786
0.000000 0.227552
0.000000 0.140807
0.000000 0.070389
0.000000 0.014938
0.000000 -0.027342
0.000000 -0.057969
0.000000 -0.073158
0.000000 -0.061578
0.000000 -0.013003
0.000000 0.073894
0.000000 0.186093
0.000000 0.297995
0.000000 0.384413
0.000000 0.431137
0.000000 0.436818
0.000000 0.409132
0.000000 0.359553
0.000000 0.299296
0.000000 0.237142
0.000000 0.178831
0.000000 0.127410
0.000000 0.083965
0.000000 0.048374
0.000000 0.019916
0.000000 -0.001955
0.000000 -0.012559
0.000000 0.000261
0.000000 0.047490
0.000000 0.131145
0.000000 0.238897
0.000000 0.345558
0.000000 0.426376
0.000000 0.467479
0.000000 0.467766
0.000000 0.435083
0.000000 0.381007
0.000000 0.316802
0.000000 0.251253
0.000000 0.190078
0.000000 0.136241
0.000000 0.090827
0.000000 0.053654
0.000000 0.023941
0.000378 0.000709
0.006719 -0.017001
0.031986 -0.030033
0.087849 -0.039110
0.176914 -0.044856
0.287343 -0.047824
0.394488 -0.048521
0.474051 -0.047423
0.512588 -0.044970
0.509391 -0.041567
0.472652 -0.037569
0.414248 -0.033240
0.345682 -0.028880
0.275925 -0.024673
0.210829 -0.020750
0.153479 -0.017238
0.104951 -0.014124
0.065079 -0.011425
0.033072 -0.009131
0.008300 -0.007214
-0.004643 -0.005638
0.006315 -0.004362
0.052080 -0.003341
0.134973 -0.002536
0.248147 -0.001908
0.379377 -0.001424
0.515531 -0.001054
0.645684 -0.000774
0.762073 -0.000564
0.855246 -0.000409
0.911174 -0.000253
0.918974 -0.000139
0.877472 -0.000058
0.795142 0.000000
0.685915 0.000000
0.564489 0.000000
0.443152 0.000000
0.330443 0.000000
0.231209 0.000000
0.147365 0.000000
0.078863 0.000000
0.024538 0.000000
-0.017262 0.000000
-0.047921 0.000000
-0.063529 0.000000
-0.052637 0.000000
-0.004919 0.000000
0.081412 0.000000
0.199031 0.000000
0.335336 0.000000
0.476796 0.000000
0.612212 0.000000
0.733995 0.000000
0.837723 0.000000
0.916708 0.000000
0.958737 0.000000
0.953944 0.000000
0.901584 0.000000
0.810194 0.000000
0.693579 0.000000
0.566245 0.000000
0.440281 0.000000
0.324055 0.000000
0.222265 0.000000
0.136698 0.000000
0.067187 0.000000
0.012460 0.000000
-0.029250 0.000000
-0.059770 0.000000
-0.080931 0.000000
-0.093960 0.000000
-0.094696 0.000000
-0.071443 0.000000
-0.013654 0.000000
0.080659 0.000000
0.204365 0.000000
0.345023 0.000000
0.488950 0.000000
0.619641 0.000000
0.716772 0.000000
0.764892 0.000000
0.760072 0.000000
0.709502 0.000000
0.626835 0.000000
0.527068 0.000000
0.423040 0.000000
0.323905 0.000000
0.235076 0.000000
0.158963 0.000000
0.095933 0.000000
0.045183 0.000000
0.005382 0.000000
-0.024522 0.000000
-0.040397 0.000000
-0.030542 0.000000
0.015597 0.000000
0.100009 0.000000
0.215536 0.000000
0.349669 0.000000
0.489031 0.000000
0.622494 0.000000
0.742132 0.000000
0.838337 0.000000
0.897051 0.000000
0.907344 0.000000
0.868021 0.000000
0.787558 0.000000
0.679899 0.000000
0.559770 0.000000
0.439489 0.000000
0.327628 0.000000
0.229066 0.000000
0.145748 0.000000
0.077653 0.000000
0.023641 0.000000
-0.017922 0.000000
-0.048782 0.000000
-0.070599 0.000000
-0.084875 0.000000
-0.092907 0.000000
-0.095938 0.000000
-0.095031 0.000000
-0.091138 0.000000
-0.085104 0.000000
-0.077669 0.000000
-0.069458 0.000000
-0.061026 0.000000
-0.052720 0.000000
-0.044839 0.000000
-0.037586 0.000000
-0.031079 0.000000
-0.025370 0.000000
-0.020461 0.000000
-0.016313 0.000000
-0.012865 0.000000
-0.010041 0.000000
-0.007760 0.000000
-0.005941 0.000000
-0.004508 0.000000
-0.003391 0.000000
-0.002531 0.000000
-0.001832 0.000000
-0.001306 0.000000
-0.000913 0.000000
-0.000622 0.000000
-0.000409 0.000000
-0.000253 0.000000
-0.000139 0.000000
-0.000058 0.000000
0.000000 0.000000
0.000000 0.000000
0.000000 0.000000
0.000000 0.000000
0.000000 0.000000
0.000000 0.000000
0.000000 0.000000
0.000000 0.000000
0.000000 0.000000
0.000000 0.000000
0.000000 0.000000
0.000000 0.000000
0.000000 0.000000
0.000000 0.000000
0.000000 0.000000
0.000000 0.000000
0.000000 0.000000
0.000000 0.000000
0.000000 0.000000
0.000000 0.000000
0.000000 0.000000
0.000000 0.000000
0.000000 0.000000
0.000000 0.000000
0.000000 0.000000
0.000000 0.000000
0.000000 0.000000
0.000000 0.000000
0.000000 0.000000
0.000000 0.000000
0.000000 0.000000
0.000000 0.000000
0.000000 0.000000
0.000000 0.000000
0.000000 0.000000
0.000000 0.000000
0.000000 0.000000
0.000000 0.000000
0.000000 0.000000
0.000000 0.000000
0.000000 0.000000
0.000000 0.000000
0.000000 0.000000
0.000000 0.000000
0.000000 0.000000
0.000000 0.000000
0.000000 0.000000
