0.000000 0.000000
0.000000 0.000000
0.000000 0.000000
0.000000 0.000000
0.000000 0.000000
0.000000 0.000000
0.000000 0.000000
0.000000 0.000000
0.000000 0.000000
0.000000 0.000000
0.000000 0.000000
0.000000 0.000000
0.000000 0.000000
0.000000 0.000000
0.000000 0.000000
0.000378 0.000000
0.006719 0.000000
0.031986 0.000000
0.087849 0.000000
0.177292 0.000000
0.294062 0.000000
0.426096 0.000000
0.555180 0.000000
0.657895 0.000000
0.715604 0.000000
0.721834 0.000000
0.682085 0.000000
0.609088 0.000000
0.517478 0.000000
0.420074 0.000000
0.326174 0.000000
0.241387 0.000000
0.168310 0.000000
0.107464 0.000000
0.058171 0.000000
0.019196 0.000000
-0.010840 0.000378
-0.033256 0.006719
-0.049228 0.031986
-0.059791 0.087849
-0.065860 0.177292
-0.068262 0.294062
-0.067753 0.426474
-0.065024 0.561900
-0.060701 0.689881
-0.055335 0.803453
-0.049396 0.898749
-0.043270 0.969428
-0.037255 1.003576
-0.031570 0.991530
-0.026360 0.932663
-0.021707 0.835564
-0.017645 0.714039
-0.014169 0.582558
-0.011247 0.453146
-0.008831 0.334096
-0.006862 0.230025
-0.005280 0.142639
-0.004025 0.071696
-0.003041 0.015851
-0.002278 -0.026719
-0.001693 -0.057938
-0.001248 -0.079625
-0.000913 -0.093047
-0.000622 -0.094074
-0.000409 -0.071035
-0.000253 -0.013402
-0.000139 0.080799
-0.000058 0.204423
0.000000 0.345023
0.000000 0.489328
0.000000 0.625983
0.000000 0.742038
0.000000 0.820755
0.000000 0.849515
0.000000 0.826272
0.000000 0.759247
0.000000 0.662494
0.000000 0.551021
0.000000 0.437477
0.000000 0.330750
0.000000 0.235984
0.000000 0.155347
0.000000 0.088999
0.000000 0.035959
0.000000 -0.005228
0.000000 -0.036229
0.000000 -0.058584
0.000000 -0.073682
0.000000 -0.082383
0.000000 -0.080205
0.000000 -0.055184
0.000000 0.003451
0.000000 0.097877
0.000000 0.221126
0.000000 0.360857
0.000000 0.503611
0.000000 0.632936
0.000000 0.728602
0.000000 0.775238
0.000000 0.768975
0.000000 0.717049
0.000000 0.633142
0.000000 0.532268
0.000000 0.427274
0.000000 0.327311
0.000000 0.237785
0.000000 0.161094
0.000000 0.097592
0.000000 0.046463
0.000000 0.006359
0.000378 -0.024201
0.006719 -0.046590
0.031986 -0.062135
0.087849 -0.071960
0.177292 -0.077069
0.294062 -0.078370
0.426474 -0.076692
0.561522 -0.072787
0.683161 -0.067328
0.771467 -0.060943
0.811278 -0.054070
0.798855 -0.047111
0.741500 -0.040370
0.652904 -0.034065
0.548055 -0.028335
0.439746 -0.023253
0.337061 -0.018843
0.245331 -0.015088
0.166879 -0.011946
0.101987 -0.009357
0.049773 -0.007255
0.008832 -0.005571
-0.021991 -0.004239
-0.038565 -0.003197
-0.029236 -0.002391
0.016511 -0.001774
0.100632 -0.001306
0.215944 -0.000913
0.349921 -0.000622
0.489171 -0.000409
0.622552 -0.000253
0.742510 -0.000139
0.844679 -0.000058
0.922318 0.000000
0.963206 0.000000
0.957465 0.000000
0.904328 0.000000
0.812311 0.000000
0.695196 0.000000
0.567469 0.000000
0.441200 0.000000
0.324739 0.000000
0.222770 0.000000
0.137067 0.000000
0.067457 0.000000
0.012654 0.000000
-0.029110 0.000000
-0.059712 0.000378
-0.080931 0.006719
-0.094338 0.031986
-0.101416 0.087849
-0.103429 0.176914
-0.101503 0.287343
-0.096633 0.394488
-0.089697 0.474051
-0.081451 0.512588
-0.072572 0.509391
-0.063520 0.472652
-0.054695 0.414248
-0.046386 0.345682
-0.038784 0.275925
-0.031998 0.210829
-0.026069 0.153479
-0.020987 0.104951
-0.016706 0.065079
-0.013156 0.033072
-0.010255 0.008300
-0.007916 -0.004643
-0.006054 0.006315
-0.004589 0.052080
-0.003450 0.134973
-0.002531 0.248147
-0.001832 0.378999
-0.001306 0.508811
-0.000913 0.613698
-0.000622 0.674602
-0.000409 0.684674
-0.000253 0.649098
-0.000139 0.580348
-0.000058 0.492864
0.000000 0.399324
0.000000 0.308936
0.000000 0.227263
0.000000 0.156885
0.000000 0.098334
0.000000 0.050957
0.000000 0.013558
0.000378 -0.015202
0.006719 -0.036597
0.031986 -0.051764
0.087849 -0.061699
0.177292 -0.067284
0.294062 -0.069316
0.426474 -0.068527
0.561900 -0.065589
0.689881 -0.061110
0.803075 -0.055587
0.892407 -0.049535
0.944162 -0.043328
0.947714 -0.037255
0.902086 -0.031570
0.815893 -0.026360
0.703152 -0.021707
0.578614 -0.017645
0.454577 -0.014169
0.339574 -0.011247
0.238423 -0.008831
0.153003 -0.006862
0.083224 -0.005280
0.027880 -0.004025
-0.014725 -0.003041
-0.046013 -0.002278
-0.062105 -0.001693
-0.051583 -0.001248
-0.004145 -0.000913
0.081976 -0.000622
0.199062 -0.000409
0.328869 -0.000253
0.444949 -0.000139
0.524422 -0.000058
0.556703 0.000000
0.544038 0.000000
0.496953 0.000000
0.428823 0.000000
0.351912 0.000000
0.275423 0.000000
0.205130 0.000000
0.143905 0.000000
0.092583 0.000000
0.050784 0.000000
0.017553 0.000000
-0.007858 0.000000
-0.020949 0.000000
-0.009722 0.000000
0.036660 0.000000
0.120448 0.000000
0.234768 0.000000
0.366892 0.000000
0.498042 0.000000
0.604276 0.000000
0.666488 0.000000
0.677794 0.000000
0.643350 0.000000
0.575616 0.000000
0.489023 0.000000
0.396209 0.000000
0.306442 0.000000
0.225288 0.000000
0.155339 0.000000
0.097136 0.000000
0.050038 0.000000
0.012860 0.000000
-0.015728 0.000378
-0.036990 0.006719
-0.052055 0.031986
-0.061913 0.087849
-0.067440 0.177292
-0.069429 0.294062
-0.068608 0.426096
-0.065647 0.555180
-0.061110 0.657895
-0.055587 0.715604
-0.049535 0.721834
-0.043328 0.682085
-0.037255 0.609088
-0.031570 0.517478
-0.026360 0.420074
-0.021707 0.326174
-0.017645 0.241387
-0.014169 0.168310
-0.011247 0.107464
-0.008831 0.058171
-0.006862 0.019196
-0.005280 -0.010463
-0.004025 -0.026536
-0.003041 -0.017242
-0.002278 0.028058
-0.001693 0.111054
-0.001248 0.219080
-0.000913 0.326735
-0.000622 0.409027
-0.000409 0.451887
-0.000253 0.454056
-0.000139 0.423256
-0.000058 0.370978
0.000000 0.308427
0.000000 0.244355
0.000000 0.184469
0.000000 0.131772
0.000000 0.087306
0.000000 0.050910
0.000000 0.021824
0.000378 -0.000909
0.006719 -0.018225
0.031986 -0.030951
0.087849 -0.039794
0.177292 -0.045361
0.294062 -0.048193
0.426474 -0.048790
0.561522 -0.047617
0.683161 -0.045110
0.771467 -0.041625
0.811278 -0.037569
0.798855 -0.033240
0.741500 -0.028880
0.652904 -0.024673
0.548055 -0.020750
0.439746 -0.017238
0.337061 -0.014124
0.245331 -0.011425
0.166879 -0.009131
0.101987 -0.007214
0.049773 -0.005638
0.008832 -0.004362
-0.022369 -0.002964
-0.045284 0.004183
-0.061222 0.030078
-0.071338 0.086425
-0.076660 0.176238
-0.078118 0.293288
-0.076553 0.425532
-0.072729 0.554772
-0.067328 0.657642
-0.060943 0.715465
-0.054070 0.721776
-0.047111 0.682085
-0.040370 0.609088
-0.034065 0.517478
-0.028335 0.420074
-0.023253 0.326174
-0.018843 0.241387
-0.015088 0.168310
-0.011946 0.107464
-0.009357 0.058171
-0.007255 0.019196
-0.005571 -0.010463
-0.004239 -0.026536
-0.003197 -0.017242
-0.002391 0.028058
-0.001774 0.111054
-0.001306 0.219080
-0.000913 0.326735
-0.000622 0.409027
-0.000409 0.451887
-0.000253 0.454056
-0.000139 0.423256
-0.000058 0.370978
0.000000 0.308427
0.000000 0.244355
0.000000 0.184469
0.000000 0.131772
0.000000 0.087306
0.000000 0.050910
0.000000 0.021824
0.000378 -0.000909
0.006719 -0.018225
0.031986 -0.030951
0.087849 -0.039794
0.177292 -0.045361
0.294062 -0.048193
0.426474 -0.048790
0.561900 -0.047617
0.689881 -0.045110
0.803075 -0.041625
0.892407 -0.037569
0.944162 -0.033240
0.947714 -0.028880
0.902086 -0.024673
0.815893 -0.020750
0.703152 -0.017238
0.578614 -0.014124
0.454577 -0.011425
0.339574 -0.009131
0.238423 -0.007214
0.153003 -0.005638
0.083224 -0.004362
0.027880 -0.003341
-0.014725 -0.002536
-0.046391 -0.001908
-0.068825 -0.001424
-0.083569 -0.001054
-0.091616 -0.000774
-0.088596 -0.000564
-0.062637 -0.000409
-0.003037 -0.000253
0.092327 -0.000139
0.216452 -0.000058
0.357017 0.000000
0.500874 0.000000
0.637161 0.000000
0.758613 0.000000
0.861163 0.000000
0.938349 0.000000
0.978206 0.000000
0.971069 0.000000
0.916350 0.000000
0.822700 0.000000
0.703999 0.000000
0.574797 0.000000
0.447205 0.000000
0.329588 0.000000
0.226633 0.000000
0.140108 0.000000
0.069863 0.000000
0.014545 0.000000
-0.027633 0.000000
-0.058560 0.000000
-0.080034 0.000000
-0.093677 0.000000
-0.100933 0.000000
-0.103079 0.000000
-0.100872 0.000000
-0.089774 0.000000
-0.057653 0.000000
0.006397 0.000000
0.104720 0.000000
0.230542 0.000000
0.371779 0.000000
0.515514 0.000000
0.650719 0.000000
0.764735 0.000000
0.841071 0.000000
0.867312 0.000000
0.841564 0.000000
0.772160 0.000000
0.673226 0.000000
0.559811 0.000000
0.444579 0.000000
0.336415 0.000000
0.240451 0.000000
0.158871 0.000000
0.091757 0.000000
0.038102 0.000000
-0.003610 0.000000
-0.035020 0.000000
-0.057686 0.000000
-0.073021 0.000000
-0.082277 0.000378
-0.086574 0.006719
-0.086918 0.031986
-0.084258 0.087849
-0.079357 0.176914
-0.072936 0.287343
-0.065617 0.394488
-0.057911 0.474051
-0.050225 0.512588
-0.042865 0.509391
-0.036040 0.472652
-0.029881 0.414248
-0.024451 0.345682
-0.019762 0.275925
-0.015787 0.210829
-0.012472 0.153479
-0.009750 0.104951
-0.007546 0.065079
-0.005785 0.033072
-0.004395 0.007922
-0.003310 -0.011363
-0.002472 -0.025671
-0.001832 -0.035769
-0.001306 -0.042320
-0.000536 -0.045915
0.006097 -0.047097
0.031578 -0.046369
0.087596 -0.044196
0.176775 -0.041002
0.287285 -0.037160
0.394488 -0.032988
0.474051 -0.028740
0.512588 -0.024614
0.509391 -0.020750
0.472652 -0.017238
0.414248 -0.014124
0.345682 -0.011425
0.275925 -0.009131
0.210829 -0.007214
0.153479 -0.005638
0.104951 -0.004362
0.065079 -0.003341
0.033072 -0.002536
0.007922 -0.001530
-0.011363 0.005296
-0.025671 0.030932
-0.035769 0.087075
-0.042320 0.176728
-0.045915 0.293654
-0.047097 0.426222
-0.046369 0.561760
-0.044196 0.689822
-0.041002 0.803453
-0.037160 0.898749
-0.032988 0.969428
-0.028740 1.003576
-0.024614 0.991530
-0.020750 0.932663
-0.017238 0.835564
-0.014124 0.714039
-0.011425 0.582558
-0.009131 0.453146
-0.007214 0.334096
-0.005638 0.230025
-0.004362 0.142639
-0.003341 0.071696
-0.002536 0.015851
-0.001908 -0.026719
-0.001046 -0.057938
0.005666 -0.079625
0.031212 -0.093424
0.087284 -0.100793
0.176506 -0.103021
0.287090 -0.101250
0.394349 -0.096493
0.473993 -0.089639
0.512588 -0.081451
0.509391 -0.072572
0.472652 -0.063520
0.414248 -0.054695
0.345682 -0.046386
0.275925 -0.038784
0.210829 -0.031998
0.153479 -0.026069
0.104951 -0.020987
0.065079 -0.016706
0.033072 -0.013156
0.007922 -0.009877
-0.011363 -0.001197
-0.025671 0.025932
-0.035769 0.083259
-0.042320 0.173465
-0.045915 0.284812
-0.047097 0.392656
-0.046369 0.472745
-0.044196 0.511675
-0.041002 0.508768
-0.037160 0.472244
-0.032988 0.413995
-0.028740 0.345542
-0.024614 0.275867
-0.020750 0.210829
-0.017238 0.153479
-0.014124 0.104951
-0.011425 0.065079
-0.009131 0.033072
-0.007214 0.008300
-0.005638 -0.004643
-0.004362 0.006315
-0.003341 0.052080
-0.002536 0.134595
-0.001908 0.241427
-0.001424 0.347391
-0.001054 0.427682
-0.000774 0.468392
-0.000564 0.468388
-0.000409 0.435492
-0.000253 0.381260
-0.000139 0.316941
-0.000058 0.251311
0.000000 0.190078
0.000000 0.136241
0.000000 0.090827
0.000000 0.053654
0.000000 0.023941
0.000378 0.000709
0.006719 -0.017001
0.031986 -0.030033
0.087849 -0.039110
0.176914 -0.044856
0.287343 -0.047824
0.394488 -0.048521
0.474051 -0.047423
0.512588 -0.044970
0.509391 -0.041567
0.472652 -0.037569
0.414248 -0.033240
0.345682 -0.028880
0.275925 -0.024673
0.210829 -0.020750
0.153479 -0.017238
0.104951 -0.014124
0.065079 -0.011425
0.033072 -0.009131
0.007922 -0.006836
-0.011363 0.001081
-0.025671 0.027625
-0.035769 0.084507
-0.042320 0.174378
-0.045915 0.285435
-0.047097 0.393064
-0.046369 0.472998
-0.044196 0.511815
-0.041002 0.508826
-0.037160 0.472244
-0.032988 0.413995
-0.028740 0.345542
-0.024614 0.275867
-0.020750 0.210829
-0.017238 0.153479
-0.014124 0.104951
-0.011425 0.065079
-0.009131 0.033072
-0.006836 0.007922
0.001081 -0.011363
0.027625 -0.025671
0.084507 -0.035769
0.174756 -0.042320
0.292154 -0.045915
0.425050 -0.047097
0.560846 -0.046369
0.689107 -0.044196
0.802511 -0.041002
0.891998 -0.037160
0.943909 -0.032988
0.947574 -0.028740
0.902028 -0.024614
0.815893 -0.020750
0.703152 -0.017238
0.578614 -0.014124
0.454577 -0.011425
0.339574 -0.009131
0.238423 -0.007214
0.153003 -0.005638
0.083224 -0.004362
0.027880 -0.003341
-0.014725 -0.002536
-0.046391 -0.001908
-0.068825 -0.001424
-0.083191 -0.001054
-0.085274 -0.000774
-0.063330 -0.000564
-0.006774 -0.000409
0.086407 -0.000253
0.209097 -0.000139
0.348864 -0.000058
0.492442 0.000000
0.628477 0.000000
0.744013 0.000000
0.822301 0.000000
0.850713 0.000000
0.827191 0.000000
0.759946 0.000000
0.663020 0.000000
0.551414 0.000000
0.437768 0.000000
0.330964 0.000000
0.236140 0.000000
0.155460 0.000000
0.089081 0.000000
0.036017 0.000000
-0.005228 0.000000
-0.036229 0.000378
-0.058584 0.006719
-0.073682 0.031986
-0.082760 0.087849
-0.086924 0.177292
-0.087170 0.293684
-0.084397 0.419755
-0.079415 0.529914
-0.072936 0.602032
-0.065617 0.626161
-0.057911 0.605064
-0.050225 0.549673
-0.042865 0.473662
-0.036040 0.389498
-0.029881 0.306502
-0.024451 0.230500
-0.019762 0.164366
-0.015787 0.108895
-0.012472 0.063648
-0.009750 0.027594
-0.007546 -0.000098
-0.005785 -0.015008
-0.004395 -0.005214
-0.003310 0.040051
-0.002472 0.122601
-0.001832 0.229881
-0.001306 0.336590
-0.000913 0.417827
-0.000622 0.459592
-0.000409 0.460683
-0.000253 0.428864
-0.000139 0.375652
-0.000058 0.312267
0.000000 0.247470
0.000000 0.186963
0.000000 0.133747
0.000000 0.088852
0.000000 0.052108
0.000000 0.022743
0.000000 0.000167
0.000000 -0.010980
0.000000 0.001427
0.000000 0.048346
0.000000 0.131768
0.000000 0.239305
0.000000 0.345811
0.000000 0.426516
0.000000 0.467537
0.000000 0.467766
0.000000 0.435083
0.000000 0.381007
0.000000 0.316802
0.000000 0.251253
0.000000 0.190078
0.000000 0.136241
0.000000 0.090827
0.000000 0.053654
0.000000 0.023941
0.000000 0.000709
0.000000 -0.017001
0.000000 -0.030033
0.000000 -0.039110
0.000000 -0.044856
0.000378 -0.047824
0.006719 -0.048521
0.031986 -0.047423
0.087849 -0.044970
0.177292 -0.041567
0.294062 -0.037569
0.426096 -0.033240
0.555180 -0.028880
0.657895 -0.024673
0.715604 -0.020750
0.721834 -0.017238
0.682085 -0.014124
0.609088 -0.011425
0.517478 -0.009131
0.420074 -0.007214
0.326174 -0.005638
0.241387 -0.004362
0.168310 -0.003341
0.107464 -0.002536
0.058171 -0.001908
0.019196 -0.001424
-0.010840 -0.000676
-0.033256 0.005946
-0.049228 0.031422
-0.059791 0.087440
-0.065860 0.176662
-0.068262 0.287203
-0.067753 0.394430
-0.065024 0.474051
-0.060701 0.512588
-0.055335 0.509391
-0.049396 0.472652
-0.043270 0.414248
-0.037255 0.345682
-0.031570 0.275925
-0.026360 0.210829
-0.021707 0.153479
-0.017645 0.104951
-0.014169 0.065079
-0.011247 0.033072
-0.008453 0.007922
-0.000143 -0.011363
0.026706 -0.025671
0.083823 -0.035769
0.174251 -0.042320
0.291406 -0.045915
0.418062 -0.047097
0.528666 -0.046369
0.601119 -0.044196
0.625538 -0.041002
0.604656 -0.037160
0.549421 -0.032988
0.473523 -0.028740
0.389439 -0.024614
0.306502 -0.020750
0.230500 -0.017238
0.164366 -0.014124
0.108895 -0.011425
0.063648 -0.009131
0.027594 -0.007214
-0.000098 -0.005638
-0.015008 -0.004362
-0.005214 -0.003341
0.040051 -0.002536
0.122979 -0.001908
0.236600 -0.001424
0.368576 -0.001054
0.505298 -0.000774
0.630165 -0.000564
0.722759 -0.000409
0.767490 -0.000253
0.760260 -0.000139
0.708086 -0.000058
0.624449 0.000000
0.524190 0.000000
0.420014 0.000000
0.320962 0.000000
0.232360 0.000000
0.156550 0.000000
0.093854 0.000000
0.043436 0.000000
0.003944 0.000000
-0.026103 0.000000
-0.048111 0.000000
-0.063344 0.000000
-0.072917 0.000000
-0.077827 0.000000
-0.078973 0.000000
-0.077175 0.000000
-0.073138 0.000000
-0.067581 0.000000
-0.061082 0.000000
-0.054128 0.000000
-0.047111 0.000000
-0.040370 0.000000
-0.034065 0.000000
-0.028335 0.000000
-0.023253 0.000000
-0.018843 0.000000
-0.015088 0.000000
-0.011946 0.000000
-0.009357 0.000000
-0.007255 0.000000
-0.005571 0.000000
-0.004239 0.000000
-0.003197 0.000000
-0.002391 0.000000
-0.001774 0.000000
-0.001306 0.000000
-0.000913 0.000000
-0.000622 0.000000
-0.000409 0.000000
-0.000253 0.000000
-0.000139 0.000000
-0.000058 0.000000
0.000000 0.000000
0.000000 0.000000
0.000000 0.000000
0.000000 0.000000
0.000000 0.000000
0.000000 0.000000
0.000000 0.000000
0.000000 0.000000
0.000000 0.000000
0.000000 0.000000
0.000000 0.000000
0.000000 0.000000
0.000000 0.000000
0.000000 0.000000
0.000000 0.000000
0.000000 0.000000
0.000000 0.000000
0.000000 0.000000
0.000000 0.000000
0.000000 0.000000
0.000000 0.000000
0.000000 0.000000
0.000000 0.000000
0.000000 0.000000
0.000000 0.000000
0.000000 0.000000
0.000000 0.000000
0.000000 0.000000
0.000000 0.000000
0.000000 0.000000
0.000000 0.000000
0.000000 0.000000
0.000000 0.000000
0.000000 0.000000
0.000000 0.000000
0.000000 0.000000
0.000000 0.000000
0.000000 0.000000
0.000000 0.000000
0.000000 0.000000
0.000000 0.000000
0.000000 0.000000
0.000000 0.000000
0.000000 0.000000
0.000000 0.000000
0.000000 0.000000
0.000000 0.000000
0.000000 0.000000
0.000000 0.000000
0.000000 0.000000
0.000000 0.000000
0.000000 0.000000
0.000000 0.000000
0.000000 0.000000
0.000000 0.000000
0.000000 0.000000
0.000000 0.000000
0.000000 0.000000
0.000000 0.000000
0.000000 0.000000
0.000000 0.000000
0.000000 0.000000
