0.000000 0.000000
0.000000 0.000000
0.000000 0.000000
0.000000 0.000000
0.000000 0.000000
0.000000 0.000000
0.000000 0.000000
0.000000 0.000000
0.000000 0.000000
0.000000 0.000000
0.000000 0.000000
0.000000 0.000000
0.000000 0.000000
0.000000 0.000000
0.000000 0.000000
0.000378 0.000000
0.006719 0.000000
0.031986 0.000000
0.087849 0.000000
0.177292 0.000000
0.294062 0.000000
0.426474 0.000000
0.561900 0.000000
0.689881 0.000000
0.803075 0.000000
0.892407 0.000000
0.944162 0.000000
0.947714 0.000000
0.902086 0.000000
0.815893 0.000000
0.703152 0.000000
0.578614 0.000000
0.454577 0.000000
0.339574 0.000000
0.238423 0.000000
0.153003 0.000000
0.083224 0.000000
0.027880 0.000000
-0.014725 0.000000
-0.046391 0.000378
-0.068825 0.006719
-0.083569 0.031986
-0.091993 0.087849
-0.095316 0.177292
-0.094623 0.294062
-0.090885 0.426474
-0.084965 0.561900
-0.077610 0.689881
-0.069458 0.803453
-0.061026 0.898749
-0.052720 0.969428
-0.044839 1.003576
-0.037586 0.991530
-0.031079 0.932663
-0.025370 0.835564
-0.020461 0.714039
-0.016313 0.582558
-0.012865 0.453146
-0.010041 0.334096
-0.007760 0.230025
-0.005941 0.142639
-0.004508 0.071696
-0.003391 0.015851
-0.002531 -0.026719
-0.001832 -0.057560
-0.001306 -0.072906
-0.000913 -0.061438
-0.000622 -0.012945
-0.000409 0.074272
-0.000253 0.192812
-0.000139 0.329603
-0.000058 0.465542
0.000000 0.576443
0.000000 0.643032
0.000000 0.658314
0.000000 0.627390
0.000000 0.562702
0.000000 0.478694
0.000000 0.388076
0.000000 0.300105
0.000000 0.220401
0.000000 0.151604
0.000000 0.094309
0.000000 0.047916
0.000000 0.011280
0.000000 -0.016517
0.000000 -0.031126
0.000000 -0.020692
0.000000 0.025527
0.000000 0.109222
0.000000 0.217774
0.000000 0.325821
0.000000 0.408405
0.000000 0.451479
0.000000 0.453803
0.000000 0.423117
0.000000 0.370920
0.000000 0.308427
0.000000 0.244355
0.000000 0.184469
0.000000 0.131772
0.000000 0.087306
0.000000 0.050910
0.000000 0.021824
0.000000 -0.000531
0.000000 -0.011506
0.000000 0.001035
0.000000 0.048055
0.000000 0.131554
0.000000 0.239149
0.000000 0.345698
0.000000 0.426434
0.000000 0.467479
0.000000 0.467766
0.000000 0.435083
0.000000 0.381007
0.000000 0.316802
0.000000 0.251253
0.000000 0.190078
0.000000 0.136241
0.000000 0.090827
0.000000 0.053654
0.000000 0.023941
0.000000 0.001086
0.000000 -0.010281
0.000000 0.001953
0.000000 0.048738
0.000000 0.132059
0.000000 0.239519
0.000000 0.345967
0.000000 0.426629
0.000000 0.467618
0.000000 0.467824
0.000000 0.435083
0.000000 0.381007
0.000000 0.316802
0.000000 0.251253
0.000000 0.190078
0.000000 0.136241
0.000000 0.090827
0.000000 0.053654
0.000000 0.023941
0.000000 0.000709
0.000000 -0.017001
0.000000 -0.029655
0.000000 -0.032391
0.000000 -0.012870
0.000000 0.040025
0.000000 0.128393
0.000000 0.239920
0.000000 0.349518
0.000000 0.432485
0.000000 0.475019
0.000000 0.476150
0.000000 0.443772
0.000000 0.389575
0.000000 0.324931
0.000000 0.258688
0.000000 0.196704
0.000000 0.142054
0.000000 0.095821
0.000000 0.057866
0.000000 0.027434
0.000378 0.003561
0.006719 -0.014704
0.031986 -0.028207
0.087849 -0.037677
0.177292 -0.043743
0.294062 -0.046969
0.426474 -0.047871
0.561900 -0.046933
0.689503 -0.044605
0.796733 -0.041255
0.867140 -0.037300
0.888299 -0.033046
0.858270 -0.028740
0.785316 -0.024614
0.683481 -0.020750
0.567727 -0.017238
0.450633 -0.014124
0.341005 -0.011425
0.243900 -0.009131
0.161401 -0.007214
0.093589 -0.005638
0.039408 -0.004362
-0.002697 -0.003341
-0.034397 -0.002158
-0.057278 0.004811
-0.072769 0.030562
-0.082138 0.086795
-0.086516 0.176141
-0.086918 0.286778
-0.084258 0.394080
-0.079357 0.473799
-0.072936 0.512449
-0.065617 0.509332
-0.057911 0.472652
-0.050225 0.414248
-0.042865 0.345682
-0.036040 0.275925
-0.029881 0.210829
-0.024451 0.153479
-0.019762 0.104951
-0.015787 0.065079
-0.012472 0.033072
-0.009372 0.007922
-0.000827 -0.011363
0.026201 -0.025671
0.083453 -0.035769
0.173982 -0.042320
0.291590 -0.045915
0.424642 -0.047097
0.560216 -0.046369
0.682248 -0.044196
0.770844 -0.041002
0.810869 -0.037160
0.798603 -0.032988
0.741361 -0.028740
0.652846 -0.024614
0.548055 -0.020750
0.439746 -0.017238
0.337061 -0.014124
0.245331 -0.011425
0.166879 -0.009131
0.101987 -0.007214
0.049773 -0.005638
0.008832 -0.004362
-0.022369 -0.003341
-0.045284 -0.002536
-0.061222 -0.001908
-0.070960 -0.001424
-0.069941 -0.001054
-0.046132 -0.000774
0.011296 -0.000564
0.104563 -0.000409
0.226734 -0.000253
0.365531 -0.000139
0.507830 -0.000058
0.642392 0.000000
0.756363 0.000000
0.833075 0.000000
0.859964 0.000000
0.835017 0.000000
0.766473 0.000000
0.668392 0.000000
0.555781 0.000000
0.441276 0.000000
0.333750 0.000000
0.238329 0.000000
0.157162 0.000000
0.090392 0.000000
0.037017 0.000000
-0.004471 0.000000
-0.035326 0.000000
-0.051472 0.000000
-0.041405 0.000000
0.005302 0.000000
0.090524 0.000000
0.206627 0.000000
0.335439 0.000000
0.450557 0.000000
0.529096 0.000000
0.560544 0.000000
0.547153 0.000000
0.499448 0.000000
0.430798 0.000000
0.353458 0.000000
0.276621 0.000000
0.206049 0.000000
0.144604 0.000000
0.093109 0.000000
0.051177 0.000000
0.017844 0.000000
-0.007644 0.000000
-0.020793 0.000000
-0.009609 0.000000
0.036741 0.000000
0.120506 0.000000
0.234768 0.000000
0.367270 0.000000
0.504384 0.000000
0.629543 0.000000
0.722351 0.000000
0.767237 0.000000
0.760120 0.000000
0.708028 0.000000
0.624449 0.000000
0.524190 0.000000
0.420014 0.000000
0.320962 0.000000
0.232360 0.000000
0.156550 0.000000
0.093854 0.000000
0.043436 0.000000
0.003944 0.000000
-0.025725 0.000000
-0.041392 0.000000
-0.031358 0.000000
0.014931 0.000000
0.099465 0.000000
0.214711 0.000000
0.342579 0.000000
0.456776 0.000000
0.534451 0.000000
0.565078 0.000000
0.550936 0.000000
0.502563 0.000000
0.433292 0.000000
0.355433 0.000000
0.278167 0.000000
0.207247 0.000000
0.145523 0.000000
0.093807 0.000000
0.051703 0.000000
0.018237 0.000000
-0.007731 0.000378
-0.027299 0.006719
-0.041439 0.031986
-0.050994 0.087849
-0.056705 0.176914
-0.059236 0.287343
-0.059204 0.394488
-0.057138 0.474051
-0.053618 0.512588
-0.049116 0.509391
-0.044040 0.472652
-0.038735 0.414248
-0.033472 0.345682
-0.028455 0.275925
-0.023865 0.210829
-0.019732 0.153479
-0.016099 0.104951
-0.012971 0.065079
-0.010328 0.033072
-0.008133 0.007922
-0.006336 -0.011363
-0.004888 -0.025671
-0.003356 -0.035769
0.003892 -0.042320
0.029864 -0.045915
0.086269 -0.047097
0.176125 -0.046369
0.293207 -0.044196
0.425852 -0.041002
0.561491 -0.037160
0.689628 -0.032988
0.803313 -0.028740
0.898690 -0.024614
0.969428 -0.020750
1.003576 -0.017238
0.991530 -0.014124
0.932663 -0.011425
0.835564 -0.009131
0.714039 -0.007214
0.582558 -0.005638
0.453146 -0.004362
0.334096 -0.003341
0.230025 -0.002536
0.142639 -0.001908
0.071696 -0.001424
0.015851 -0.001054
-0.026719 -0.000774
-0.057938 -0.000564
-0.079625 -0.000031
-0.093424 0.006467
-0.100793 0.031847
-0.103021 0.087790
-0.101250 0.177292
-0.096493 0.294062
-0.089639 0.426474
-0.081451 0.561900
-0.072572 0.689503
-0.063520 0.796733
-0.054695 0.867140
-0.046386 0.888299
-0.038784 0.858270
-0.031998 0.785316
-0.026069 0.683481
-0.020987 0.567727
-0.016706 0.450633
-0.013156 0.341005
-0.010255 0.243900
-0.007916 0.161401
-0.006054 0.093589
-0.004589 0.039408
-0.003450 -0.002697
-0.002531 -0.034019
-0.001832 -0.050558
-0.001306 -0.040783
-0.000913 0.005711
-0.000622 0.090776
-0.000409 0.207145
-0.000253 0.342216
-0.000139 0.482543
-0.000058 0.616566
0.000000 0.731117
0.000000 0.809229
0.000000 0.838074
0.000000 0.815406
0.000000 0.749276
0.000000 0.653600
0.000000 0.543275
0.000000 0.430871
0.000000 0.325218
0.000000 0.231428
0.000000 0.151652
0.000000 0.086043
0.000000 0.033623
0.000000 -0.007092
0.000000 -0.037330
0.000000 -0.053031
0.000000 -0.042615
0.000000 0.004404
0.000000 0.089485
0.000000 0.199803
0.000000 0.309822
0.000000 0.394442
0.000000 0.439513
0.000000 0.443716
0.000000 0.414741
0.000000 0.364022
0.000000 0.302817
0.000000 0.239886
0.000000 0.180948
0.000000 0.129028
0.000000 0.085189
0.000000 0.049293
0.000000 0.020600
0.000378 -0.001828
0.006719 -0.018909
0.031986 -0.031456
0.087849 -0.040164
0.177292 -0.045630
0.293684 -0.048388
0.419755 -0.048930
0.529914 -0.047675
0.602032 -0.045110
0.626161 -0.041625
0.605064 -0.037569
0.549673 -0.033240
0.473662 -0.028880
0.389498 -0.024673
0.306502 -0.020750
0.230500 -0.017238
0.164366 -0.014124
0.108895 -0.011425
0.063648 -0.009131
0.027594 -0.007214
-0.000476 -0.005638
-0.021727 -0.004362
-0.037200 -0.003341
-0.047797 -0.002536
-0.054313 -0.001908
-0.057084 -0.001424
-0.051178 -0.001054
-0.024239 -0.000774
0.034853 -0.000564
0.128585 -0.000409
0.250274 -0.000253
0.387878 -0.000139
0.528486 -0.000058
0.661425 0.000000
0.779210 0.000000
0.872674 0.000000
0.928062 0.000000
0.934742 0.000000
0.891757 0.000000
0.807760 0.000000
0.696816 0.000000
0.573726 0.000000
0.450843 0.000000
0.336747 0.000000
0.236301 0.000000
0.151424 0.000000
0.082057 0.000000
0.027024 0.000000
-0.015348 0.000000
-0.046800 0.000000
-0.069077 0.000000
-0.083708 0.000000
-0.091674 0.000000
-0.088596 0.000000
-0.062637 0.000000
-0.003037 0.000000
0.091950 0.000000
0.209732 0.000000
0.325030 0.000000
0.413026 0.000000
0.459868 0.000000
0.464551 0.000000
0.435066 0.000000
0.383169 0.000000
0.320311 0.000000
0.255465 0.000000
0.194516 0.000000
0.140614 0.000000
0.094911 0.000000
0.057319 0.000000
0.027130 0.000000
0.003414 0.000000
-0.014754 0.000000
-0.028202 0.000000
-0.037601 0.000000
-0.043248 0.000000
-0.040109 0.000000
-0.015734 0.000000
0.041071 0.000000
0.132466 0.000000
0.246201 0.000000
0.357269 0.000000
0.441064 0.000000
0.483848 0.000000
0.484776 0.000000
0.451902 0.000000
0.397010 0.000000
0.331557 0.000000
0.264500 0.000000
0.201698 0.000000
0.146265 0.000000
0.099313 0.000000
0.060718 0.000000
0.029730 0.000000
0.005764 0.000000
-0.006551 0.000000
0.004891 0.000000
0.051026 0.000000
0.134199 0.000000
0.247583 0.000000
0.378968 0.000000
0.514901 0.000000
0.638825 0.000000
0.730406 0.000000
0.774117 0.000000
0.765868 0.000000
0.712760 0.000000
0.628290 0.000000
0.527305 0.000000
0.422508 0.000000
0.322937 0.000000
0.233906 0.000000
0.157748 0.000000
0.094773 0.000000
0.044135 0.000000
0.004470 0.000000
-0.025710 0.000378
-0.047820 0.006719
-0.063130 0.031986
-0.072761 0.087849
-0.077714 0.177292
-0.078892 0.293684
-0.077117 0.419755
-0.073138 0.529914
-0.067581 0.602032
-0.061082 0.626161
-0.054128 0.605064
-0.047111 0.549673
-0.040370 0.473662
-0.034065 0.389498
-0.028335 0.306502
-0.023253 0.230500
-0.018843 0.164366
-0.015088 0.108895
-0.011946 0.063648
-0.009357 0.027594
-0.006878 -0.000476
0.001148 -0.021727
0.027747 -0.037200
0.084651 -0.047797
0.174523 -0.054313
0.285569 -0.057462
0.393182 -0.057898
0.473138 -0.056225
0.511966 -0.052996
0.508982 -0.048707
0.472400 -0.043788
0.414108 -0.038596
0.345623 -0.033414
0.275925 -0.028455
0.210829 -0.023865
0.153479 -0.019732
0.104951 -0.016099
0.065079 -0.012971
0.033072 -0.010328
0.007922 -0.008133
-0.011363 -0.006336
-0.025293 -0.004888
-0.029049 -0.003734
-0.010334 -0.002827
0.041933 -0.002122
0.130195 -0.001580
0.247693 -0.001167
0.382278 -0.000855
0.520898 -0.000622
0.652720 -0.000409
0.770087 -0.000253
0.863667 -0.000139
0.919547 -0.000058
0.926963 0.000000
0.884848 0.000000
0.801768 0.000000
0.691727 0.000000
0.569483 0.000000
0.447363 0.000000
0.333936 0.000000
0.234061 0.000000
0.149662 0.000000
0.080688 0.000000
0.025971 0.000000
-0.016149 0.000000
-0.047445 0.000000
-0.069599 0.000000
-0.084133 0.000378
-0.092402 0.006719
-0.095568 0.031986
-0.094762 0.087849
-0.090944 0.177292
-0.084965 0.294062
-0.077610 0.426474
-0.069458 0.561900
-0.061026 0.689881
-0.052720 0.803453
-0.044839 0.898749
-0.037586 0.969428
-0.031079 1.003576
-0.025370 0.991530
-0.020461 0.932663
-0.016313 0.835564
-0.012865 0.714039
-0.010041 0.582558
-0.007760 0.453146
-0.005941 0.334096
-0.004508 0.230025
-0.003391 0.142639
-0.002531 0.071696
-0.001832 0.015851
-0.001306 -0.026719
-0.000536 -0.057938
0.006097 -0.079625
0.031578 -0.093424
0.087596 -0.100793
0.177153 -0.103021
0.294004 -0.101250
0.426474 -0.096493
0.561522 -0.089639
0.683161 -0.081451
0.771467 -0.072572
0.811278 -0.063520
0.798855 -0.054695
0.741500 -0.046386
0.652904 -0.038784
0.548055 -0.031998
0.439746 -0.026069
0.337061 -0.020987
0.245331 -0.016706
0.166879 -0.013156
0.101987 -0.010255
0.049773 -0.007916
0.008832 -0.006054
-0.022369 -0.004589
-0.045284 -0.003450
-0.061222 -0.002531
-0.071338 -0.001832
-0.076660 -0.000928
-0.078118 0.005806
-0.076553 0.031364
-0.072729 0.087440
-0.067328 0.176662
-0.060943 0.287203
-0.054070 0.394430
-0.047111 0.474051
-0.040370 0.512588
-0.034065 0.509391
-0.028335 0.472652
-0.023253 0.414248
-0.018843 0.345682
-0.015088 0.275925
-0.011946 0.210829
-0.009357 0.153479
-0.007255 0.104951
-0.005571 0.065079
-0.004239 0.033072
-0.003197 0.007922
-0.002391 -0.011363
-0.001774 -0.025671
-0.001306 -0.035769
-0.000913 -0.042320
-0.000245 -0.045915
0.006311 -0.047097
0.031734 -0.046369
0.087709 -0.044196
0.177234 -0.041002
0.293684 -0.037160
0.419755 -0.032988
0.529914 -0.028740
0.602032 -0.024614
0.626161 -0.020750
0.605064 -0.017238
0.549673 -0.014124
0.473662 -0.011425
0.389498 -0.009131
0.306502 -0.007214
0.230500 -0.005638
0.164366 -0.004362
0.108895 -0.003341
0.063648 -0.002536
0.027594 -0.001908
-0.000476 -0.001424
-0.021727 -0.001054
-0.037200 -0.000774
-0.047797 -0.000564
-0.054313 -0.000031
-0.057462 0.006467
-0.057898 0.031847
-0.056225 0.087790
-0.052996 0.176914
-0.048707 0.287343
-0.043788 0.394488
-0.038596 0.474051
-0.033414 0.512588
-0.028455 0.509391
-0.023865 0.472652
-0.019732 0.414248
-0.016099 0.345682
-0.012971 0.275925
-0.010328 0.210829
-0.008133 0.153479
-0.006336 0.104951
-0.004888 0.065079
-0.003734 0.033072
-0.002449 0.007922
0.004597 -0.011363
0.030406 -0.025671
0.086682 -0.035769
0.176059 -0.042320
0.286720 -0.045915
0.394080 -0.047097
0.473799 -0.046369
0.512449 -0.044196
0.509332 -0.041002
0.472652 -0.037160
0.414248 -0.032988
0.345682 -0.028740
0.275925 -0.024614
0.210829 -0.020750
0.153479 -0.017238
0.104951 -0.014124
0.065079 -0.011425
0.033072 -0.009131
0.007922 -0.007214
-0.011363 -0.005638
-0.025671 -0.004362
-0.035769 -0.003341
-0.042320 -0.002536
-0.045915 -0.001530
-0.047097 0.005296
-0.046369 0.030932
-0.044196 0.087075
-0.041002 0.176728
-0.037160 0.293654
-0.032988 0.426222
-0.028740 0.561760
-0.024614 0.689822
-0.020750 0.803075
-0.017238 0.892407
-0.014124 0.944162
-0.011425 0.947714
-0.009131 0.902086
-0.007214 0.815893
-0.005638 0.703152
-0.004362 0.578614
-0.003341 0.454577
-0.002536 0.339574
-0.001908 0.238423
-0.001424 0.153003
-0.001054 0.083224
-0.000774 0.027880
-0.000564 -0.014725
-0.000409 -0.046013
-0.000253 -0.062105
-0.000139 -0.051583
-0.000058 -0.004145
0.000000 0.081976
0.000000 0.199440
0.000000 0.335589
0.000000 0.476935
0.000000 0.611892
0.000000 0.727276
0.000000 0.806115
0.000000 0.835579
0.000000 0.813431
0.000000 0.747730
0.000000 0.652402
0.000000 0.542356
0.000000 0.430172
0.000000 0.324692
0.000000 0.231036
0.000000 0.151361
0.000000 0.085829
0.000000 0.033467
0.000000 -0.007205
0.000000 -0.037411
0.000000 -0.053089
0.000000 -0.042615
0.000000 0.004404
0.000000 0.089485
0.000000 0.199803
0.000000 0.309822
0.000000 0.394442
0.000000 0.439513
0.000000 0.443716
0.000000 0.414741
0.000000 0.364022
0.000000 0.302817
0.000000 0.239886
0.000000 0.180948
0.000000 0.129028
0.000000 0.085189
0.000000 0.049293
0.000000 0.020600
0.000000 -0.001828
0.000000 -0.018909
0.000000 -0.031456
0.000000 -0.040164
0.000000 -0.045630
0.000000 -0.048388
0.000000 -0.048930
0.000000 -0.047675
0.000000 -0.045110
0.000000 -0.041625
0.000000 -0.037569
0.000000 -0.033240
0.000000 -0.028880
0.000000 -0.024673
0.000000 -0.020750
0.000000 -0.017238
0.000000 -0.014124
0.000000 -0.011425
0.000000 -0.009131
0.000000 -0.007214
0.000000 -0.005638
0.000000 -0.004362
0.000000 -0.003341
0.000000 -0.002536
0.000000 -0.001908
0.000000 -0.001424
0.000000 -0.001054
0.000000 -0.000774
0.000000 -0.000564
0.000000 -0.000409
0.000000 -0.000253
0.000000 -0.000139
0.000000 -0.000058
0.000000 0.000000
0.000000 0.000000
0.000000 0.000000
0.000000 0.000000
0.000000 0.000000
0.000000 0.000000
0.000000 0.000000
0.000000 0.000000
0.000000 0.000000
0.000000 0.000000
0.000000 0.000000
0.000000 0.000000
0.000000 0.000000
0.000000 0.000000
0.000000 0.000000
0.000000 0.000000
0.000000 0.000000
0.000000 0.000000
0.000000 0.000000
0.000000 0.000000
0.000000 0.000000
0.000000 0.000000
0.000000 0.000000
0.000000 0.000000
0.000000 0.000000
0.000000 0.000000
0.000000 0.000000
0.000000 0.000000
0.000000 0.000000
0.000000 0.000000
0.000000 0.000000
0.000000 0.000000
0.000000 0.000000
0.000000 0.000000
0.000000 0.000000
0.000000 0.000000
0.000000 0.000000
0.000000 0.000000
0.000000 0.000000
0.000000 0.000000
0.000000 0.000000
0.000000 0.000000
0.000000 0.000000
0.000000 0.000000
0.000000 0.000000
0.000000 0.000000
0.000000 0.000000
0.000000 0.000000
