0.000000 0.000000
0.000000 0.000000
0.000000 0.000000
0.000000 0.000000
0.000000 0.000000
0.000000 0.000000
0.000000 0.000000
0.000000 0.000000
0.000000 0.000000
0.000000 0.000000
0.000000 0.000000
0.000000 0.000000
0.000000 0.000000
0.000000 0.000000
0.000000 0.000000
0.000378 0.000000
0.006719 0.000000
0.031986 0.000000
0.087849 0.000000
0.176914 0.000000
0.287343 0.000000
0.394488 0.000000
0.474051 0.000000
0.512588 0.000000
0.509391 0.000000
0.472652 0.000000
0.414248 0.000000
0.345682 0.000000
0.275925 0.000000
0.210829 0.000000
0.153479 0.000000
0.104951 0.000000
0.065079 0.000000
0.033072 0.000000
0.007922 0.000378
-0.011363 0.006719
-0.025671 0.031986
-0.035769 0.087849
-0.042320 0.177292
-0.045915 0.294062
-0.047097 0.426096
-0.046369 0.555180
-0.044196 0.657895
-0.041002 0.715604
-0.037160 0.721834
-0.032988 0.682085
-0.028740 0.609088
-0.024614 0.517478
-0.020750 0.420074
-0.017238 0.326174
-0.014124 0.241387
-0.011425 0.168310
-0.009131 0.107464
-0.007214 0.058171
-0.005638 0.019196
-0.004362 -0.010463
-0.003341 -0.026536
-0.002536 -0.017242
-0.001908 0.028058
-0.001424 0.111432
-0.001054 0.225800
-0.000774 0.358721
-0.000564 0.496876
-0.000409 0.628802
-0.000253 0.741399
-0.000139 0.817744
-0.000058 0.845029
0.000000 0.821015
0.000000 0.753746
0.000000 0.657121
0.000000 0.546019
0.000000 0.432988
0.000000 0.326835
0.000000 0.232653
0.000000 0.152570
0.000000 0.086726
0.000000 0.034128
0.000000 -0.006722
0.000378 -0.037438
0.006719 -0.059556
0.031986 -0.074461
0.087849 -0.083386
0.177292 -0.087429
0.294062 -0.087540
0.426474 -0.084666
0.561900 -0.079609
0.689881 -0.073076
0.803453 -0.065675
0.898749 -0.057911
0.969428 -0.050225
1.003576 -0.042865
0.991530 -0.036040
0.932663 -0.029881
0.835564 -0.024451
0.714039 -0.019762
0.582558 -0.015787
0.453146 -0.012472
0.334096 -0.009750
0.230025 -0.007546
0.142639 -0.005785
0.071696 -0.004395
0.015851 -0.003310
-0.026719 -0.002472
-0.057560 -0.001832
-0.072906 -0.001306
-0.061438 -0.000913
-0.012945 -0.000622
0.074272 -0.000409
0.192812 -0.000253
0.329981 -0.000139
0.472261 -0.000058
0.608429 0.000000
0.730880 0.000000
0.835228 0.000000
0.914733 0.000000
0.957191 0.000000
0.952746 0.000000
0.900665 0.000000
0.809496 0.000000
0.693053 0.000000
0.565852 0.000000
0.439990 0.000000
0.323841 0.000000
0.222109 0.000000
0.136585 0.000000
0.067106 0.000000
0.012402 0.000000
-0.029250 0.000000
-0.059770 0.000378
-0.080931 0.006719
-0.094338 0.031986
-0.101416 0.087849
-0.103429 0.177292
-0.101503 0.294062
-0.096633 0.426474
-0.089697 0.561900
-0.081451 0.689503
-0.072572 0.796733
-0.063520 0.867140
-0.054695 0.888299
-0.046386 0.858270
-0.038784 0.785316
-0.031998 0.683481
-0.026069 0.567727
-0.020987 0.450633
-0.016706 0.341005
-0.013156 0.243900
-0.010255 0.161401
-0.007916 0.093589
-0.006054 0.039408
-0.004589 -0.002697
-0.003450 -0.034019
-0.002531 -0.050558
-0.001832 -0.040783
-0.001306 0.005711
-0.000913 0.090398
-0.000622 0.200425
-0.000409 0.310230
-0.000253 0.394695
-0.000139 0.439652
-0.000058 0.443774
0.000000 0.414741
0.000000 0.364022
0.000000 0.302817
0.000000 0.239886
0.000000 0.180948
0.000000 0.129028
0.000000 0.085189
0.000000 0.049293
0.000000 0.020600
0.000000 -0.001450
0.000000 -0.012189
0.000000 0.000530
0.000000 0.047685
0.000000 0.131285
0.000000 0.238955
0.000000 0.345558
0.000000 0.426376
0.000000 0.467479
0.000000 0.467766
0.000000 0.435083
0.000000 0.381007
0.000000 0.316802
0.000000 0.251253
0.000000 0.190078
0.000000 0.136241
0.000000 0.090827
0.000000 0.053654
0.000000 0.023941
0.000000 0.001086
0.000000 -0.010281
0.000000 0.001953
0.000000 0.048738
0.000000 0.132436
0.000000 0.246239
0.000000 0.377575
0.000000 0.507758
0.000000 0.612924
0.000000 0.674038
0.000000 0.684265
0.000000 0.648845
0.000000 0.580208
0.000000 0.492806
0.000000 0.399324
0.000000 0.308936
0.000000 0.227263
0.000000 0.156885
0.000000 0.098334
0.000000 0.050957
0.000000 0.013558
0.000378 -0.015202
0.006719 -0.036597
0.031986 -0.051764
0.087849 -0.061699
0.176914 -0.067284
0.287343 -0.069316
0.394488 -0.068527
0.474051 -0.065589
0.512588 -0.061110
0.509391 -0.055587
0.472652 -0.049535
0.414248 -0.043328
0.345682 -0.037255
0.275925 -0.031570
0.210829 -0.026360
0.153479 -0.021707
0.104951 -0.017645
0.065079 -0.014169
0.033072 -0.011247
0.008300 -0.008831
-0.004643 -0.006862
0.006315 -0.005280
0.052080 -0.004025
0.134595 -0.003041
0.241427 -0.002278
0.347391 -0.001693
0.427682 -0.001248
0.468392 -0.000913
0.468388 -0.000622
0.435492 -0.000409
0.381260 -0.000253
0.316941 -0.000139
0.251311 -0.000058
0.190078 0.000000
0.136241 0.000000
0.090827 0.000000
0.053654 0.000000
0.023941 0.000000
0.001086 0.000000
-0.010281 0.000000
0.001953 0.000000
0.048738 0.000000
0.132436 0.000000
0.246239 0.000000
0.377953 0.000000
0.514477 0.000000
0.644910 0.000000
0.761508 0.000000
0.854838 0.000000
0.910921 0.000000
0.918834 0.000000
0.877413 0.000000
0.795142 0.000000
0.685915 0.000000
0.564489 0.000000
0.443152 0.000000
0.330443 0.000000
0.231209 0.000000
0.147365 0.000000
0.078863 0.000000
0.024538 0.000000
-0.017262 0.000000
-0.047921 0.000000
-0.063529 0.000000
-0.052637 0.000000
-0.004919 0.000000
0.081412 0.000000
0.199031 0.000000
0.334959 0.000000
0.470076 0.000000
0.580226 0.000000
0.646147 0.000000
0.660809 0.000000
0.629365 0.000000
0.564249 0.000000
0.479892 0.000000
0.388995 0.000000
0.300803 0.000000
0.220927 0.000000
0.151997 0.000000
0.094600 0.000000
0.048130 0.000000
0.011436 0.000000
-0.016404 0.000000
-0.031044 0.000000
-0.020633 0.000000
0.025527 0.000000
0.109222 0.000000
0.217774 0.000000
0.325821 0.000000
0.408405 0.000000
0.451479 0.000000
0.453803 0.000000
0.423117 0.000000
0.370920 0.000000
0.308427 0.000000
0.244355 0.000000
0.184469 0.000000
0.131772 0.000000
0.087306 0.000000
0.050910 0.000000
0.021824 0.000000
-0.000909 0.000000
-0.018225 0.000000
-0.030951 0.000000
-0.039794 0.000000
-0.045361 0.000000
-0.047816 0.000000
-0.042071 0.000000
-0.015631 0.000000
0.042739 0.000000
0.135667 0.000000
0.256493 0.000000
0.393234 0.000000
0.533020 0.000000
0.665208 0.000000
0.782325 0.000000
0.875169 0.000000
0.930037 0.000000
0.936288 0.000000
0.892955 0.000000
0.808679 0.000000
0.697514 0.000000
0.574252 0.000000
0.451236 0.000000
0.337038 0.000000
0.236515 0.000000
0.151580 0.000000
0.082170 0.000000
0.027106 0.000000
-0.015290 0.000000
-0.046422 0.000000
-0.062358 0.000000
-0.051722 0.000000
-0.004203 0.000000
0.081599 0.000000
0.192720 0.000000
0.303603 0.000000
0.389087 0.000000
0.434978 0.000000
0.439933 0.000000
0.411627 0.000000
0.361528 0.000000
0.300842 0.000000
0.238339 0.000000
0.179750 0.000000
0.128109 0.000000
0.084491 0.000000
0.048767 0.000000
0.020207 0.000000
-0.002119 0.000378
-0.019123 0.006719
-0.031612 0.031986
-0.040277 0.087849
-0.045711 0.177292
-0.048446 0.293684
-0.048930 0.419755
-0.047675 0.529914
-0.045110 0.602032
-0.041625 0.626161
-0.037569 0.605064
-0.033240 0.549673
-0.028880 0.473662
-0.024673 0.389498
-0.020750 0.306502
-0.017238 0.230500
-0.014124 0.164366
-0.011425 0.108895
-0.009131 0.063648
-0.007214 0.027594
-0.005260 -0.000476
0.002358 -0.021727
0.028645 -0.037200
0.085312 -0.047797
0.175384 -0.054313
0.292639 -0.057462
0.425420 -0.057898
0.561126 -0.056225
0.688939 -0.052996
0.796325 -0.048707
0.866888 -0.043788
0.888160 -0.038596
0.858212 -0.033414
0.785316 -0.028455
0.683481 -0.023865
0.567727 -0.019732
0.450633 -0.016099
0.341005 -0.012971
0.243900 -0.010328
0.161401 -0.008133
0.093589 -0.006336
0.039408 -0.004888
-0.002697 -0.003734
-0.034019 -0.002827
-0.050558 -0.002122
-0.040783 -0.001580
0.005711 -0.001167
0.090776 -0.000855
0.207145 -0.000622
0.341838 -0.000409
0.475824 -0.000253
0.584958 -0.000139
0.649988 -0.000058
0.663923 0.000000
0.631860 0.000000
0.566224 0.000000
0.481438 0.000000
0.390193 0.000000
0.301722 0.000000
0.221625 0.000000
0.152523 0.000000
0.094992 0.000000
0.048421 0.000000
0.011650 0.000000
-0.016625 0.000000
-0.037273 0.000000
-0.045819 0.000000
-0.030277 0.000000
0.020156 0.000000
0.107724 0.000000
0.225018 0.000000
0.354108 0.000000
0.468804 0.000000
0.546445 0.000000
0.576625 0.000000
0.561736 0.000000
0.512418 0.000000
0.442092 0.000000
0.363138 0.000000
0.284795 0.000000
0.212855 0.000000
0.150197 0.000000
0.097648 0.000000
0.054817 0.000000
0.020732 0.000000
-0.005756 0.000378
-0.025752 0.006719
-0.040241 0.031986
-0.050075 0.087849
-0.056006 0.177292
-0.058710 0.294062
-0.058811 0.426474
-0.056847 0.561900
-0.053405 0.689503
-0.048960 0.796733
-0.043927 0.867140
-0.038654 0.888299
-0.033414 0.858270
-0.028455 0.785316
-0.023865 0.683481
-0.019732 0.567727
-0.016099 0.450633
-0.012971 0.341005
-0.010328 0.243900
-0.008133 0.161401
-0.006336 0.093589
-0.004888 0.039408
-0.003734 -0.002697
-0.002827 -0.034019
-0.002122 -0.050558
-0.001580 -0.040783
-0.001167 0.005711
-0.000855 0.090398
-0.000622 0.200425
-0.000409 0.310230
-0.000253 0.394695
-0.000139 0.439652
-0.000058 0.443774
0.000000 0.414741
0.000000 0.364022
0.000000 0.302817
0.000000 0.239886
0.000000 0.180948
0.000000 0.129028
0.000000 0.085189
0.000000 0.049293
0.000000 0.020600
0.000378 -0.001828
0.006719 -0.018909
0.031986 -0.031456
0.087849 -0.040164
0.177292 -0.045630
0.294062 -0.048388
0.426474 -0.048930
0.561522 -0.047675
0.683161 -0.045110
0.771467 -0.041625
0.811278 -0.037569
0.798855 -0.033240
0.741500 -0.028880
0.652904 -0.024673
0.548055 -0.020750
0.439746 -0.017238
0.337061 -0.014124
0.245331 -0.011425
0.166879 -0.009131
0.101987 -0.007214
0.049773 -0.005638
0.008832 -0.004362
-0.022369 -0.003341
-0.044906 -0.002536
-0.054502 -0.001908
-0.039352 -0.001424
0.011188 -0.001054
0.099174 -0.000774
0.217132 -0.000564
0.347025 -0.000409
0.462585 -0.000253
0.541089 -0.000139
0.572091 -0.000058
0.557954 0.000000
0.509304 0.000000
0.439597 0.000000
0.361163 0.000000
0.283249 0.000000
0.211657 0.000000
0.149278 0.000000
0.096949 0.000000
0.054291 0.000000
0.020339 0.000000
-0.006047 0.000000
-0.025966 0.000000
-0.040397 0.000000
-0.050188 0.000378
-0.056087 0.006719
-0.058768 0.031986
-0.058811 0.087849
-0.056847 0.176914
-0.053405 0.287343
-0.048960 0.394488
-0.043927 0.474051
-0.038654 0.512588
-0.033414 0.509391
-0.028455 0.472652
-0.023865 0.414248
-0.019732 0.345682
-0.016099 0.275925
-0.012971 0.210829
-0.010328 0.153479
-0.008133 0.104951
-0.006336 0.065079
-0.004888 0.033072
-0.003356 0.007922
0.003892 -0.011363
0.029864 -0.025671
0.086269 -0.035769
0.175748 -0.042320
0.286487 -0.045915
0.393866 -0.047097
0.473643 -0.046369
0.512336 -0.044196
0.509251 -0.041002
0.472594 -0.037160
0.414248 -0.032988
0.345682 -0.028740
0.275925 -0.024614
0.210829 -0.020750
0.153479 -0.017238
0.104951 -0.014124
0.065079 -0.011425
0.033072 -0.009131
0.008300 -0.007214
-0.004643 -0.005638
0.006315 -0.004362
0.052080 -0.003341
0.134973 -0.002536
0.248147 -0.001908
0.378999 -0.001424
0.508811 -0.001054
0.613698 -0.000774
0.674602 -0.000564
0.684674 -0.000409
0.649098 -0.000253
0.580348 -0.000139
0.492864 -0.000058
0.399324 0.000000
0.308936 0.000000
0.227263 0.000000
0.156885 0.000000
0.098334 0.000000
0.050957 0.000000
0.013558 0.000000
-0.014824 0.000000
-0.029878 0.000000
-0.019778 0.000000
0.026149 0.000000
0.110008 0.000000
0.224746 0.000000
0.357947 0.000000
0.495934 0.000000
0.622052 0.000000
0.715879 0.000000
0.761742 0.000000
0.755528 0.000000
0.704245 0.000000
0.621334 0.000000
0.521695 0.000000
0.418039 0.000000
0.319415 0.000000
0.231162 0.000000
0.155631 0.000000
0.093156 0.000000
0.042910 0.000000
0.003551 0.000000
-0.026394 0.000000
-0.048325 0.000378
-0.063500 0.006719
-0.073030 0.031986
-0.077909 0.087849
-0.079031 0.177292
-0.077175 0.294062
-0.073138 0.426474
-0.067581 0.561900
-0.061082 0.689881
-0.054128 0.803453
-0.047111 0.898749
-0.040370 0.969428
-0.034065 1.003576
-0.028335 0.991530
-0.023253 0.932663
-0.018843 0.835564
-0.015088 0.714039
-0.011946 0.582558
-0.009357 0.453146
-0.007255 0.334096
-0.005571 0.230025
-0.004239 0.142639
-0.003197 0.071696
-0.002391 0.015851
-0.001774 -0.026719
-0.001306 -0.057560
-0.000913 -0.072906
-0.000622 -0.061438
-0.000409 -0.012945
-0.000253 0.074272
-0.000139 0.192812
-0.000058 0.329981
0.000000 0.472261
0.000000 0.608429
0.000000 0.730503
0.000000 0.828886
0.000000 0.889467
0.000000 0.901328
0.000000 0.863302
0.000000 0.783895
0.000000 0.677084
0.000000 0.557627
0.000000 0.437871
0.000000 0.326418
0.000000 0.228168
0.000000 0.145087
0.000000 0.077170
0.000000 0.023290
0.000000 -0.018175
0.000000 -0.048544
0.000000 -0.063937
0.000000 -0.052889
0.000000 -0.005058
0.000000 0.081354
0.000000 0.199031
0.000000 0.335336
0.000000 0.476796
0.000000 0.612212
0.000000 0.733617
0.000000 0.831381
0.000000 0.891442
0.000000 0.902874
0.000000 0.864500
0.000000 0.784814
0.000000 0.677782
0.000000 0.558153
0.000000 0.438264
0.000000 0.326709
0.000000 0.228382
0.000000 0.145243
0.000000 0.077283
0.000000 0.023372
0.000000 -0.018117
0.000000 -0.048544
0.000000 -0.063937
0.000000 -0.052889
0.000000 -0.005058
0.000000 0.080976
0.000000 0.192312
0.000000 0.303350
0.000000 0.388947
0.000000 0.434920
0.000000 0.439933
0.000000 0.411627
0.000000 0.361528
0.000000 0.300842
0.000000 0.238339
0.000000 0.179750
0.000000 0.128109
0.000000 0.084491
0.000000 0.048767
0.000000 0.020207
0.000000 -0.001741
0.000000 -0.012403
0.000000 0.000374
0.000000 0.047572
0.000000 0.131203
0.000000 0.238897
0.000000 0.345558
0.000000 0.426376
0.000000 0.467479
0.000000 0.467766
0.000000 0.435083
0.000000 0.381007
0.000000 0.316802
0.000000 0.251253
0.000000 0.190078
0.000000 0.136241
0.000000 0.090827
0.000000 0.053654
0.000000 0.023941
0.000000 0.001086
0.000000 -0.010281
0.000000 0.001953
0.000000 0.048738
0.000000 0.132436
0.000000 0.245861
0.000000 0.371234
0.000000 0.482491
0.000000 0.557062
0.000000 0.584594
0.000000 0.567495
0.000000 0.516433
0.000000 0.444783
0.000000 0.364825
0.000000 0.285752
0.000000 0.213263
0.000000 0.150242
0.000000 0.097470
0.000000 0.054518
0.000000 0.020380
0.000000 -0.005736
0.000000 -0.019369
0.000000 -0.008555
0.000000 0.037515
0.000000 0.120693
0.000000 0.228457
0.000000 0.335537
0.000000 0.417053
0.000000 0.459028
0.000000 0.460275
0.000000 0.428612
0.000000 0.375512
0.000000 0.312209
0.000000 0.247470
0.000000 0.186963
0.000000 0.133747
0.000000 0.088852
0.000000 0.052108
0.000000 0.022743
0.000000 0.000167
0.000000 -0.010980
0.000000 0.001427
0.000000 0.048346
0.000000 0.132145
0.000000 0.245647
0.000000 0.371077
0.000000 0.482378
0.000000 0.556981
0.000000 0.584536
0.000000 0.567495
0.000000 0.516433
0.000000 0.444783
0.000000 0.364825
0.000000 0.285752
0.000000 0.213263
0.000000 0.150242
0.000000 0.097470
0.000000 0.054518
0.000000 0.020380
0.000000 -0.006114
0.000000 -0.026089
0.000000 -0.040541
0.000000 -0.050333
0.000000 -0.056222
0.000000 -0.058886
0.000000 -0.058951
0.000000 -0.056999
0.000000 -0.053560
0.000000 -0.049116
0.000000 -0.044040
0.000000 -0.038735
0.000000 -0.033472
0.000000 -0.028455
0.000000 -0.023865
0.000000 -0.019732
0.000000 -0.016099
0.000000 -0.012971
0.000000 -0.010328
0.000000 -0.008133
0.000000 -0.006336
0.000000 -0.004888
0.000000 -0.003734
0.000000 -0.002827
0.000000 -0.002122
0.000000 -0.001580
0.000000 -0.001167
0.000000 -0.000855
0.000000 -0.000622
0.000000 -0.000409
0.000000 -0.000253
0.000000 -0.000139
0.000000 -0.000058
0.000000 0.000000
0.000000 0.000000
0.000000 0.000000
0.000000 0.000000
0.000000 0.000000
0.000000 0.000000
0.000000 0.000000
0.000000 0.000000
0.000000 0.000000
0.000000 0.000000
0.000000 0.000000
0.000000 0.000000
0.000000 0.000000
0.000000 0.000000
0.000000 0.000000
0.000000 0.000000
0.000000 0.000000
0.000000 0.000000
0.000000 0.000000
0.000000 0.000000
0.000000 0.000000
0.000000 0.000000
0.000000 0.000000
0.000000 0.000000
0.000000 0.000000
0.000000 0.000000
0.000000 0.000000
0.000000 0.000000
0.000000 0.000000
0.000000 0.000000
0.000000 0.000000
0.000000 0.000000
0.000000 0.000000
0.000000 0.000000
0.000000 0.000000
0.000000 0.000000
0.000000 0.000000
0.000000 0.000000
0.000000 0.000000
0.000000 0.000000
0.000000 0.000000
0.000000 0.000000
0.000000 0.000000
0.000000 0.000000
0.000000 0.000000
0.000000 0.000000
0.000000 0.000000
0.000000 0.000000
0.000000 0.000000
0.000000 0.000000
0.000000 0.000000
0.000000 0.000000
0.000000 0.000000
0.000000 0.000000
0.000000 0.000000
0.000000 0.000000
0.000000 0.000000
0.000000 0.000000
0.000000 0.000000
0.000000 0.000000
0.000000 0.000000
0.000000 0.000000
0.000000 0.000000
0.000000 0.000000
0.000000 0.000000
0.000000 0.000000
0.000000 0.000000
0.000000 0.000000
0.000000 0.000000
0.000000 0.000000
0.000000 0.000000
0.000000 0.000000
0.000000 0.000000
0.000000 0.000000
0.000000 0.000000
0.000000 0.000000
0.000000 0.000000
0.000000 0.000000
0.000000 0.000000
0.000000 0.000000
0.000000 0.000000
0.000000 0.000000
