0.000000 0.000000
0.000000 0.000000
0.000000 0.000000
0.000000 0.000000
0.000000 0.000000
0.000000 0.000000
0.000000 0.000000
0.000000 0.000000
0.000000 0.000000
0.000000 0.000000
0.000000 0.000000
0.000000 0.000000
0.000000 0.000000
0.000000 0.000000
0.000000 0.000000
0.000000 0.000000
0.000000 0.000000
0.000000 0.000000
0.000000 0.000000
0.000000 0.000000
0.000000 0.000378
0.000000 0.006719
0.000000 0.031986
0.000000 0.087849
0.000000 0.176914
0.000000 0.287343
0.000000 0.394488
0.000000 0.474051
0.000000 0.512588
0.000000 0.509391
0.000000 0.472652
0.000000 0.414248
0.000000 0.345682
0.000000 0.275925
0.000000 0.210829
0.000000 0.153479
0.000000 0.104951
0.000000 0.065079
0.000000 0.033072
0.000000 0.008300
0.000000 -0.004643
0.000000 0.006315
0.000000 0.052080
0.000000 0.134595
0.000000 0.241427
0.000000 0.347391
0.000000 0.427682
0.000000 0.468392
0.000000 0.468388
0.000000 0.435492
0.000000 0.381260
0.000000 0.316941
0.000000 0.251311
0.000000 0.190078
0.000000 0.136241
0.000000 0.090827
0.000000 0.053654
0.000000 0.023941
0.000000 0.000709
0.000000 -0.017001
0.000000 -0.030033
0.000378 -0.039110
0.006719 -0.044856
0.031986 -0.047824
0.087849 -0.048521
0.177292 -0.047423
0.294062 -0.044970
0.426474 -0.041567
0.561900 -0.037569
0.689881 -0.033240
0.803453 -0.028880
0.898749 -0.024673
0.969428 -0.020750
1.003576 -0.017238
0.991530 -0.014124
0.932663 -0.011425
0.835564 -0.009131
0.714039 -0.007214
0.582558 -0.005638
0.453146 -0.004362
0.334096 -0.003341
0.230025 -0.002536
0.142639 -0.001908
0.071696 -0.001424
0.015851 -0.001054
-0.026719 -0.000774
-0.057560 -0.000564
-0.072906 -0.000409
-0.061438 -0.000253
-0.012945 -0.000139
0.074272 -0.000058
0.192812 0.000000
0.329603 0.000000
0.465542 0.000000
0.576443 0.000000
0.643032 0.000000
0.658314 0.000000
0.627390 0.000000
0.562702 0.000000
0.478694 0.000000
0.388076 0.000000
0.300105 0.000000
0.220401 0.000000
0.151604 0.000000
0.094309 0.000000
0.047916 0.000000
0.011280 0.000000
-0.016517 0.000000
-0.031126 0.000000
-0.020692 0.000000
0.025527 0.000000
0.109222 0.000000
0.217774 0.000000
0.325821 0.000000
0.408405 0.000000
0.451479 0.000000
0.453803 0.000000
0.423117 0.000000
0.370920 0.000000
0.308427 0.000000
0.244355 0.000000
0.184469 0.000000
0.131772 0.000000
0.087306 0.000000
0.050910 0.000000
0.021824 0.000000
-0.000531 0.000000
-0.011506 0.000000
0.001035 0.000000
0.048055 0.000000
0.131931 0.000000
0.245491 0.000000
0.370964 0.000000
0.482297 0.000000
0.556922 0.000000
0.584536 0.000000
0.567495 0.000000
0.516433 0.000000
0.444783 0.000000
0.364825 0.000000
0.285752 0.000000
0.213263 0.000000
0.150242 0.000000
0.097470 0.000000
0.054518 0.000000
0.020380 0.000000
-0.006114 0.000378
-0.026089 0.006719
-0.040541 0.031986
-0.050333 0.087849
-0.056222 0.177292
-0.058886 0.294062
-0.058951 0.426474
-0.056999 0.561900
-0.053560 0.689503
-0.049116 0.796733
-0.044040 0.867140
-0.038735 0.888299
-0.033472 0.858270
-0.028455 0.785316
-0.023865 0.683481
-0.019732 0.567727
-0.016099 0.450633
-0.012971 0.341005
-0.010328 0.243900
-0.008133 0.161401
-0.006336 0.093589
-0.004888 0.039408
-0.003734 -0.002697
-0.002449 -0.034397
0.004597 -0.057278
0.030406 -0.072769
0.086682 -0.082138
0.176437 -0.086516
0.293440 -0.086918
0.425688 -0.084258
0.554928 -0.079357
0.657755 -0.072936
0.715546 -0.065617
0.721834 -0.057911
0.682085 -0.050225
0.609088 -0.042865
0.517478 -0.036040
0.420074 -0.029881
0.326174 -0.024451
0.241387 -0.019762
0.168310 -0.015787
0.107464 -0.012472
0.058171 -0.009750
0.019196 -0.007546
-0.010840 -0.005785
-0.033256 -0.004395
-0.049228 -0.003310
-0.059791 -0.002472
-0.065860 -0.001454
-0.068262 0.005413
-0.067753 0.031073
-0.065024 0.087226
-0.060701 0.176884
-0.055335 0.293810
-0.049396 0.426335
-0.043270 0.561842
-0.037255 0.689881
-0.031570 0.803075
-0.026360 0.892407
-0.021707 0.944162
-0.017645 0.947714
-0.014169 0.902086
-0.011247 0.815893
-0.008831 0.703152
-0.006862 0.578614
-0.005280 0.454577
-0.004025 0.339574
-0.003041 0.238423
-0.002278 0.153003
-0.001693 0.083224
-0.001248 0.027880
-0.000913 -0.014725
-0.000622 -0.046391
-0.000031 -0.068825
0.006467 -0.083569
0.031847 -0.091993
0.087790 -0.095316
0.177292 -0.094623
0.293684 -0.090885
0.419755 -0.084965
0.529914 -0.077610
0.602032 -0.069458
0.626161 -0.061026
0.605064 -0.052720
0.549673 -0.044839
0.473662 -0.037586
0.389498 -0.031079
0.306502 -0.025370
0.230500 -0.020461
0.164366 -0.016313
0.108895 -0.012865
0.063648 -0.010041
0.027594 -0.007760
-0.000098 -0.005941
-0.015008 -0.004508
-0.005214 -0.003391
0.040051 -0.002531
0.122601 -0.001832
0.229881 -0.001306
0.336590 -0.000913
0.417827 -0.000622
0.459592 -0.000409
0.460683 -0.000253
0.428864 -0.000139
0.375652 -0.000058
0.312267 0.000000
0.247470 0.000000
0.186963 0.000000
0.133747 0.000000
0.088852 0.000000
0.052108 0.000000
0.022743 0.000000
0.000167 0.000000
-0.010980 0.000000
0.001427 0.000000
0.048346 0.000000
0.132145 0.000000
0.246025 0.000000
0.377797 0.000000
0.514364 0.000000
0.644829 0.000000
0.761828 0.000000
0.861180 0.000000
0.936188 0.000000
0.974696 0.000000
0.966857 0.000000
0.911912 0.000000
0.818327 0.000000
0.699915 0.000000
0.571132 0.000000
0.444015 0.000000
0.326883 0.000000
0.224387 0.000000
0.138277 0.000000
0.068354 0.000000
0.013315 0.000000
-0.028627 0.000000
-0.059361 0.000378
-0.080679 0.006719
-0.094198 0.031986
-0.101357 0.087849
-0.103429 0.177292
-0.101503 0.294062
-0.096633 0.426474
-0.089697 0.561900
-0.081451 0.689881
-0.072572 0.803453
-0.063520 0.898749
-0.054695 0.969428
-0.046386 1.003576
-0.038784 0.991530
-0.031998 0.932663
-0.026069 0.835564
-0.020987 0.714039
-0.016706 0.582558
-0.013156 0.453146
-0.010255 0.334096
-0.007916 0.230025
-0.006054 0.142639
-0.004589 0.071696
-0.003450 0.015851
-0.002531 -0.026719
-0.001832 -0.057938
-0.001306 -0.079625
-0.000913 -0.093424
-0.000622 -0.100793
-0.000409 -0.103021
-0.000253 -0.100872
-0.000139 -0.089774
-0.000058 -0.057653
0.000000 0.006397
0.000000 0.104720
0.000000 0.230542
0.000000 0.371779
0.000000 0.515137
0.000000 0.644377
0.000000 0.739469
0.000000 0.785209
0.000000 0.777869
0.000000 0.724794
0.000000 0.639748
0.000000 0.537800
0.000000 0.431830
0.000000 0.331007
0.000000 0.240742
0.000000 0.163429
0.000000 0.099456
0.000000 0.047941
0.000000 0.007525
0.000378 -0.023282
0.006719 -0.045907
0.031986 -0.061630
0.087849 -0.071590
0.177292 -0.076800
0.293684 -0.078176
0.419755 -0.076553
0.529914 -0.072729
0.602032 -0.067328
0.626161 -0.060943
0.605064 -0.054070
0.549673 -0.047111
0.473662 -0.040370
0.389498 -0.034065
0.306502 -0.028335
0.230500 -0.023253
0.164366 -0.018843
0.108895 -0.015088
0.063648 -0.011946
0.027594 -0.009357
-0.000476 -0.006878
-0.021727 0.001148
-0.037200 0.027747
-0.047797 0.084651
-0.054313 0.174523
-0.057462 0.285569
-0.057898 0.393182
-0.056225 0.473138
-0.052996 0.511966
-0.048707 0.508982
-0.043788 0.472400
-0.038596 0.414108
-0.033414 0.345623
-0.028455 0.275925
-0.023865 0.210829
-0.019732 0.153479
-0.016099 0.104951
-0.012971 0.065079
-0.010328 0.033072
-0.007755 0.007922
0.000383 -0.011363
0.027099 -0.025671
0.084114 -0.035769
0.174465 -0.042320
0.291940 -0.045915
0.424894 -0.047097
0.560733 -0.046369
0.689025 -0.044196
0.802453 -0.041002
0.891998 -0.037160
0.943909 -0.032988
0.947574 -0.028740
0.902028 -0.024614
0.815893 -0.020750
0.703152 -0.017238
0.578614 -0.014124
0.454577 -0.011425
0.339574 -0.009131
0.238423 -0.007214
0.153003 -0.005638
0.083224 -0.004362
0.027880 -0.003341
-0.014725 -0.002536
-0.046391 -0.001908
-0.068825 -0.001046
-0.083569 0.005666
-0.091993 0.031212
-0.095316 0.087284
-0.094623 0.176884
-0.090885 0.293810
-0.084965 0.426335
-0.077610 0.561464
-0.069458 0.683161
-0.061026 0.771467
-0.052720 0.811278
-0.044839 0.798855
-0.037586 0.741500
-0.031079 0.652904
-0.025370 0.548055
-0.020461 0.439746
-0.016313 0.337061
-0.012865 0.245331
-0.010041 0.166879
-0.007760 0.101987
-0.005941 0.049773
-0.004508 0.008832
-0.003391 -0.021991
-0.002531 -0.038565
-0.001832 -0.029236
-0.001306 0.016511
-0.000913 0.100632
-0.000622 0.215944
-0.000409 0.349921
-0.000253 0.489171
-0.000139 0.622552
-0.000058 0.742132
0.000000 0.838337
0.000000 0.897051
0.000000 0.907344
0.000000 0.868021
0.000000 0.787558
0.000000 0.679899
0.000000 0.559770
0.000000 0.439489
0.000000 0.327628
0.000000 0.229066
0.000000 0.145748
0.000000 0.077653
0.000000 0.023641
0.000000 -0.017922
0.000000 -0.048404
0.000000 -0.063879
0.000000 -0.052889
0.000000 -0.005058
0.000000 0.080976
0.000000 0.192312
0.000000 0.303350
0.000000 0.388947
0.000000 0.434920
0.000000 0.439933
0.000000 0.411627
0.000000 0.361528
0.000000 0.300842
0.000000 0.238339
0.000000 0.179750
0.000000 0.128109
0.000000 0.084491
0.000000 0.048767
0.000000 0.020207
0.000378 -0.002119
0.006719 -0.019123
0.031986 -0.031612
0.087849 -0.040277
0.176914 -0.045711
0.287343 -0.048446
0.394488 -0.048930
0.474051 -0.047675
0.512588 -0.045110
0.509391 -0.041625
0.472652 -0.037569
0.414248 -0.033240
0.345682 -0.028880
0.275925 -0.024673
0.210829 -0.020750
0.153479 -0.017238
0.104951 -0.014124
0.065079 -0.011425
0.033072 -0.009131
0.007922 -0.006836
-0.011363 0.001081
-0.025671 0.027625
-0.035769 0.084507
-0.042320 0.174378
-0.045915 0.285435
-0.047097 0.393064
-0.046369 0.472998
-0.044196 0.511815
-0.041002 0.508826
-0.037160 0.472244
-0.032988 0.413995
-0.028740 0.345542
-0.024614 0.275867
-0.020750 0.210829
-0.017238 0.153479
-0.014124 0.104951
-0.011425 0.065079
-0.009131 0.033072
-0.006836 0.007922
0.001081 -0.011363
0.027625 -0.025671
0.084507 -0.035769
0.174756 -0.042320
0.292154 -0.045915
0.425050 -0.047097
0.560846 -0.046369
0.689107 -0.044196
0.802889 -0.041002
0.898340 -0.037160
0.969176 -0.032988
1.003437 -0.028740
0.991471 -0.024614
0.932663 -0.020750
0.835564 -0.017238
0.714039 -0.014124
0.582558 -0.011425
0.453146 -0.009131
0.334096 -0.007214
0.230025 -0.005638
0.142639 -0.004362
0.071696 -0.003341
0.015851 -0.002536
-0.026719 -0.001908
-0.057560 -0.001424
-0.072906 -0.001054
-0.061438 -0.000774
-0.012945 -0.000564
0.073894 -0.000409
0.186093 -0.000253
0.297995 -0.000139
0.384413 -0.000058
0.431137 0.000000
0.436818 0.000000
0.409132 0.000000
0.359553 0.000000
0.299296 0.000000
0.237142 0.000000
0.178831 0.000000
0.127410 0.000000
0.083965 0.000000
0.048374 0.000000
0.019916 0.000000
-0.002332 0.000378
-0.019279 0.006719
-0.031725 0.031986
-0.040358 0.087849
-0.045769 0.177292
-0.048446 0.293684
-0.048930 0.419755
-0.047675 0.529914
-0.045110 0.602032
-0.041625 0.626161
-0.037569 0.605064
-0.033240 0.549673
-0.028880 0.473662
-0.024673 0.389498
-0.020750 0.306502
-0.017238 0.230500
-0.014124 0.164366
-0.011425 0.108895
-0.009131 0.063648
-0.007214 0.027594
-0.005638 -0.000098
-0.004362 -0.015008
-0.003341 -0.005214
-0.002536 0.040051
-0.001908 0.122979
-0.001424 0.236600
-0.001054 0.368576
-0.000774 0.505675
-0.000564 0.636507
-0.000409 0.748026
-0.000253 0.823352
-0.000139 0.849703
-0.000058 0.824856
0.000000 0.756861
0.000000 0.659616
0.000000 0.547994
0.000000 0.434534
0.000000 0.328033
0.000000 0.233572
0.000000 0.153269
0.000000 0.087252
0.000000 0.034521
0.000000 -0.006431
0.000000 -0.037224
0.000000 -0.059400
0.000000 -0.074348
0.000378 -0.083305
0.006719 -0.087371
0.031986 -0.087540
0.087849 -0.084666
0.176914 -0.079609
0.287343 -0.073076
0.394488 -0.065675
0.474051 -0.057911
0.512588 -0.050225
0.509391 -0.042865
0.472652 -0.036040
0.414248 -0.029881
0.345682 -0.024451
0.275925 -0.019762
0.210829 -0.015787
0.153479 -0.012472
0.104951 -0.009750
0.065079 -0.007546
0.033072 -0.005785
0.008300 -0.004395
-0.004643 -0.003310
0.006315 -0.002472
0.052080 -0.001832
0.134595 -0.001306
0.241427 -0.000913
0.347391 -0.000622
0.427682 -0.000409
0.468392 -0.000253
0.468388 -0.000139
0.435492 -0.000058
0.381260 0.000000
0.316941 0.000000
0.251311 0.000000
0.190078 0.000000
0.136241 0.000000
0.090827 0.000000
0.053654 0.000000
0.023941 0.000000
0.000709 0.000378
-0.017001 0.006719
-0.030033 0.031986
-0.039110 0.087849
-0.044856 0.176914
-0.047824 0.287343
-0.048521 0.394488
-0.047423 0.474051
-0.044970 0.512588
-0.041567 0.509391
-0.037569 0.472652
-0.033240 0.414248
-0.028880 0.345682
-0.024673 0.275925
-0.020750 0.210829
-0.017238 0.153479
-0.014124 0.104951
-0.011425 0.065079
-0.009131 0.033072
-0.007214 0.007922
-0.005638 -0.011363
-0.004362 -0.025671
-0.003341 -0.035769
-0.002536 -0.042320
-0.001908 -0.045538
-0.001424 -0.040378
-0.001054 -0.014383
-0.000774 0.043652
-0.000564 0.136290
-0.000409 0.256902
-0.000253 0.393487
-0.000139 0.533160
-0.000058 0.664888
0.000000 0.775983
0.000000 0.849903
0.000000 0.874175
0.000000 0.846845
0.000000 0.776185
0.000000 0.676267
0.000000 0.562089
0.000000 0.446272
0.000000 0.337663
0.000000 0.241364
0.000000 0.159493
0.000000 0.092165
0.000000 0.038355
0.000000 -0.003471
0.000000 -0.034584
0.000000 -0.050967
0.000000 -0.041035
0.000000 0.005571
0.000000 0.090340
0.000000 0.200425
0.000000 0.310230
0.000000 0.394695
0.000000 0.439652
0.000000 0.443774
0.000000 0.414741
0.000000 0.364022
0.000000 0.302817
0.000000 0.239886
0.000000 0.180948
0.000000 0.129028
0.000000 0.085189
0.000000 0.049293
0.000000 0.020600
0.000378 -0.001828
0.006719 -0.018909
0.031986 -0.031456
0.087849 -0.040164
0.176914 -0.045630
0.287343 -0.048388
0.394488 -0.048930
0.474051 -0.047675
0.512588 -0.045110
0.509391 -0.041625
0.472652 -0.037569
0.414248 -0.033240
0.345682 -0.028880
0.275925 -0.024673
0.210829 -0.020750
0.153479 -0.017238
0.104951 -0.014124
0.065079 -0.011425
0.033072 -0.009131
0.008300 -0.007214
-0.004643 -0.005638
0.006315 -0.004362
0.052080 -0.003341
0.134973 -0.002536
0.248147 -0.001908
0.379377 -0.001424
0.515531 -0.001054
0.645684 -0.000774
0.762073 -0.000564
0.855246 -0.000409
0.911174 -0.000253
0.918974 -0.000139
0.877472 -0.000058
0.795142 0.000000
0.685915 0.000000
0.564489 0.000000
0.443152 0.000000
0.330443 0.000000
0.231209 0.000000
0.147365 0.000000
0.078863 0.000000
0.024538 0.000000
-0.017262 0.000000
-0.047921 0.000000
-0.063529 0.000000
-0.052637 0.000000
-0.004919 0.000000
0.081034 0.000000
0.192312 0.000000
0.303350 0.000000
0.388947 0.000000
0.434920 0.000000
0.439933 0.000000
0.411627 0.000000
0.361528 0.000000
0.300842 0.000000
0.238339 0.000000
0.179750 0.000000
0.128109 0.000000
0.084491 0.000000
0.048767 0.000000
0.020207 0.000000
-0.002119 0.000378
-0.019123 0.006719
-0.031612 0.031986
-0.040277 0.087849
-0.045711 0.177292
-0.048446 0.293684
-0.048930 0.419755
-0.047675 0.529914
-0.045110 0.602032
-0.041625 0.626161
-0.037569 0.605064
-0.033240 0.549673
-0.028880 0.473662
-0.024673 0.389498
-0.020750 0.306502
-0.017238 0.230500
-0.014124 0.164366
-0.011425 0.108895
-0.009131 0.063648
-0.007214 0.027594
-0.005638 -0.000476
-0.004362 -0.021727
-0.003341 -0.037200
-0.002536 -0.047797
-0.001908 -0.053936
-0.001424 -0.050743
-0.001054 -0.025912
-0.000774 0.031624
-0.000564 0.124296
-0.000409 0.245355
-0.000253 0.382308
-0.000139 0.516585
-0.000058 0.624480
0.000000 0.687149
0.000000 0.697969
0.000000 0.662353
0.000000 0.592989
0.000000 0.504507
0.000000 0.409746
0.000000 0.318041
0.000000 0.235051
0.000000 0.163422
0.000000 0.103730
0.000000 0.055344
0.000000 0.017074
0.000000 -0.012420
0.000000 -0.034423
0.000000 -0.050083
0.000000 -0.060413
0.000000 -0.066269
0.000000 -0.068515
0.000000 -0.067893
0.000000 -0.065082
0.000000 -0.060701
0.000000 -0.055335
0.000000 -0.049396
0.000000 -0.043270
0.000000 -0.037255
0.000000 -0.031570
0.000000 -0.026360
0.000000 -0.021707
0.000000 -0.017645
0.000000 -0.014169
0.000000 -0.011247
0.000000 -0.008831
0.000000 -0.006862
0.000000 -0.005280
0.000000 -0.004025
0.000000 -0.003041
0.000000 -0.002278
0.000000 -0.001693
0.000000 -0.001248
0.000000 -0.000913
0.000000 -0.000622
0.000000 -0.000409
0.000000 -0.000253
0.000000 -0.000139
0.000000 -0.000058
0.000000 0.000000
0.000000 0.000000
0.000000 0.000000
0.000000 0.000000
0.000000 0.000000
0.000000 0.000000
0.000000 0.000000
0.000000 0.000000
0.000000 0.000000
0.000000 0.000000
0.000000 0.000000
0.000000 0.000000
0.000000 0.000000
0.000000 0.000000
0.000000 0.000000
0.000000 0.000000
0.000000 0.000000
0.000000 0.000000
0.000000 0.000000
0.000000 0.000000
0.000000 0.000000
0.000000 0.000000
0.000000 0.000000
0.000000 0.000000
0.000000 0.000000
0.000000 0.000000
0.000000 0.000000
0.000000 0.000000
0.000000 0.000000
0.000000 0.000000
0.000000 0.000000
0.000000 0.000000
0.000000 0.000000
0.000000 0.000000
0.000000 0.000000
0.000000 0.000000
0.000000 0.000000
0.000000 0.000000
0.000000 0.000000
0.000000 0.000000
0.000000 0.000000
0.000000 0.000000
0.000000 0.000000
0.000000 0.000000
0.000000 0.000000
0.000000 0.000000
0.000000 0.000000
0.000000 0.000000
0.000000 0.000000
0.000000 0.000000
0.000000 0.000000
0.000000 0.000000
0.000000 0.000000
0.000000 0.000000
0.000000 0.000000
0.000000 0.000000
0.000000 0.000000
0.000000 0.000000
0.000000 0.000000
0.000000 0.000000
0.000000 0.000000
0.000000 0.000000
0.000000 0.000000
0.000000 0.000000
