0.000000 0.000000
0.000000 0.000000
0.000000 0.000000
0.000000 0.000000
0.000000 0.000000
0.000000 0.000000
0.000000 0.000000
0.000000 0.000000
0.000000 0.000000
0.000000 0.000000
0.000000 0.000000
0.000000 0.000000
0.000000 0.000000
0.000000 0.000000
0.000000 0.000000
0.000378 0.000000
0.006719 0.000000
0.031986 0.000000
0.087849 0.000000
0.177292 0.000000
0.293684 0.000000
0.419755 0.000000
0.529914 0.000000
0.602032 0.000000
0.626161 0.000000
0.605064 0.000000
0.549673 0.000000
0.473662 0.000000
0.389498 0.000000
0.306502 0.000000
0.230500 0.000000
0.164366 0.000000
0.108895 0.000000
0.063648 0.000000
0.027594 0.000000
-0.000098 0.000000
-0.015008 0.000000
-0.005214 0.000000
0.040051 0.000000
0.122601 0.000000
0.229881 0.000000
0.336590 0.000000
0.417827 0.000000
0.459592 0.000000
0.460683 0.000000
0.428864 0.000000
0.375652 0.000000
0.312267 0.000000
0.247470 0.000000
0.186963 0.000000
0.133747 0.000000
0.088852 0.000000
0.052108 0.000000
0.022743 0.000000
0.000167 0.000000
-0.010980 0.000000
0.001427 0.000000
0.048346 0.000000
0.131768 0.000000
0.239305 0.000000
0.345811 0.000000
0.426516 0.000000
0.467537 0.000000
0.467766 0.000000
0.435083 0.000000
0.381007 0.000000
0.316802 0.000000
0.251253 0.000000
0.190078 0.000000
0.136241 0.000000
0.090827 0.000000
0.053654 0.000000
0.023941 0.000000
0.000709 0.000000
-0.017001 0.000000
-0.030033 0.000000
-0.039110 0.000000
-0.044856 0.000378
-0.047824 0.006719
-0.048521 0.031986
-0.047423 0.087849
-0.044970 0.177292
-0.041567 0.294062
-0.037569 0.426474
-0.033240 0.561900
-0.028880 0.689503
-0.024673 0.796733
-0.020750 0.867140
-0.017238 0.888299
-0.014124 0.858270
-0.011425 0.785316
-0.009131 0.683481
-0.007214 0.567727
-0.005638 0.450633
-0.004362 0.341005
-0.003341 0.243900
-0.002536 0.161401
-0.001908 0.093589
-0.001424 0.039408
-0.001054 -0.002697
-0.000774 -0.034019
-0.000564 -0.050558
-0.000409 -0.040783
-0.000253 0.005711
-0.000139 0.090776
-0.000058 0.206767
0.000000 0.335497
0.000000 0.450557
0.000000 0.529096
0.000000 0.560544
0.000000 0.547153
0.000000 0.499448
0.000000 0.430798
0.000000 0.353458
0.000000 0.276621
0.000000 0.206049
0.000000 0.144604
0.000000 0.093109
0.000000 0.051177
0.000000 0.017844
0.000000 -0.007644
0.000000 -0.020793
0.000000 -0.009609
0.000000 0.036741
0.000000 0.120129
0.000000 0.228048
0.000000 0.335284
0.000000 0.416913
0.000000 0.458970
0.000000 0.460275
0.000000 0.428612
0.000000 0.375512
0.000000 0.312209
0.000000 0.247470
0.000000 0.186963
0.000000 0.133747
0.000000 0.088852
0.000000 0.052108
0.000000 0.022743
0.000000 0.000167
0.000000 -0.010980
0.000000 0.001427
0.000000 0.048346
0.000000 0.132145
0.000000 0.246025
0.000000 0.377797
0.000000 0.514364
0.000000 0.644451
0.000000 0.755109
0.000000 0.829571
0.000000 0.855059
0.000000 0.829390
0.000000 0.760643
0.000000 0.662730
0.000000 0.550489
0.000000 0.436509
0.000000 0.329580
0.000000 0.234770
0.000000 0.154188
0.000000 0.087951
0.000000 0.035047
0.000000 -0.006038
0.000000 -0.036556
0.000000 -0.052467
0.000000 -0.042206
0.000000 0.004657
0.000000 0.089625
0.000000 0.199861
0.000000 0.309822
0.000000 0.394442
0.000000 0.439513
0.000000 0.443716
0.000000 0.414741
0.000000 0.364022
0.000000 0.302817
0.000000 0.239886
0.000000 0.180948
0.000000 0.129028
0.000000 0.085189
0.000000 0.049293
0.000000 0.020600
0.000000 -0.001450
0.000000 -0.012189
0.000000 0.000530
0.000000 0.047685
0.000000 0.131662
0.000000 0.245297
0.000000 0.370825
0.000000 0.482239
0.000000 0.556922
0.000000 0.584536
0.000000 0.567495
0.000000 0.516433
0.000000 0.444783
0.000000 0.364825
0.000000 0.285752
0.000000 0.213263
0.000000 0.150242
0.000000 0.097470
0.000000 0.054518
0.000000 0.020380
0.000000 -0.006114
0.000000 -0.026089
0.000000 -0.040163
0.000000 -0.043614
0.000000 -0.024236
0.000000 0.028963
0.000000 0.118341
0.000000 0.237064
0.000000 0.372914
0.000000 0.512784
0.000000 0.645840
0.000000 0.764718
0.000000 0.865276
0.000000 0.940973
0.000000 0.979711
0.000000 0.971797
0.000000 0.916563
0.000000 0.822593
0.000000 0.703711
0.000000 0.574425
0.000000 0.446810
0.000000 0.329209
0.000000 0.226291
0.000000 0.139812
0.000000 0.069573
0.000000 0.014272
0.000000 -0.027886
0.000378 -0.058793
0.006719 -0.080247
0.031986 -0.093833
0.087849 -0.101046
0.177292 -0.103160
0.293684 -0.101308
0.419755 -0.096493
0.529914 -0.089639
0.602032 -0.081451
0.626161 -0.072572
0.605064 -0.063520
0.549673 -0.054695
0.473662 -0.046386
0.389498 -0.038784
0.306502 -0.031998
0.230500 -0.026069
0.164366 -0.020987
0.108895 -0.016706
0.063648 -0.013156
0.027594 -0.010255
-0.000476 -0.007538
-0.021727 0.000665
-0.037200 0.027397
-0.047797 0.084399
-0.054313 0.174762
-0.057462 0.292230
-0.057898 0.425168
-0.056225 0.560609
-0.052996 0.682539
-0.048707 0.771058
-0.043788 0.811025
-0.038596 0.798716
-0.033414 0.741442
-0.028455 0.652904
-0.023865 0.548055
-0.019732 0.439746
-0.016099 0.337061
-0.012971 0.245331
-0.010328 0.166879
-0.008133 0.101987
-0.006336 0.049773
-0.004888 0.008832
-0.003356 -0.022369
0.003892 -0.045284
0.029864 -0.061222
0.086269 -0.071338
0.175748 -0.076660
0.286487 -0.078118
0.393866 -0.076553
0.473643 -0.072729
0.512336 -0.067328
0.509251 -0.060943
0.472594 -0.054070
0.414248 -0.047111
0.345682 -0.040370
0.275925 -0.034065
0.210829 -0.028335
0.153479 -0.023253
0.104951 -0.018843
0.065079 -0.015088
0.033072 -0.011946
0.007922 -0.008979
-0.011363 -0.000536
-0.025671 0.026415
-0.035769 0.083610
-0.042320 0.174095
-0.045915 0.291293
-0.047097 0.417981
-0.046369 0.528608
-0.044196 0.601119
-0.041002 0.625538
-0.037160 0.604656
-0.032988 0.549421
-0.028740 0.473523
-0.024614 0.389439
-0.020750 0.306502
-0.017238 0.230500
-0.014124 0.164366
-0.011425 0.108895
-0.009131 0.063648
-0.007214 0.027594
-0.005260 -0.000476
0.002358 -0.021727
0.028645 -0.037200
0.085312 -0.047797
0.175384 -0.054313
0.292261 -0.057462
0.418701 -0.057898
0.529140 -0.056225
0.601468 -0.052996
0.625752 -0.048707
0.604812 -0.043788
0.549534 -0.038596
0.473604 -0.033414
0.389498 -0.028455
0.306502 -0.023865
0.230500 -0.019732
0.164366 -0.016099
0.108895 -0.012971
0.063648 -0.010328
0.027594 -0.008133
-0.000476 -0.005959
-0.021727 0.001832
-0.037200 0.028252
-0.047797 0.085021
-0.054313 0.175170
-0.057462 0.292483
-0.057898 0.425307
-0.056225 0.560667
-0.052996 0.682539
-0.048707 0.771058
-0.043788 0.811025
-0.038596 0.798716
-0.033414 0.741442
-0.028455 0.652904
-0.023865 0.548055
-0.019732 0.439746
-0.016099 0.337061
-0.012971 0.245331
-0.010328 0.166879
-0.008133 0.101987
-0.006336 0.049773
-0.004888 0.008832
-0.003734 -0.021991
-0.002827 -0.038565
-0.002122 -0.029236
-0.001580 0.016511
-0.001167 0.100254
-0.000855 0.209225
-0.000622 0.317935
-0.000409 0.401322
-0.000253 0.445260
-0.000139 0.448448
-0.000058 0.418582
0.000000 0.367137
0.000000 0.305312
0.000000 0.241861
0.000000 0.182494
0.000000 0.130226
0.000000 0.086108
0.000000 0.049991
0.000000 0.021126
0.000000 -0.001057
0.000000 -0.011898
0.000000 0.000744
0.000000 0.047841
0.000000 0.131398
0.000000 0.239036
0.000000 0.345617
0.000000 0.426376
0.000000 0.467479
0.000000 0.467766
0.000000 0.435083
0.000000 0.381007
0.000000 0.316802
0.000000 0.251253
0.000000 0.190078
0.000000 0.136241
0.000000 0.090827
0.000000 0.053654
0.000000 0.023941
0.000378 0.000709
0.006719 -0.017001
0.031986 -0.030033
0.087849 -0.039110
0.177292 -0.044856
0.294062 -0.047824
0.426474 -0.048521
0.561900 -0.047423
0.689881 -0.044970
0.803075 -0.041567
0.892407 -0.037569
0.944162 -0.033240
0.947714 -0.028880
0.902086 -0.024673
0.815893 -0.020750
0.703152 -0.017238
0.578614 -0.014124
0.454577 -0.011425
0.339574 -0.009131
0.238423 -0.007214
0.153003 -0.005638
0.083224 -0.004362
0.027880 -0.003341
-0.014725 -0.002536
-0.046013 -0.001908
-0.062105 -0.001424
-0.051583 -0.001054
-0.004145 -0.000774
0.081976 -0.000564
0.199440 -0.000409
0.335589 -0.000253
0.476935 -0.000139
0.612270 -0.000058
0.733995 0.000000
0.837723 0.000000
0.916708 0.000000
0.958737 0.000000
0.953944 0.000000
0.901584 0.000000
0.810194 0.000000
0.693579 0.000000
0.566245 0.000000
0.440281 0.000000
0.324055 0.000000
0.222265 0.000000
0.136698 0.000000
0.067187 0.000000
0.012460 0.000000
-0.029250 0.000000
-0.059392 0.000000
-0.074212 0.000000
-0.062352 0.000000
-0.013567 0.000000
0.073863 0.000000
0.192560 0.000000
0.329841 0.000000
0.472203 0.000000
0.608429 0.000000
0.730880 0.000000
0.835228 0.000000
0.914733 0.000000
0.957191 0.000000
0.952746 0.000000
0.900665 0.000000
0.809496 0.000000
0.693053 0.000000
0.565852 0.000000
0.439990 0.000000
0.323841 0.000000
0.222109 0.000000
0.136585 0.000000
0.067106 0.000000
0.012402 0.000000
-0.029250 0.000000
-0.059770 0.000378
-0.080931 0.006719
-0.094338 0.031986
-0.101416 0.087849
-0.103429 0.176914
-0.101503 0.287343
-0.096633 0.394488
-0.089697 0.474051
-0.081451 0.512588
-0.072572 0.509391
-0.063520 0.472652
-0.054695 0.414248
-0.046386 0.345682
-0.038784 0.275925
-0.031998 0.210829
-0.026069 0.153479
-0.020987 0.104951
-0.016706 0.065079
-0.013156 0.033072
-0.010255 0.008300
-0.007916 -0.004643
-0.006054 0.006315
-0.004589 0.052080
-0.003450 0.134595
-0.002531 0.241427
-0.001832 0.347391
-0.001306 0.427682
-0.000913 0.468392
-0.000622 0.468388
-0.000409 0.435492
-0.000253 0.381260
-0.000139 0.316941
-0.000058 0.251311
0.000000 0.190078
0.000000 0.136241
0.000000 0.090827
0.000000 0.053654
0.000000 0.023941
0.000378 0.000709
0.006719 -0.017001
0.031986 -0.030033
0.087849 -0.039110
0.177292 -0.044856
0.294062 -0.047824
0.426096 -0.048521
0.555180 -0.047423
0.657895 -0.044970
0.715604 -0.041567
0.721834 -0.037569
0.682085 -0.033240
0.609088 -0.028880
0.517478 -0.024673
0.420074 -0.020750
0.326174 -0.017238
0.241387 -0.014124
0.168310 -0.011425
0.107464 -0.009131
0.058171 -0.007214
0.019196 -0.005638
-0.010840 -0.004362
-0.033256 -0.003341
-0.049228 -0.002536
-0.059791 -0.001530
-0.065860 0.005296
-0.068262 0.030932
-0.067753 0.087075
-0.065024 0.176728
-0.060701 0.293654
-0.055335 0.425844
-0.049396 0.555041
-0.043270 0.657836
-0.037255 0.715604
-0.031570 0.721834
-0.026360 0.682085
-0.021707 0.609088
-0.017645 0.517478
-0.014169 0.420074
-0.011247 0.326174
-0.008831 0.241387
-0.006862 0.168310
-0.005280 0.107464
-0.004025 0.058171
-0.003041 0.019196
-0.002278 -0.010463
-0.001693 -0.026536
-0.001248 -0.017242
-0.000913 0.028058
-0.000622 0.111432
-0.000409 0.225800
-0.000253 0.358721
-0.000139 0.496498
-0.000058 0.622460
0.000000 0.716132
0.000000 0.761882
0.000000 0.755586
0.000000 0.704245
0.000000 0.621334
0.000000 0.521695
0.000000 0.418039
0.000000 0.319415
0.000000 0.231162
0.000000 0.155631
0.000000 0.093156
0.000000 0.042910
0.000000 0.003551
0.000000 -0.026394
0.000000 -0.048325
0.000000 -0.063500
0.000378 -0.073030
0.006719 -0.077909
0.031986 -0.079031
0.087849 -0.077175
0.177292 -0.073138
0.294062 -0.067581
0.426474 -0.061082
0.561900 -0.054128
0.689881 -0.047111
0.803453 -0.040370
0.898749 -0.034065
0.969428 -0.028335
1.003576 -0.023253
0.991530 -0.018843
0.932663 -0.015088
0.835564 -0.011946
0.714039 -0.009357
0.582558 -0.007255
0.453146 -0.005571
0.334096 -0.004239
0.230025 -0.003197
0.142639 -0.002391
0.071696 -0.001774
0.015851 -0.001306
-0.026719 -0.000913
-0.057938 -0.000622
-0.079247 -0.000409
-0.086705 -0.000253
-0.068807 -0.000139
-0.015172 -0.000058
0.076042 0.000000
0.197569 0.000000
0.336835 0.000000
0.480071 0.000000
0.610589 0.000000
0.707946 0.000000
0.756583 0.000000
0.752470 0.000000
0.702716 0.000000
0.620906 0.000000
0.521986 0.000000
0.418759 0.000000
0.320355 0.000000
0.232176 0.000000
0.156624 0.000000
0.094071 0.000000
0.043719 0.000000
0.004242 0.000000
-0.025441 0.000000
-0.041095 0.000000
-0.031068 0.000000
0.015205 0.000000
0.099341 0.000000
0.208602 0.000000
0.317527 0.000000
0.401070 0.000000
0.445121 0.000000
0.448390 0.000000
0.418582 0.000000
0.367137 0.000000
0.305312 0.000000
0.241861 0.000000
0.182494 0.000000
0.130226 0.000000
0.086108 0.000000
0.049991 0.000000
0.021126 0.000000
-0.001435 0.000000
-0.018618 0.000378
-0.031242 0.006719
-0.040008 0.031986
-0.045517 0.087849
-0.048306 0.177292
-0.048872 0.293684
-0.047675 0.419755
-0.045110 0.529914
-0.041625 0.602032
-0.037569 0.626161
-0.033240 0.605064
-0.028880 0.549673
-0.024673 0.473662
-0.020750 0.389498
-0.017238 0.306502
-0.014124 0.230500
-0.011425 0.164366
-0.009131 0.108895
-0.007214 0.063648
-0.005638 0.027594
-0.003984 -0.000476
0.003378 -0.021727
0.029450 -0.037200
0.085940 -0.047797
0.175868 -0.054313
0.292631 -0.057462
0.418981 -0.057898
0.529350 -0.056225
0.601624 -0.052996
0.625908 -0.048707
0.604925 -0.043788
0.549615 -0.038596
0.473662 -0.033414
0.389498 -0.028455
0.306502 -0.023865
0.230500 -0.019732
0.164366 -0.016099
0.108895 -0.012971
0.063648 -0.010328
0.027594 -0.008133
-0.000098 -0.006336
-0.015008 -0.004888
-0.005214 -0.003734
0.040051 -0.002827
0.122979 -0.002122
0.236600 -0.001580
0.368576 -0.001167
0.505298 -0.000855
0.630165 -0.000622
0.722759 -0.000409
0.767490 -0.000253
0.760260 -0.000139
0.708086 -0.000058
0.624449 0.000000
0.524190 0.000000
0.420014 0.000000
0.320962 0.000000
0.232360 0.000000
0.156550 0.000000
0.093854 0.000000
0.043436 0.000000
0.003944 0.000000
-0.026103 0.000000
-0.048111 0.000000
-0.063344 0.000000
-0.072917 0.000000
-0.077827 0.000000
-0.078973 0.000378
-0.077175 0.006719
-0.073138 0.031986
-0.067581 0.087849
-0.061082 0.177292
-0.054128 0.294062
-0.047111 0.426096
-0.040370 0.555180
-0.034065 0.657895
-0.028335 0.715604
-0.023253 0.721834
-0.018843 0.682085
-0.015088 0.609088
-0.011946 0.517478
-0.009357 0.420074
-0.007255 0.326174
-0.005571 0.241387
-0.004239 0.168310
-0.003197 0.107464
-0.002391 0.058171
-0.001774 0.019196
-0.000928 -0.010840
0.005806 -0.033256
0.031364 -0.049228
0.087440 -0.059791
0.176662 -0.065860
0.287203 -0.068262
0.394430 -0.067753
0.474051 -0.065024
0.512588 -0.060701
0.509391 -0.055335
0.472652 -0.049396
0.414248 -0.043270
0.345682 -0.037255
0.275925 -0.031570
0.210829 -0.026360
0.153479 -0.021707
0.104951 -0.017645
0.065079 -0.014169
0.033072 -0.011247
0.008300 -0.008831
-0.004643 -0.006862
0.006315 -0.005280
0.052080 -0.004025
0.134973 -0.003041
0.248147 -0.002278
0.379377 -0.001693
0.515531 -0.001248
0.645684 -0.000913
0.762073 -0.000622
0.855246 -0.000409
0.911174 -0.000253
0.918974 -0.000139
0.877472 -0.000058
0.795142 0.000000
0.685915 0.000000
0.564489 0.000000
0.443152 0.000000
0.330443 0.000000
0.231209 0.000000
0.147365 0.000000
0.078863 0.000000
0.024538 0.000000
-0.017262 0.000000
-0.047921 0.000000
-0.063529 0.000000
-0.052637 0.000000
-0.004919 0.000000
0.081412 0.000000
0.199031 0.000000
0.335336 0.000000
0.476796 0.000000
0.612212 0.000000
0.733995 0.000000
0.837723 0.000000
0.916708 0.000000
0.958737 0.000000
0.953944 0.000000
0.901584 0.000000
0.810194 0.000000
0.693579 0.000000
0.566245 0.000000
0.440281 0.000000
0.324055 0.000000
0.222265 0.000000
0.136698 0.000000
0.067187 0.000000
0.012460 0.000000
-0.029250 0.000000
-0.059770 0.000000
-0.080931 0.000000
-0.094338 0.000000
-0.101416 0.000000
-0.103429 0.000000
-0.101503 0.000000
-0.096633 0.000000
-0.089697 0.000000
-0.081451 0.000000
-0.072572 0.000000
-0.063520 0.000000
-0.054695 0.000000
-0.046386 0.000000
-0.038784 0.000000
-0.031998 0.000000
-0.026069 0.000000
-0.020987 0.000000
-0.016706 0.000000
-0.013156 0.000000
-0.010255 0.000000
-0.007916 0.000000
-0.006054 0.000000
-0.004589 0.000000
-0.003450 0.000000
-0.002531 0.000000
-0.001832 0.000000
-0.001306 0.000000
-0.000913 0.000000
-0.000622 0.000000
-0.000409 0.000000
-0.000253 0.000000
-0.000139 0.000000
-0.000058 0.000000
0.000000 0.000000
0.000000 0.000000
0.000000 0.000000
0.000000 0.000000
0.000000 0.000000
0.000000 0.000000
0.000000 0.000000
0.000000 0.000000
0.000000 0.000000
0.000000 0.000000
0.000000 0.000000
0.000000 0.000000
0.000000 0.000000
0.000000 0.000000
0.000000 0.000000
0.000000 0.000000
0.000000 0.000000
0.000000 0.000000
0.000000 0.000000
0.000000 0.000000
0.000000 0.000000
0.000000 0.000000
0.000000 0.000000
0.000000 0.000000
0.000000 0.000000
0.000000 0.000000
0.000000 0.000000
0.000000 0.000000
0.000000 0.000000
0.000000 0.000000
0.000000 0.000000
0.000000 0.000000
0.000000 0.000000
0.000000 0.000000
0.000000 0.000000
0.000000 0.000000
0.000000 0.000000
0.000000 0.000000
0.000000 0.000000
0.000000 0.000000
0.000000 0.000000
0.000000 0.000000
0.000000 0.000000
0.000000 0.000000
0.000000 0.000000
0.000000 0.000000
0.000000 0.000000
0.000000 0.000000
0.000000 0.000000
0.000000 0.000000
0.000000 0.000000
0.000000 0.000000
0.000000 0.000000
0.000000 0.000000
0.000000 0.000000
0.000000 0.000000
0.000000 0.000000
0.000000 0.000000
0.000000 0.000000
0.000000 0.000000
0.000000 0.000000
0.000000 0.000000
0.000000 0.000000
0.000000 0.000000
0.000000 0.000000
0.000000 0.000000
0.000000 0.000000
0.000000 0.000000
0.000000 0.000000
0.000000 0.000000
0.000000 0.000000
0.000000 0.000000
