0.000000 0.000000
0.000000 0.000000
0.000000 0.000000
0.000000 0.000000
0.000000 0.000000
0.000000 0.000000
0.000000 0.000000
0.000000 0.000000
0.000000 0.000000
0.000000 0.000000
0.000000 0.000000
0.000000 0.000000
0.000000 0.000000
0.000000 0.000000
0.000000 0.000000
0.000000 0.000378
0.000000 0.006719
0.000000 0.031986
0.000000 0.087849
0.000000 0.176914
0.000000 0.287343
0.000000 0.394488
0.000000 0.474051
0.000000 0.512588
0.000000 0.509391
0.000000 0.472652
0.000000 0.414248
0.000000 0.345682
0.000000 0.275925
0.000000 0.210829
0.000000 0.153479
0.000000 0.104951
0.000000 0.065079
0.000000 0.033072
0.000378 0.007922
0.006719 -0.011363
0.031986 -0.025671
0.087849 -0.035769
0.177292 -0.042320
0.294062 -0.045915
0.426474 -0.047097
0.561900 -0.046369
0.689881 -0.044196
0.803453 -0.041002
0.898749 -0.037160
0.969428 -0.032988
1.003576 -0.028740
0.991530 -0.024614
0.932663 -0.020750
0.835564 -0.017238
0.714039 -0.014124
0.582558 -0.011425
0.453146 -0.009131
0.334096 -0.007214
0.230025 -0.005638
0.142639 -0.004362
0.071696 -0.003341
0.015851 -0.002536
-0.026719 -0.001908
-0.057560 -0.001424
-0.072906 -0.001054
-0.061438 -0.000774
-0.012945 -0.000564
0.073894 -0.000409
0.186093 -0.000253
0.297995 -0.000139
0.384413 -0.000058
0.431137 0.000000
0.436818 0.000000
0.409132 0.000000
0.359553 0.000000
0.299296 0.000000
0.237142 0.000000
0.178831 0.000000
0.127410 0.000000
0.083965 0.000000
0.048374 0.000000
0.019916 0.000000
-0.002332 0.000378
-0.019279 0.006719
-0.031725 0.031986
-0.040358 0.087849
-0.045769 0.176914
-0.048446 0.287343
-0.048930 0.394488
-0.047675 0.474051
-0.045110 0.512588
-0.041625 0.509391
-0.037569 0.472652
-0.033240 0.414248
-0.028880 0.345682
-0.024673 0.275925
-0.020750 0.210829
-0.017238 0.153479
-0.014124 0.104951
-0.011425 0.065079
-0.009131 0.033072
-0.006836 0.007922
0.001081 -0.011363
0.027625 -0.025671
0.084507 -0.035769
0.174756 -0.042320
0.292154 -0.045915
0.425050 -0.047097
0.560846 -0.046369
0.689107 -0.044196
0.802889 -0.041002
0.898340 -0.037160
0.969176 -0.032988
1.003437 -0.028740
0.991471 -0.024614
0.932663 -0.020750
0.835564 -0.017238
0.714039 -0.014124
0.582558 -0.011425
0.453146 -0.009131
0.334096 -0.007214
0.230025 -0.005638
0.142639 -0.004362
0.071696 -0.003341
0.015851 -0.002536
-0.026719 -0.001908
-0.057560 -0.001424
-0.072906 -0.001054
-0.061438 -0.000774
-0.012945 -0.000564
0.074272 -0.000409
0.192812 -0.000253
0.329981 -0.000139
0.472261 -0.000058
0.608429 0.000000
0.730503 0.000000
0.828886 0.000000
0.889467 0.000000
0.901328 0.000000
0.863302 0.000000
0.783895 0.000000
0.677084 0.000000
0.557627 0.000000
0.437871 0.000000
0.326418 0.000000
0.228168 0.000000
0.145087 0.000000
0.077170 0.000000
0.023290 0.000000
-0.018175 0.000000
-0.048544 0.000000
-0.063937 0.000000
-0.052889 0.000000
-0.005058 0.000000
0.080976 0.000000
0.192312 0.000000
0.303350 0.000000
0.388947 0.000000
0.434920 0.000000
0.439933 0.000000
0.411627 0.000000
0.361528 0.000000
0.300842 0.000000
0.238339 0.000000
0.179750 0.000000
0.128109 0.000000
0.084491 0.000000
0.048767 0.000000
0.020207 0.000000
-0.001741 0.000000
-0.012403 0.000000
0.000374 0.000000
0.047572 0.000000
0.131203 0.000000
0.238897 0.000000
0.345558 0.000000
0.426376 0.000000
0.467479 0.000000
0.467766 0.000000
0.435083 0.000000
0.381007 0.000000
0.316802 0.000000
0.251253 0.000000
0.190078 0.000000
0.136241 0.000000
0.090827 0.000000
0.053654 0.000000
0.023941 0.000000
0.000709 0.000378
-0.017001 0.006719
-0.030033 0.031986
-0.039110 0.087849
-0.044856 0.176914
-0.047824 0.287343
-0.048521 0.394488
-0.047423 0.474051
-0.044970 0.512588
-0.041567 0.509391
-0.037569 0.472652
-0.033240 0.414248
-0.028880 0.345682
-0.024673 0.275925
-0.020750 0.210829
-0.017238 0.153479
-0.014124 0.104951
-0.011425 0.065079
-0.009131 0.033072
-0.006836 0.007922
0.001081 -0.011363
0.027625 -0.025671
0.084507 -0.035769
0.174378 -0.042320
0.285435 -0.045915
0.393064 -0.047097
0.472998 -0.046369
0.511815 -0.044196
0.508826 -0.041002
0.472244 -0.037160
0.413995 -0.032988
0.345542 -0.028740
0.275867 -0.024614
0.210829 -0.020750
0.153479 -0.017238
0.104951 -0.014124
0.065079 -0.011425
0.033072 -0.009131
0.007922 -0.006836
-0.011363 0.001081
-0.025671 0.027625
-0.035769 0.084507
-0.042320 0.174378
-0.045915 0.285435
-0.047097 0.393064
-0.046369 0.472998
-0.044196 0.511815
-0.041002 0.508826
-0.037160 0.472244
-0.032988 0.413995
-0.028740 0.345542
-0.024614 0.275867
-0.020750 0.210829
-0.017238 0.153479
-0.014124 0.104951
-0.011425 0.065079
-0.009131 0.033072
-0.006836 0.007922
0.001081 -0.011363
0.027625 -0.025671
0.084507 -0.035769
0.174756 -0.042320
0.292154 -0.045915
0.425050 -0.047097
0.560846 -0.046369
0.688729 -0.044196
0.796169 -0.041002
0.866732 -0.037160
0.888047 -0.032988
0.858131 -0.028740
0.785258 -0.024614
0.683481 -0.020750
0.567727 -0.017238
0.450633 -0.014124
0.341005 -0.011425
0.243900 -0.009131
0.161401 -0.007214
0.093589 -0.005638
0.039408 -0.004362
-0.002697 -0.003341
-0.034019 -0.002536
-0.050558 -0.001908
-0.040783 -0.001424
0.005711 -0.001054
0.090398 -0.000774
0.200425 -0.000564
0.310230 -0.000409
0.394695 -0.000253
0.439652 -0.000139
0.443774 -0.000058
0.414741 0.000000
0.364022 0.000000
0.302817 0.000000
0.239886 0.000000
0.180948 0.000000
0.129028 0.000000
0.085189 0.000000
0.049293 0.000000
0.020600 0.000000
-0.001450 0.000000
-0.012189 0.000000
0.000530 0.000000
0.047685 0.000000
0.131662 0.000000
0.245674 0.000000
0.377167 0.000000
0.507505 0.000000
0.612785 0.000000
0.673980 0.000000
0.684265 0.000000
0.648845 0.000000
0.580208 0.000000
0.492806 0.000000
0.399324 0.000000
0.308936 0.000000
0.227263 0.000000
0.156885 0.000000
0.098334 0.000000
0.050957 0.000000
0.013558 0.000000
-0.015202 0.000000
-0.036597 0.000000
-0.051387 0.000000
-0.054980 0.000000
-0.035298 0.000000
0.018532 0.000000
0.108765 0.000000
0.228474 0.000000
0.365365 0.000000
0.506313 0.000000
0.639967 0.000000
0.753405 0.000000
0.829885 0.000000
0.856729 0.000000
0.831910 0.000000
0.763609 0.000000
0.665835 0.000000
0.553557 0.000000
0.439386 0.000000
0.332174 0.000000
0.237038 0.000000
0.156121 0.000000
0.089564 0.000000
0.036367 0.000000
-0.004975 0.000000
-0.036090 0.000378
-0.058526 0.006719
-0.073682 0.031986
-0.082760 0.087849
-0.086924 0.177292
-0.087170 0.294062
-0.084397 0.426474
-0.079415 0.561900
-0.072936 0.689881
-0.065617 0.803453
-0.057911 0.898749
-0.050225 0.969428
-0.042865 1.003576
-0.036040 0.991530
-0.029881 0.932663
-0.024451 0.835564
-0.019762 0.714039
-0.015787 0.582558
-0.012472 0.453146
-0.009750 0.334096
-0.007546 0.230025
-0.005785 0.142639
-0.004395 0.071696
-0.003310 0.015851
-0.002472 -0.026719
-0.001454 -0.057938
0.005413 -0.079625
0.031073 -0.093424
0.087226 -0.100793
0.176506 -0.103021
0.287090 -0.101250
0.394349 -0.096493
0.473993 -0.089639
0.512588 -0.081451
0.509391 -0.072572
0.472652 -0.063520
0.414248 -0.054695
0.345682 -0.046386
0.275925 -0.038784
0.210829 -0.031998
0.153479 -0.026069
0.104951 -0.020987
0.065079 -0.016706
0.033072 -0.013156
0.007922 -0.009877
-0.011363 -0.001197
-0.025671 0.025932
-0.035769 0.083259
-0.042320 0.173843
-0.045915 0.291532
-0.047097 0.424642
-0.046369 0.560594
-0.044196 0.688967
-0.041002 0.802453
-0.037160 0.891998
-0.032988 0.943909
-0.028740 0.947574
-0.024614 0.902028
-0.020750 0.815893
-0.017238 0.703152
-0.014124 0.578614
-0.011425 0.454577
-0.009131 0.339574
-0.007214 0.238423
-0.005638 0.153003
-0.004362 0.083224
-0.003341 0.027880
-0.002536 -0.014725
-0.001908 -0.046013
-0.001424 -0.062105
-0.001054 -0.051583
-0.000774 -0.004145
-0.000564 0.081599
-0.000409 0.192720
-0.000253 0.303603
-0.000139 0.389087
-0.000058 0.434978
0.000000 0.439933
0.000000 0.411627
0.000000 0.361528
0.000000 0.300842
0.000000 0.238339
0.000000 0.179750
0.000000 0.128109
0.000000 0.084491
0.000000 0.048767
0.000000 0.020207
0.000378 -0.002119
0.006719 -0.019123
0.031986 -0.031612
0.087849 -0.040277
0.176914 -0.045711
0.287343 -0.048446
0.394488 -0.048930
0.474051 -0.047675
0.512588 -0.045110
0.509391 -0.041625
0.472652 -0.037569
0.414248 -0.033240
0.345682 -0.028880
0.275925 -0.024673
0.210829 -0.020750
0.153479 -0.017238
0.104951 -0.014124
0.065079 -0.011425
0.033072 -0.009131
0.007922 -0.006836
-0.011363 0.001081
-0.025671 0.027625
-0.035769 0.084507
-0.042320 0.174756
-0.045915 0.292154
-0.047097 0.424673
-0.046369 0.554127
-0.044196 0.657121
-0.041002 0.715040
-0.037160 0.721426
-0.032988 0.681833
-0.028740 0.608949
-0.024614 0.517420
-0.020750 0.420074
-0.017238 0.326174
-0.014124 0.241387
-0.011425 0.168310
-0.009131 0.107464
-0.007214 0.058171
-0.005638 0.019196
-0.003984 -0.010840
0.003378 -0.033256
0.029450 -0.049228
0.085940 -0.059791
0.175491 -0.065860
0.286289 -0.068262
0.393714 -0.067753
0.473487 -0.065024
0.512180 -0.060701
0.509138 -0.055335
0.472513 -0.049396
0.414189 -0.043270
0.345682 -0.037255
0.275925 -0.031570
0.210829 -0.026360
0.153479 -0.021707
0.104951 -0.017645
0.065079 -0.014169
0.033072 -0.011247
0.008300 -0.008831
-0.004643 -0.006862
0.006315 -0.005280
0.052080 -0.004025
0.134595 -0.003041
0.241427 -0.002278
0.347391 -0.001693
0.427682 -0.001248
0.468392 -0.000913
0.468388 -0.000622
0.435492 -0.000409
0.381260 -0.000253
0.316941 -0.000139
0.251311 -0.000058
0.190078 0.000000
0.136241 0.000000
0.090827 0.000000
0.053654 0.000000
0.023941 0.000000
0.000709 0.000000
-0.017001 0.000000
-0.030033 0.000000
-0.039110 0.000000
-0.044856 0.000000
-0.047446 0.000000
-0.041802 0.000000
-0.015437 0.000000
0.042878 0.000000
0.135348 0.000000
0.249774 0.000000
0.361248 0.000000
0.445172 0.000000
0.487916 0.000000
0.488640 0.000000
0.455414 0.000000
0.400123 0.000000
0.334256 0.000000
0.266795 0.000000
0.203615 0.000000
0.147841 0.000000
0.100590 0.000000
0.061738 0.000000
0.030536 0.000000
0.006014 0.000378
-0.012786 0.006719
-0.026725 0.031986
-0.036543 0.087849
-0.042884 0.177292
-0.046324 0.293684
-0.047350 0.419755
-0.046509 0.529914
-0.044254 0.602032
-0.041002 0.626161
-0.037160 0.605064
-0.032988 0.549673
-0.028740 0.473662
-0.024614 0.389498
-0.020750 0.306502
-0.017238 0.230500
-0.014124 0.164366
-0.011425 0.108895
-0.009131 0.063648
-0.007214 0.027594
-0.005260 -0.000476
0.002358 -0.021727
0.028645 -0.037200
0.085312 -0.047797
0.175006 -0.054313
0.285919 -0.057462
0.393434 -0.057898
0.473278 -0.056225
0.512024 -0.052996
0.508982 -0.048707
0.472400 -0.043788
0.414108 -0.038596
0.345623 -0.033414
0.275925 -0.028455
0.210829 -0.023865
0.153479 -0.019732
0.104951 -0.016099
0.065079 -0.012971
0.033072 -0.010328
0.007922 -0.008133
-0.011363 -0.005959
-0.025671 0.001832
-0.035769 0.028252
-0.042320 0.085021
-0.045915 0.175170
-0.047097 0.292483
-0.046369 0.425307
-0.044196 0.561045
-0.041002 0.689258
-0.037160 0.803044
-0.032988 0.898496
-0.028740 0.969289
-0.024614 1.003518
-0.020750 0.991530
-0.017238 0.932663
-0.014124 0.835564
-0.011425 0.714039
-0.009131 0.582558
-0.007214 0.453146
-0.005638 0.334096
-0.004362 0.230025
-0.003341 0.142639
-0.002536 0.071696
-0.001908 0.015851
-0.001424 -0.026719
-0.000676 -0.057938
0.005946 -0.079625
0.031422 -0.093424
0.087440 -0.100793
0.176662 -0.103021
0.287203 -0.101250
0.394430 -0.096493
0.474051 -0.089639
0.512588 -0.081451
0.509391 -0.072572
0.472652 -0.063520
0.414248 -0.054695
0.345682 -0.046386
0.275925 -0.038784
0.210829 -0.031998
0.153479 -0.026069
0.104951 -0.020987
0.065079 -0.016706
0.033072 -0.013156
0.007922 -0.009877
-0.011363 -0.001197
-0.025671 0.025932
-0.035769 0.083259
-0.042320 0.173843
-0.045915 0.291532
-0.047097 0.424642
-0.046369 0.560594
-0.044196 0.688967
-0.041002 0.802830
-0.037160 0.898340
-0.032988 0.969176
-0.028740 1.003437
-0.024614 0.991471
-0.020750 0.932663
-0.017238 0.835564
-0.014124 0.714039
-0.011425 0.582558
-0.009131 0.453146
-0.007214 0.334096
-0.005638 0.230025
-0.004362 0.142639
-0.003341 0.071696
-0.002536 0.015851
-0.001908 -0.026719
-0.001424 -0.057560
-0.001054 -0.072906
-0.000774 -0.061438
-0.000564 -0.012945
-0.000409 0.073894
-0.000253 0.186093
-0.000139 0.297995
-0.000058 0.384413
0.000000 0.431137
0.000000 0.436818
0.000000 0.409132
0.000000 0.359553
0.000000 0.299296
0.000000 0.237142
0.000000 0.178831
0.000000 0.127410
0.000000 0.083965
0.000000 0.048374
0.000000 0.019916
0.000000 -0.001955
0.000000 -0.012559
0.000000 0.000261
0.000000 0.047490
0.000000 0.131145
0.000000 0.238897
0.000000 0.345558
0.000000 0.426376
0.000000 0.467479
0.000000 0.467766
0.000000 0.435083
0.000000 0.381007
0.000000 0.316802
0.000000 0.251253
0.000000 0.190078
0.000000 0.136241
0.000000 0.090827
0.000000 0.053654
0.000000 0.023941
0.000000 0.001086
0.000000 -0.010281
0.000000 0.001953
0.000000 0.048738
0.000000 0.132059
0.000000 0.239519
0.000000 0.345967
0.000000 0.426629
0.000000 0.467618
0.000000 0.467824
0.000000 0.435083
0.000000 0.381007
0.000000 0.316802
0.000000 0.251253
0.000000 0.190078
0.000000 0.136241
0.000000 0.090827
0.000000 0.053654
0.000000 0.023941
0.000000 0.000709
0.000000 -0.017001
0.000000 -0.030033
0.000000 -0.039110
0.000000 -0.044856
0.000000 -0.047446
0.000000 -0.041802
0.000000 -0.015437
0.000000 0.042878
0.000000 0.135348
0.000000 0.249774
0.000000 0.361248
0.000000 0.445172
0.000000 0.487916
0.000000 0.488640
0.000000 0.455414
0.000000 0.400123
0.000000 0.334256
0.000000 0.266795
0.000000 0.203615
0.000000 0.147841
0.000000 0.100590
0.000000 0.061738
0.000000 0.030536
0.000000 0.006392
0.000000 -0.006067
0.000000 0.005261
0.000000 0.051306
0.000000 0.134031
0.000000 0.241019
0.000000 0.347138
0.000000 0.427543
0.000000 0.468334
0.000000 0.468388
0.000000 0.435492
0.000000 0.381260
0.000000 0.316941
0.000000 0.251311
0.000000 0.190078
0.000000 0.136241
0.000000 0.090827
0.000000 0.053654
0.000000 0.023941
0.000000 0.000709
0.000000 -0.017001
0.000000 -0.029655
0.000000 -0.032391
0.000000 -0.012870
0.000000 0.040025
0.000000 0.128771
0.000000 0.246639
0.000000 0.381504
0.000000 0.519956
0.000000 0.645592
0.000000 0.738227
0.000000 0.782398
0.000000 0.774183
0.000000 0.720750
0.000000 0.635666
0.000000 0.533931
0.000000 0.428321
0.000000 0.327930
0.000000 0.238117
0.000000 0.161241
0.000000 0.097625
0.000000 0.046432
0.000000 0.006295
0.000000 -0.023899
0.000000 -0.039988
0.000000 -0.030289
0.000000 0.015737
0.000000 0.100067
0.000000 0.215536
0.000000 0.349669
0.000000 0.489031
0.000000 0.622494
0.000000 0.742132
0.000000 0.838337
0.000000 0.897051
0.000000 0.907344
0.000000 0.868021
0.000000 0.787558
0.000000 0.679899
0.000000 0.559770
0.000000 0.439489
0.000000 0.327628
0.000000 0.229066
0.000000 0.145748
0.000000 0.077653
0.000000 0.023641
0.000000 -0.017922
0.000000 -0.048782
0.000000 -0.070599
0.000000 -0.084875
0.000000 -0.092907
0.000000 -0.095938
0.000000 -0.095031
0.000000 -0.091138
0.000000 -0.085104
0.000000 -0.077669
0.000000 -0.069458
0.000000 -0.061026
0.000000 -0.052720
0.000000 -0.044839
0.000000 -0.037586
0.000000 -0.031079
0.000000 -0.025370
0.000000 -0.020461
0.000000 -0.016313
0.000000 -0.012865
0.000000 -0.010041
0.000000 -0.007760
0.000000 -0.005941
0.000000 -0.004508
0.000000 -0.003391
0.000000 -0.002531
0.000000 -0.001832
0.000000 -0.001306
0.000000 -0.000913
0.000000 -0.000622
0.000000 -0.000409
0.000000 -0.000253
0.000000 -0.000139
0.000000 -0.000058
0.000000 0.000000
0.000000 0.000000
0.000000 0.000000
0.000000 0.000000
0.000000 0.000000
0.000000 0.000000
0.000000 0.000000
0.000000 0.000000
0.000000 0.000000
0.000000 0.000000
0.000000 0.000000
0.000000 0.000000
0.000000 0.000000
0.000000 0.000000
0.000000 0.000000
0.000000 0.000000
0.000000 0.000000
0.000000 0.000000
0.000000 0.000000
0.000000 0.000000
0.000000 0.000000
0.000000 0.000000
0.000000 0.000000
0.000000 0.000000
0.000000 0.000000
0.000000 0.000000
0.000000 0.000000
0.000000 0.000000
0.000000 0.000000
0.000000 0.000000
0.000000 0.000000
0.000000 0.000000
0.000000 0.000000
0.000000 0.000000
0.000000 0.000000
0.000000 0.000000
0.000000 0.000000
0.000000 0.000000
0.000000 0.000000
0.000000 0.000000
0.000000 0.000000
0.000000 0.000000
0.000000 0.000000
0.000000 0.000000
0.000000 0.000000
0.000000 0.000000
0.000000 0.000000
0.000000 0.000000
0.000000 0.000000
0.000000 0.000000
0.000000 0.000000
0.000000 0.000000
0.000000 0.000000
0.000000 0.000000
0.000000 0.000000
0.000000 0.000000
0.000000 0.000000
0.000000 0.000000
0.000000 0.000000
0.000000 0.000000
0.000000 0.000000
0.000000 0.000000
0.000000 0.000000
0.000000 0.000000
0.000000 0.000000
0.000000 0.000000
0.000000 0.000000
0.000000 0.000000
0.000000 0.000000
0.000000 0.000000
0.000000 0.000000
0.000000 0.000000
0.000000 0.000000
0.000000 0.000000
0.000000 0.000000
0.000000 0.000000
0.000000 0.000000
0.000000 0.000000
0.000000 0.000000
0.000000 0.000000
0.000000 0.000000
0.000000 0.000000
0.000000 0.000000
0.000000 0.000000
0.000000 0.000000
0.000000 0.000000
0.000000 0.000000
0.000000 0.000000
0.000000 0.000000
0.000000 0.000000
0.000000 0.000000
0.000000 0.000000
