0.000000 0.000000
0.000000 0.000000
0.000000 0.000000
0.000000 0.000000
0.000000 0.000000
0.000000 0.000000
0.000000 0.000000
0.000000 0.000000
0.000000 0.000000
0.000000 0.000000
0.000000 0.000000
0.000000 0.000000
0.000000 0.000000
0.000000 0.000000
0.000000 0.000000
0.000000 0.000378
0.000000 0.006719
0.000000 0.031986
0.000000 0.087849
0.000000 0.177292
0.000000 0.294062
0.000000 0.426474
0.000000 0.561900
0.000000 0.689881
0.000000 0.803453
0.000000 0.898749
0.000000 0.969428
0.000000 1.003576
0.000000 0.991530
0.000000 0.932663
0.000000 0.835564
0.000000 0.714039
0.000000 0.582558
0.000000 0.453146
0.000000 0.334096
0.000000 0.230025
0.000000 0.142639
0.000000 0.071696
0.000000 0.015851
0.000000 -0.026719
0.000378 -0.057938
0.006719 -0.079625
0.031986 -0.093424
0.087849 -0.100793
0.176914 -0.103021
0.287343 -0.101250
0.394488 -0.096493
0.474051 -0.089639
0.512588 -0.081451
0.509391 -0.072572
0.472652 -0.063520
0.414248 -0.054695
0.345682 -0.046386
0.275925 -0.038784
0.210829 -0.031998
0.153479 -0.026069
0.104951 -0.020987
0.065079 -0.016706
0.033072 -0.013156
0.007922 -0.010255
-0.011363 -0.007538
-0.025671 0.000665
-0.035769 0.027397
-0.042320 0.084399
-0.045915 0.174762
-0.047097 0.292230
-0.046369 0.425168
-0.044196 0.560609
-0.041002 0.682539
-0.037160 0.771058
-0.032988 0.811025
-0.028740 0.798716
-0.024614 0.741442
-0.020750 0.652904
-0.017238 0.548055
-0.014124 0.439746
-0.011425 0.337061
-0.009131 0.245331
-0.007214 0.166879
-0.005638 0.101987
-0.004362 0.049773
-0.003341 0.008832
-0.002536 -0.021991
-0.001908 -0.038565
-0.001424 -0.029236
-0.001054 0.016511
-0.000774 0.100254
-0.000564 0.209225
-0.000409 0.317935
-0.000253 0.401322
-0.000139 0.445260
-0.000058 0.448448
0.000000 0.418582
0.000000 0.367137
0.000000 0.305312
0.000000 0.241861
0.000000 0.182494
0.000000 0.130226
0.000000 0.086108
0.000000 0.049991
0.000000 0.021126
0.000378 -0.001435
0.006719 -0.018618
0.031986 -0.031242
0.087849 -0.040008
0.176914 -0.045517
0.287343 -0.048306
0.394488 -0.048872
0.474051 -0.047675
0.512588 -0.045110
0.509391 -0.041625
0.472652 -0.037569
0.414248 -0.033240
0.345682 -0.028880
0.275925 -0.024673
0.210829 -0.020750
0.153479 -0.017238
0.104951 -0.014124
0.065079 -0.011425
0.033072 -0.009131
0.008300 -0.007214
-0.004643 -0.005638
0.006315 -0.004362
0.052080 -0.003341
0.134973 -0.002536
0.248147 -0.001908
0.378999 -0.001424
0.508811 -0.001054
0.613698 -0.000774
0.674602 -0.000564
0.684674 -0.000409
0.649098 -0.000253
0.580348 -0.000139
0.492864 -0.000058
0.399324 0.000000
0.308936 0.000000
0.227263 0.000000
0.156885 0.000000
0.098334 0.000000
0.050957 0.000000
0.013558 0.000000
-0.015202 0.000378
-0.036597 0.006719
-0.051764 0.031986
-0.061699 0.087849
-0.067284 0.177292
-0.069316 0.294062
-0.068527 0.426474
-0.065589 0.561522
-0.061110 0.683161
-0.055587 0.771467
-0.049535 0.811278
-0.043328 0.798855
-0.037255 0.741500
-0.031570 0.652904
-0.026360 0.548055
-0.021707 0.439746
-0.017645 0.337061
-0.014169 0.245331
-0.011247 0.166879
-0.008831 0.101987
-0.006862 0.049773
-0.005280 0.008832
-0.004025 -0.021991
-0.003041 -0.038565
-0.002278 -0.029236
-0.001693 0.016511
-0.001248 0.100632
-0.000913 0.215944
-0.000622 0.349921
-0.000409 0.489171
-0.000253 0.622174
-0.000139 0.735791
-0.000058 0.813070
0.000000 0.841189
0.000000 0.817900
0.000000 0.751251
0.000000 0.655146
0.000000 0.544473
0.000000 0.431790
0.000000 0.325916
0.000000 0.231954
0.000000 0.152044
0.000000 0.086334
0.000000 0.033837
0.000000 -0.006936
0.000378 -0.037594
0.006719 -0.059669
0.031986 -0.074543
0.087849 -0.083444
0.177292 -0.087429
0.294062 -0.087540
0.426474 -0.084666
0.561900 -0.079609
0.689503 -0.073076
0.796733 -0.065675
0.867140 -0.057911
0.888299 -0.050225
0.858270 -0.042865
0.785316 -0.036040
0.683481 -0.029881
0.567727 -0.024451
0.450633 -0.019762
0.341005 -0.015787
0.243900 -0.012472
0.161401 -0.009750
0.093589 -0.007546
0.039408 -0.005785
-0.002697 -0.004395
-0.034019 -0.003310
-0.050558 -0.002472
-0.040783 -0.001832
0.005711 -0.001306
0.090398 -0.000913
0.200425 -0.000622
0.310230 -0.000409
0.394695 -0.000253
0.439652 -0.000139
0.443774 -0.000058
0.414741 0.000000
0.364022 0.000000
0.302817 0.000000
0.239886 0.000000
0.180948 0.000000
0.129028 0.000000
0.085189 0.000000
0.049293 0.000000
0.020600 0.000000
-0.001828 0.000378
-0.018909 0.006719
-0.031456 0.031986
-0.040164 0.087849
-0.045630 0.177292
-0.048388 0.294062
-0.048930 0.426474
-0.047675 0.561900
-0.045110 0.689881
-0.041625 0.803075
-0.037569 0.892407
-0.033240 0.944162
-0.028880 0.947714
-0.024673 0.902086
-0.020750 0.815893
-0.017238 0.703152
-0.014124 0.578614
-0.011425 0.454577
-0.009131 0.339574
-0.007214 0.238423
-0.005638 0.153003
-0.004362 0.083224
-0.003341 0.027880
-0.002536 -0.014725
-0.001530 -0.046391
0.005296 -0.068825
0.030932 -0.083569
0.087075 -0.091993
0.176728 -0.095316
0.293654 -0.094623
0.426222 -0.090885
0.561383 -0.084965
0.683103 -0.077610
0.771467 -0.069458
0.811278 -0.061026
0.798855 -0.052720
0.741500 -0.044839
0.652904 -0.037586
0.548055 -0.031079
0.439746 -0.025370
0.337061 -0.020461
0.245331 -0.016313
0.166879 -0.012865
0.101987 -0.010041
0.049773 -0.007760
0.008832 -0.005941
-0.022369 -0.004508
-0.045284 -0.003391
-0.061222 -0.002531
-0.071338 -0.001832
-0.076660 -0.001306
-0.077740 -0.000913
-0.069833 -0.000622
-0.040743 -0.000409
0.020520 -0.000253
0.116349 -0.000139
0.239992 -0.000058
0.378986 0.000000
0.514811 0.000000
0.623830 0.000000
0.687270 0.000000
0.698581 0.000000
0.663242 0.000000
0.594000 0.000000
0.505532 0.000000
0.410717 0.000000
0.318919 0.000000
0.235816 0.000000
0.164071 0.000000
0.104267 0.000000
0.055780 0.000000
0.017422 0.000000
-0.011769 0.000000
-0.027450 0.000000
-0.017864 0.000000
0.027649 0.000000
0.111179 0.000000
0.225660 0.000000
0.358663 0.000000
0.496876 0.000000
0.629180 0.000000
0.747740 0.000000
0.843011 0.000000
0.900892 0.000000
0.910459 0.000000
0.870516 0.000000
0.789533 0.000000
0.681445 0.000000
0.560968 0.000000
0.440408 0.000000
0.328326 0.000000
0.229592 0.000000
0.146141 0.000000
0.077944 0.000000
0.023855 0.000000
-0.017766 0.000000
-0.048291 0.000000
-0.063798 0.000000
-0.052831 0.000000
-0.005058 0.000000
0.080976 0.000000
0.192312 0.000000
0.303350 0.000000
0.388947 0.000000
0.434920 0.000000
0.439933 0.000000
0.411627 0.000000
0.361528 0.000000
0.300842 0.000000
0.238339 0.000000
0.179750 0.000000
0.128109 0.000000
0.084491 0.000000
0.048767 0.000000
0.020207 0.000000
-0.002119 0.000000
-0.019123 0.000000
-0.031612 0.000000
-0.040277 0.000000
-0.045711 0.000378
-0.048446 0.006719
-0.048930 0.031986
-0.047675 0.087849
-0.045110 0.177292
-0.041625 0.293684
-0.037569 0.419755
-0.033240 0.529914
-0.028880 0.602032
-0.024673 0.626161
-0.020750 0.605064
-0.017238 0.549673
-0.014124 0.473662
-0.011425 0.389498
-0.009131 0.306502
-0.007214 0.230500
-0.005638 0.164366
-0.004362 0.108895
-0.003341 0.063648
-0.002536 0.027594
-0.001908 -0.000098
-0.001424 -0.015008
-0.001054 -0.005214
-0.000774 0.040051
-0.000564 0.122601
-0.000409 0.229881
-0.000253 0.336590
-0.000139 0.417827
-0.000058 0.459592
0.000000 0.460683
0.000000 0.428864
0.000000 0.375652
0.000000 0.312267
0.000000 0.247470
0.000000 0.186963
0.000000 0.133747
0.000000 0.088852
0.000000 0.052108
0.000000 0.022743
0.000000 0.000167
0.000000 -0.010980
0.000000 0.001427
0.000000 0.048346
0.000000 0.131768
0.000000 0.239305
0.000000 0.345811
0.000000 0.426516
0.000000 0.467537
0.000000 0.467766
0.000000 0.435083
0.000000 0.381007
0.000000 0.316802
0.000000 0.251253
0.000000 0.190078
0.000000 0.136241
0.000000 0.090827
0.000000 0.053654
0.000000 0.023941
0.000378 0.000709
0.006719 -0.017001
0.031986 -0.030033
0.087849 -0.039110
0.177292 -0.044856
0.294062 -0.047824
0.426474 -0.048521
0.561522 -0.047423
0.683161 -0.044970
0.771467 -0.041567
0.811278 -0.037569
0.798855 -0.033240
0.741500 -0.028880
0.652904 -0.024673
0.548055 -0.020750
0.439746 -0.017238
0.337061 -0.014124
0.245331 -0.011425
0.166879 -0.009131
0.101987 -0.007214
0.049773 -0.005638
0.008832 -0.004362
-0.022369 -0.003341
-0.045284 -0.002536
-0.061222 -0.001908
-0.070960 -0.001424
-0.069941 -0.001054
-0.046132 -0.000774
0.011296 -0.000564
0.104563 -0.000409
0.226734 -0.000253
0.365531 -0.000139
0.507830 -0.000058
0.642770 0.000000
0.763083 0.000000
0.864684 0.000000
0.941093 0.000000
0.980323 0.000000
0.972686 0.000000
0.917574 0.000000
0.823619 0.000000
0.704682 0.000000
0.575302 0.000000
0.447575 0.000000
0.329857 0.000000
0.226828 0.000000
0.140248 0.000000
0.069921 0.000000
0.014545 0.000000
-0.027633 0.000000
-0.058182 0.000000
-0.073314 0.000000
-0.061691 0.000000
-0.013084 0.000000
0.073836 0.000000
0.186093 0.000000
0.297995 0.000000
0.384413 0.000000
0.431137 0.000000
0.436818 0.000000
0.409132 0.000000
0.359553 0.000000
0.299296 0.000000
0.237142 0.000000
0.178831 0.000000
0.127410 0.000000
0.083965 0.000000
0.048374 0.000000
0.019916 0.000000
-0.002332 0.000000
-0.019279 0.000000
-0.031725 0.000000
-0.040358 0.000000
-0.045392 0.000000
-0.041726 0.000000
-0.016944 0.000000
0.040173 0.000000
0.132182 0.000000
0.252438 0.000000
0.388527 0.000000
0.521940 0.000000
0.629015 0.000000
0.690932 0.000000
0.701084 0.000000
0.664848 0.000000
0.594964 0.000000
0.506053 0.000000
0.410944 0.000000
0.318960 0.000000
0.235749 0.000000
0.163948 0.000000
0.104123 0.000000
0.055635 0.000000
0.017288 0.000000
-0.012264 0.000378
-0.034310 0.006719
-0.050002 0.031986
-0.060355 0.087849
-0.066269 0.176914
-0.068515 0.287343
-0.067893 0.394488
-0.065082 0.474051
-0.060701 0.512588
-0.055335 0.509391
-0.049396 0.472652
-0.043270 0.414248
-0.037255 0.345682
-0.031570 0.275925
-0.026360 0.210829
-0.021707 0.153479
-0.017645 0.104951
-0.014169 0.065079
-0.011247 0.033072
-0.008453 0.007922
-0.000143 -0.011363
0.026706 -0.025671
0.083823 -0.035769
0.174251 -0.042320
0.291784 -0.045915
0.424781 -0.047097
0.560652 -0.046369
0.688589 -0.044196
0.796111 -0.041002
0.866732 -0.037160
0.888047 -0.032988
0.858131 -0.028740
0.785258 -0.024614
0.683481 -0.020750
0.567727 -0.017238
0.450633 -0.014124
0.341005 -0.011425
0.243900 -0.009131
0.161401 -0.007214
0.093589 -0.005638
0.039408 -0.004362
-0.002697 -0.003341
-0.034397 -0.002158
-0.057278 0.004811
-0.072769 0.030562
-0.082138 0.086795
-0.086516 0.176518
-0.086918 0.293498
-0.084258 0.426066
-0.079357 0.561647
-0.072936 0.689741
-0.065617 0.803395
-0.057911 0.898749
-0.050225 0.969428
-0.042865 1.003576
-0.036040 0.991530
-0.029881 0.932663
-0.024451 0.835564
-0.019762 0.714039
-0.015787 0.582558
-0.012472 0.453146
-0.009750 0.334096
-0.007546 0.230025
-0.005785 0.142639
-0.004395 0.071696
-0.003310 0.015851
-0.002472 -0.026719
-0.001454 -0.057938
0.005413 -0.079625
0.031073 -0.093424
0.087226 -0.100793
0.176884 -0.103021
0.293810 -0.101250
0.426335 -0.096493
0.561842 -0.089639
0.689503 -0.081451
0.796733 -0.072572
0.867140 -0.063520
0.888299 -0.054695
0.858270 -0.046386
0.785316 -0.038784
0.683481 -0.031998
0.567727 -0.026069
0.450633 -0.020987
0.341005 -0.016706
0.243900 -0.013156
0.161401 -0.010255
0.093589 -0.007916
0.039408 -0.006054
-0.002697 -0.004589
-0.034019 -0.003450
-0.050558 -0.002531
-0.040783 -0.001832
0.005711 -0.001306
0.090776 -0.000913
0.207145 -0.000622
0.342216 -0.000409
0.482543 -0.000253
0.616566 -0.000139
0.731117 -0.000058
0.809229 0.000000
0.838074 0.000000
0.815406 0.000000
0.749276 0.000000
0.653600 0.000000
0.543275 0.000000
0.430871 0.000000
0.325218 0.000000
0.231428 0.000000
0.151652 0.000000
0.086043 0.000000
0.033623 0.000000
-0.007092 0.000000
-0.037707 0.000000
-0.059750 0.000000
-0.074601 0.000378
-0.083444 0.006719
-0.087429 0.031986
-0.087540 0.087849
-0.084666 0.176914
-0.079609 0.287343
-0.073076 0.394488
-0.065675 0.474051
-0.057911 0.512588
-0.050225 0.509391
-0.042865 0.472652
-0.036040 0.414248
-0.029881 0.345682
-0.024451 0.275925
-0.019762 0.210829
-0.015787 0.153479
-0.012472 0.104951
-0.009750 0.065079
-0.007546 0.033072
-0.005785 0.007922
-0.004395 -0.011363
-0.003310 -0.025671
-0.002472 -0.035769
-0.001832 -0.042320
-0.001306 -0.045538
-0.000913 -0.040378
-0.000622 -0.014383
-0.000409 0.043652
-0.000253 0.136290
-0.000139 0.256902
-0.000058 0.393487
0.000000 0.533160
0.000000 0.665266
0.000000 0.782702
0.000000 0.881511
0.000000 0.955304
0.000000 0.992151
0.000000 0.982399
0.000000 0.925449
0.000000 0.829926
0.000000 0.709678
0.000000 0.579216
0.000000 0.450610
0.000000 0.332188
0.000000 0.228601
0.000000 0.141585
0.000000 0.070922
0.000000 0.015287
0.000000 -0.027128
0.000000 -0.058190
0.000000 -0.079764
0.000000 -0.093483
0.000000 -0.100793
0.000000 -0.103021
0.000000 -0.100872
0.000000 -0.089774
0.000000 -0.057653
0.000000 0.006397
0.000000 0.104720
0.000000 0.230542
0.000000 0.371779
0.000000 0.515514
0.000000 0.651097
0.000000 0.771455
0.000000 0.872680
0.000000 0.948441
0.000000 0.986871
0.000000 0.978374
0.000000 0.922408
0.000000 0.827648
0.000000 0.707985
0.000000 0.577968
0.000000 0.449696
0.000000 0.331566
0.000000 0.228193
0.000000 0.141333
0.000000 0.070782
0.000000 0.015229
0.000000 -0.027128
0.000000 -0.057813
0.000000 -0.073045
0.000000 -0.061496
0.000000 -0.012945
0.000000 0.073894
0.000000 0.186093
0.000000 0.297995
0.000000 0.384413
0.000000 0.431137
0.000000 0.436818
0.000000 0.409132
0.000000 0.359553
0.000000 0.299296
0.000000 0.237142
0.000000 0.178831
0.000000 0.127410
0.000000 0.083965
0.000000 0.048374
0.000000 0.019916
0.000000 -0.001955
0.000000 -0.012559
0.000000 0.000261
0.000000 0.047490
0.000000 0.131145
0.000000 0.238897
0.000000 0.345558
0.000000 0.426376
0.000000 0.467479
0.000000 0.467766
0.000000 0.435083
0.000000 0.381007
0.000000 0.316802
0.000000 0.251253
0.000000 0.190078
0.000000 0.136241
0.000000 0.090827
0.000000 0.053654
0.000000 0.023941
0.000000 0.001086
0.000000 -0.010281
0.000000 0.001953
0.000000 0.048738
0.000000 0.132059
0.000000 0.239519
0.000000 0.345967
0.000000 0.426629
0.000000 0.467618
0.000000 0.467824
0.000000 0.435083
0.000000 0.381007
0.000000 0.316802
0.000000 0.251253
0.000000 0.190078
0.000000 0.136241
0.000000 0.090827
0.000000 0.053654
0.000000 0.023941
0.000378 0.000709
0.006719 -0.017001
0.031986 -0.030033
0.087849 -0.039110
0.176914 -0.044856
0.287343 -0.047824
0.394488 -0.048521
0.474051 -0.047423
0.512588 -0.044970
0.509391 -0.041567
0.472652 -0.037569
0.414248 -0.033240
0.345682 -0.028880
0.275925 -0.024673
0.210829 -0.020750
0.153479 -0.017238
0.104951 -0.014124
0.065079 -0.011425
0.033072 -0.009131
0.007922 -0.007214
-0.011363 -0.005638
-0.025671 -0.004362
-0.035769 -0.003341
-0.041942 -0.002536
-0.039196 -0.001908
-0.015111 -0.001424
0.041479 -0.001054
0.133096 -0.000774
0.253060 -0.000564
0.389314 -0.000409
0.528912 -0.000253
0.661140 -0.000139
0.778838 -0.000058
0.877998 0.000000
0.952190 0.000000
0.989452 0.000000
0.980104 0.000000
0.923532 0.000000
0.828351 0.000000
0.708401 0.000000
0.578196 0.000000
0.449805 0.000000
0.331560 0.000000
0.228117 0.000000
0.141215 0.000000
0.070642 0.000000
0.015077 0.000000
-0.027283 0.000000
-0.058346 0.000000
-0.079878 0.000378
-0.093564 0.006719
-0.100851 0.031986
-0.103021 0.087849
-0.101250 0.177292
-0.096493 0.294062
-0.089639 0.426474
-0.081451 0.561900
-0.072572 0.689881
-0.063520 0.803453
-0.054695 0.898749
-0.046386 0.969428
-0.038784 1.003576
-0.031998 0.991530
-0.026069 0.932663
-0.020987 0.835564
-0.016706 0.714039
-0.013156 0.582558
-0.010255 0.453146
-0.007916 0.334096
-0.006054 0.230025
-0.004589 0.142639
-0.003450 0.071696
-0.002531 0.015851
-0.001832 -0.026719
-0.001306 -0.057938
-0.000913 -0.079625
-0.000622 -0.093424
-0.000409 -0.100793
-0.000253 -0.103021
-0.000139 -0.101250
-0.000058 -0.096493
0.000000 -0.089639
0.000000 -0.081451
0.000000 -0.072572
0.000000 -0.063520
0.000000 -0.054695
0.000000 -0.046386
0.000000 -0.038784
0.000000 -0.031998
0.000000 -0.026069
0.000000 -0.020987
0.000000 -0.016706
0.000000 -0.013156
0.000000 -0.010255
0.000000 -0.007916
0.000000 -0.006054
0.000000 -0.004589
0.000000 -0.003450
0.000000 -0.002531
0.000000 -0.001832
0.000000 -0.001306
0.000000 -0.000913
0.000000 -0.000622
0.000000 -0.000409
0.000000 -0.000253
0.000000 -0.000139
0.000000 -0.000058
0.000000 0.000000
0.000000 0.000000
0.000000 0.000000
0.000000 0.000000
0.000000 0.000000
0.000000 0.000000
0.000000 0.000000
0.000000 0.000000
0.000000 0.000000
0.000000 0.000000
0.000000 0.000000
0.000000 0.000000
0.000000 0.000000
0.000000 0.000000
0.000000 0.000000
0.000000 0.000000
0.000000 0.000000
0.000000 0.000000
0.000000 0.000000
0.000000 0.000000
0.000000 0.000000
0.000000 0.000000
0.000000 0.000000
0.000000 0.000000
0.000000 0.000000
0.000000 0.000000
0.000000 0.000000
0.000000 0.000000
0.000000 0.000000
0.000000 0.000000
0.000000 0.000000
0.000000 0.000000
0.000000 0.000000
0.000000 0.000000
0.000000 0.000000
0.000000 0.000000
0.000000 0.000000
0.000000 0.000000
0.000000 0.000000
0.000000 0.000000
0.000000 0.000000
0.000000 0.000000
0.000000 0.000000
