0.000000 0.000000
0.000000 0.000000
0.000000 0.000000
0.000000 0.000000
0.000000 0.000000
0.000000 0.000000
0.000000 0.000000
0.000000 0.000000
0.000000 0.000000
0.000000 0.000000
0.000000 0.000000
0.000000 0.000000
0.000000 0.000000
0.000000 0.000000
0.000000 0.000000
0.000378 0.000000
0.006719 0.000000
0.031986 0.000000
0.087849 0.000000
0.177292 0.000000
0.294062 0.000000
0.426474 0.000000
0.561900 0.000000
0.689881 0.000000
0.803453 0.000000
0.898749 0.000000
0.969428 0.000000
1.003576 0.000000
0.991530 0.000000
0.932663 0.000000
0.835564 0.000000
0.714039 0.000000
0.582558 0.000000
0.453146 0.000000
0.334096 0.000000
0.230025 0.000000
0.142639 0.000000
0.071696 0.000000
0.015851 0.000000
-0.026719 0.000000
-0.057560 0.000000
-0.072906 0.000000
-0.061438 0.000000
-0.012945 0.000000
0.074272 0.000000
0.192812 0.000000
0.329981 0.000000
0.471883 0.000000
0.601710 0.000000
0.698894 0.000000
0.747757 0.000000
0.744161 0.000000
0.695114 0.000000
0.614120 0.000000
0.516057 0.000000
0.413677 0.000000
0.316074 0.000000
0.228626 0.000000
0.153723 0.000000
0.091732 0.000000
0.041857 0.000000
0.002777 0.000000
-0.026958 0.000378
-0.048734 0.006719
-0.063752 0.031986
-0.073170 0.087849
-0.077967 0.176914
-0.079031 0.287343
-0.077175 0.394488
-0.073138 0.474051
-0.067581 0.512588
-0.061082 0.509391
-0.054128 0.472652
-0.047111 0.414248
-0.040370 0.345682
-0.034065 0.275925
-0.028335 0.210829
-0.023253 0.153479
-0.018843 0.104951
-0.015088 0.065079
-0.011946 0.033072
-0.009357 0.008300
-0.007255 -0.004643
-0.005571 0.006315
-0.004239 0.052080
-0.003197 0.134973
-0.002391 0.248147
-0.001774 0.379377
-0.001306 0.515153
-0.000913 0.638965
-0.000622 0.730464
-0.000409 0.774117
-0.000253 0.765868
-0.000139 0.712760
-0.000058 0.628290
0.000000 0.527305
0.000000 0.422508
0.000000 0.322937
0.000000 0.233906
0.000000 0.157748
0.000000 0.094773
0.000000 0.044135
0.000000 0.004470
0.000000 -0.025332
0.000000 -0.041101
0.000000 -0.031144
0.000000 0.015087
0.000000 0.099578
0.000000 0.215170
0.000000 0.349357
0.000000 0.488762
0.000000 0.622300
0.000000 0.741993
0.000000 0.838279
0.000000 0.897051
0.000000 0.907344
0.000000 0.868021
0.000000 0.787558
0.000000 0.679899
0.000000 0.559770
0.000000 0.439489
0.000000 0.327628
0.000000 0.229066
0.000000 0.145748
0.000000 0.077653
0.000000 0.023641
0.000000 -0.017922
0.000000 -0.048404
0.000000 -0.063879
0.000000 -0.052889
0.000000 -0.005058
0.000000 0.080976
0.000000 0.192312
0.000000 0.303350
0.000000 0.388947
0.000000 0.434920
0.000000 0.439933
0.000000 0.411627
0.000000 0.361528
0.000000 0.300842
0.000000 0.238339
0.000000 0.179750
0.000000 0.128109
0.000000 0.084491
0.000000 0.048767
0.000000 0.020207
0.000378 -0.002119
0.006719 -0.019123
0.031986 -0.031612
0.087849 -0.040277
0.177292 -0.045711
0.293684 -0.048446
0.419755 -0.048930
0.529914 -0.047675
0.602032 -0.045110
0.626161 -0.041625
0.605064 -0.037569
0.549673 -0.033240
0.473662 -0.028880
0.389498 -0.024673
0.306502 -0.020750
0.230500 -0.017238
0.164366 -0.014124
0.108895 -0.011425
0.063648 -0.009131
0.027594 -0.007214
-0.000476 -0.005260
-0.021727 0.002358
-0.037200 0.028645
-0.047797 0.085312
-0.054313 0.175384
-0.057462 0.292639
-0.057898 0.425043
-0.056225 0.554407
-0.052996 0.657330
-0.048707 0.715196
-0.043788 0.721582
-0.038596 0.681946
-0.033414 0.609030
-0.028455 0.517478
-0.023865 0.420074
-0.019732 0.326174
-0.016099 0.241387
-0.012971 0.168310
-0.010328 0.107464
-0.008133 0.058171
-0.006336 0.019196
-0.004888 -0.010463
-0.003734 -0.026536
-0.002827 -0.017242
-0.002122 0.028058
-0.001580 0.111432
-0.001167 0.225800
-0.000855 0.358721
-0.000622 0.496876
-0.000409 0.629180
-0.000253 0.747740
-0.000139 0.843011
-0.000058 0.900892
0.000000 0.910459
0.000000 0.870516
0.000000 0.789533
0.000000 0.681445
0.000000 0.560968
0.000000 0.440408
0.000000 0.328326
0.000000 0.229592
0.000000 0.146141
0.000000 0.077944
0.000000 0.023855
0.000000 -0.017766
0.000000 -0.048669
0.000000 -0.070517
0.000000 -0.084817
0.000000 -0.092907
0.000000 -0.095938
0.000378 -0.095031
0.006719 -0.091138
0.031986 -0.085104
0.087849 -0.077669
0.177292 -0.069458
0.294062 -0.061026
0.426474 -0.052720
0.561522 -0.044839
0.683161 -0.037586
0.771467 -0.031079
0.811278 -0.025370
0.798855 -0.020461
0.741500 -0.016313
0.652904 -0.012865
0.548055 -0.010041
0.439746 -0.007760
0.337061 -0.005941
0.245331 -0.004508
0.166879 -0.003391
0.101987 -0.002531
0.049773 -0.001832
0.008832 -0.001306
-0.022369 -0.000536
-0.045284 0.006097
-0.061222 0.031578
-0.071338 0.087596
-0.076660 0.176775
-0.078118 0.287285
-0.076553 0.394488
-0.072729 0.474051
-0.067328 0.512588
-0.060943 0.509391
-0.054070 0.472652
-0.047111 0.414248
-0.040370 0.345682
-0.034065 0.275925
-0.028335 0.210829
-0.023253 0.153479
-0.018843 0.104951
-0.015088 0.065079
-0.011946 0.033072
-0.009357 0.007922
-0.007255 -0.011363
-0.005194 -0.025671
0.002480 -0.035769
0.028789 -0.042320
0.085457 -0.045915
0.175518 -0.047097
0.292756 -0.046369
0.425561 -0.044196
0.560900 -0.041002
0.682753 -0.037160
0.771214 -0.032988
0.811138 -0.028740
0.798797 -0.024614
0.741500 -0.020750
0.652904 -0.017238
0.548055 -0.014124
0.439746 -0.011425
0.337061 -0.009131
0.245331 -0.007214
0.166879 -0.005638
0.101987 -0.004362
0.049773 -0.003341
0.008832 -0.002536
-0.021991 -0.001908
-0.038565 -0.001424
-0.029236 -0.001054
0.016511 -0.000774
0.100254 -0.000564
0.209225 -0.000409
0.317935 -0.000253
0.401322 -0.000139
0.445260 -0.000058
0.448448 0.000000
0.418582 0.000000
0.367137 0.000000
0.305312 0.000000
0.241861 0.000000
0.182494 0.000000
0.130226 0.000000
0.086108 0.000000
0.049991 0.000000
0.021126 0.000000
-0.001435 0.000378
-0.018618 0.006719
-0.031242 0.031986
-0.040008 0.087849
-0.045517 0.177292
-0.048306 0.293684
-0.048872 0.419755
-0.047675 0.529914
-0.045110 0.602032
-0.041625 0.626161
-0.037569 0.605064
-0.033240 0.549673
-0.028880 0.473662
-0.024673 0.389498
-0.020750 0.306502
-0.017238 0.230500
-0.014124 0.164366
-0.011425 0.108895
-0.009131 0.063648
-0.007214 0.027594
-0.005260 -0.000476
0.002358 -0.021727
0.028645 -0.037200
0.085312 -0.047797
0.175384 -0.054313
0.292639 -0.057462
0.425043 -0.057898
0.554407 -0.056225
0.657330 -0.052996
0.715196 -0.048707
0.721582 -0.043788
0.681946 -0.038596
0.609030 -0.033414
0.517478 -0.028455
0.420074 -0.023865
0.326174 -0.019732
0.241387 -0.016099
0.168310 -0.012971
0.107464 -0.010328
0.058171 -0.008133
0.019196 -0.006336
-0.010840 -0.004510
-0.033256 0.002985
-0.049228 0.029159
-0.059791 0.085726
-0.065860 0.175712
-0.068262 0.292895
-0.067753 0.425619
-0.065024 0.560900
-0.060701 0.682753
-0.055335 0.771214
-0.049396 0.811138
-0.043270 0.798797
-0.037255 0.741500
-0.031570 0.652904
-0.026360 0.548055
-0.021707 0.439746
-0.017645 0.337061
-0.014169 0.245331
-0.011247 0.166879
-0.008831 0.101987
-0.006862 0.049773
-0.005280 0.008832
-0.004025 -0.022369
-0.002663 -0.045284
0.004441 -0.061222
0.030293 -0.071338
0.086600 -0.076660
0.176379 -0.078118
0.293440 -0.076553
0.425688 -0.072729
0.554928 -0.067328
0.657755 -0.060943
0.715546 -0.054070
0.721834 -0.047111
0.682085 -0.040370
0.609088 -0.034065
0.517478 -0.028335
0.420074 -0.023253
0.326174 -0.018843
0.241387 -0.015088
0.168310 -0.011946
0.107464 -0.009357
0.058171 -0.007255
0.019196 -0.005571
-0.010840 -0.003861
-0.033256 0.003522
-0.049228 0.029595
-0.059791 0.086074
-0.065860 0.175608
-0.068262 0.286429
-0.067753 0.393866
-0.065024 0.473643
-0.060701 0.512336
-0.055335 0.509251
-0.049396 0.472594
-0.043270 0.414248
-0.037255 0.345682
-0.031570 0.275925
-0.026360 0.210829
-0.021707 0.153479
-0.017645 0.104951
-0.014169 0.065079
-0.011247 0.033072
-0.008453 0.007922
-0.000143 -0.011363
0.026706 -0.025671
0.083823 -0.035769
0.174251 -0.042320
0.291784 -0.045915
0.424781 -0.047097
0.560652 -0.046369
0.688589 -0.044196
0.796111 -0.041002
0.866732 -0.037160
0.888047 -0.032988
0.858131 -0.028740
0.785258 -0.024614
0.683481 -0.020750
0.567727 -0.017238
0.450633 -0.014124
0.341005 -0.011425
0.243900 -0.009131
0.161401 -0.007214
0.093589 -0.005638
0.039408 -0.004362
-0.002697 -0.003341
-0.034019 -0.002536
-0.050558 -0.001908
-0.040783 -0.001424
0.005711 -0.001054
0.090776 -0.000774
0.207145 -0.000564
0.342216 -0.000409
0.482543 -0.000253
0.616566 -0.000139
0.731117 -0.000058
0.809229 0.000000
0.838074 0.000000
0.815406 0.000000
0.749276 0.000000
0.653600 0.000000
0.543275 0.000000
0.430871 0.000000
0.325218 0.000000
0.231428 0.000000
0.151652 0.000000
0.086043 0.000000
0.033623 0.000000
-0.007092 0.000000
-0.037707 0.000000
-0.059750 0.000000
-0.074601 0.000000
-0.083066 0.000000
-0.080710 0.000000
-0.055554 0.000000
0.003182 0.000000
0.097305 0.000000
0.214267 0.000000
0.328813 0.000000
0.416141 0.000000
0.462363 0.000000
0.466526 0.000000
0.436612 0.000000
0.384367 0.000000
0.321230 0.000000
0.256163 0.000000
0.195042 0.000000
0.141007 0.000000
0.095201 0.000000
0.057533 0.000000
0.027287 0.000000
0.003527 0.000000
-0.014673 0.000000
-0.028144 0.000000
-0.037601 0.000000
-0.043626 0.000000
-0.046829 0.000378
-0.047720 0.006719
-0.046778 0.031986
-0.044449 0.087849
-0.041142 0.177292
-0.037219 0.294062
-0.032988 0.426474
-0.028740 0.561522
-0.024614 0.683161
-0.020750 0.771467
-0.017238 0.811278
-0.014124 0.798855
-0.011425 0.741500
-0.009131 0.652904
-0.007214 0.548055
-0.005638 0.439746
-0.004362 0.337061
-0.003341 0.245331
-0.002536 0.166879
-0.001908 0.101987
-0.001424 0.049773
-0.001054 0.008832
-0.000396 -0.022369
0.006155 -0.045284
0.031578 -0.061222
0.087596 -0.071338
0.176775 -0.076660
0.287285 -0.078118
0.394488 -0.076553
0.474051 -0.072729
0.512588 -0.067328
0.509391 -0.060943
0.472652 -0.054070
0.414248 -0.047111
0.345682 -0.040370
0.275925 -0.034065
0.210829 -0.028335
0.153479 -0.023253
0.104951 -0.018843
0.065079 -0.015088
0.033072 -0.011946
0.008300 -0.009357
-0.004643 -0.007255
0.006315 -0.005571
0.052080 -0.004239
0.134973 -0.003197
0.248147 -0.002391
0.379377 -0.001774
0.515531 -0.001306
0.645307 -0.000913
0.755731 -0.000622
0.829980 -0.000409
0.855311 -0.000253
0.829530 -0.000139
0.760701 -0.000058
0.662730 0.000000
0.550489 0.000000
0.436509 0.000000
0.329580 0.000000
0.234770 0.000000
0.154188 0.000000
0.087951 0.000000
0.035047 0.000000
-0.006038 0.000000
-0.036933 0.000378
-0.059186 0.006719
-0.074192 0.031986
-0.083192 0.087849
-0.087290 0.177292
-0.087482 0.293684
-0.084666 0.419755
-0.079609 0.529914
-0.073076 0.602032
-0.065675 0.626161
-0.057911 0.605064
-0.050225 0.549673
-0.042865 0.473662
-0.036040 0.389498
-0.029881 0.306502
-0.024451 0.230500
-0.019762 0.164366
-0.015787 0.108895
-0.012472 0.063648
-0.009750 0.027594
-0.007546 -0.000476
-0.005785 -0.021727
-0.004395 -0.037200
-0.003310 -0.047797
-0.002472 -0.054313
-0.001454 -0.057462
0.005413 -0.057898
0.031073 -0.056225
0.087226 -0.052996
0.176884 -0.048707
0.293810 -0.043788
0.426335 -0.038596
0.561842 -0.033414
0.689503 -0.028455
0.796733 -0.023865
0.867140 -0.019732
0.888299 -0.016099
0.858270 -0.012971
0.785316 -0.010328
0.683481 -0.008133
0.567727 -0.006336
0.450633 -0.004888
0.341005 -0.003734
0.243900 -0.002827
0.161401 -0.002122
0.093589 -0.001580
0.039408 -0.001167
-0.002697 -0.000855
-0.034397 -0.000245
-0.057278 0.006311
-0.072769 0.031734
-0.082138 0.087709
-0.086516 0.176856
-0.086918 0.287343
-0.084258 0.394488
-0.079357 0.474051
-0.072936 0.512588
-0.065617 0.509391
-0.057911 0.472652
-0.050225 0.414248
-0.042865 0.345682
-0.036040 0.275925
-0.029881 0.210829
-0.024451 0.153479
-0.019762 0.104951
-0.015787 0.065079
-0.012472 0.033072
-0.009372 0.007922
-0.000827 -0.011363
0.026201 -0.025671
0.083453 -0.035769
0.173982 -0.042320
0.291212 -0.045915
0.417922 -0.047097
0.528608 -0.046369
0.601119 -0.044196
0.625538 -0.041002
0.604656 -0.037160
0.549421 -0.032988
0.473523 -0.028740
0.389439 -0.024614
0.306502 -0.020750
0.230500 -0.017238
0.164366 -0.014124
0.108895 -0.011425
0.063648 -0.009131
0.027594 -0.007214
-0.000476 -0.005260
-0.021727 0.002358
-0.037200 0.028645
-0.047797 0.085312
-0.054313 0.175384
-0.057462 0.292639
-0.057898 0.425420
-0.056225 0.561126
-0.052996 0.689316
-0.048707 0.802667
-0.043788 0.892154
-0.038596 0.944022
-0.033414 0.947656
-0.028455 0.902086
-0.023865 0.815893
-0.019732 0.703152
-0.016099 0.578614
-0.012971 0.454577
-0.010328 0.339574
-0.008133 0.238423
-0.006336 0.153003
-0.004888 0.083224
-0.003734 0.027880
-0.002827 -0.014725
-0.002122 -0.046013
-0.001580 -0.062105
-0.001167 -0.051583
-0.000855 -0.004145
-0.000622 0.081599
-0.000409 0.192720
-0.000253 0.303603
-0.000139 0.389087
-0.000058 0.434978
0.000000 0.439933
0.000000 0.411627
0.000000 0.361528
0.000000 0.300842
0.000000 0.238339
0.000000 0.179750
0.000000 0.128109
0.000000 0.084491
0.000000 0.048767
0.000000 0.020207
0.000378 -0.002119
0.006719 -0.019123
0.031986 -0.031612
0.087849 -0.040277
0.177292 -0.045711
0.294062 -0.048446
0.426474 -0.048930
0.561900 -0.047675
0.689881 -0.045110
0.803075 -0.041625
0.892407 -0.037569
0.944162 -0.033240
0.947714 -0.028880
0.902086 -0.024673
0.815893 -0.020750
0.703152 -0.017238
0.578614 -0.014124
0.454577 -0.011425
0.339574 -0.009131
0.238423 -0.007214
0.153003 -0.005638
0.083224 -0.004362
0.027880 -0.003341
-0.014725 -0.002536
-0.046391 -0.001908
-0.068825 -0.001046
-0.083569 0.005666
-0.091993 0.031212
-0.095316 0.087284
-0.094623 0.176884
-0.090885 0.293810
-0.084965 0.426335
-0.077610 0.561464
-0.069458 0.683161
-0.061026 0.771467
-0.052720 0.811278
-0.044839 0.798855
-0.037586 0.741500
-0.031079 0.652904
-0.025370 0.548055
-0.020461 0.439746
-0.016313 0.337061
-0.012865 0.245331
-0.010041 0.166879
-0.007760 0.101987
-0.005941 0.049773
-0.004508 0.008832
-0.003014 -0.022369
0.004189 -0.045284
0.030154 -0.061222
0.086542 -0.071338
0.176001 -0.076660
0.286720 -0.078118
0.394080 -0.076553
0.473799 -0.072729
0.512449 -0.067328
0.509332 -0.060943
0.472652 -0.054070
0.414248 -0.047111
0.345682 -0.040370
0.275925 -0.034065
0.210829 -0.028335
0.153479 -0.023253
0.104951 -0.018843
0.065079 -0.015088
0.033072 -0.011946
0.007922 -0.009357
-0.011363 -0.007255
-0.025671 -0.005571
-0.035769 -0.004239
-0.042320 -0.002819
-0.045915 0.004328
-0.047097 0.030212
-0.046369 0.086542
-0.044196 0.176001
-0.041002 0.286720
-0.037160 0.394080
-0.032988 0.473799
-0.028740 0.512449
-0.024614 0.509332
-0.020750 0.472652
-0.017238 0.414248
-0.014124 0.345682
-0.011425 0.275925
-0.009131 0.210829
-0.007214 0.153479
-0.005638 0.104951
-0.004362 0.065079
-0.003341 0.033072
-0.002536 0.007922
-0.001908 -0.011363
-0.001424 -0.025671
-0.001054 -0.035769
-0.000774 -0.042320
-0.000564 -0.045538
-0.000409 -0.040378
-0.000253 -0.014383
-0.000139 0.043652
-0.000058 0.135912
0.000000 0.250182
0.000000 0.361500
0.000000 0.445311
0.000000 0.487974
0.000000 0.488640
0.000000 0.455414
0.000000 0.400123
0.000000 0.334256
0.000000 0.266795
0.000000 0.203615
0.000000 0.147841
0.000000 0.100590
0.000000 0.061738
0.000000 0.030536
0.000000 0.006014
0.000000 -0.012786
0.000378 -0.026725
0.006719 -0.036543
0.031986 -0.042884
0.087849 -0.046324
0.177292 -0.047350
0.294062 -0.046509
0.426474 -0.044254
0.561900 -0.041002
0.689503 -0.037160
0.796733 -0.032988
0.867140 -0.028740
0.888299 -0.024614
0.858270 -0.020750
0.785316 -0.017238
0.683481 -0.014124
0.567727 -0.011425
0.450633 -0.009131
0.341005 -0.007214
0.243900 -0.005638
0.161401 -0.004362
0.093589 -0.003341
0.039408 -0.002536
-0.002697 -0.001908
-0.034397 -0.001424
-0.057278 -0.001054
-0.072769 -0.000774
-0.082138 -0.000564
-0.086516 -0.000409
-0.086918 -0.000253
-0.084258 -0.000139
-0.079357 -0.000058
-0.072936 0.000000
-0.065617 0.000000
-0.057911 0.000000
-0.050225 0.000000
-0.042865 0.000000
-0.036040 0.000000
-0.029881 0.000000
-0.024451 0.000000
-0.019762 0.000000
-0.015787 0.000000
-0.012472 0.000000
-0.009750 0.000000
-0.007546 0.000000
-0.005785 0.000000
-0.004395 0.000000
-0.003310 0.000000
-0.002472 0.000000
-0.001832 0.000000
-0.001306 0.000000
-0.000913 0.000000
-0.000622 0.000000
-0.000409 0.000000
-0.000253 0.000000
-0.000139 0.000000
-0.000058 0.000000
0.000000 0.000000
0.000000 0.000000
0.000000 0.000000
0.000000 0.000000
0.000000 0.000000
0.000000 0.000000
0.000000 0.000000
0.000000 0.000000
0.000000 0.000000
0.000000 0.000000
0.000000 0.000000
0.000000 0.000000
0.000000 0.000000
0.000000 0.000000
0.000000 0.000000
0.000000 0.000000
0.000000 0.000000
0.000000 0.000000
0.000000 0.000000
0.000000 0.000000
0.000000 0.000000
0.000000 0.000000
0.000000 0.000000
0.000000 0.000000
0.000000 0.000000
0.000000 0.000000
0.000000 0.000000
0.000000 0.000000
0.000000 0.000000
0.000000 0.000000
0.000000 0.000000
0.000000 0.000000
0.000000 0.000000
0.000000 0.000000
0.000000 0.000000
0.000000 0.000000
0.000000 0.000000
0.000000 0.000000
0.000000 0.000000
0.000000 0.000000
0.000000 0.000000
0.000000 0.000000
0.000000 0.000000
0.000000 0.000000
0.000000 0.000000
0.000000 0.000000
0.000000 0.000000
0.000000 0.000000
0.000000 0.000000
0.000000 0.000000
0.000000 0.000000
0.000000 0.000000
0.000000 0.000000
0.000000 0.000000
0.000000 0.000000
0.000000 0.000000
0.000000 0.000000
0.000000 0.000000
