0.000000 0.000000
0.000000 0.000000
0.000000 0.000000
0.000000 0.000000
0.000000 0.000000
0.000000 0.000000
0.000000 0.000000
0.000000 0.000000
0.000000 0.000000
0.000000 0.000000
0.000000 0.000000
0.000000 0.000000
0.000000 0.000000
0.000000 0.000000
0.000000 0.000000
0.000000 0.000378
0.000000 0.006719
0.000000 0.031986
0.000000 0.087849
0.000000 0.176914
0.000000 0.287343
0.000000 0.394488
0.000000 0.474051
0.000000 0.512588
0.000000 0.509391
0.000000 0.472652
0.000000 0.414248
0.000000 0.345682
0.000000 0.275925
0.000000 0.210829
0.000000 0.153479
0.000000 0.104951
0.000000 0.065079
0.000000 0.033072
0.000000 0.007922
0.000000 -0.011363
0.000000 -0.025671
0.000000 -0.035769
0.000000 -0.042320
0.000000 -0.045538
0.000000 -0.040378
0.000000 -0.014383
0.000000 0.043652
0.000000 0.136290
0.000000 0.256524
0.000000 0.386767
0.000000 0.501174
0.000000 0.577418
0.000000 0.605410
0.000000 0.587826
0.000000 0.535549
0.000000 0.462237
0.000000 0.380367
0.000000 0.299288
0.000000 0.224862
0.000000 0.160005
0.000000 0.105554
0.000000 0.061112
0.000000 0.025686
0.000378 -0.001899
0.006719 -0.022781
0.031986 -0.037974
0.087849 -0.048361
0.177292 -0.054722
0.294062 -0.057715
0.426096 -0.058037
0.555180 -0.056283
0.657895 -0.052996
0.715604 -0.048707
0.721834 -0.043788
0.682085 -0.038596
0.609088 -0.033414
0.517478 -0.028455
0.420074 -0.023865
0.326174 -0.019732
0.241387 -0.016099
0.168310 -0.012971
0.107464 -0.010328
0.058171 -0.008133
0.019196 -0.006336
-0.010840 -0.004510
-0.033256 0.002985
-0.049228 0.029159
-0.059791 0.085726
-0.065860 0.175712
-0.068262 0.292895
-0.067753 0.425619
-0.065024 0.560900
-0.060701 0.682753
-0.055335 0.771214
-0.049396 0.811138
-0.043270 0.798797
-0.037255 0.741500
-0.031570 0.652904
-0.026360 0.548055
-0.021707 0.439746
-0.017645 0.337061
-0.014169 0.245331
-0.011247 0.166879
-0.008831 0.101987
-0.006862 0.049773
-0.005280 0.008832
-0.004025 -0.022369
-0.003041 -0.044906
-0.002278 -0.054502
-0.001693 -0.039352
-0.001248 0.011188
-0.000913 0.099174
-0.000622 0.217509
-0.000409 0.353745
-0.000253 0.494194
-0.000139 0.622218
-0.000058 0.717397
0.000000 0.764167
0.000000 0.758486
0.000000 0.707435
0.000000 0.624569
0.000000 0.524801
0.000000 0.420903
0.000000 0.321973
0.000000 0.233385
0.000000 0.157522
0.000000 0.094732
0.000000 0.044202
0.000000 0.004593
0.000378 -0.025566
0.006719 -0.047675
0.031986 -0.062996
0.087849 -0.072644
0.177292 -0.077574
0.294062 -0.078740
0.426474 -0.076961
0.561900 -0.072982
0.689881 -0.067468
0.803075 -0.061001
0.892407 -0.054070
0.944162 -0.047111
0.947714 -0.040370
0.902086 -0.034065
0.815893 -0.028335
0.703152 -0.023253
0.578614 -0.018843
0.454577 -0.015088
0.339574 -0.011946
0.238423 -0.009357
0.153003 -0.007255
0.083224 -0.005571
0.027880 -0.004239
-0.014725 -0.003197
-0.046013 -0.002391
-0.062105 -0.001774
-0.051583 -0.001306
-0.004145 -0.000913
0.081599 -0.000622
0.192720 -0.000409
0.303603 -0.000253
0.389087 -0.000139
0.434978 -0.000058
0.439933 0.000000
0.411627 0.000000
0.361528 0.000000
0.300842 0.000000
0.238339 0.000000
0.179750 0.000000
0.128109 0.000000
0.084491 0.000000
0.048767 0.000000
0.020207 0.000000
-0.002119 0.000378
-0.019123 0.006719
-0.031612 0.031986
-0.040277 0.087849
-0.045711 0.177292
-0.048446 0.294062
-0.048930 0.426474
-0.047675 0.561900
-0.045110 0.689881
-0.041625 0.803075
-0.037569 0.892407
-0.033240 0.944162
-0.028880 0.947714
-0.024673 0.902086
-0.020750 0.815893
-0.017238 0.703152
-0.014124 0.578614
-0.011425 0.454577
-0.009131 0.339574
-0.007214 0.238423
-0.005638 0.153003
-0.004362 0.083224
-0.003341 0.027880
-0.002536 -0.014725
-0.001530 -0.046391
0.005296 -0.068825
0.030932 -0.083569
0.087075 -0.091993
0.176728 -0.095316
0.293276 -0.094623
0.419502 -0.090885
0.529774 -0.084965
0.601974 -0.077610
0.626161 -0.069458
0.605064 -0.061026
0.549673 -0.052720
0.473662 -0.044839
0.389498 -0.037586
0.306502 -0.031079
0.230500 -0.025370
0.164366 -0.020461
0.108895 -0.016313
0.063648 -0.012865
0.027594 -0.010041
-0.000098 -0.007760
-0.015008 -0.005941
-0.005214 -0.004508
0.040051 -0.003391
0.122601 -0.002531
0.229881 -0.001832
0.336590 -0.001306
0.417827 -0.000913
0.459592 -0.000622
0.460683 -0.000409
0.428864 -0.000253
0.375652 -0.000139
0.312267 -0.000058
0.247470 0.000000
0.186963 0.000000
0.133747 0.000000
0.088852 0.000000
0.052108 0.000000
0.022743 0.000000
-0.000210 0.000378
-0.017699 0.006719
-0.030559 0.031986
-0.039503 0.087849
-0.045147 0.177292
-0.048037 0.294062
-0.048677 0.426474
-0.047536 0.561900
-0.045052 0.689881
-0.041625 0.803453
-0.037569 0.898749
-0.033240 0.969428
-0.028880 1.003576
-0.024673 0.991530
-0.020750 0.932663
-0.017238 0.835564
-0.014124 0.714039
-0.011425 0.582558
-0.009131 0.453146
-0.007214 0.334096
-0.005638 0.230025
-0.004362 0.142639
-0.003341 0.071696
-0.002536 0.015851
-0.001908 -0.026719
-0.001046 -0.057938
0.005666 -0.079625
0.031212 -0.093424
0.087284 -0.100793
0.176884 -0.103021
0.293810 -0.101250
0.426335 -0.096493
0.561842 -0.089639
0.689503 -0.081451
0.796733 -0.072572
0.867140 -0.063520
0.888299 -0.054695
0.858270 -0.046386
0.785316 -0.038784
0.683481 -0.031998
0.567727 -0.026069
0.450633 -0.020987
0.341005 -0.016706
0.243900 -0.013156
0.161401 -0.010255
0.093589 -0.007916
0.039408 -0.006054
-0.002697 -0.004589
-0.034019 -0.003450
-0.050558 -0.002531
-0.040783 -0.001832
0.005711 -0.001306
0.090776 -0.000913
0.207145 -0.000622
0.342216 -0.000409
0.482165 -0.000253
0.610225 -0.000139
0.705850 -0.000058
0.753367 0.000000
0.748630 0.000000
0.698635 0.000000
0.616864 0.000000
0.518174 0.000000
0.415295 0.000000
0.317299 0.000000
0.229545 0.000000
0.154407 0.000000
0.092237 0.000000
0.042227 0.000000
0.003046 0.000000
-0.026764 0.000378
-0.048594 0.006719
-0.063694 0.031986
-0.073170 0.087849
-0.077967 0.176914
-0.079031 0.287343
-0.077175 0.394488
-0.073138 0.474051
-0.067581 0.512588
-0.061082 0.509391
-0.054128 0.472652
-0.047111 0.414248
-0.040370 0.345682
-0.034065 0.275925
-0.028335 0.210829
-0.023253 0.153479
-0.018843 0.104951
-0.015088 0.065079
-0.011946 0.033072
-0.009357 0.007922
-0.007255 -0.011363
-0.005571 -0.025671
-0.004239 -0.035769
-0.003197 -0.042320
-0.002013 -0.045915
0.004945 -0.047097
0.030680 -0.046369
0.086935 -0.044196
0.176292 -0.041002
0.286934 -0.037160
0.394236 -0.032988
0.473912 -0.028740
0.512530 -0.024614
0.509391 -0.020750
0.472652 -0.017238
0.414248 -0.014124
0.345682 -0.011425
0.275925 -0.009131
0.210829 -0.007214
0.153479 -0.005638
0.104951 -0.004362
0.065079 -0.003341
0.033072 -0.002536
0.008300 -0.001908
-0.004643 -0.001424
0.006315 -0.001054
0.052080 -0.000774
0.134973 -0.000564
0.248147 -0.000409
0.379377 -0.000253
0.515153 -0.000139
0.638965 -0.000058
0.730464 0.000000
0.774117 0.000000
0.765868 0.000000
0.712760 0.000000
0.628290 0.000000
0.527305 0.000000
0.422508 0.000000
0.322937 0.000000
0.233906 0.000000
0.157748 0.000000
0.094773 0.000000
0.044135 0.000000
0.004470 0.000000
-0.025332 0.000000
-0.041101 0.000000
-0.031144 0.000000
0.015087 0.000000
0.099200 0.000000
0.208451 0.000000
0.317371 0.000000
0.400914 0.000000
0.445007 0.000000
0.448308 0.000000
0.418524 0.000000
0.367137 0.000000
0.305312 0.000000
0.241861 0.000000
0.182494 0.000000
0.130226 0.000000
0.086108 0.000000
0.049991 0.000000
0.021126 0.000000
-0.001435 0.000378
-0.018618 0.006719
-0.031242 0.031986
-0.040008 0.087849
-0.045517 0.177292
-0.048306 0.294062
-0.048872 0.426474
-0.047675 0.561900
-0.045110 0.689881
-0.041625 0.803453
-0.037569 0.898749
-0.033240 0.969428
-0.028880 1.003576
-0.024673 0.991530
-0.020750 0.932663
-0.017238 0.835564
-0.014124 0.714039
-0.011425 0.582558
-0.009131 0.453146
-0.007214 0.334096
-0.005638 0.230025
-0.004362 0.142639
-0.003341 0.071696
-0.002536 0.015851
-0.001908 -0.026719
-0.001424 -0.057938
-0.000676 -0.079625
0.005946 -0.093424
0.031422 -0.100793
0.087440 -0.103021
0.177040 -0.101250
0.293923 -0.096493
0.426416 -0.089639
0.561522 -0.081451
0.683161 -0.072572
0.771467 -0.063520
0.811278 -0.054695
0.798855 -0.046386
0.741500 -0.038784
0.652904 -0.031998
0.548055 -0.026069
0.439746 -0.020987
0.337061 -0.016706
0.245331 -0.013156
0.166879 -0.010255
0.101987 -0.007916
0.049773 -0.006054
0.008832 -0.004589
-0.021991 -0.003450
-0.038565 -0.002531
-0.029236 -0.001832
0.016511 -0.001306
0.100632 -0.000913
0.215567 -0.000622
0.343202 -0.000409
0.457185 -0.000253
0.534704 -0.000139
0.565218 -0.000058
0.550994 0.000000
0.502563 0.000000
0.433292 0.000000
0.355433 0.000000
0.278167 0.000000
0.207247 0.000000
0.145523 0.000000
0.093807 0.000000
0.051703 0.000000
0.018237 0.000000
-0.007731 0.000378
-0.027299 0.006719
-0.041439 0.031986
-0.050994 0.087849
-0.056705 0.176914
-0.059236 0.287343
-0.059204 0.394488
-0.057138 0.474051
-0.053618 0.512588
-0.049116 0.509391
-0.044040 0.472652
-0.038735 0.414248
-0.033472 0.345682
-0.028455 0.275925
-0.023865 0.210829
-0.019732 0.153479
-0.016099 0.104951
-0.012971 0.065079
-0.010328 0.033072
-0.008133 0.008300
-0.006336 -0.004643
-0.004888 0.006315
-0.003734 0.052080
-0.002827 0.134595
-0.002122 0.241427
-0.001580 0.347391
-0.001167 0.427682
-0.000855 0.468392
-0.000622 0.468388
-0.000409 0.435492
-0.000253 0.381260
-0.000139 0.316941
-0.000058 0.251311
0.000000 0.190078
0.000000 0.136241
0.000000 0.090827
0.000000 0.053654
0.000000 0.023941
0.000000 0.000709
0.000000 -0.017001
0.000000 -0.030033
0.000000 -0.039110
0.000000 -0.044856
0.000378 -0.047824
0.006719 -0.048521
0.031986 -0.047423
0.087849 -0.044970
0.177292 -0.041567
0.293684 -0.037569
0.419755 -0.033240
0.529914 -0.028880
0.602032 -0.024673
0.626161 -0.020750
0.605064 -0.017238
0.549673 -0.014124
0.473662 -0.011425
0.389498 -0.009131
0.306502 -0.007214
0.230500 -0.005638
0.164366 -0.004362
0.108895 -0.003341
0.063648 -0.002536
0.027594 -0.001908
-0.000476 -0.001046
-0.021727 0.005666
-0.037200 0.031212
-0.047797 0.087284
-0.054313 0.176506
-0.057462 0.287090
-0.057898 0.394349
-0.056225 0.473993
-0.052996 0.512588
-0.048707 0.509391
-0.043788 0.472652
-0.038596 0.414248
-0.033414 0.345682
-0.028455 0.275925
-0.023865 0.210829
-0.019732 0.153479
-0.016099 0.104951
-0.012971 0.065079
-0.010328 0.033072
-0.007755 0.007922
0.000383 -0.011363
0.027099 -0.025671
0.084114 -0.035769
0.174087 -0.042320
0.285221 -0.045915
0.392908 -0.047097
0.472885 -0.046369
0.511733 -0.044196
0.508768 -0.041002
0.472244 -0.037160
0.413995 -0.032988
0.345542 -0.028740
0.275867 -0.024614
0.210829 -0.020750
0.153479 -0.017238
0.104951 -0.014124
0.065079 -0.011425
0.033072 -0.009131
0.007922 -0.007214
-0.011363 -0.005260
-0.025671 0.002358
-0.035769 0.028645
-0.042320 0.085312
-0.045915 0.175384
-0.047097 0.292639
-0.046369 0.425420
-0.044196 0.561126
-0.041002 0.689316
-0.037160 0.803044
-0.032988 0.898496
-0.028740 0.969289
-0.024614 1.003518
-0.020750 0.991530
-0.017238 0.932663
-0.014124 0.835564
-0.011425 0.714039
-0.009131 0.582558
-0.007214 0.453146
-0.005638 0.334096
-0.004362 0.230025
-0.003341 0.142639
-0.002536 0.071696
-0.001908 0.015851
-0.001424 -0.026719
-0.000676 -0.057938
0.005946 -0.079625
0.031422 -0.093424
0.087440 -0.100793
0.177040 -0.103021
0.293923 -0.101250
0.426038 -0.096493
0.555180 -0.089639
0.657895 -0.081451
0.715604 -0.072572
0.721834 -0.063520
0.682085 -0.054695
0.609088 -0.046386
0.517478 -0.038784
0.420074 -0.031998
0.326174 -0.026069
0.241387 -0.020987
0.168310 -0.016706
0.107464 -0.013156
0.058171 -0.010255
0.019196 -0.007916
-0.010840 -0.005677
-0.033256 0.002130
-0.049228 0.028536
-0.059791 0.085318
-0.065860 0.175082
-0.068262 0.286037
-0.067753 0.393575
-0.065024 0.473429
-0.060701 0.512180
-0.055335 0.509138
-0.049396 0.472513
-0.043270 0.414189
-0.037255 0.345682
-0.031570 0.275925
-0.026360 0.210829
-0.021707 0.153479
-0.017645 0.104951
-0.014169 0.065079
-0.011247 0.033072
-0.008831 0.008300
-0.006862 -0.004643
-0.005280 0.006315
-0.004025 0.052080
-0.003041 0.134595
-0.002278 0.241427
-0.001693 0.347391
-0.001248 0.427682
-0.000913 0.468392
-0.000622 0.468388
-0.000409 0.435492
-0.000253 0.381260
-0.000139 0.316941
-0.000058 0.251311
0.000000 0.190078
0.000000 0.136241
0.000000 0.090827
0.000000 0.053654
0.000000 0.023941
0.000378 0.000709
0.006719 -0.017001
0.031986 -0.030033
0.087849 -0.039110
0.176914 -0.044856
0.287343 -0.047824
0.394488 -0.048521
0.474051 -0.047423
0.512588 -0.044970
0.509391 -0.041567
0.472652 -0.037569
0.414248 -0.033240
0.345682 -0.028880
0.275925 -0.024673
0.210829 -0.020750
0.153479 -0.017238
0.104951 -0.014124
0.065079 -0.011425
0.033072 -0.009131
0.008300 -0.007214
-0.004643 -0.005638
0.006315 -0.004362
0.052080 -0.003341
0.134973 -0.002536
0.248147 -0.001908
0.379377 -0.001424
0.515531 -0.001054
0.645684 -0.000774
0.762450 -0.000564
0.861588 -0.000409
0.936440 -0.000253
0.974836 -0.000139
0.966915 -0.000058
0.911912 0.000000
0.818327 0.000000
0.699915 0.000000
0.571132 0.000000
0.444015 0.000000
0.326883 0.000000
0.224387 0.000000
0.138277 0.000000
0.068354 0.000000
0.013315 0.000000
-0.028627 0.000000
-0.058984 0.000000
-0.073959 0.000000
-0.062212 0.000000
-0.013509 0.000000
0.073485 0.000000
0.185840 0.000000
0.297855 0.000000
0.384354 0.000000
0.431137 0.000000
0.436818 0.000000
0.409132 0.000000
0.359553 0.000000
0.299296 0.000000
0.237142 0.000000
0.178831 0.000000
0.127410 0.000000
0.083965 0.000000
0.048374 0.000000
0.019916 0.000000
-0.002332 0.000000
-0.019279 0.000000
-0.031725 0.000378
-0.040358 0.006719
-0.045769 0.031986
-0.048446 0.087849
-0.048930 0.176914
-0.047675 0.287343
-0.045110 0.394488
-0.041625 0.474051
-0.037569 0.512588
-0.033240 0.509391
-0.028880 0.472652
-0.024673 0.414248
-0.020750 0.345682
-0.017238 0.275925
-0.014124 0.210829
-0.011425 0.153479
-0.009131 0.104951
-0.007214 0.065079
-0.005638 0.033072
-0.004362 0.008300
-0.003341 -0.004643
-0.002536 0.006315
-0.001908 0.052080
-0.001424 0.134973
-0.001054 0.248147
-0.000774 0.379377
-0.000564 0.515153
-0.000409 0.638965
-0.000253 0.730464
-0.000139 0.774117
-0.000058 0.765868
0.000000 0.712760
0.000000 0.628290
0.000000 0.527305
0.000000 0.422508
0.000000 0.322937
0.000000 0.233906
0.000000 0.157748
0.000000 0.094773
0.000000 0.044135
0.000000 0.004470
0.000000 -0.025710
0.000000 -0.047443
0.000000 -0.056411
0.000000 -0.040775
0.000000 0.010134
0.000000 0.098023
0.000000 0.210226
0.000000 0.321350
0.000000 0.406470
0.000000 0.451506
0.000000 0.455262
0.000000 0.425542
0.000000 0.373878
0.000000 0.311617
0.000000 0.247591
0.000000 0.187575
0.000000 0.134636
0.000000 0.089863
0.000000 0.053134
0.000000 0.023715
0.000000 0.001045
0.000000 -0.010214
0.000000 0.002076
0.000000 0.048883
0.000000 0.132204
0.000000 0.239653
0.000000 0.346084
0.000000 0.426769
0.000000 0.467770
0.000000 0.467980
0.000000 0.435239
0.000000 0.381121
0.000000 0.316883
0.000000 0.251311
0.000000 0.190078
0.000000 0.136241
0.000000 0.090827
0.000000 0.053654
0.000000 0.023941
0.000000 0.000709
0.000000 -0.017001
0.000000 -0.030033
0.000000 -0.039110
0.000000 -0.044856
0.000000 -0.047824
0.000000 -0.048521
0.000000 -0.047423
0.000000 -0.044970
0.000000 -0.041567
0.000000 -0.037569
0.000000 -0.033240
0.000000 -0.028880
0.000000 -0.024673
0.000000 -0.020750
0.000000 -0.017238
0.000000 -0.014124
0.000000 -0.011425
0.000000 -0.009131
0.000000 -0.007214
0.000000 -0.005638
0.000000 -0.004362
0.000000 -0.003341
0.000000 -0.002536
0.000000 -0.001908
0.000000 -0.001424
0.000000 -0.001054
0.000000 -0.000774
0.000000 -0.000564
0.000000 -0.000409
0.000000 -0.000253
0.000000 -0.000139
0.000000 -0.000058
0.000000 0.000000
0.000000 0.000000
0.000000 0.000000
0.000000 0.000000
0.000000 0.000000
0.000000 0.000000
0.000000 0.000000
0.000000 0.000000
0.000000 0.000000
0.000000 0.000000
0.000000 0.000000
0.000000 0.000000
0.000000 0.000000
0.000000 0.000000
0.000000 0.000000
0.000000 0.000000
0.000000 0.000000
0.000000 0.000000
0.000000 0.000000
0.000000 0.000000
0.000000 0.000000
0.000000 0.000000
0.000000 0.000000
0.000000 0.000000
0.000000 0.000000
0.000000 0.000000
0.000000 0.000000
0.000000 0.000000
0.000000 0.000000
0.000000 0.000000
0.000000 0.000000
0.000000 0.000000
0.000000 0.000000
0.000000 0.000000
0.000000 0.000000
0.000000 0.000000
0.000000 0.000000
0.000000 0.000000
0.000000 0.000000
0.000000 0.000000
0.000000 0.000000
0.000000 0.000000
0.000000 0.000000
0.000000 0.000000
0.000000 0.000000
0.000000 0.000000
0.000000 0.000000
0.000000 0.000000
0.000000 0.000000
0.000000 0.000000
0.000000 0.000000
0.000000 0.000000
0.000000 0.000000
0.000000 0.000000
0.000000 0.000000
0.000000 0.000000
0.000000 0.000000
0.000000 0.000000
0.000000 0.000000
0.000000 0.000000
0.000000 0.000000
0.000000 0.000000
0.000000 0.000000
0.000000 0.000000
0.000000 0.000000
0.000000 0.000000
0.000000 0.000000
0.000000 0.000000
0.000000 0.000000
0.000000 0.000000
0.000000 0.000000
0.000000 0.000000
0.000000 0.000000
0.000000 0.000000
0.000000 0.000000
0.000000 0.000000
0.000000 0.000000
0.000000 0.000000
0.000000 0.000000
0.000000 0.000000
0.000000 0.000000
0.000000 0.000000
0.000000 0.000000
