0.000000 0.000000
0.000000 0.000000
0.000000 0.000000
0.000000 0.000000
0.000000 0.000000
0.000000 0.000000
0.000000 0.000000
0.000000 0.000000
0.000000 0.000000
0.000000 0.000000
0.000000 0.000000
0.000000 0.000000
0.000000 0.000000
0.000000 0.000000
0.000000 0.000000
0.000378 0.000000
0.006719 0.000000
0.031986 0.000000
0.087849 0.000000
0.177292 0.000000
0.294062 0.000000
0.426474 0.000000
0.561900 0.000000
0.689881 0.000000
0.803075 0.000000
0.892407 0.000000
0.944162 0.000000
0.947714 0.000000
0.902086 0.000000
0.815893 0.000000
0.703152 0.000000
0.578614 0.000000
0.454577 0.000000
0.339574 0.000000
0.238423 0.000000
0.153003 0.000000
0.083224 0.000000
0.027880 0.000000
-0.014725 0.000000
-0.046391 0.000000
-0.068825 0.000000
-0.083569 0.000000
-0.091993 0.000000
-0.095316 0.000378
-0.094623 0.006719
-0.090885 0.031986
-0.084965 0.087849
-0.077610 0.176914
-0.069458 0.287343
-0.061026 0.394488
-0.052720 0.474051
-0.044839 0.512588
-0.037586 0.509391
-0.031079 0.472652
-0.025370 0.414248
-0.020461 0.345682
-0.016313 0.275925
-0.012865 0.210829
-0.010041 0.153479
-0.007760 0.104951
-0.005941 0.065079
-0.004508 0.033072
-0.003014 0.007922
0.004189 -0.011363
0.030154 -0.025671
0.086542 -0.035769
0.176001 -0.042320
0.286720 -0.045915
0.394080 -0.047097
0.473799 -0.046369
0.512449 -0.044196
0.509332 -0.041002
0.472652 -0.037160
0.414248 -0.032988
0.345682 -0.028740
0.275925 -0.024614
0.210829 -0.020750
0.153479 -0.017238
0.104951 -0.014124
0.065079 -0.011425
0.033072 -0.009131
0.008300 -0.007214
-0.004643 -0.005638
0.006315 -0.004362
0.052080 -0.003341
0.134973 -0.002536
0.248147 -0.001908
0.379377 -0.001424
0.515531 -0.001054
0.645684 -0.000774
0.762073 -0.000564
0.855246 -0.000409
0.911174 -0.000253
0.918974 -0.000139
0.877472 -0.000058
0.795142 0.000000
0.685915 0.000000
0.564489 0.000000
0.443152 0.000000
0.330443 0.000000
0.231209 0.000000
0.147365 0.000000
0.078863 0.000000
0.024538 0.000000
-0.017262 0.000000
-0.048299 0.000378
-0.070248 0.006719
-0.084623 0.031986
-0.092767 0.087849
-0.095880 0.176914
-0.095031 0.287343
-0.091138 0.394488
-0.085104 0.474051
-0.077669 0.512588
-0.069458 0.509391
-0.061026 0.472652
-0.052720 0.414248
-0.044839 0.345682
-0.037586 0.275925
-0.031079 0.210829
-0.025370 0.153479
-0.020461 0.104951
-0.016313 0.065079
-0.012865 0.033072
-0.009663 0.007922
-0.001041 -0.011363
0.026045 -0.025671
0.083340 -0.035769
0.173901 -0.042320
0.291532 -0.045915
0.424642 -0.047097
0.560594 -0.046369
0.688967 -0.044196
0.802453 -0.041002
0.891998 -0.037160
0.943909 -0.032988
0.947574 -0.028740
0.902028 -0.024614
0.815893 -0.020750
0.703152 -0.017238
0.578614 -0.014124
0.454577 -0.011425
0.339574 -0.009131
0.238423 -0.007214
0.153003 -0.005638
0.083224 -0.004362
0.027880 -0.003341
-0.014725 -0.002536
-0.046391 -0.001530
-0.068825 0.005296
-0.083569 0.030932
-0.091993 0.087075
-0.095316 0.176350
-0.094623 0.286934
-0.090885 0.394236
-0.084965 0.473912
-0.077610 0.512530
-0.069458 0.509391
-0.061026 0.472652
-0.052720 0.414248
-0.044839 0.345682
-0.037586 0.275925
-0.031079 0.210829
-0.025370 0.153479
-0.020461 0.104951
-0.016313 0.065079
-0.012865 0.033072
-0.010041 0.007922
-0.007760 -0.011363
-0.005941 -0.025671
-0.004508 -0.035769
-0.003014 -0.042320
0.004189 -0.045915
0.030154 -0.047097
0.086542 -0.046369
0.176379 -0.044196
0.293440 -0.041002
0.426066 -0.037160
0.561647 -0.032988
0.689741 -0.028740
0.803395 -0.024614
0.898749 -0.020750
0.969428 -0.017238
1.003576 -0.014124
0.991530 -0.011425
0.932663 -0.009131
0.835564 -0.007214
0.714039 -0.005638
0.582558 -0.004362
0.453146 -0.003341
0.334096 -0.002536
0.230025 -0.001908
0.142639 -0.001424
0.071696 -0.001054
0.015851 -0.000774
-0.026719 -0.000564
-0.057938 -0.000031
-0.079625 0.006467
-0.093424 0.031847
-0.100793 0.087790
-0.103021 0.176914
-0.101250 0.287343
-0.096493 0.394488
-0.089639 0.474051
-0.081451 0.512588
-0.072572 0.509391
-0.063520 0.472652
-0.054695 0.414248
-0.046386 0.345682
-0.038784 0.275925
-0.031998 0.210829
-0.026069 0.153479
-0.020987 0.104951
-0.016706 0.065079
-0.013156 0.033072
-0.010255 0.008300
-0.007916 -0.004643
-0.006054 0.006315
-0.004589 0.052080
-0.003450 0.134595
-0.002531 0.241427
-0.001832 0.347391
-0.001306 0.427682
-0.000913 0.468392
-0.000622 0.468388
-0.000409 0.435492
-0.000253 0.381260
-0.000139 0.316941
-0.000058 0.251311
0.000000 0.190078
0.000000 0.136241
0.000000 0.090827
0.000000 0.053654
0.000000 0.023941
0.000000 0.001086
0.000000 -0.010281
0.000000 0.001953
0.000000 0.048738
0.000000 0.132059
0.000000 0.239519
0.000000 0.345967
0.000000 0.426629
0.000000 0.467618
0.000000 0.467824
0.000000 0.435083
0.000000 0.381007
0.000000 0.316802
0.000000 0.251253
0.000000 0.190078
0.000000 0.136241
0.000000 0.090827
0.000000 0.053654
0.000000 0.023941
0.000000 0.000709
0.000000 -0.017001
0.000000 -0.030033
0.000000 -0.039110
0.000378 -0.044856
0.006719 -0.047824
0.031986 -0.048521
0.087849 -0.047423
0.177292 -0.044970
0.294062 -0.041567
0.426474 -0.037569
0.561900 -0.033240
0.689881 -0.028880
0.803075 -0.024673
0.892407 -0.020750
0.944162 -0.017238
0.947714 -0.014124
0.902086 -0.011425
0.815893 -0.009131
0.703152 -0.007214
0.578614 -0.005638
0.454577 -0.004362
0.339574 -0.003341
0.238423 -0.002536
0.153003 -0.001908
0.083224 -0.001424
0.027880 -0.001054
-0.014725 -0.000774
-0.046391 -0.000564
-0.068825 -0.000031
-0.083569 0.006467
-0.091993 0.031847
-0.095316 0.087790
-0.094623 0.177292
-0.090885 0.294062
-0.084965 0.426474
-0.077610 0.561900
-0.069458 0.689881
-0.061026 0.803453
-0.052720 0.898749
-0.044839 0.969428
-0.037586 1.003576
-0.031079 0.991530
-0.025370 0.932663
-0.020461 0.835564
-0.016313 0.714039
-0.012865 0.582558
-0.010041 0.453146
-0.007760 0.334096
-0.005941 0.230025
-0.004508 0.142639
-0.003391 0.071696
-0.002531 0.015851
-0.001832 -0.026719
-0.001306 -0.057938
-0.000913 -0.079625
-0.000622 -0.093424
-0.000409 -0.100415
-0.000253 -0.096301
-0.000139 -0.069264
-0.000058 -0.008645
0.000000 0.087653
0.000000 0.212611
0.000000 0.353902
0.000000 0.498380
0.000000 0.635186
0.000000 0.756689
0.000000 0.853623
0.000000 0.912164
0.000000 0.921645
0.000000 0.881099
0.000000 0.799187
0.000000 0.689997
0.000000 0.568359
0.000000 0.446661
0.000000 0.333520
0.000000 0.233833
0.000000 0.149554
0.000000 0.080694
0.000000 0.026047
0.000000 -0.016032
0.000378 -0.047304
0.006719 -0.069447
0.031986 -0.083977
0.087849 -0.092246
0.177292 -0.095455
0.293684 -0.094681
0.419755 -0.090885
0.529914 -0.084965
0.602032 -0.077610
0.626161 -0.069458
0.605064 -0.061026
0.549673 -0.052720
0.473662 -0.044839
0.389498 -0.037586
0.306502 -0.031079
0.230500 -0.025370
0.164366 -0.020461
0.108895 -0.016313
0.063648 -0.012865
0.027594 -0.010041
-0.000098 -0.007760
-0.015008 -0.005941
-0.005214 -0.004508
0.040051 -0.003391
0.122979 -0.002531
0.236222 -0.001832
0.361857 -0.001306
0.473689 -0.000913
0.549036 -0.000622
0.577453 -0.000409
0.561276 -0.000253
0.511078 -0.000139
0.440248 -0.000058
0.361042 0.000000
0.282637 0.000000
0.210768 0.000000
0.148267 0.000000
0.095924 0.000000
0.053320 0.000000
0.019462 0.000000
-0.006434 0.000000
-0.019895 0.000000
-0.008948 0.000000
0.037224 0.000000
0.120479 0.000000
0.228301 0.000000
0.335424 0.000000
0.416972 0.000000
0.458970 0.000000
0.460275 0.000000
0.428612 0.000000
0.375512 0.000000
0.312209 0.000000
0.247470 0.000000
0.186963 0.000000
0.133747 0.000000
0.088852 0.000000
0.052108 0.000000
0.022743 0.000000
-0.000210 0.000378
-0.017699 0.006719
-0.030559 0.031986
-0.039503 0.087849
-0.045147 0.176914
-0.048037 0.287343
-0.048677 0.394488
-0.047536 0.474051
-0.045052 0.512588
-0.041625 0.509391
-0.037569 0.472652
-0.033240 0.414248
-0.028880 0.345682
-0.024673 0.275925
-0.020750 0.210829
-0.017238 0.153479
-0.014124 0.104951
-0.011425 0.065079
-0.009131 0.033072
-0.006836 0.007922
0.001081 -0.011363
0.027625 -0.025671
0.084507 -0.035769
0.174756 -0.042320
0.292154 -0.045915
0.425050 -0.047097
0.560469 -0.046369
0.682387 -0.044196
0.770902 -0.041002
0.810869 -0.037160
0.798603 -0.032988
0.741361 -0.028740
0.652846 -0.024614
0.548055 -0.020750
0.439746 -0.017238
0.337061 -0.014124
0.245331 -0.011425
0.166879 -0.009131
0.101987 -0.007214
0.049773 -0.005638
0.008832 -0.004362
-0.021991 -0.003341
-0.038565 -0.002536
-0.029236 -0.001908
0.016511 -0.001424
0.100254 -0.001054
0.209225 -0.000774
0.317935 -0.000564
0.401322 -0.000409
0.445260 -0.000253
0.448448 -0.000139
0.418582 -0.000058
0.367137 0.000000
0.305312 0.000000
0.241861 0.000000
0.182494 0.000000
0.130226 0.000000
0.086108 0.000000
0.049991 0.000000
0.021126 0.000000
-0.001057 0.000000
-0.011898 0.000000
0.000744 0.000000
0.047841 0.000000
0.131775 0.000000
0.245756 0.000000
0.377225 0.000000
0.507505 0.000000
0.612785 0.000000
0.673980 0.000000
0.684265 0.000000
0.648845 0.000000
0.580208 0.000000
0.492806 0.000000
0.399324 0.000000
0.308936 0.000000
0.227263 0.000000
0.156885 0.000000
0.098334 0.000000
0.050957 0.000000
0.013558 0.000000
-0.015202 0.000378
-0.036597 0.006719
-0.051764 0.031986
-0.061699 0.087849
-0.067284 0.177292
-0.069316 0.294062
-0.068527 0.426474
-0.065589 0.561522
-0.061110 0.683161
-0.055587 0.771467
-0.049535 0.811278
-0.043328 0.798855
-0.037255 0.741500
-0.031570 0.652904
-0.026360 0.548055
-0.021707 0.439746
-0.017645 0.337061
-0.014169 0.245331
-0.011247 0.166879
-0.008831 0.101987
-0.006862 0.049773
-0.005280 0.008832
-0.004025 -0.021991
-0.003041 -0.038565
-0.002278 -0.029236
-0.001693 0.016511
-0.001248 0.100632
-0.000913 0.215567
-0.000622 0.343202
-0.000409 0.457185
-0.000253 0.534704
-0.000139 0.565218
-0.000058 0.550994
0.000000 0.502563
0.000000 0.433292
0.000000 0.355433
0.000000 0.278167
0.000000 0.207247
0.000000 0.145523
0.000000 0.093807
0.000000 0.051703
0.000000 0.018237
0.000378 -0.007731
0.006719 -0.027299
0.031986 -0.041439
0.087849 -0.050994
0.177292 -0.056705
0.294062 -0.059236
0.426474 -0.059204
0.561900 -0.057138
0.689503 -0.053618
0.796733 -0.049116
0.867140 -0.044040
0.888299 -0.038735
0.858270 -0.033472
0.785316 -0.028455
0.683481 -0.023865
0.567727 -0.019732
0.450633 -0.016099
0.341005 -0.012971
0.243900 -0.010328
0.161401 -0.008133
0.093589 -0.006336
0.039408 -0.004888
-0.002697 -0.003734
-0.034397 -0.002827
-0.057278 -0.001744
-0.072769 0.005140
-0.082138 0.030819
-0.086516 0.086993
-0.086918 0.176670
-0.084258 0.293654
-0.079357 0.426222
-0.072936 0.561760
-0.065617 0.689822
-0.057911 0.803453
-0.050225 0.898749
-0.042865 0.969428
-0.036040 1.003576
-0.029881 0.991530
-0.024451 0.932663
-0.019762 0.835564
-0.015787 0.714039
-0.012472 0.582558
-0.009750 0.453146
-0.007546 0.334096
-0.005785 0.230025
-0.004395 0.142639
-0.003310 0.071696
-0.002472 0.015851
-0.001832 -0.026719
-0.001306 -0.057560
-0.000913 -0.072906
-0.000622 -0.061438
-0.000409 -0.012945
-0.000253 0.074272
-0.000139 0.192434
-0.000058 0.323261
0.000000 0.440275
0.000000 0.520581
0.000000 0.553588
0.000000 0.541544
0.000000 0.494979
0.000000 0.427277
0.000000 0.350714
0.000000 0.274504
0.000000 0.204432
0.000000 0.143379
0.000000 0.092190
0.000000 0.050493
0.000000 0.017339
0.000378 -0.008392
0.006719 -0.027782
0.031986 -0.041789
0.087849 -0.051247
0.176914 -0.056844
0.287343 -0.059294
0.394488 -0.059204
0.474051 -0.057138
0.512588 -0.053618
0.509391 -0.049116
0.472652 -0.044040
0.414248 -0.038735
0.345682 -0.033472
0.275925 -0.028455
0.210829 -0.023865
0.153479 -0.019732
0.104951 -0.016099
0.065079 -0.012971
0.033072 -0.010328
0.007922 -0.007755
-0.011363 0.000383
-0.025671 0.027099
-0.035769 0.084114
-0.042320 0.174087
-0.045915 0.285221
-0.047097 0.392908
-0.046369 0.472885
-0.044196 0.511733
-0.041002 0.508768
-0.037160 0.472244
-0.032988 0.413995
-0.028740 0.345542
-0.024614 0.275867
-0.020750 0.210829
-0.017238 0.153479
-0.014124 0.104951
-0.011425 0.065079
-0.009131 0.033072
-0.007214 0.008300
-0.005638 -0.004643
-0.004362 0.006315
-0.003341 0.052080
-0.002536 0.134973
-0.001908 0.247769
-0.001424 0.372657
-0.001054 0.483545
-0.000774 0.557836
-0.000564 0.585158
-0.000409 0.567904
-0.000253 0.516686
-0.000139 0.444922
-0.000058 0.364883
0.000000 0.285752
0.000000 0.213263
0.000000 0.150242
0.000000 0.097470
0.000000 0.054518
0.000000 0.020380
0.000000 -0.006114
0.000000 -0.026089
0.000000 -0.040541
0.000378 -0.050333
0.006719 -0.056222
0.031986 -0.058886
0.087849 -0.058951
0.177292 -0.056999
0.293684 -0.053560
0.419755 -0.049116
0.529914 -0.044040
0.602032 -0.038735
0.626161 -0.033472
0.605064 -0.028455
0.549673 -0.023865
0.473662 -0.019732
0.389498 -0.016099
0.306502 -0.012971
0.230500 -0.010328
0.164366 -0.008133
0.108895 -0.006336
0.063648 -0.004888
0.027594 -0.003734
-0.000098 -0.002827
-0.015008 -0.002122
-0.005214 -0.001580
0.040051 -0.001167
0.122601 -0.000855
0.229881 -0.000622
0.336590 -0.000409
0.417827 -0.000253
0.459592 -0.000139
0.460683 -0.000058
0.428864 0.000000
0.375652 0.000000
0.312267 0.000000
0.247470 0.000000
0.186963 0.000000
0.133747 0.000000
0.088852 0.000000
0.052108 0.000000
0.022743 0.000000
0.000167 0.000000
-0.010980 0.000000
0.001427 0.000000
0.048346 0.000000
0.132145 0.000000
0.246025 0.000000
0.377797 0.000000
0.514364 0.000000
0.644829 0.000000
0.761450 0.000000
0.854838 0.000000
0.910921 0.000000
0.918834 0.000000
0.877413 0.000000
0.795142 0.000000
0.685915 0.000000
0.564489 0.000000
0.443152 0.000000
0.330443 0.000000
0.231209 0.000000
0.147365 0.000000
0.078863 0.000000
0.024538 0.000000
-0.017262 0.000000
-0.048299 0.000378
-0.070248 0.006719
-0.084623 0.031986
-0.092767 0.087849
-0.095880 0.177292
-0.095031 0.294062
-0.091138 0.426474
-0.085104 0.561900
-0.077669 0.689881
-0.069458 0.803075
-0.061026 0.892407
-0.052720 0.944162
-0.044839 0.947714
-0.037586 0.902086
-0.031079 0.815893
-0.025370 0.703152
-0.020461 0.578614
-0.016313 0.454577
-0.012865 0.339574
-0.010041 0.238423
-0.007760 0.153003
-0.005941 0.083224
-0.004508 0.027880
-0.003391 -0.014725
-0.002153 -0.046391
0.004887 -0.068825
0.030680 -0.083569
0.086935 -0.091993
0.176292 -0.095316
0.286934 -0.094623
0.394236 -0.090885
0.473912 -0.084965
0.512530 -0.077610
0.509391 -0.069458
0.472652 -0.061026
0.414248 -0.052720
0.345682 -0.044839
0.275925 -0.037586
0.210829 -0.031079
0.153479 -0.025370
0.104951 -0.020461
0.065079 -0.016313
0.033072 -0.012865
0.007922 -0.010041
-0.011363 -0.007760
-0.025671 -0.005941
-0.035769 -0.004130
-0.042320 0.003328
-0.045915 0.029455
-0.047097 0.086016
-0.046369 0.175986
-0.044196 0.293149
-0.041002 0.425852
-0.037160 0.561491
-0.032988 0.689628
-0.028740 0.803313
-0.024614 0.898690
-0.020750 0.969428
-0.017238 1.003576
-0.014124 0.991530
-0.011425 0.932663
-0.009131 0.835564
-0.007214 0.714039
-0.005638 0.582558
-0.004362 0.453146
-0.003341 0.334096
-0.002536 0.230025
-0.001908 0.142639
-0.001424 0.071696
-0.001054 0.015851
-0.000774 -0.026719
-0.000564 -0.057560
-0.000409 -0.072906
-0.000253 -0.061438
-0.000139 -0.012945
-0.000058 0.074272
0.000000 0.192434
0.000000 0.323261
0.000000 0.440275
0.000000 0.520581
0.000000 0.553588
0.000000 0.541544
0.000000 0.494979
0.000000 0.427277
0.000000 0.350714
0.000000 0.274504
0.000000 0.204432
0.000000 0.143379
0.000000 0.092190
0.000000 0.050493
0.000000 0.017339
0.000000 -0.008392
0.000000 -0.027782
0.000000 -0.041789
0.000000 -0.051247
0.000000 -0.056844
0.000000 -0.059294
0.000000 -0.059204
0.000000 -0.057138
0.000000 -0.053618
0.000000 -0.049116
0.000000 -0.044040
0.000000 -0.038735
0.000000 -0.033472
0.000000 -0.028455
0.000000 -0.023865
0.000000 -0.019732
0.000000 -0.016099
0.000000 -0.012971
0.000000 -0.010328
0.000000 -0.008133
0.000000 -0.006336
0.000000 -0.004888
0.000000 -0.003734
0.000000 -0.002827
0.000000 -0.002122
0.000000 -0.001580
0.000000 -0.001167
0.000000 -0.000855
0.000000 -0.000622
0.000000 -0.000409
0.000000 -0.000253
0.000000 -0.000139
0.000000 -0.000058
0.000000 0.000000
0.000000 0.000000
0.000000 0.000000
0.000000 0.000000
0.000000 0.000000
0.000000 0.000000
0.000000 0.000000
0.000000 0.000000
0.000000 0.000000
0.000000 0.000000
0.000000 0.000000
0.000000 0.000000
0.000000 0.000000
0.000000 0.000000
0.000000 0.000000
0.000000 0.000000
0.000000 0.000000
0.000000 0.000000
0.000000 0.000000
0.000000 0.000000
0.000000 0.000000
0.000000 0.000000
0.000000 0.000000
0.000000 0.000000
0.000000 0.000000
0.000000 0.000000
0.000000 0.000000
0.000000 0.000000
0.000000 0.000000
0.000000 0.000000
0.000000 0.000000
0.000000 0.000000
0.000000 0.000000
0.000000 0.000000
0.000000 0.000000
0.000000 0.000000
0.000000 0.000000
0.000000 0.000000
0.000000 0.000000
0.000000 0.000000
0.000000 0.000000
0.000000 0.000000
0.000000 0.000000
0.000000 0.000000
0.000000 0.000000
0.000000 0.000000
0.000000 0.000000
0.000000 0.000000
0.000000 0.000000
0.000000 0.000000
0.000000 0.000000
0.000000 0.000000
0.000000 0.000000
0.000000 0.000000
0.000000 0.000000
0.000000 0.000000
0.000000 0.000000
0.000000 0.000000
0.000000 0.000000
0.000000 0.000000
0.000000 0.000000
0.000000 0.000000
0.000000 0.000000
0.000000 0.000000
0.000000 0.000000
0.000000 0.000000
0.000000 0.000000
