0.000000 0.000000
0.000000 0.000000
0.000000 0.000000
0.000000 0.000000
0.000000 0.000000
0.000000 0.000000
0.000000 0.000000
0.000000 0.000000
0.000000 0.000000
0.000000 0.000000
0.000000 0.000000
0.000000 0.000000
0.000000 0.000000
0.000000 0.000000
0.000000 0.000000
0.000378 0.000000
0.006719 0.000000
0.031986 0.000000
0.087849 0.000000
0.177292 0.000000
0.294062 0.000000
0.426474 0.000000
0.561900 0.000000
0.689881 0.000000
0.803075 0.000000
0.892407 0.000000
0.944162 0.000000
0.947714 0.000000
0.902086 0.000000
0.815893 0.000000
0.703152 0.000000
0.578614 0.000000
0.454577 0.000000
0.339574 0.000000
0.238423 0.000000
0.153003 0.000000
0.083224 0.000000
0.027880 0.000000
-0.014725 0.000000
-0.046013 0.000000
-0.062105 0.000000
-0.051583 0.000000
-0.004145 0.000000
0.081976 0.000000
0.199440 0.000000
0.335589 0.000000
0.476935 0.000000
0.611892 0.000000
0.727276 0.000000
0.806115 0.000000
0.835579 0.000000
0.813431 0.000000
0.747730 0.000000
0.652402 0.000000
0.542356 0.000000
0.430172 0.000000
0.324692 0.000000
0.231036 0.000000
0.151361 0.000000
0.085829 0.000000
0.033467 0.000000
-0.007205 0.000000
-0.037411 0.000000
-0.053089 0.000000
-0.042615 0.000000
0.004404 0.000000
0.089863 0.000000
0.206522 0.000000
0.341808 0.000000
0.481913 0.000000
0.610085 0.000000
0.705792 0.000000
0.753367 0.000000
0.748630 0.000000
0.698635 0.000000
0.616864 0.000000
0.518174 0.000000
0.415295 0.000000
0.317299 0.000000
0.229545 0.000000
0.154407 0.000000
0.092237 0.000000
0.042227 0.000000
0.003046 0.000000
-0.026386 0.000000
-0.041875 0.000000
-0.031708 0.000000
0.014679 0.000000
0.098948 0.000000
0.208311 0.000000
0.317313 0.000000
0.400914 0.000000
0.445007 0.000000
0.448308 0.000000
0.418524 0.000000
0.367137 0.000000
0.305312 0.000000
0.241861 0.000000
0.182494 0.000000
0.130226 0.000000
0.086108 0.000000
0.049991 0.000000
0.021126 0.000000
-0.001435 0.000378
-0.018618 0.006719
-0.031242 0.031986
-0.040008 0.087849
-0.045517 0.176914
-0.048306 0.287343
-0.048872 0.394488
-0.047675 0.474051
-0.045110 0.512588
-0.041625 0.509391
-0.037569 0.472652
-0.033240 0.414248
-0.028880 0.345682
-0.024673 0.275925
-0.020750 0.210829
-0.017238 0.153479
-0.014124 0.104951
-0.011425 0.065079
-0.009131 0.033072
-0.006836 0.007922
0.001081 -0.011363
0.027625 -0.025671
0.084507 -0.035769
0.174756 -0.042320
0.292154 -0.045915
0.425050 -0.047097
0.560469 -0.046369
0.682387 -0.044196
0.770902 -0.041002
0.810869 -0.037160
0.798603 -0.032988
0.741361 -0.028740
0.652846 -0.024614
0.548055 -0.020750
0.439746 -0.017238
0.337061 -0.014124
0.245331 -0.011425
0.166879 -0.009131
0.101987 -0.007214
0.049773 -0.005638
0.008832 -0.004362
-0.022369 -0.003341
-0.045284 -0.002536
-0.061222 -0.001908
-0.071338 -0.001424
-0.076660 -0.001054
-0.078118 -0.000396
-0.076553 0.006155
-0.072729 0.031578
-0.067328 0.087596
-0.060943 0.176775
-0.054070 0.287285
-0.047111 0.394488
-0.040370 0.474051
-0.034065 0.512588
-0.028335 0.509391
-0.023253 0.472652
-0.018843 0.414248
-0.015088 0.345682
-0.011946 0.275925
-0.009357 0.210829
-0.007255 0.153479
-0.005571 0.104951
-0.004239 0.065079
-0.003197 0.033072
-0.002013 0.007922
0.004945 -0.011363
0.030680 -0.025671
0.086935 -0.035769
0.176292 -0.042320
0.286934 -0.045915
0.394236 -0.047097
0.473912 -0.046369
0.512530 -0.044196
0.509391 -0.041002
0.472652 -0.037160
0.414248 -0.032988
0.345682 -0.028740
0.275925 -0.024614
0.210829 -0.020750
0.153479 -0.017238
0.104951 -0.014124
0.065079 -0.011425
0.033072 -0.009131
0.007922 -0.007214
-0.011363 -0.005638
-0.025671 -0.004362
-0.035769 -0.003341
-0.042320 -0.002536
-0.045538 -0.001908
-0.040378 -0.001424
-0.014383 -0.001054
0.043652 -0.000774
0.136290 -0.000564
0.256902 -0.000409
0.393487 -0.000253
0.533160 -0.000139
0.665266 -0.000058
0.782702 0.000000
0.881511 0.000000
0.955304 0.000000
0.992151 0.000000
0.982399 0.000000
0.925449 0.000000
0.829926 0.000000
0.709678 0.000000
0.579216 0.000000
0.450610 0.000000
0.332188 0.000000
0.228601 0.000000
0.141585 0.000000
0.070922 0.000000
0.015287 0.000000
-0.027128 0.000000
-0.058190 0.000378
-0.079764 0.006719
-0.093483 0.031986
-0.100793 0.087849
-0.103021 0.177292
-0.101250 0.294062
-0.096493 0.426096
-0.089639 0.555180
-0.081451 0.657895
-0.072572 0.715604
-0.063520 0.721834
-0.054695 0.682085
-0.046386 0.609088
-0.038784 0.517478
-0.031998 0.420074
-0.026069 0.326174
-0.020987 0.241387
-0.016706 0.168310
-0.013156 0.107464
-0.010255 0.058171
-0.007916 0.019196
-0.006054 -0.010463
-0.004589 -0.026536
-0.003450 -0.017242
-0.002531 0.028058
-0.001832 0.111054
-0.001306 0.219080
-0.000913 0.326735
-0.000622 0.409027
-0.000409 0.451887
-0.000253 0.454056
-0.000139 0.423256
-0.000058 0.370978
0.000000 0.308427
0.000000 0.244355
0.000000 0.184469
0.000000 0.131772
0.000000 0.087306
0.000000 0.050910
0.000000 0.021824
0.000378 -0.000909
0.006719 -0.018225
0.031986 -0.030951
0.087849 -0.039794
0.177292 -0.045361
0.293684 -0.048193
0.419755 -0.048790
0.529914 -0.047617
0.602032 -0.045110
0.626161 -0.041625
0.605064 -0.037569
0.549673 -0.033240
0.473662 -0.028880
0.389498 -0.024673
0.306502 -0.020750
0.230500 -0.017238
0.164366 -0.014124
0.108895 -0.011425
0.063648 -0.009131
0.027594 -0.007214
-0.000476 -0.005638
-0.021727 -0.003984
-0.037200 0.003378
-0.047797 0.029450
-0.054313 0.085940
-0.057462 0.175491
-0.057898 0.286289
-0.056225 0.393714
-0.052996 0.473487
-0.048707 0.512180
-0.043788 0.509138
-0.038596 0.472513
-0.033414 0.414189
-0.028455 0.345682
-0.023865 0.275925
-0.019732 0.210829
-0.016099 0.153479
-0.012971 0.104951
-0.010328 0.065079
-0.008133 0.033072
-0.005959 0.007922
0.001832 -0.011363
0.028252 -0.025671
0.085021 -0.035769
0.175170 -0.042320
0.292483 -0.045915
0.425307 -0.047097
0.561045 -0.046369
0.688880 -0.044196
0.796325 -0.041002
0.866888 -0.037160
0.888160 -0.032988
0.858212 -0.028740
0.785316 -0.024614
0.683481 -0.020750
0.567727 -0.017238
0.450633 -0.014124
0.341005 -0.011425
0.243900 -0.009131
0.161401 -0.007214
0.093589 -0.005638
0.039408 -0.004362
-0.002697 -0.003341
-0.034019 -0.002536
-0.050558 -0.001908
-0.040783 -0.001424
0.005711 -0.001054
0.090398 -0.000774
0.200425 -0.000564
0.310230 -0.000409
0.394695 -0.000253
0.439652 -0.000139
0.443774 -0.000058
0.414741 0.000000
0.364022 0.000000
0.302817 0.000000
0.239886 0.000000
0.180948 0.000000
0.129028 0.000000
0.085189 0.000000
0.049293 0.000000
0.020600 0.000000
-0.001450 0.000000
-0.012189 0.000000
0.000530 0.000000
0.047685 0.000000
0.131662 0.000000
0.245674 0.000000
0.377544 0.000000
0.513847 0.000000
0.638051 0.000000
0.729842 0.000000
0.773709 0.000000
0.765615 0.000000
0.712620 0.000000
0.628231 0.000000
0.527305 0.000000
0.422508 0.000000
0.322937 0.000000
0.233906 0.000000
0.157748 0.000000
0.094773 0.000000
0.044135 0.000000
0.004470 0.000000
-0.025332 0.000000
-0.041101 0.000000
-0.031144 0.000000
0.015087 0.000000
0.099200 0.000000
0.208451 0.000000
0.317371 0.000000
0.400914 0.000000
0.445007 0.000000
0.448308 0.000000
0.418524 0.000000
0.367137 0.000000
0.305312 0.000000
0.241861 0.000000
0.182494 0.000000
0.130226 0.000000
0.086108 0.000000
0.049991 0.000000
0.021126 0.000000
-0.001435 0.000378
-0.018618 0.006719
-0.031242 0.031986
-0.040008 0.087849
-0.045517 0.177292
-0.048306 0.293684
-0.048872 0.419755
-0.047675 0.529914
-0.045110 0.602032
-0.041625 0.626161
-0.037569 0.605064
-0.033240 0.549673
-0.028880 0.473662
-0.024673 0.389498
-0.020750 0.306502
-0.017238 0.230500
-0.014124 0.164366
-0.011425 0.108895
-0.009131 0.063648
-0.007214 0.027594
-0.005260 -0.000476
0.002358 -0.021727
0.028645 -0.037200
0.085312 -0.047797
0.175384 -0.054313
0.292261 -0.057462
0.418701 -0.057898
0.529140 -0.056225
0.601468 -0.052996
0.625752 -0.048707
0.604812 -0.043788
0.549534 -0.038596
0.473604 -0.033414
0.389498 -0.028455
0.306502 -0.023865
0.230500 -0.019732
0.164366 -0.016099
0.108895 -0.012971
0.063648 -0.010328
0.027594 -0.008133
-0.000098 -0.006336
-0.015008 -0.004888
-0.005214 -0.003734
0.040051 -0.002827
0.122601 -0.002122
0.229881 -0.001580
0.336590 -0.001167
0.417827 -0.000855
0.459592 -0.000622
0.460683 -0.000409
0.428864 -0.000253
0.375652 -0.000139
0.312267 -0.000058
0.247470 0.000000
0.186963 0.000000
0.133747 0.000000
0.088852 0.000000
0.052108 0.000000
0.022743 0.000000
-0.000210 0.000000
-0.017699 0.000000
-0.030559 0.000000
-0.039503 0.000000
-0.044769 0.000000
-0.041318 0.000000
-0.016691 0.000000
0.040313 0.000000
0.132241 0.000000
0.252060 0.000000
0.382186 0.000000
0.496674 0.000000
0.573152 0.000000
0.601488 0.000000
0.584314 0.000000
0.532436 0.000000
0.459538 0.000000
0.378072 0.000000
0.297372 0.000000
0.223287 0.000000
0.158728 0.000000
0.104534 0.000000
0.060307 0.000000
0.025058 0.000000
-0.002006 0.000000
-0.016431 0.000000
-0.006267 0.000000
0.039277 0.000000
0.122415 0.000000
0.236192 0.000000
0.368324 0.000000
0.505536 0.000000
0.636449 0.000000
0.748026 0.000000
0.823352 0.000000
0.849703 0.000000
0.824856 0.000000
0.756861 0.000000
0.659616 0.000000
0.547994 0.000000
0.434534 0.000000
0.328033 0.000000
0.233572 0.000000
0.153269 0.000000
0.087252 0.000000
0.034521 0.000000
-0.006431 0.000000
-0.037224 0.000000
-0.059400 0.000378
-0.074348 0.006719
-0.083305 0.031986
-0.087371 0.087849
-0.087540 0.177292
-0.084666 0.293684
-0.079609 0.419755
-0.073076 0.529914
-0.065675 0.602032
-0.057911 0.626161
-0.050225 0.605064
-0.042865 0.549673
-0.036040 0.473662
-0.029881 0.389498
-0.024451 0.306502
-0.019762 0.230500
-0.015787 0.164366
-0.012472 0.108895
-0.009750 0.063648
-0.007546 0.027594
-0.005785 -0.000476
-0.004395 -0.021350
-0.003310 -0.030480
-0.002472 -0.015811
-0.001832 0.033535
-0.001306 0.119452
-0.000913 0.229445
-0.000622 0.338263
-0.000409 0.421055
-0.000253 0.463881
-0.000139 0.465603
-0.000058 0.434056
0.000000 0.380833
0.000000 0.317226
0.000000 0.252060
0.000000 0.191096
0.000000 0.137380
0.000000 0.091980
0.000000 0.054751
0.000000 0.024939
0.000378 0.001586
0.006719 -0.016250
0.031986 -0.029405
0.087849 -0.038596
0.176914 -0.044442
0.287343 -0.047495
0.394488 -0.048264
0.474051 -0.047224
0.512588 -0.044819
0.509391 -0.041411
0.472652 -0.037413
0.414248 -0.033127
0.345682 -0.028798
0.275925 -0.024614
0.210829 -0.020750
0.153479 -0.017238
0.104951 -0.014124
0.065079 -0.011425
0.033072 -0.009131
0.007922 -0.006836
-0.011363 0.001081
-0.025671 0.027625
-0.035769 0.084507
-0.042320 0.174756
-0.045915 0.292154
-0.047097 0.425050
-0.046369 0.560846
-0.044196 0.689107
-0.041002 0.802889
-0.037160 0.898340
-0.032988 0.969176
-0.028740 1.003437
-0.024614 0.991471
-0.020750 0.932663
-0.017238 0.835564
-0.014124 0.714039
-0.011425 0.582558
-0.009131 0.453146
-0.007214 0.334096
-0.005638 0.230025
-0.004362 0.142639
-0.003341 0.071696
-0.002536 0.015851
-0.001908 -0.026719
-0.001046 -0.057938
0.005666 -0.079625
0.031212 -0.093424
0.087284 -0.100793
0.176506 -0.103021
0.287090 -0.101250
0.394349 -0.096493
0.473993 -0.089639
0.512588 -0.081451
0.509391 -0.072572
0.472652 -0.063520
0.414248 -0.054695
0.345682 -0.046386
0.275925 -0.038784
0.210829 -0.031998
0.153479 -0.026069
0.104951 -0.020987
0.065079 -0.016706
0.033072 -0.013156
0.007922 -0.010255
-0.011363 -0.007538
-0.025671 0.000665
-0.035769 0.027397
-0.042320 0.084399
-0.045915 0.174762
-0.047097 0.292230
-0.046369 0.425168
-0.044196 0.560987
-0.041002 0.689258
-0.037160 0.803044
-0.032988 0.898496
-0.028740 0.969289
-0.024614 1.003518
-0.020750 0.991530
-0.017238 0.932663
-0.014124 0.835564
-0.011425 0.714039
-0.009131 0.582558
-0.007214 0.453146
-0.005638 0.334096
-0.004362 0.230025
-0.003341 0.142639
-0.002536 0.071696
-0.001908 0.015851
-0.001424 -0.026719
-0.001054 -0.057560
-0.000774 -0.072906
-0.000564 -0.061438
-0.000409 -0.012945
-0.000253 0.074272
-0.000139 0.192434
-0.000058 0.323261
0.000000 0.440275
0.000000 0.520581
0.000000 0.553588
0.000000 0.541544
0.000000 0.494979
0.000000 0.427277
0.000000 0.350714
0.000000 0.274504
0.000000 0.204432
0.000000 0.143379
0.000000 0.092190
0.000000 0.050493
0.000000 0.017339
0.000000 -0.008014
0.000000 -0.021062
0.000000 -0.009803
0.000000 0.036602
0.000000 0.120448
0.000000 0.234390
0.000000 0.360551
0.000000 0.472776
0.000000 0.548414
0.000000 0.577045
0.000000 0.561024
0.000000 0.510938
0.000000 0.440190
0.000000 0.361042
0.000000 0.282637
0.000000 0.210768
0.000000 0.148267
0.000000 0.095924
0.000000 0.053320
0.000000 0.019462
0.000000 -0.006434
0.000000 -0.019895
0.000000 -0.008948
0.000000 0.037224
0.000000 0.120857
0.000000 0.235020
0.000000 0.367410
0.000000 0.504820
0.000000 0.636262
0.000000 0.753959
0.000000 0.848366
0.000000 0.905426
0.000000 0.914241
0.000000 0.873631
0.000000 0.792028
0.000000 0.683420
0.000000 0.562514
0.000000 0.441606
0.000000 0.329245
0.000000 0.230290
0.000000 0.146667
0.000000 0.078337
0.000000 0.024145
0.000000 -0.017553
0.000000 -0.048513
0.000000 -0.070404
0.000000 -0.084736
0.000000 -0.092849
0.000000 -0.095560
0.000000 -0.088312
0.000000 -0.059152
0.000000 0.002744
0.000000 0.099624
0.000000 0.224605
0.000000 0.365071
0.000000 0.502460
0.000000 0.613055
0.000000 0.678018
0.000000 0.690755
0.000000 0.656715
0.000000 0.588627
0.000000 0.501165
0.000000 0.407210
0.000000 0.316133
0.000000 0.233627
0.000000 0.162369
0.000000 0.102956
0.000000 0.054779
0.000000 0.016666
0.000000 -0.012673
0.000000 -0.034562
0.000000 -0.050141
0.000000 -0.060413
0.000000 -0.066269
0.000000 -0.068137
0.000000 -0.061173
0.000000 -0.033096
0.000000 0.027148
0.000000 0.121957
0.000000 0.244666
0.000000 0.383204
0.000000 0.524645
0.000000 0.657933
0.000000 0.770373
0.000000 0.845433
0.000000 0.870654
0.000000 0.844101
0.000000 0.774068
0.000000 0.674650
0.000000 0.560864
0.000000 0.445353
0.000000 0.336980
0.000000 0.240859
0.000000 0.159123
0.000000 0.091896
0.000000 0.038160
0.000000 -0.003610
0.000000 -0.035020
0.000000 -0.057686
0.000000 -0.073021
0.000000 -0.081900
0.000000 -0.079855
0.000000 -0.054932
0.000000 0.003591
0.000000 0.097558
0.000000 0.214406
0.000000 0.328871
0.000000 0.416141
0.000000 0.462363
0.000000 0.466526
0.000000 0.436612
0.000000 0.384367
0.000000 0.321230
0.000000 0.256163
0.000000 0.195042
0.000000 0.141007
0.000000 0.095201
0.000000 0.057533
0.000000 0.027287
0.000000 0.003527
0.000000 -0.014673
0.000000 -0.027766
0.000000 -0.030881
0.000000 -0.011640
0.000000 0.041020
0.000000 0.129195
0.000000 0.240565
0.000000 0.350039
0.000000 0.432910
0.000000 0.475370
0.000000 0.476403
0.000000 0.443912
0.000000 0.389633
0.000000 0.324931
0.000000 0.258688
0.000000 0.196704
0.000000 0.142054
0.000000 0.095821
0.000000 0.057866
0.000000 0.027434
0.000000 0.003561
0.000000 -0.014704
0.000000 -0.027830
0.000000 -0.030957
0.000000 -0.011757
0.000000 0.040879
0.000000 0.129421
0.000000 0.247129
0.000000 0.381869
0.000000 0.520267
0.000000 0.645861
0.000000 0.738421
0.000000 0.782538
0.000000 0.774241
0.000000 0.720750
0.000000 0.635666
0.000000 0.533931
0.000000 0.428321
0.000000 0.327930
0.000000 0.238117
0.000000 0.161241
0.000000 0.097625
0.000000 0.046432
0.000000 0.006295
0.000000 -0.024277
0.000000 -0.046708
0.000000 -0.062276
0.000000 -0.072112
0.000000 -0.077225
0.000000 -0.078526
0.000000 -0.076805
0.000000 -0.072869
0.000000 -0.067387
0.000000 -0.060943
0.000000 -0.054070
0.000000 -0.047111
0.000000 -0.040370
0.000000 -0.034065
0.000000 -0.028335
0.000000 -0.023253
0.000000 -0.018843
0.000000 -0.015088
0.000000 -0.011946
0.000000 -0.009357
0.000000 -0.007255
0.000000 -0.005571
0.000000 -0.004239
0.000000 -0.003197
0.000000 -0.002391
0.000000 -0.001774
0.000000 -0.001306
0.000000 -0.000913
0.000000 -0.000622
0.000000 -0.000409
0.000000 -0.000253
0.000000 -0.000139
0.000000 -0.000058
0.000000 0.000000
0.000000 0.000000
0.000000 0.000000
0.000000 0.000000
0.000000 0.000000
0.000000 0.000000
0.000000 0.000000
0.000000 0.000000
0.000000 0.000000
0.000000 0.000000
0.000000 0.000000
0.000000 0.000000
0.000000 0.000000
0.000000 0.000000
0.000000 0.000000
0.000000 0.000000
0.000000 0.000000
0.000000 0.000000
0.000000 0.000000
0.000000 0.000000
0.000000 0.000000
0.000000 0.000000
0.000000 0.000000
0.000000 0.000000
0.000000 0.000000
0.000000 0.000000
0.000000 0.000000
0.000000 0.000000
0.000000 0.000000
0.000000 0.000000
0.000000 0.000000
0.000000 0.000000
0.000000 0.000000
0.000000 0.000000
0.000000 0.000000
0.000000 0.000000
0.000000 0.000000
0.000000 0.000000
0.000000 0.000000
0.000000 0.000000
0.000000 0.000000
0.000000 0.000000
0.000000 0.000000
0.000000 0.000000
0.000000 0.000000
0.000000 0.000000
0.000000 0.000000
0.000000 0.000000
0.000000 0.000000
0.000000 0.000000
0.000000 0.000000
0.000000 0.000000
0.000000 0.000000
0.000000 0.000000
0.000000 0.000000
0.000000 0.000000
0.000000 0.000000
0.000000 0.000000
0.000000 0.000000
0.000000 0.000000
0.000000 0.000000
0.000000 0.000000
0.000000 0.000000
0.000000 0.000000
0.000000 0.000000
0.000000 0.000000
0.000000 0.000000
