0.000000 0.000000
0.000000 0.000000
0.000000 0.000000
0.000000 0.000000
0.000000 0.000000
0.000000 0.000000
0.000000 0.000000
0.000000 0.000000
0.000000 0.000000
0.000000 0.000000
0.000000 0.000000
0.000000 0.000000
0.000000 0.000000
0.000000 0.000000
0.000000 0.000000
0.000000 0.000378
0.000000 0.006719
0.000000 0.031986
0.000000 0.087849
0.000000 0.177292
0.000000 0.294062
0.000000 0.426474
0.000000 0.561900
0.000000 0.689881
0.000000 0.803453
0.000000 0.898749
0.000000 0.969428
0.000000 1.003576
0.000000 0.991530
0.000000 0.932663
0.000000 0.835564
0.000000 0.714039
0.000000 0.582558
0.000000 0.453146
0.000000 0.334096
0.000000 0.230025
0.000000 0.142639
0.000000 0.071696
0.000000 0.015851
0.000000 -0.026719
0.000000 -0.057560
0.000000 -0.072906
0.000000 -0.061438
0.000000 -0.012945
0.000000 0.074272
0.000000 0.192812
0.000000 0.329981
0.000000 0.472261
0.000000 0.608052
0.000000 0.724161
0.000000 0.803620
0.000000 0.833604
0.000000 0.811884
0.000000 0.746532
0.000000 0.651483
0.000000 0.541658
0.000000 0.429646
0.000000 0.324299
0.000000 0.230745
0.000000 0.151147
0.000000 0.085673
0.000000 0.033354
0.000000 -0.007286
0.000000 -0.037469
0.000000 -0.053089
0.000000 -0.042615
0.000000 0.004404
0.000000 0.089863
0.000000 0.206522
0.000000 0.341808
0.000000 0.481913
0.000000 0.610085
0.000000 0.705792
0.000000 0.753367
0.000000 0.748630
0.000000 0.698635
0.000000 0.616864
0.000000 0.518174
0.000000 0.415295
0.000000 0.317299
0.000000 0.229545
0.000000 0.154407
0.000000 0.092237
0.000000 0.042227
0.000000 0.003046
0.000000 -0.026764
0.000000 -0.048594
0.000000 -0.063694
0.000000 -0.073170
0.000000 -0.077967
0.000378 -0.079031
0.006719 -0.077175
0.031986 -0.073138
0.087849 -0.067581
0.176914 -0.061082
0.287343 -0.054128
0.394488 -0.047111
0.474051 -0.040370
0.512588 -0.034065
0.509391 -0.028335
0.472652 -0.023253
0.414248 -0.018843
0.345682 -0.015088
0.275925 -0.011946
0.210829 -0.009357
0.153479 -0.007255
0.104951 -0.005571
0.065079 -0.004239
0.033072 -0.003197
0.007922 -0.002013
-0.011363 0.004945
-0.025671 0.030680
-0.035769 0.086935
-0.042320 0.176292
-0.045915 0.286934
-0.047097 0.394236
-0.046369 0.473912
-0.044196 0.512530
-0.041002 0.509391
-0.037160 0.472652
-0.032988 0.414248
-0.028740 0.345682
-0.024614 0.275925
-0.020750 0.210829
-0.017238 0.153479
-0.014124 0.104951
-0.011425 0.065079
-0.009131 0.033072
-0.007214 0.008300
-0.005638 -0.004643
-0.004362 0.006315
-0.003341 0.052080
-0.002536 0.134973
-0.001908 0.248147
-0.001424 0.379377
-0.001054 0.515531
-0.000774 0.645684
-0.000564 0.762073
-0.000409 0.855246
-0.000253 0.911174
-0.000139 0.918974
-0.000058 0.877472
0.000000 0.795142
0.000000 0.685915
0.000000 0.564489
0.000000 0.443152
0.000000 0.330443
0.000000 0.231209
0.000000 0.147365
0.000000 0.078863
0.000000 0.024538
0.000000 -0.017262
0.000378 -0.048299
0.006719 -0.070248
0.031986 -0.084623
0.087849 -0.092767
0.177292 -0.095880
0.294062 -0.095031
0.426474 -0.091138
0.561900 -0.085104
0.689881 -0.077669
0.803075 -0.069458
0.892407 -0.061026
0.944162 -0.052720
0.947714 -0.044839
0.902086 -0.037586
0.815893 -0.031079
0.703152 -0.025370
0.578614 -0.020461
0.454577 -0.016313
0.339574 -0.012865
0.238423 -0.010041
0.153003 -0.007760
0.083224 -0.005941
0.027880 -0.004508
-0.014725 -0.003391
-0.046391 -0.002531
-0.068825 -0.001832
-0.083569 -0.001306
-0.091993 -0.000913
-0.094938 -0.000622
-0.087903 -0.000409
-0.058899 -0.000253
0.002884 -0.000139
0.099304 -0.000058
0.217885 0.000000
0.333463 0.000000
0.421331 0.000000
0.467749 0.000000
0.471805 0.000000
0.441573 0.000000
0.388877 0.000000
0.325221 0.000000
0.259613 0.000000
0.197964 0.000000
0.143438 0.000000
0.097191 0.000000
0.059138 0.000000
0.028564 0.000000
0.004909 0.000000
-0.007174 0.000000
0.004483 0.000000
0.050774 0.000000
0.133681 0.000000
0.240805 0.000000
0.346982 0.000000
0.427430 0.000000
0.468253 0.000000
0.468330 0.000000
0.435492 0.000000
0.381260 0.000000
0.316941 0.000000
0.251311 0.000000
0.190078 0.000000
0.136241 0.000000
0.090827 0.000000
0.053654 0.000000
0.023941 0.000000
0.000709 0.000000
-0.017001 0.000000
-0.030033 0.000000
-0.039110 0.000000
-0.044856 0.000000
-0.047446 0.000000
-0.041802 0.000000
-0.015437 0.000000
0.042878 0.000000
0.135726 0.000000
0.256493 0.000000
0.393234 0.000000
0.532643 0.000000
0.658489 0.000000
0.750716 0.000000
0.794040 0.000000
0.784731 0.000000
0.730075 0.000000
0.643773 0.000000
0.540841 0.000000
0.434108 0.000000
0.332699 0.000000
0.241990 0.000000
0.164343 0.000000
0.100079 0.000000
0.048349 0.000000
0.007778 0.000000
-0.023143 0.000000
-0.045848 0.000000
-0.061630 0.000000
-0.071590 0.000378
-0.076800 0.006719
-0.078176 0.031986
-0.076553 0.087849
-0.072729 0.176914
-0.067328 0.287343
-0.060943 0.394488
-0.054070 0.474051
-0.047111 0.512588
-0.040370 0.509391
-0.034065 0.472652
-0.028335 0.414248
-0.023253 0.345682
-0.018843 0.275925
-0.015088 0.210829
-0.011946 0.153479
-0.009357 0.104951
-0.007255 0.065079
-0.005571 0.033072
-0.004239 0.007922
-0.003197 -0.011363
-0.002391 -0.025671
-0.001396 -0.035769
0.005413 -0.042320
0.031073 -0.045915
0.087226 -0.047097
0.176506 -0.046369
0.287090 -0.044196
0.394349 -0.041002
0.473993 -0.037160
0.512588 -0.032988
0.509391 -0.028740
0.472652 -0.024614
0.414248 -0.020750
0.345682 -0.017238
0.275925 -0.014124
0.210829 -0.011425
0.153479 -0.009131
0.104951 -0.007214
0.065079 -0.005638
0.033072 -0.004362
0.008300 -0.003341
-0.004643 -0.002536
0.006315 -0.001908
0.052080 -0.001424
0.134973 -0.001054
0.247769 -0.000774
0.372657 -0.000564
0.483545 -0.000409
0.557836 -0.000253
0.585158 -0.000139
0.567904 -0.000058
0.516686 0.000000
0.444922 0.000000
0.364883 0.000000
0.285752 0.000000
0.213263 0.000000
0.150242 0.000000
0.097470 0.000000
0.054518 0.000000
0.020380 0.000000
-0.006114 0.000378
-0.026089 0.006719
-0.040541 0.031986
-0.050333 0.087849
-0.056222 0.177292
-0.058886 0.294062
-0.058951 0.426474
-0.056999 0.561900
-0.053560 0.689881
-0.049116 0.803075
-0.044040 0.892407
-0.038735 0.944162
-0.033472 0.947714
-0.028455 0.902086
-0.023865 0.815893
-0.019732 0.703152
-0.016099 0.578614
-0.012971 0.454577
-0.010328 0.339574
-0.008133 0.238423
-0.006336 0.153003
-0.004888 0.083224
-0.003734 0.027880
-0.002827 -0.014725
-0.002122 -0.046391
-0.001580 -0.068825
-0.001167 -0.083569
-0.000855 -0.091993
-0.000622 -0.095316
-0.000409 -0.094245
-0.000253 -0.084166
-0.000139 -0.052979
-0.000058 0.010238
0.000000 0.107457
0.000000 0.226317
0.000000 0.341768
0.000000 0.429212
0.000000 0.475003
0.000000 0.478312
0.000000 0.447282
0.000000 0.393787
0.000000 0.329369
0.000000 0.263061
0.000000 0.200788
0.000000 0.145719
0.000000 0.099010
0.000000 0.060571
0.000000 0.029680
0.000000 0.005770
0.000000 -0.006475
0.000000 0.005009
0.000000 0.051166
0.000000 0.133972
0.000000 0.241019
0.000000 0.347138
0.000000 0.427543
0.000000 0.468334
0.000000 0.468388
0.000000 0.435492
0.000000 0.381260
0.000000 0.316941
0.000000 0.251311
0.000000 0.190078
0.000000 0.136241
0.000000 0.090827
0.000000 0.053654
0.000000 0.023941
0.000000 0.001086
0.000000 -0.010281
0.000000 0.001953
0.000000 0.048738
0.000000 0.132436
0.000000 0.246239
0.000000 0.377953
0.000000 0.514477
0.000000 0.644910
0.000000 0.761508
0.000000 0.854838
0.000000 0.910921
0.000000 0.918834
0.000000 0.877413
0.000000 0.795142
0.000000 0.685915
0.000000 0.564489
0.000000 0.443152
0.000000 0.330443
0.000000 0.231209
0.000000 0.147365
0.000000 0.078863
0.000000 0.024538
0.000000 -0.017262
0.000378 -0.048299
0.006719 -0.070248
0.031986 -0.084623
0.087849 -0.092767
0.177292 -0.095880
0.294062 -0.095031
0.426474 -0.091138
0.561900 -0.085104
0.689503 -0.077669
0.796733 -0.069458
0.867140 -0.061026
0.888299 -0.052720
0.858270 -0.044839
0.785316 -0.037586
0.683481 -0.031079
0.567727 -0.025370
0.450633 -0.020461
0.341005 -0.016313
0.243900 -0.012865
0.161401 -0.010041
0.093589 -0.007760
0.039408 -0.005941
-0.002697 -0.004508
-0.034397 -0.003391
-0.056900 -0.002531
-0.066049 -0.001832
-0.050152 -0.001306
0.001333 -0.000913
0.090375 -0.000622
0.209804 -0.000409
0.347117 -0.000253
0.488963 -0.000139
0.623886 -0.000058
0.738822 0.000000
0.816915 0.000000
0.845435 0.000000
0.822230 0.000000
0.755435 0.000000
0.659029 0.000000
0.547964 0.000000
0.434846 0.000000
0.328533 0.000000
0.234150 0.000000
0.153855 0.000000
0.087804 0.000000
0.035013 0.000000
-0.006007 0.000000
-0.036492 0.000000
-0.052391 0.000000
-0.042089 0.000000
0.004797 0.000000
0.090154 0.000000
0.206736 0.000000
0.341964 0.000000
0.482404 0.000000
0.616886 0.000000
0.737836 0.000000
0.840838 0.000000
0.919203 0.000000
0.960712 0.000000
0.955490 0.000000
0.902782 0.000000
0.811113 0.000000
0.694277 0.000000
0.566771 0.000000
0.440674 0.000000
0.324346 0.000000
0.222479 0.000000
0.136854 0.000000
0.067301 0.000000
0.012541 0.000000
-0.029192 0.000000
-0.059392 0.000000
-0.074212 0.000000
-0.062352 0.000000
-0.013567 0.000000
0.073863 0.000000
0.192560 0.000000
0.329841 0.000000
0.472203 0.000000
0.608052 0.000000
0.724161 0.000000
0.803620 0.000000
0.833604 0.000000
0.811884 0.000000
0.746532 0.000000
0.651483 0.000000
0.541658 0.000000
0.429646 0.000000
0.324299 0.000000
0.230745 0.000000
0.151147 0.000000
0.085673 0.000000
0.033354 0.000000
-0.007286 0.000000
-0.037469 0.000000
-0.053089 0.000000
-0.042615 0.000000
0.004404 0.000000
0.089863 0.000000
0.206522 0.000000
0.341808 0.000000
0.482291 0.000000
0.616805 0.000000
0.737400 0.000000
0.834496 0.000000
0.893936 0.000000
0.904849 0.000000
0.866046 0.000000
0.786012 0.000000
0.678701 0.000000
0.558851 0.000000
0.438790 0.000000
0.327102 0.000000
0.228673 0.000000
0.145457 0.000000
0.077439 0.000000
0.023485 0.000000
-0.018036 0.000000
-0.048486 0.000000
-0.063937 0.000000
-0.052889 0.000000
-0.005058 0.000000
0.081354 0.000000
0.199031 0.000000
0.335336 0.000000
0.476796 0.000000
0.612212 0.000000
0.733995 0.000000
0.837723 0.000000
0.916708 0.000000
0.958737 0.000000
0.953944 0.000000
0.901584 0.000000
0.810194 0.000000
0.693579 0.000000
0.566245 0.000000
0.440281 0.000000
0.324055 0.000000
0.222265 0.000000
0.136698 0.000000
0.067187 0.000000
0.012460 0.000000
-0.029250 0.000000
-0.059770 0.000378
-0.080931 0.006719
-0.094338 0.031986
-0.101416 0.087849
-0.103429 0.176914
-0.101503 0.287343
-0.096633 0.394488
-0.089697 0.474051
-0.081451 0.512588
-0.072572 0.509391
-0.063520 0.472652
-0.054695 0.414248
-0.046386 0.345682
-0.038784 0.275925
-0.031998 0.210829
-0.026069 0.153479
-0.020987 0.104951
-0.016706 0.065079
-0.013156 0.033072
-0.010255 0.007922
-0.007916 -0.011363
-0.006054 -0.025671
-0.004212 -0.035769
0.003270 -0.042320
0.029455 -0.045915
0.086016 -0.047097
0.175986 -0.046369
0.293149 -0.044196
0.425474 -0.041002
0.554772 -0.037160
0.657642 -0.032988
0.715465 -0.028740
0.721776 -0.024614
0.682085 -0.020750
0.609088 -0.017238
0.517478 -0.014124
0.420074 -0.011425
0.326174 -0.009131
0.241387 -0.007214
0.168310 -0.005638
0.107464 -0.004362
0.058171 -0.003341
0.019196 -0.002536
-0.010463 -0.001908
-0.026536 -0.001424
-0.017242 -0.001054
0.028058 -0.000774
0.111054 -0.000564
0.219080 -0.000409
0.326735 -0.000253
0.409027 -0.000139
0.451887 -0.000058
0.454056 0.000000
0.423256 0.000000
0.370978 0.000000
0.308427 0.000000
0.244355 0.000000
0.184469 0.000000
0.131772 0.000000
0.087306 0.000000
0.050910 0.000000
0.021824 0.000000
-0.000909 0.000000
-0.018225 0.000000
-0.030951 0.000378
-0.039794 0.006719
-0.045361 0.031986
-0.048193 0.087849
-0.048790 0.176914
-0.047617 0.287343
-0.045110 0.394488
-0.041625 0.474051
-0.037569 0.512588
-0.033240 0.509391
-0.028880 0.472652
-0.024673 0.414248
-0.020750 0.345682
-0.017238 0.275925
-0.014124 0.210829
-0.011425 0.153479
-0.009131 0.104951
-0.007214 0.065079
-0.005638 0.033072
-0.004362 0.007922
-0.003341 -0.011363
-0.002536 -0.025671
-0.001908 -0.035769
-0.001046 -0.042320
0.005666 -0.045915
0.031212 -0.047097
0.087284 -0.046369
0.176884 -0.044196
0.293810 -0.041002
0.426335 -0.037160
0.561842 -0.032988
0.689881 -0.028740
0.803075 -0.024614
0.892407 -0.020750
0.944162 -0.017238
0.947714 -0.014124
0.902086 -0.011425
0.815893 -0.009131
0.703152 -0.007214
0.578614 -0.005638
0.454577 -0.004362
0.339574 -0.003341
0.238423 -0.002536
0.153003 -0.001908
0.083224 -0.001424
0.027880 -0.001054
-0.014725 -0.000774
-0.046013 -0.000564
-0.062105 -0.000409
-0.051583 -0.000253
-0.004145 -0.000139
0.081976 -0.000058
0.199440 0.000000
0.335589 0.000000
0.476935 0.000000
0.612270 0.000000
0.733995 0.000000
0.837723 0.000000
0.916708 0.000000
0.958737 0.000000
0.953944 0.000000
0.901584 0.000000
0.810194 0.000000
0.693579 0.000000
0.566245 0.000000
0.440281 0.000000
0.324055 0.000000
0.222265 0.000000
0.136698 0.000000
0.067187 0.000000
0.012460 0.000000
-0.029250 0.000000
-0.059392 0.000000
-0.074212 0.000000
-0.062352 0.000000
-0.013567 0.000000
0.073485 0.000000
0.185840 0.000000
0.297855 0.000000
0.384354 0.000000
0.431137 0.000000
0.436818 0.000000
0.409132 0.000000
0.359553 0.000000
0.299296 0.000000
0.237142 0.000000
0.178831 0.000000
0.127410 0.000000
0.083965 0.000000
0.048374 0.000000
0.019916 0.000000
-0.002332 0.000378
-0.019279 0.006719
-0.031725 0.031986
-0.040358 0.087849
-0.045769 0.176914
-0.048446 0.287343
-0.048930 0.394488
-0.047675 0.474051
-0.045110 0.512588
-0.041625 0.509391
-0.037569 0.472652
-0.033240 0.414248
-0.028880 0.345682
-0.024673 0.275925
-0.020750 0.210829
-0.017238 0.153479
-0.014124 0.104951
-0.011425 0.065079
-0.009131 0.033072
-0.007214 0.007922
-0.005638 -0.011363
-0.004362 -0.025671
-0.003341 -0.035769
-0.002536 -0.042320
-0.001908 -0.045538
-0.001424 -0.040378
-0.001054 -0.014383
-0.000774 0.043652
-0.000564 0.135912
-0.000409 0.250182
-0.000253 0.361500
-0.000139 0.445311
-0.000058 0.487974
0.000000 0.488640
0.000000 0.455414
0.000000 0.400123
0.000000 0.334256
0.000000 0.266795
0.000000 0.203615
0.000000 0.147841
0.000000 0.100590
0.000000 0.061738
0.000000 0.030536
0.000000 0.006392
0.000000 -0.006067
0.000000 0.005261
0.000000 0.051306
0.000000 0.134031
0.000000 0.241019
0.000000 0.347138
0.000000 0.427543
0.000000 0.468334
0.000000 0.468388
0.000000 0.435492
0.000000 0.381260
0.000000 0.316941
0.000000 0.251311
0.000000 0.190078
0.000000 0.136241
0.000000 0.090827
0.000000 0.053654
0.000000 0.023941
0.000000 0.001086
0.000000 -0.010281
0.000000 0.001953
0.000000 0.048738
0.000000 0.132059
0.000000 0.239519
0.000000 0.345967
0.000000 0.426629
0.000000 0.467618
0.000000 0.467824
0.000000 0.435083
0.000000 0.381007
0.000000 0.316802
0.000000 0.251253
0.000000 0.190078
0.000000 0.136241
0.000000 0.090827
0.000000 0.053654
0.000000 0.023941
0.000000 0.001086
0.000000 -0.010281
0.000000 0.001953
0.000000 0.048738
0.000000 0.132059
0.000000 0.239519
0.000000 0.345967
0.000000 0.426629
0.000000 0.467618
0.000000 0.467824
0.000000 0.435083
0.000000 0.381007
0.000000 0.316802
0.000000 0.251253
0.000000 0.190078
0.000000 0.136241
0.000000 0.090827
0.000000 0.053654
0.000000 0.023941
0.000000 0.000709
0.000000 -0.016623
0.000000 -0.023313
0.000000 -0.007124
0.000000 0.042993
0.000000 0.129091
0.000000 0.238822
0.000000 0.347065
0.000000 0.429081
0.000000 0.471022
0.000000 0.471822
0.000000 0.439412
0.000000 0.385368
0.000000 0.321009
0.000000 0.255175
0.000000 0.193591
0.000000 0.139355
0.000000 0.093526
0.000000 0.055949
0.000000 0.025858
0.000000 0.002284
0.000000 -0.015724
0.000000 -0.029012
0.000000 -0.038305
0.000000 -0.044228
0.000000 -0.047339
0.000000 -0.048151
0.000000 -0.047143
0.000000 -0.044761
0.000000 -0.041411
0.000000 -0.037413
0.000000 -0.033127
0.000000 -0.028798
0.000000 -0.024614
0.000000 -0.020750
0.000000 -0.017238
0.000000 -0.014124
0.000000 -0.011425
0.000000 -0.009131
0.000000 -0.007214
0.000000 -0.005638
0.000000 -0.004362
0.000000 -0.003341
0.000000 -0.002536
0.000000 -0.001908
0.000000 -0.001424
0.000000 -0.001054
0.000000 -0.000774
0.000000 -0.000564
0.000000 -0.000409
0.000000 -0.000253
0.000000 -0.000139
0.000000 -0.000058
0.000000 0.000000
0.000000 0.000000
0.000000 0.000000
0.000000 0.000000
0.000000 0.000000
0.000000 0.000000
0.000000 0.000000
0.000000 0.000000
0.000000 0.000000
0.000000 0.000000
0.000000 0.000000
0.000000 0.000000
0.000000 0.000000
0.000000 0.000000
0.000000 0.000000
0.000000 0.000000
0.000000 0.000000
0.000000 0.000000
0.000000 0.000000
0.000000 0.000000
0.000000 0.000000
0.000000 0.000000
0.000000 0.000000
0.000000 0.000000
0.000000 0.000000
0.000000 0.000000
0.000000 0.000000
0.000000 0.000000
0.000000 0.000000
0.000000 0.000000
0.000000 0.000000
0.000000 0.000000
0.000000 0.000000
0.000000 0.000000
0.000000 0.000000
0.000000 0.000000
0.000000 0.000000
0.000000 0.000000
0.000000 0.000000
0.000000 0.000000
0.000000 0.000000
0.000000 0.000000
0.000000 0.000000
0.000000 0.000000
0.000000 0.000000
0.000000 0.000000
0.000000 0.000000
0.000000 0.000000
