0.000000 0.000000
0.000000 0.000000
0.000000 0.000000
0.000000 0.000000
0.000000 0.000000
0.000000 0.000000
0.000000 0.000000
0.000000 0.000000
0.000000 0.000000
0.000000 0.000000
0.000000 0.000000
0.000000 0.000000
0.000000 0.000000
0.000000 0.000000
0.000000 0.000000
0.000000 0.000000
0.000000 0.000000
0.000000 0.000000
0.000000 0.000378
0.000000 0.006719
0.000000 0.031986
0.000000 0.087849
0.000000 0.177292
0.000000 0.294062
0.000000 0.426474
0.000000 0.561900
0.000000 0.689881
0.000000 0.803453
0.000000 0.898749
0.000000 0.969428
0.000000 1.003576
0.000000 0.991530
0.000000 0.932663
0.000000 0.835564
0.000000 0.714039
0.000000 0.582558
0.000000 0.453146
0.000000 0.334096
0.000000 0.230025
0.000000 0.142639
0.000000 0.071696
0.000000 0.015851
0.000000 -0.026719
0.000378 -0.057938
0.006719 -0.079625
0.031986 -0.093424
0.087849 -0.100793
0.177292 -0.103021
0.293684 -0.101250
0.419755 -0.096493
0.529914 -0.089639
0.602032 -0.081451
0.626161 -0.072572
0.605064 -0.063520
0.549673 -0.054695
0.473662 -0.046386
0.389498 -0.038784
0.306502 -0.031998
0.230500 -0.026069
0.164366 -0.020987
0.108895 -0.016706
0.063648 -0.013156
0.027594 -0.010255
-0.000098 -0.007916
-0.015008 -0.006054
-0.005214 -0.004589
0.040051 -0.003450
0.122979 -0.002531
0.236222 -0.001832
0.361857 -0.001306
0.473689 -0.000913
0.549036 -0.000622
0.577453 -0.000409
0.561276 -0.000253
0.511078 -0.000139
0.440248 -0.000058
0.361042 0.000000
0.282637 0.000000
0.210768 0.000000
0.148267 0.000000
0.095924 0.000000
0.053320 0.000000
0.019462 0.000000
-0.006812 0.000378
-0.026615 0.006719
-0.040934 0.031986
-0.050624 0.087849
-0.056435 0.176914
-0.059042 0.287343
-0.059064 0.394488
-0.057080 0.474051
-0.053618 0.512588
-0.049116 0.509391
-0.044040 0.472652
-0.038735 0.414248
-0.033472 0.345682
-0.028455 0.275925
-0.023865 0.210829
-0.019732 0.153479
-0.016099 0.104951
-0.012971 0.065079
-0.010328 0.033072
-0.008133 0.008300
-0.006336 -0.004643
-0.004888 0.006315
-0.003734 0.052080
-0.002827 0.134973
-0.002122 0.247769
-0.001580 0.372657
-0.001167 0.483545
-0.000855 0.557836
-0.000622 0.585158
-0.000409 0.567904
-0.000253 0.516686
-0.000139 0.444922
-0.000058 0.364883
0.000000 0.285752
0.000000 0.213263
0.000000 0.150242
0.000000 0.097470
0.000000 0.054518
0.000000 0.020380
0.000378 -0.006114
0.006719 -0.026089
0.031986 -0.040541
0.087849 -0.050333
0.177292 -0.056222
0.293684 -0.058886
0.419755 -0.058951
0.529914 -0.056999
0.602032 -0.053560
0.626161 -0.049116
0.605064 -0.044040
0.549673 -0.038735
0.473662 -0.033472
0.389498 -0.028455
0.306502 -0.023865
0.230500 -0.019732
0.164366 -0.016099
0.108895 -0.012971
0.063648 -0.010328
0.027594 -0.008133
-0.000098 -0.006336
-0.015008 -0.004888
-0.005214 -0.003734
0.040051 -0.002827
0.122601 -0.002122
0.229881 -0.001580
0.336590 -0.001167
0.417827 -0.000855
0.459592 -0.000622
0.460683 -0.000409
0.428864 -0.000253
0.375652 -0.000139
0.312267 -0.000058
0.247470 0.000000
0.186963 0.000000
0.133747 0.000000
0.088852 0.000000
0.052108 0.000000
0.022743 0.000000
-0.000210 0.000378
-0.017699 0.006719
-0.030559 0.031986
-0.039503 0.087849
-0.045147 0.177292
-0.048037 0.294062
-0.048677 0.426474
-0.047536 0.561522
-0.045052 0.683161
-0.041625 0.771467
-0.037569 0.811278
-0.033240 0.798855
-0.028880 0.741500
-0.024673 0.652904
-0.020750 0.548055
-0.017238 0.439746
-0.014124 0.337061
-0.011425 0.245331
-0.009131 0.166879
-0.007214 0.101987
-0.005638 0.049773
-0.004362 0.008832
-0.003341 -0.022369
-0.002536 -0.045284
-0.001908 -0.061222
-0.001424 -0.071338
-0.001054 -0.076283
-0.000774 -0.071398
-0.000564 -0.044567
-0.000409 0.015119
-0.000253 0.109964
-0.000139 0.233119
-0.000058 0.372404
0.000000 0.514789
0.000000 0.649511
0.000000 0.769388
0.000000 0.870414
0.000000 0.946175
0.000000 0.984733
0.000000 0.976441
0.000000 0.920717
0.000000 0.826207
0.000000 0.706784
0.000000 0.576986
0.000000 0.448907
0.000000 0.330899
0.000000 0.227634
0.000000 0.140865
0.000000 0.070389
0.000000 0.014938
0.000000 -0.027342
0.000000 -0.057969
0.000000 -0.073158
0.000000 -0.061578
0.000000 -0.013003
0.000000 0.074272
0.000000 0.192812
0.000000 0.329981
0.000000 0.471883
0.000000 0.601710
0.000000 0.698894
0.000000 0.747757
0.000000 0.744161
0.000000 0.695114
0.000000 0.614120
0.000000 0.516057
0.000000 0.413677
0.000000 0.316074
0.000000 0.228626
0.000000 0.153723
0.000000 0.091732
0.000000 0.041857
0.000000 0.002777
0.000000 -0.026958
0.000000 -0.048734
0.000000 -0.063752
0.000000 -0.073170
0.000000 -0.077967
0.000000 -0.078654
0.000000 -0.070456
0.000000 -0.041152
0.000000 0.020268
0.000000 0.115832
0.000000 0.233215
0.000000 0.347378
0.000000 0.433682
0.000000 0.478524
0.000000 0.481056
0.000000 0.449399
0.000000 0.395404
0.000000 0.330593
0.000000 0.263979
0.000000 0.201471
0.000000 0.146224
0.000000 0.099380
0.000000 0.060840
0.000000 0.029875
0.000000 0.005909
0.000000 -0.006417
0.000000 0.005009
0.000000 0.051166
0.000000 0.133972
0.000000 0.241019
0.000000 0.347138
0.000000 0.427543
0.000000 0.468334
0.000000 0.468388
0.000000 0.435492
0.000000 0.381260
0.000000 0.316941
0.000000 0.251311
0.000000 0.190078
0.000000 0.136241
0.000000 0.090827
0.000000 0.053654
0.000000 0.023941
0.000378 0.000709
0.006719 -0.017001
0.031986 -0.030033
0.087849 -0.039110
0.177292 -0.044856
0.294062 -0.047824
0.426096 -0.048521
0.555180 -0.047423
0.657895 -0.044970
0.715604 -0.041567
0.721834 -0.037569
0.682085 -0.033240
0.609088 -0.028880
0.517478 -0.024673
0.420074 -0.020750
0.326174 -0.017238
0.241387 -0.014124
0.168310 -0.011425
0.107464 -0.009131
0.058171 -0.007214
0.019196 -0.005638
-0.010840 -0.004362
-0.033256 -0.003341
-0.049228 -0.002536
-0.059791 -0.001530
-0.065860 0.005296
-0.068262 0.030932
-0.067753 0.087075
-0.065024 0.176728
-0.060701 0.293654
-0.055335 0.426222
-0.049396 0.561383
-0.043270 0.683103
-0.037255 0.771467
-0.031570 0.811278
-0.026360 0.798855
-0.021707 0.741500
-0.017645 0.652904
-0.014169 0.548055
-0.011247 0.439746
-0.008831 0.337061
-0.006862 0.245331
-0.005280 0.166879
-0.004025 0.101987
-0.003041 0.049773
-0.002278 0.008832
-0.001693 -0.022369
-0.001248 -0.044906
-0.000913 -0.054502
-0.000622 -0.039352
-0.000409 0.011188
-0.000253 0.099174
-0.000139 0.217509
-0.000058 0.353745
0.000000 0.494572
0.000000 0.628938
0.000000 0.749383
0.000000 0.851638
0.000000 0.929058
0.000000 0.969511
0.000000 0.963195
0.000000 0.909409
0.000000 0.816721
0.000000 0.698951
0.000000 0.570612
0.000000 0.443789
0.000000 0.326841
0.000000 0.224453
0.000000 0.138400
0.000000 0.068498
0.000000 0.013460
0.000000 -0.028493
0.000000 -0.059244
0.000000 -0.080538
0.000000 -0.094047
0.000378 -0.101202
0.006719 -0.103273
0.031986 -0.101390
0.087849 -0.096552
0.177292 -0.089639
0.294062 -0.081451
0.426096 -0.072572
0.555180 -0.063520
0.657895 -0.054695
0.715604 -0.046386
0.721834 -0.038784
0.682085 -0.031998
0.609088 -0.026069
0.517478 -0.020987
0.420074 -0.016706
0.326174 -0.013156
0.241387 -0.010255
0.168310 -0.007916
0.107464 -0.006054
0.058171 -0.004589
0.019196 -0.003450
-0.010840 -0.002153
-0.033256 0.004887
-0.049228 0.030680
-0.059791 0.086935
-0.065860 0.176670
-0.068262 0.293654
-0.067753 0.426222
-0.065024 0.561760
-0.060701 0.689822
-0.055335 0.803453
-0.049396 0.898749
-0.043270 0.969428
-0.037255 1.003576
-0.031570 0.991530
-0.026360 0.932663
-0.021707 0.835564
-0.017645 0.714039
-0.014169 0.582558
-0.011247 0.453146
-0.008831 0.334096
-0.006862 0.230025
-0.005280 0.142639
-0.004025 0.071696
-0.003041 0.015851
-0.002278 -0.026719
-0.001315 -0.057938
0.005471 -0.079625
0.031073 -0.093424
0.087226 -0.100793
0.176506 -0.103021
0.287090 -0.101250
0.394349 -0.096493
0.473993 -0.089639
0.512588 -0.081451
0.509391 -0.072572
0.472652 -0.063520
0.414248 -0.054695
0.345682 -0.046386
0.275925 -0.038784
0.210829 -0.031998
0.153479 -0.026069
0.104951 -0.020987
0.065079 -0.016706
0.033072 -0.013156
0.008300 -0.010255
-0.004643 -0.007916
0.006315 -0.006054
0.052080 -0.004589
0.134595 -0.003450
0.241427 -0.002531
0.347391 -0.001832
0.427682 -0.001306
0.468392 -0.000913
0.468388 -0.000622
0.435492 -0.000409
0.381260 -0.000253
0.316941 -0.000139
0.251311 -0.000058
0.190078 0.000000
0.136241 0.000000
0.090827 0.000000
0.053654 0.000000
0.023941 0.000000
0.000709 0.000378
-0.017001 0.006719
-0.030033 0.031986
-0.039110 0.087849
-0.044856 0.177292
-0.047824 0.294062
-0.048521 0.426474
-0.047423 0.561900
-0.044970 0.689881
-0.041567 0.803075
-0.037569 0.892407
-0.033240 0.944162
-0.028880 0.947714
-0.024673 0.902086
-0.020750 0.815893
-0.017238 0.703152
-0.014124 0.578614
-0.011425 0.454577
-0.009131 0.339574
-0.007214 0.238423
-0.005638 0.153003
-0.004362 0.083224
-0.003341 0.027880
-0.002536 -0.014725
-0.001530 -0.046391
0.005296 -0.068825
0.030932 -0.083569
0.087075 -0.091993
0.176728 -0.095316
0.293276 -0.094623
0.419502 -0.090885
0.529774 -0.084965
0.601974 -0.077610
0.626161 -0.069458
0.605064 -0.061026
0.549673 -0.052720
0.473662 -0.044839
0.389498 -0.037586
0.306502 -0.031079
0.230500 -0.025370
0.164366 -0.020461
0.108895 -0.016313
0.063648 -0.012865
0.027594 -0.010041
-0.000476 -0.007760
-0.021727 -0.005941
-0.037200 -0.004130
-0.047797 0.003328
-0.054313 0.029455
-0.057462 0.086016
-0.057898 0.175986
-0.056225 0.293149
-0.052996 0.425852
-0.048707 0.561491
-0.043788 0.689628
-0.038596 0.803313
-0.033414 0.898690
-0.028455 0.969428
-0.023865 1.003576
-0.019732 0.991530
-0.016099 0.932663
-0.012971 0.835564
-0.010328 0.714039
-0.008133 0.582558
-0.006336 0.453146
-0.004888 0.334096
-0.003734 0.230025
-0.002827 0.142639
-0.002122 0.071696
-0.001580 0.015851
-0.001167 -0.026719
-0.000855 -0.057560
-0.000622 -0.072906
-0.000409 -0.061438
-0.000253 -0.012945
-0.000139 0.073894
-0.000058 0.186093
0.000000 0.297995
0.000000 0.384413
0.000000 0.431137
0.000000 0.436818
0.000000 0.409132
0.000000 0.359553
0.000000 0.299296
0.000000 0.237142
0.000000 0.178831
0.000000 0.127410
0.000000 0.083965
0.000000 0.048374
0.000000 0.019916
0.000378 -0.002332
0.006719 -0.019279
0.031986 -0.031725
0.087849 -0.040358
0.177292 -0.045769
0.294062 -0.048446
0.426096 -0.048930
0.555180 -0.047675
0.657895 -0.045110
0.715604 -0.041625
0.721834 -0.037569
0.682085 -0.033240
0.609088 -0.028880
0.517478 -0.024673
0.420074 -0.020750
0.326174 -0.017238
0.241387 -0.014124
0.168310 -0.011425
0.107464 -0.009131
0.058171 -0.007214
0.019196 -0.005638
-0.010840 -0.004362
-0.033256 -0.003341
-0.049228 -0.002536
-0.059791 -0.001908
-0.065860 -0.001046
-0.068262 0.005666
-0.067753 0.031212
-0.065024 0.087284
-0.060701 0.176506
-0.055335 0.287090
-0.049396 0.394349
-0.043270 0.473993
-0.037255 0.512588
-0.031570 0.509391
-0.026360 0.472652
-0.021707 0.414248
-0.017645 0.345682
-0.014169 0.275925
-0.011247 0.210829
-0.008831 0.153479
-0.006862 0.104951
-0.005280 0.065079
-0.004025 0.033072
-0.003041 0.007922
-0.002278 -0.011363
-0.001693 -0.025671
-0.001248 -0.035769
-0.000913 -0.042320
-0.000622 -0.045538
-0.000409 -0.040378
-0.000253 -0.014383
-0.000139 0.043652
-0.000058 0.136290
0.000000 0.256902
0.000000 0.393487
0.000000 0.533160
0.000000 0.664888
0.000000 0.775983
0.000000 0.849903
0.000000 0.874175
0.000000 0.846845
0.000000 0.776185
0.000000 0.676267
0.000000 0.562089
0.000000 0.446272
0.000000 0.337663
0.000000 0.241364
0.000000 0.159493
0.000000 0.092165
0.000000 0.038355
0.000000 -0.003471
0.000000 -0.034584
0.000000 -0.050967
0.000000 -0.041035
0.000000 0.005571
0.000000 0.090718
0.000000 0.207145
0.000000 0.342216
0.000000 0.482543
0.000000 0.616566
0.000000 0.731117
0.000000 0.809229
0.000000 0.838074
0.000000 0.815406
0.000000 0.749276
0.000000 0.653600
0.000000 0.543275
0.000000 0.430871
0.000000 0.325218
0.000000 0.231428
0.000000 0.151652
0.000000 0.086043
0.000000 0.033623
0.000000 -0.007092
0.000378 -0.037707
0.006719 -0.059750
0.031986 -0.074601
0.087849 -0.083444
0.176914 -0.087429
0.287343 -0.087540
0.394488 -0.084666
0.474051 -0.079609
0.512588 -0.073076
0.509391 -0.065675
0.472652 -0.057911
0.414248 -0.050225
0.345682 -0.042865
0.275925 -0.036040
0.210829 -0.029881
0.153479 -0.024451
0.104951 -0.019762
0.065079 -0.015787
0.033072 -0.012472
0.007922 -0.009372
-0.011363 -0.000827
-0.025671 0.026201
-0.035769 0.083453
-0.042320 0.173604
-0.045915 0.284870
-0.047097 0.392656
-0.046369 0.472745
-0.044196 0.511675
-0.041002 0.508768
-0.037160 0.472244
-0.032988 0.413995
-0.028740 0.345542
-0.024614 0.275867
-0.020750 0.210829
-0.017238 0.153479
-0.014124 0.104951
-0.011425 0.065079
-0.009131 0.033072
-0.006836 0.007922
0.001081 -0.011363
0.027625 -0.025671
0.084507 -0.035769
0.174756 -0.042320
0.291776 -0.045915
0.418331 -0.047097
0.528860 -0.046369
0.601258 -0.044196
0.625596 -0.041002
0.604656 -0.037160
0.549421 -0.032988
0.473523 -0.028740
0.389439 -0.024614
0.306502 -0.020750
0.230500 -0.017238
0.164366 -0.014124
0.108895 -0.011425
0.063648 -0.009131
0.027594 -0.007214
-0.000098 -0.005638
-0.015008 -0.004362
-0.005214 -0.003341
0.040051 -0.002536
0.122979 -0.001908
0.236600 -0.001424
0.368576 -0.001054
0.505298 -0.000774
0.630165 -0.000564
0.722759 -0.000409
0.767490 -0.000253
0.760260 -0.000139
0.708086 -0.000058
0.624449 0.000000
0.524190 0.000000
0.420014 0.000000
0.320962 0.000000
0.232360 0.000000
0.156550 0.000000
0.093854 0.000000
0.043436 0.000000
0.003944 0.000000
-0.026103 0.000000
-0.048111 0.000000
-0.062966 0.000000
-0.066198 0.000000
-0.045841 0.000000
0.008875 0.000000
0.099739 0.000000
0.214205 0.000000
0.326907 0.000000
0.412969 0.000000
0.458460 0.000000
0.462280 0.000000
0.432282 0.000000
0.380183 0.000000
0.317347 0.000000
0.252672 0.000000
0.191985 0.000000
0.138391 0.000000
0.093006 0.000000
0.055722 0.000000
0.025816 0.000000
0.002729 0.000000
-0.008882 0.000000
0.003118 0.000000
0.049689 0.000000
0.133198 0.000000
0.246841 0.000000
0.378086 0.000000
0.508189 0.000000
0.613290 0.000000
0.674349 0.000000
0.684534 0.000000
0.649040 0.000000
0.580348 0.000000
0.492864 0.000000
0.399324 0.000000
0.308936 0.000000
0.227263 0.000000
0.156885 0.000000
0.098334 0.000000
0.050957 0.000000
0.013558 0.000000
-0.014824 0.000000
-0.029878 0.000000
-0.019778 0.000000
0.026149 0.000000
0.109631 0.000000
0.218027 0.000000
0.325961 0.000000
0.408463 0.000000
0.451479 0.000000
0.453803 0.000000
0.423117 0.000000
0.370920 0.000000
0.308427 0.000000
0.244355 0.000000
0.184469 0.000000
0.131772 0.000000
0.087306 0.000000
0.050910 0.000000
0.021824 0.000000
-0.000531 0.000000
-0.011506 0.000000
0.001035 0.000000
0.048055 0.000000
0.131931 0.000000
0.245869 0.000000
0.377306 0.000000
0.507563 0.000000
0.612785 0.000000
0.673980 0.000000
0.684265 0.000000
0.648845 0.000000
0.580208 0.000000
0.492806 0.000000
0.399324 0.000000
0.308936 0.000000
0.227263 0.000000
0.156885 0.000000
0.098334 0.000000
0.050957 0.000000
0.013558 0.000000
-0.014824 0.000000
-0.029878 0.000000
-0.019778 0.000000
0.026149 0.000000
0.109631 0.000000
0.218027 0.000000
0.325961 0.000000
0.408463 0.000000
0.451479 0.000000
0.453803 0.000000
0.423117 0.000000
0.370920 0.000000
0.308427 0.000000
0.244355 0.000000
0.184469 0.000000
0.131772 0.000000
0.087306 0.000000
0.050910 0.000000
0.021824 0.000000
-0.000909 0.000000
-0.018225 0.000000
-0.030951 0.000000
-0.039794 0.000000
-0.045361 0.000000
-0.048193 0.000000
-0.048790 0.000000
-0.047617 0.000000
-0.045110 0.000000
-0.041625 0.000000
-0.037569 0.000000
-0.033240 0.000000
-0.028880 0.000000
-0.024673 0.000000
-0.020750 0.000000
-0.017238 0.000000
-0.014124 0.000000
-0.011425 0.000000
-0.009131 0.000000
-0.007214 0.000000
-0.005638 0.000000
-0.004362 0.000000
-0.003341 0.000000
-0.002536 0.000000
-0.001908 0.000000
-0.001424 0.000000
-0.001054 0.000000
-0.000774 0.000000
-0.000564 0.000000
-0.000409 0.000000
-0.000253 0.000000
-0.000139 0.000000
-0.000058 0.000000
0.000000 0.000000
0.000000 0.000000
0.000000 0.000000
0.000000 0.000000
0.000000 0.000000
0.000000 0.000000
0.000000 0.000000
0.000000 0.000000
0.000000 0.000000
0.000000 0.000000
0.000000 0.000000
0.000000 0.000000
0.000000 0.000000
0.000000 0.000000
0.000000 0.000000
0.000000 0.000000
0.000000 0.000000
0.000000 0.000000
0.000000 0.000000
0.000000 0.000000
0.000000 0.000000
0.000000 0.000000
0.000000 0.000000
0.000000 0.000000
0.000000 0.000000
0.000000 0.000000
0.000000 0.000000
0.000000 0.000000
0.000000 0.000000
0.000000 0.000000
0.000000 0.000000
0.000000 0.000000
0.000000 0.000000
0.000000 0.000000
0.000000 0.000000
0.000000 0.000000
0.000000 0.000000
0.000000 0.000000
0.000000 0.000000
0.000000 0.000000
0.000000 0.000000
0.000000 0.000000
0.000000 0.000000
0.000000 0.000000
0.000000 0.000000
0.000000 0.000000
0.000000 0.000000
0.000000 0.000000
0.000000 0.000000
0.000000 0.000000
0.000000 0.000000
0.000000 0.000000
0.000000 0.000000
0.000000 0.000000
0.000000 0.000000
0.000000 0.000000
0.000000 0.000000
0.000000 0.000000
0.000000 0.000000
0.000000 0.000000
0.000000 0.000000
0.000000 0.000000
0.000000 0.000000
0.000000 0.000000
0.000000 0.000000
