0.000000 0.000000
0.000000 0.000000
0.000000 0.000000
0.000000 0.000000
0.000000 0.000000
0.000000 0.000000
0.000000 0.000000
0.000000 0.000000
0.000000 0.000000
0.000000 0.000000
0.000000 0.000000
0.000000 0.000000
0.000000 0.000000
0.000000 0.000000
0.000000 0.000000
0.000000 0.000378
0.000000 0.006719
0.000000 0.031986
0.000000 0.087849
0.000000 0.177292
0.000000 0.294062
0.000000 0.426474
0.000000 0.561900
0.000000 0.689881
0.000000 0.803075
0.000000 0.892407
0.000000 0.944162
0.000000 0.947714
0.000000 0.902086
0.000000 0.815893
0.000000 0.703152
0.000000 0.578614
0.000000 0.454577
0.000000 0.339574
0.000000 0.238423
0.000000 0.153003
0.000000 0.083224
0.000000 0.027880
0.000000 -0.014725
0.000000 -0.046013
0.000000 -0.062105
0.000000 -0.051583
0.000000 -0.004145
0.000000 0.081976
0.000000 0.199440
0.000000 0.335589
0.000000 0.476557
0.000000 0.605551
0.000000 0.702009
0.000000 0.750252
0.000000 0.746135
0.000000 0.696661
0.000000 0.615318
0.000000 0.516976
0.000000 0.414376
0.000000 0.316600
0.000000 0.229018
0.000000 0.154014
0.000000 0.091946
0.000000 0.042013
0.000000 0.002890
0.000000 -0.026499
0.000000 -0.041956
0.000000 -0.031766
0.000000 0.014679
0.000000 0.098948
0.000000 0.208311
0.000000 0.317313
0.000000 0.400914
0.000000 0.445007
0.000000 0.448308
0.000000 0.418524
0.000000 0.367137
0.000000 0.305312
0.000000 0.241861
0.000000 0.182494
0.000000 0.130226
0.000000 0.086108
0.000000 0.049991
0.000000 0.021126
0.000000 -0.001435
0.000000 -0.018618
0.000000 -0.031242
0.000000 -0.040008
0.000378 -0.045517
0.006719 -0.048306
0.031986 -0.048872
0.087849 -0.047675
0.177292 -0.045110
0.293684 -0.041625
0.419755 -0.037569
0.529914 -0.033240
0.602032 -0.028880
0.626161 -0.024673
0.605064 -0.020750
0.549673 -0.017238
0.473662 -0.014124
0.389498 -0.011425
0.306502 -0.009131
0.230500 -0.007214
0.164366 -0.005638
0.108895 -0.004362
0.063648 -0.003341
0.027594 -0.002536
-0.000098 -0.001908
-0.015008 -0.001424
-0.005214 -0.001054
0.040051 -0.000774
0.122979 -0.000564
0.236222 -0.000409
0.361857 -0.000253
0.473689 -0.000139
0.549036 -0.000058
0.577453 0.000000
0.561276 0.000000
0.511078 0.000000
0.440248 0.000000
0.361042 0.000000
0.282637 0.000000
0.210768 0.000000
0.148267 0.000000
0.095924 0.000000
0.053320 0.000000
0.019462 0.000000
-0.006812 0.000000
-0.026237 0.000000
-0.034214 0.000000
-0.018638 0.000000
0.031413 0.000000
0.117873 0.000000
0.228278 0.000000
0.337408 0.000000
0.420433 0.000000
0.463473 0.000000
0.465350 0.000000
0.433917 0.000000
0.380775 0.000000
0.317226 0.000000
0.252060 0.000000
0.191096 0.000000
0.137380 0.000000
0.091980 0.000000
0.054751 0.000000
0.024939 0.000000
0.001586 0.000378
-0.016250 0.006719
-0.029405 0.031986
-0.038596 0.087849
-0.044442 0.177292
-0.047495 0.294062
-0.048264 0.426096
-0.047224 0.555180
-0.044819 0.657895
-0.041411 0.715604
-0.037413 0.721834
-0.033127 0.682085
-0.028798 0.609088
-0.024614 0.517478
-0.020750 0.420074
-0.017238 0.326174
-0.014124 0.241387
-0.011425 0.168310
-0.009131 0.107464
-0.007214 0.058171
-0.005638 0.019196
-0.004362 -0.010463
-0.003341 -0.026536
-0.002536 -0.017242
-0.001908 0.028058
-0.001424 0.111432
-0.001054 0.225800
-0.000774 0.358721
-0.000564 0.496876
-0.000409 0.629180
-0.000253 0.748118
-0.000139 0.849353
-0.000058 0.926158
0.000000 0.966321
0.000000 0.959960
0.000000 0.906303
0.000000 0.813857
0.000000 0.696394
0.000000 0.568388
0.000000 0.441898
0.000000 0.325265
0.000000 0.223162
0.000000 0.137358
0.000000 0.067670
0.000000 0.012810
0.000000 -0.028997
0.000378 -0.059630
0.006719 -0.080873
0.031986 -0.094338
0.087849 -0.101416
0.177292 -0.103429
0.294062 -0.101503
0.426474 -0.096633
0.561900 -0.089697
0.689503 -0.081451
0.796733 -0.072572
0.867140 -0.063520
0.888299 -0.054695
0.858270 -0.046386
0.785316 -0.038784
0.683481 -0.031998
0.567727 -0.026069
0.450633 -0.020987
0.341005 -0.016706
0.243900 -0.013156
0.161401 -0.010255
0.093589 -0.007916
0.039408 -0.006054
-0.002697 -0.004589
-0.034019 -0.003450
-0.050558 -0.002531
-0.040783 -0.001832
0.005711 -0.001306
0.090776 -0.000913
0.206767 -0.000622
0.335497 -0.000409
0.450557 -0.000253
0.529096 -0.000139
0.560544 -0.000058
0.547153 0.000000
0.499448 0.000000
0.430798 0.000000
0.353458 0.000000
0.276621 0.000000
0.206049 0.000000
0.144604 0.000000
0.093109 0.000000
0.051177 0.000000
0.017844 0.000000
-0.007644 0.000000
-0.020793 0.000000
-0.009609 0.000000
0.036741 0.000000
0.120506 0.000000
0.234768 0.000000
0.367270 0.000000
0.504762 0.000000
0.636262 0.000000
0.754337 0.000000
0.854708 0.000000
0.930693 0.000000
0.970104 0.000000
0.963074 0.000000
0.908798 0.000000
0.815832 0.000000
0.697940 0.000000
0.569586 0.000000
0.442817 0.000000
0.325964 0.000000
0.223688 0.000000
0.137751 0.000000
0.067961 0.000000
0.013024 0.000000
-0.028841 0.000000
-0.059517 0.000000
-0.080792 0.000000
-0.094280 0.000000
-0.101416 0.000000
-0.103429 0.000000
-0.101125 0.000000
-0.089913 0.000000
-0.057711 0.000000
0.006397 0.000000
0.104720 0.000000
0.230542 0.000000
0.371779 0.000000
0.515514 0.000000
0.650719 0.000000
0.764735 0.000000
0.841071 0.000000
0.867312 0.000000
0.841564 0.000000
0.772160 0.000000
0.673226 0.000000
0.559811 0.000000
0.444579 0.000000
0.336415 0.000000
0.240451 0.000000
0.158871 0.000000
0.091757 0.000000
0.038102 0.000000
-0.003610 0.000000
-0.034642 0.000000
-0.050967 0.000000
-0.041035 0.000000
0.005571 0.000000
0.090718 0.000000
0.207145 0.000000
0.342216 0.000000
0.482543 0.000000
0.616944 0.000000
0.737836 0.000000
0.840838 0.000000
0.919203 0.000000
0.960712 0.000000
0.955490 0.000000
0.902782 0.000000
0.811113 0.000000
0.694277 0.000000
0.566771 0.000000
0.440674 0.000000
0.324346 0.000000
0.222479 0.000000
0.136854 0.000000
0.067301 0.000000
0.012541 0.000000
-0.029192 0.000000
-0.059392 0.000000
-0.074212 0.000000
-0.062352 0.000000
-0.013567 0.000000
0.073485 0.000000
0.185840 0.000000
0.297855 0.000000
0.384354 0.000000
0.431137 0.000000
0.436818 0.000000
0.409132 0.000000
0.359553 0.000000
0.299296 0.000000
0.237142 0.000000
0.178831 0.000000
0.127410 0.000000
0.083965 0.000000
0.048374 0.000000
0.019916 0.000000
-0.002332 0.000378
-0.019279 0.006719
-0.031725 0.031986
-0.040358 0.087849
-0.045769 0.176914
-0.048446 0.287343
-0.048930 0.394488
-0.047675 0.474051
-0.045110 0.512588
-0.041625 0.509391
-0.037569 0.472652
-0.033240 0.414248
-0.028880 0.345682
-0.024673 0.275925
-0.020750 0.210829
-0.017238 0.153479
-0.014124 0.104951
-0.011425 0.065079
-0.009131 0.033072
-0.006836 0.007922
0.001081 -0.011363
0.027625 -0.025671
0.084507 -0.035769
0.174756 -0.042320
0.292154 -0.045915
0.425050 -0.047097
0.560469 -0.046369
0.682387 -0.044196
0.770902 -0.041002
0.810869 -0.037160
0.798603 -0.032988
0.741361 -0.028740
0.652846 -0.024614
0.548055 -0.020750
0.439746 -0.017238
0.337061 -0.014124
0.245331 -0.011425
0.166879 -0.009131
0.101987 -0.007214
0.049773 -0.005638
0.008832 -0.004362
-0.022369 -0.002964
-0.045284 0.004183
-0.061222 0.030078
-0.071338 0.086425
-0.076660 0.176238
-0.078118 0.293288
-0.076553 0.425910
-0.072729 0.561491
-0.067328 0.689628
-0.060943 0.803313
-0.054070 0.898690
-0.047111 0.969428
-0.040370 1.003576
-0.034065 0.991530
-0.028335 0.932663
-0.023253 0.835564
-0.018843 0.714039
-0.015088 0.582558
-0.011946 0.453146
-0.009357 0.334096
-0.007255 0.230025
-0.005571 0.142639
-0.004239 0.071696
-0.003197 0.015851
-0.002391 -0.026719
-0.001774 -0.057938
-0.001306 -0.079625
-0.000913 -0.093424
-0.000622 -0.100793
-0.000409 -0.103021
-0.000253 -0.100872
-0.000139 -0.089774
-0.000058 -0.057653
0.000000 0.006397
0.000000 0.104342
0.000000 0.223822
0.000000 0.339793
0.000000 0.427666
0.000000 0.473805
0.000000 0.477393
0.000000 0.446583
0.000000 0.393261
0.000000 0.328976
0.000000 0.262770
0.000000 0.200574
0.000000 0.145563
0.000000 0.098897
0.000000 0.060490
0.000000 0.029622
0.000000 0.005770
0.000000 -0.006475
0.000000 0.005009
0.000000 0.051166
0.000000 0.133972
0.000000 0.241019
0.000000 0.347138
0.000000 0.427543
0.000000 0.468334
0.000000 0.468388
0.000000 0.435492
0.000000 0.381260
0.000000 0.316941
0.000000 0.251311
0.000000 0.190078
0.000000 0.136241
0.000000 0.090827
0.000000 0.053654
0.000000 0.023941
0.000378 0.000709
0.006719 -0.017001
0.031986 -0.030033
0.087849 -0.039110
0.176914 -0.044856
0.287343 -0.047824
0.394488 -0.048521
0.474051 -0.047423
0.512588 -0.044970
0.509391 -0.041567
0.472652 -0.037569
0.414248 -0.033240
0.345682 -0.028880
0.275925 -0.024673
0.210829 -0.020750
0.153479 -0.017238
0.104951 -0.014124
0.065079 -0.011425
0.033072 -0.009131
0.007922 -0.006836
-0.011363 0.001081
-0.025671 0.027625
-0.035769 0.084507
-0.042320 0.174378
-0.045915 0.285435
-0.047097 0.393064
-0.046369 0.472998
-0.044196 0.511815
-0.041002 0.508826
-0.037160 0.472244
-0.032988 0.413995
-0.028740 0.345542
-0.024614 0.275867
-0.020750 0.210829
-0.017238 0.153479
-0.014124 0.104951
-0.011425 0.065079
-0.009131 0.033072
-0.007214 0.007922
-0.005638 -0.011363
-0.004362 -0.025671
-0.003341 -0.035769
-0.002536 -0.042320
-0.001530 -0.045915
0.005296 -0.047097
0.030932 -0.046369
0.087075 -0.044196
0.176350 -0.041002
0.286934 -0.037160
0.394236 -0.032988
0.473912 -0.028740
0.512530 -0.024614
0.509391 -0.020750
0.472652 -0.017238
0.414248 -0.014124
0.345682 -0.011425
0.275925 -0.009131
0.210829 -0.007214
0.153479 -0.005638
0.104951 -0.004362
0.065079 -0.003341
0.033072 -0.002536
0.007922 -0.001530
-0.011363 0.005296
-0.025671 0.030932
-0.035769 0.087075
-0.042320 0.176728
-0.045915 0.293654
-0.047097 0.425844
-0.046369 0.555041
-0.044196 0.657836
-0.041002 0.715604
-0.037160 0.721834
-0.032988 0.682085
-0.028740 0.609088
-0.024614 0.517478
-0.020750 0.420074
-0.017238 0.326174
-0.014124 0.241387
-0.011425 0.168310
-0.009131 0.107464
-0.007214 0.058171
-0.005638 0.019196
-0.004362 -0.010463
-0.003341 -0.026536
-0.002536 -0.017242
-0.001908 0.028058
-0.001424 0.111432
-0.001054 0.225800
-0.000774 0.358721
-0.000564 0.496876
-0.000409 0.628802
-0.000253 0.741399
-0.000139 0.817744
-0.000058 0.845029
0.000000 0.821015
0.000000 0.753746
0.000000 0.657121
0.000000 0.546019
0.000000 0.432988
0.000000 0.326835
0.000000 0.232653
0.000000 0.152570
0.000000 0.086726
0.000000 0.034128
0.000000 -0.006722
0.000000 -0.037438
0.000000 -0.059556
0.000000 -0.074084
0.000000 -0.076666
0.000000 -0.055443
0.000000 0.000309
0.000000 0.092626
0.000000 0.214453
0.000000 0.353398
0.000000 0.496225
0.000000 0.631592
0.000000 0.746508
0.000000 0.824276
0.000000 0.852259
0.000000 0.828389
0.000000 0.760865
0.000000 0.663718
0.000000 0.551940
0.000000 0.438161
0.000000 0.331255
0.000000 0.236354
0.000000 0.155616
0.000000 0.089194
0.000000 0.036098
0.000000 -0.005170
0.000000 -0.036229
0.000000 -0.058584
0.000000 -0.073304
0.000000 -0.076041
0.000000 -0.054938
0.000000 0.000678
0.000000 0.092895
0.000000 0.214647
0.000000 0.353538
0.000000 0.496283
0.000000 0.631970
0.000000 0.752850
0.000000 0.849542
0.000000 0.908122
0.000000 0.917833
0.000000 0.877635
0.000000 0.796130
0.000000 0.687366
0.000000 0.566142
0.000000 0.444827
0.000000 0.332028
0.000000 0.232638
0.000000 0.148608
0.000000 0.079914
0.000000 0.025407
0.000000 -0.016558
0.000000 -0.047697
0.000000 -0.069738
0.000000 -0.084191
0.000000 -0.092402
0.000000 -0.095190
0.000000 -0.088043
0.000000 -0.058957
0.000000 0.002884
0.000000 0.099682
0.000000 0.224605
0.000000 0.365449
0.000000 0.508802
0.000000 0.638322
0.000000 0.733881
0.000000 0.780199
0.000000 0.773485
0.000000 0.721039
0.000000 0.636591
0.000000 0.535190
0.000000 0.429705
0.000000 0.329301
0.000000 0.239390
0.000000 0.162371
0.000000 0.098595
0.000000 0.047242
0.000000 0.006999
0.000378 -0.023675
0.006719 -0.046198
0.031986 -0.061844
0.087849 -0.071746
0.176914 -0.076913
0.287343 -0.078257
0.394488 -0.076611
0.474051 -0.072729
0.512588 -0.067328
0.509391 -0.060943
0.472652 -0.054070
0.414248 -0.047111
0.345682 -0.040370
0.275925 -0.034065
0.210829 -0.028335
0.153479 -0.023253
0.104951 -0.018843
0.065079 -0.015088
0.033072 -0.011946
0.007922 -0.008979
-0.011363 -0.000536
-0.025671 0.026415
-0.035769 0.083610
-0.042320 0.174095
-0.045915 0.291671
-0.047097 0.424700
-0.046369 0.560594
-0.044196 0.688967
-0.041002 0.802453
-0.037160 0.891998
-0.032988 0.943909
-0.028740 0.947574
-0.024614 0.902028
-0.020750 0.815893
-0.017238 0.703152
-0.014124 0.578614
-0.011425 0.454577
-0.009131 0.339574
-0.007214 0.238423
-0.005638 0.153003
-0.004362 0.083224
-0.003341 0.027880
-0.002536 -0.014725
-0.001908 -0.046391
-0.001424 -0.068825
-0.001054 -0.083569
-0.000396 -0.091993
0.006155 -0.095316
0.031578 -0.094623
0.087596 -0.090885
0.176775 -0.084965
0.287285 -0.077610
0.394488 -0.069458
0.474051 -0.061026
0.512588 -0.052720
0.509391 -0.044839
0.472652 -0.037586
0.414248 -0.031079
0.345682 -0.025370
0.275925 -0.020461
0.210829 -0.016313
0.153479 -0.012865
0.104951 -0.010041
0.065079 -0.007760
0.033072 -0.005941
0.007922 -0.004130
-0.011363 0.003328
-0.025671 0.029455
-0.035769 0.086016
-0.042320 0.175608
-0.045915 0.286429
-0.047097 0.393866
-0.046369 0.473643
-0.044196 0.512336
-0.041002 0.509251
-0.037160 0.472594
-0.032988 0.414248
-0.028740 0.345682
-0.024614 0.275925
-0.020750 0.210829
-0.017238 0.153479
-0.014124 0.104951
-0.011425 0.065079
-0.009131 0.033072
-0.007214 0.008300
-0.005638 -0.004643
-0.004362 0.006315
-0.003341 0.052080
-0.002536 0.134595
-0.001908 0.241427
-0.001424 0.347391
-0.001054 0.427682
-0.000774 0.468392
-0.000564 0.468388
-0.000409 0.435492
-0.000253 0.381260
-0.000139 0.316941
-0.000058 0.251311
0.000000 0.190078
0.000000 0.136241
0.000000 0.090827
0.000000 0.053654
0.000000 0.023941
0.000378 0.000709
0.006719 -0.017001
0.031986 -0.030033
0.087849 -0.039110
0.177292 -0.044856
0.293684 -0.047824
0.419755 -0.048521
0.529914 -0.047423
0.602032 -0.044970
0.626161 -0.041567
0.605064 -0.037569
0.549673 -0.033240
0.473662 -0.028880
0.389498 -0.024673
0.306502 -0.020750
0.230500 -0.017238
0.164366 -0.014124
0.108895 -0.011425
0.063648 -0.009131
0.027594 -0.007214
-0.000098 -0.005638
-0.015008 -0.004362
-0.005214 -0.003341
0.040051 -0.002536
0.122979 -0.001908
0.236600 -0.001424
0.368576 -0.001054
0.505675 -0.000774
0.636507 -0.000564
0.748026 -0.000409
0.823352 -0.000253
0.849703 -0.000139
0.824856 -0.000058
0.756861 0.000000
0.659616 0.000000
0.547994 0.000000
0.434534 0.000000
0.328033 0.000000
0.233572 0.000000
0.153269 0.000000
0.087252 0.000000
0.034521 0.000000
-0.006431 0.000000
-0.036847 0.000000
-0.052681 0.000000
-0.042362 0.000000
0.004544 0.000000
0.089921 0.000000
0.206522 0.000000
0.341808 0.000000
0.481913 0.000000
0.610085 0.000000
0.705792 0.000000
0.753367 0.000000
0.748630 0.000000
0.698635 0.000000
0.616864 0.000000
0.518174 0.000000
0.415295 0.000000
0.317299 0.000000
0.229545 0.000000
0.154407 0.000000
0.092237 0.000000
0.042227 0.000000
0.003046 0.000000
-0.026764 0.000000
-0.048594 0.000000
-0.063694 0.000000
-0.073170 0.000000
-0.077967 0.000000
-0.078654 0.000000
-0.070456 0.000000
-0.041152 0.000000
0.020268 0.000000
0.115832 0.000000
0.233215 0.000000
0.347378 0.000000
0.433682 0.000000
0.478524 0.000000
0.481056 0.000000
0.449399 0.000000
0.395404 0.000000
0.330593 0.000000
0.263979 0.000000
0.201471 0.000000
0.146224 0.000000
0.099380 0.000000
0.060840 0.000000
0.029875 0.000000
0.005531 0.000000
-0.013137 0.000000
-0.026977 0.000000
-0.036682 0.000000
-0.042942 0.000000
-0.046324 0.000000
-0.047350 0.000000
-0.046509 0.000000
-0.044254 0.000000
-0.041002 0.000000
-0.037160 0.000000
-0.032988 0.000000
-0.028740 0.000000
-0.024614 0.000000
-0.020750 0.000000
-0.017238 0.000000
-0.014124 0.000000
-0.011425 0.000000
-0.009131 0.000000
-0.007214 0.000000
-0.005638 0.000000
-0.004362 0.000000
-0.003341 0.000000
-0.002536 0.000000
-0.001908 0.000000
-0.001424 0.000000
-0.001054 0.000000
-0.000774 0.000000
-0.000564 0.000000
-0.000409 0.000000
-0.000253 0.000000
-0.000139 0.000000
-0.000058 0.000000
0.000000 0.000000
0.000000 0.000000
0.000000 0.000000
0.000000 0.000000
0.000000 0.000000
0.000000 0.000000
0.000000 0.000000
0.000000 0.000000
0.000000 0.000000
0.000000 0.000000
0.000000 0.000000
0.000000 0.000000
0.000000 0.000000
0.000000 0.000000
0.000000 0.000000
0.000000 0.000000
0.000000 0.000000
0.000000 0.000000
0.000000 0.000000
0.000000 0.000000
0.000000 0.000000
0.000000 0.000000
0.000000 0.000000
0.000000 0.000000
0.000000 0.000000
0.000000 0.000000
0.000000 0.000000
0.000000 0.000000
0.000000 0.000000
0.000000 0.000000
0.000000 0.000000
0.000000 0.000000
0.000000 0.000000
0.000000 0.000000
0.000000 0.000000
0.000000 0.000000
0.000000 0.000000
0.000000 0.000000
0.000000 0.000000
0.000000 0.000000
0.000000 0.000000
0.000000 0.000000
0.000000 0.000000
0.000000 0.000000
0.000000 0.000000
0.000000 0.000000
0.000000 0.000000
0.000000 0.000000
0.000000 0.000000
0.000000 0.000000
0.000000 0.000000
0.000000 0.000000
0.000000 0.000000
