0.000000 0.000000
0.000000 0.000000
0.000000 0.000000
0.000000 0.000000
0.000000 0.000000
0.000000 0.000000
0.000000 0.000000
0.000000 0.000000
0.000000 0.000000
0.000000 0.000000
0.000000 0.000000
0.000000 0.000000
0.000000 0.000000
0.000000 0.000000
0.000000 0.000000
0.000378 0.000000
0.006719 0.000000
0.031986 0.000000
0.087849 0.000000
0.176914 0.000000
0.287343 0.000000
0.394488 0.000000
0.474051 0.000000
0.512588 0.000000
0.509391 0.000000
0.472652 0.000000
0.414248 0.000000
0.345682 0.000000
0.275925 0.000000
0.210829 0.000000
0.153479 0.000000
0.104951 0.000000
0.065079 0.000000
0.033072 0.000000
0.008300 0.000000
-0.004643 0.000000
0.006315 0.000000
0.052080 0.000000
0.134595 0.000000
0.241427 0.000000
0.347391 0.000000
0.427682 0.000000
0.468392 0.000000
0.468388 0.000000
0.435492 0.000000
0.381260 0.000000
0.316941 0.000000
0.251311 0.000000
0.190078 0.000000
0.136241 0.000000
0.090827 0.000000
0.053654 0.000000
0.023941 0.000000
0.000709 0.000378
-0.017001 0.006719
-0.030033 0.031986
-0.039110 0.087849
-0.044856 0.177292
-0.047824 0.294062
-0.048521 0.426474
-0.047423 0.561522
-0.044970 0.683161
-0.041567 0.771467
-0.037569 0.811278
-0.033240 0.798855
-0.028880 0.741500
-0.024673 0.652904
-0.020750 0.548055
-0.017238 0.439746
-0.014124 0.337061
-0.011425 0.245331
-0.009131 0.166879
-0.007214 0.101987
-0.005638 0.049773
-0.004362 0.008832
-0.003341 -0.022369
-0.002536 -0.045284
-0.001530 -0.061222
0.005296 -0.071338
0.030932 -0.076660
0.087075 -0.078118
0.176728 -0.076553
0.293654 -0.072729
0.426222 -0.067328
0.561760 -0.060943
0.689822 -0.054070
0.803453 -0.047111
0.898749 -0.040370
0.969428 -0.034065
1.003576 -0.028335
0.991530 -0.023253
0.932663 -0.018843
0.835564 -0.015088
0.714039 -0.011946
0.582558 -0.009357
0.453146 -0.007255
0.334096 -0.005571
0.230025 -0.004239
0.142639 -0.003197
0.071696 -0.002391
0.015851 -0.001774
-0.026719 -0.001306
-0.057560 -0.000913
-0.072906 -0.000622
-0.061438 -0.000409
-0.012945 -0.000253
0.073894 -0.000139
0.186093 -0.000058
0.297995 0.000000
0.384413 0.000000
0.431137 0.000000
0.436818 0.000000
0.409132 0.000000
0.359553 0.000000
0.299296 0.000000
0.237142 0.000000
0.178831 0.000000
0.127410 0.000000
0.083965 0.000000
0.048374 0.000000
0.019916 0.000000
-0.002332 0.000378
-0.019279 0.006719
-0.031725 0.031986
-0.040358 0.087849
-0.045769 0.176914
-0.048446 0.287343
-0.048930 0.394488
-0.047675 0.474051
-0.045110 0.512588
-0.041625 0.509391
-0.037569 0.472652
-0.033240 0.414248
-0.028880 0.345682
-0.024673 0.275925
-0.020750 0.210829
-0.017238 0.153479
-0.014124 0.104951
-0.011425 0.065079
-0.009131 0.033072
-0.006836 0.007922
0.001081 -0.011363
0.027625 -0.025671
0.084507 -0.035769
0.174756 -0.042320
0.292154 -0.045915
0.425050 -0.047097
0.560846 -0.046369
0.689107 -0.044196
0.802889 -0.041002
0.898340 -0.037160
0.969176 -0.032988
1.003437 -0.028740
0.991471 -0.024614
0.932663 -0.020750
0.835564 -0.017238
0.714039 -0.014124
0.582558 -0.011425
0.453146 -0.009131
0.334096 -0.007214
0.230025 -0.005638
0.142639 -0.004362
0.071696 -0.003341
0.015851 -0.002536
-0.026719 -0.001908
-0.057938 -0.001424
-0.079625 -0.001054
-0.093424 -0.000774
-0.100793 -0.000564
-0.102643 -0.000409
-0.094531 -0.000253
-0.064507 -0.000139
-0.001790 -0.000058
0.095841 0.000000
0.221490 0.000000
0.362954 0.000000
0.506827 0.000000
0.636776 0.000000
0.732683 0.000000
0.779280 0.000000
0.772787 0.000000
0.720513 0.000000
0.636198 0.000000
0.534899 0.000000
0.429491 0.000000
0.329145 0.000000
0.239277 0.000000
0.162290 0.000000
0.098537 0.000000
0.047242 0.000000
0.006999 0.000000
-0.023297 0.000000
-0.039478 0.000000
-0.029858 0.000000
0.016102 0.000000
0.100379 0.000000
0.215805 0.000000
0.349485 0.000000
0.482451 0.000000
0.590566 0.000000
0.654662 0.000000
0.667764 0.000000
0.634975 0.000000
0.568718 0.000000
0.483413 0.000000
0.391740 0.000000
0.302920 0.000000
0.222544 0.000000
0.153222 0.000000
0.095518 0.000000
0.048814 0.000000
0.011941 0.000000
-0.016412 0.000378
-0.037495 0.006719
-0.052425 0.031986
-0.062182 0.087849
-0.067634 0.177292
-0.069569 0.294062
-0.068667 0.426474
-0.065647 0.561522
-0.061110 0.683161
-0.055587 0.771467
-0.049535 0.811278
-0.043328 0.798855
-0.037255 0.741500
-0.031570 0.652904
-0.026360 0.548055
-0.021707 0.439746
-0.017645 0.337061
-0.014169 0.245331
-0.011247 0.166879
-0.008831 0.101987
-0.006862 0.049773
-0.005280 0.008832
-0.003647 -0.022369
0.003678 -0.045284
0.029708 -0.061222
0.086156 -0.071338
0.176044 -0.076660
0.292771 -0.078118
0.419132 -0.076553
0.529505 -0.072729
0.601780 -0.067328
0.626021 -0.060943
0.605006 -0.054070
0.549673 -0.047111
0.473662 -0.040370
0.389498 -0.034065
0.306502 -0.028335
0.230500 -0.023253
0.164366 -0.018843
0.108895 -0.015088
0.063648 -0.011946
0.027594 -0.009357
-0.000476 -0.007255
-0.021727 -0.005571
-0.037200 -0.003861
-0.047797 0.003522
-0.054313 0.029595
-0.057462 0.086074
-0.057898 0.175608
-0.056225 0.286429
-0.052996 0.393866
-0.048707 0.473643
-0.043788 0.512336
-0.038596 0.509251
-0.033414 0.472594
-0.028455 0.414248
-0.023865 0.345682
-0.019732 0.275925
-0.016099 0.210829
-0.012971 0.153479
-0.010328 0.104951
-0.008133 0.065079
-0.006336 0.033072
-0.004888 0.007922
-0.003734 -0.010985
-0.002827 -0.018952
-0.002122 -0.003783
-0.001580 0.045529
-0.001167 0.131377
-0.000855 0.246965
-0.000622 0.380105
-0.000409 0.517704
-0.000253 0.648878
-0.000139 0.765915
-0.000058 0.859419
0.000000 0.915421
0.000000 0.923099
0.000000 0.881336
0.000000 0.798655
0.000000 0.689028
0.000000 0.567188
0.000000 0.445446
0.000000 0.332360
0.000000 0.232785
0.000000 0.148642
0.000000 0.079883
0.000000 0.025343
0.000000 -0.016634
0.000000 -0.047815
0.000000 -0.069878
0.000000 -0.083965
0.000000 -0.085838
0.000000 -0.063738
0.000000 -0.007027
0.000000 0.085890
0.000000 0.202320
0.000000 0.316878
0.000000 0.404594
0.000000 0.451563
0.000000 0.456671
0.000000 0.427813
0.000000 0.376662
0.000000 0.314603
0.000000 0.250555
0.000000 0.190368
0.000000 0.137166
0.000000 0.092087
0.000000 0.055038
0.000000 0.025312
0.000378 0.001981
0.006719 -0.015871
0.031986 -0.029063
0.087849 -0.038299
0.176914 -0.044152
0.287343 -0.047222
0.394488 -0.048011
0.474051 -0.046992
0.512588 -0.044605
0.509391 -0.041255
0.472652 -0.037300
0.414248 -0.033046
0.345682 -0.028740
0.275925 -0.024614
0.210829 -0.020750
0.153479 -0.017238
0.104951 -0.014124
0.065079 -0.011425
0.033072 -0.009131
0.007922 -0.007214
-0.011363 -0.005638
-0.025671 -0.003984
-0.035769 0.003378
-0.042320 0.029450
-0.045915 0.085940
-0.047097 0.175868
-0.046369 0.293009
-0.044196 0.425700
-0.041002 0.561336
-0.037160 0.689472
-0.032988 0.802823
-0.028740 0.892267
-0.024614 0.944103
-0.020750 0.947714
-0.017238 0.902086
-0.014124 0.815893
-0.011425 0.703152
-0.009131 0.578614
-0.007214 0.454577
-0.005638 0.339574
-0.004362 0.238423
-0.003341 0.153003
-0.002536 0.083224
-0.001908 0.027880
-0.001424 -0.014725
-0.001054 -0.046013
-0.000774 -0.062105
-0.000564 -0.051583
-0.000409 -0.004145
-0.000253 0.081976
-0.000139 0.199440
-0.000058 0.335589
0.000000 0.476935
0.000000 0.611892
0.000000 0.727276
0.000000 0.806115
0.000000 0.835579
0.000000 0.813431
0.000000 0.747730
0.000000 0.652402
0.000000 0.542356
0.000000 0.430172
0.000000 0.324692
0.000000 0.231036
0.000000 0.151361
0.000000 0.085829
0.000000 0.033467
0.000000 -0.007205
0.000000 -0.037411
0.000000 -0.053089
0.000000 -0.042615
0.000000 0.004404
0.000000 0.089485
0.000000 0.199803
0.000000 0.309822
0.000000 0.394442
0.000000 0.439513
0.000000 0.443716
0.000000 0.414741
0.000000 0.364022
0.000000 0.302817
0.000000 0.239886
0.000000 0.180948
0.000000 0.129028
0.000000 0.085189
0.000000 0.049293
0.000000 0.020600
0.000000 -0.001450
0.000000 -0.012189
0.000000 0.000530
0.000000 0.047685
0.000000 0.131662
0.000000 0.245674
0.000000 0.377544
0.000000 0.514225
0.000000 0.644771
0.000000 0.761450
0.000000 0.854838
0.000000 0.910921
0.000000 0.918834
0.000000 0.877413
0.000000 0.795142
0.000000 0.685915
0.000000 0.564489
0.000000 0.443152
0.000000 0.330443
0.000000 0.231209
0.000000 0.147365
0.000000 0.078863
0.000000 0.024538
0.000000 -0.017262
0.000378 -0.048299
0.006719 -0.070248
0.031986 -0.084623
0.087849 -0.092767
0.177292 -0.095880
0.293684 -0.095031
0.419755 -0.091138
0.529914 -0.085104
0.602032 -0.077669
0.626161 -0.069458
0.605064 -0.061026
0.549673 -0.052720
0.473662 -0.044839
0.389498 -0.037586
0.306502 -0.031079
0.230500 -0.025370
0.164366 -0.020461
0.108895 -0.016313
0.063648 -0.012865
0.027594 -0.010041
-0.000476 -0.007382
-0.021727 0.000778
-0.037200 0.027478
-0.047797 0.084457
-0.054313 0.174384
-0.057462 0.285511
-0.057898 0.393182
-0.056225 0.473138
-0.052996 0.511966
-0.048707 0.508982
-0.043788 0.472400
-0.038596 0.414108
-0.033414 0.345623
-0.028455 0.275925
-0.023865 0.210829
-0.019732 0.153479
-0.016099 0.104951
-0.012971 0.065079
-0.010328 0.033072
-0.008133 0.007922
-0.006336 -0.011363
-0.004888 -0.025293
-0.003734 -0.029049
-0.002827 -0.010334
-0.002122 0.041933
-0.001580 0.130195
-0.001167 0.247315
-0.000855 0.375558
-0.000622 0.488912
-0.000409 0.564872
-0.000253 0.593173
-0.000139 0.576324
-0.000058 0.525059
0.000000 0.452912
0.000000 0.372260
0.000000 0.292378
0.000000 0.219075
0.000000 0.155236
0.000000 0.101682
0.000000 0.058010
0.000000 0.023233
0.000378 -0.003817
0.006719 -0.024263
0.031986 -0.039108
0.087849 -0.049221
0.176914 -0.055367
0.287343 -0.058236
0.394488 -0.058462
0.474051 -0.056633
0.512588 -0.053249
0.509391 -0.048847
0.472652 -0.043846
0.414248 -0.038596
0.345682 -0.033414
0.275925 -0.028455
0.210829 -0.023865
0.153479 -0.019732
0.104951 -0.016099
0.065079 -0.012971
0.033072 -0.010328
0.008300 -0.008133
-0.004643 -0.006336
0.006315 -0.004888
0.052080 -0.003734
0.134973 -0.002827
0.248147 -0.002122
0.378999 -0.001580
0.508811 -0.001167
0.613698 -0.000855
0.674602 -0.000622
0.684674 -0.000409
0.649098 -0.000253
0.580348 -0.000139
0.492864 -0.000058
0.399324 0.000000
0.308936 0.000000
0.227263 0.000000
0.156885 0.000000
0.098334 0.000000
0.050957 0.000000
0.013558 0.000000
-0.015202 0.000000
-0.036597 0.000000
-0.051764 0.000000
-0.061699 0.000000
-0.067284 0.000000
-0.068938 0.000000
-0.061808 0.000000
-0.033603 0.000000
0.026739 0.000000
0.121327 0.000000
0.237807 0.000000
0.351160 0.000000
0.436796 0.000000
0.481018 0.000000
0.483031 0.000000
0.450945 0.000000
0.396602 0.000000
0.331512 0.000000
0.264678 0.000000
0.201997 0.000000
0.146617 0.000000
0.099671 0.000000
0.061054 0.000000
0.030031 0.000000
0.005644 0.000378
-0.013055 0.006719
-0.026919 0.031986
-0.036682 0.087849
-0.042942 0.176914
-0.046324 0.287343
-0.047350 0.394488
-0.046509 0.474051
-0.044254 0.512588
-0.041002 0.509391
-0.037160 0.472652
-0.032988 0.414248
-0.028740 0.345682
-0.024614 0.275925
-0.020750 0.210829
-0.017238 0.153479
-0.014124 0.104951
-0.011425 0.065079
-0.009131 0.033072
-0.006836 0.007922
0.001081 -0.011363
0.027625 -0.025671
0.084507 -0.035769
0.174756 -0.042320
0.292154 -0.045915
0.424673 -0.047097
0.554127 -0.046369
0.657121 -0.044196
0.715040 -0.041002
0.721426 -0.037160
0.681833 -0.032988
0.608949 -0.028740
0.517420 -0.024614
0.420074 -0.020750
0.326174 -0.017238
0.241387 -0.014124
0.168310 -0.011425
0.107464 -0.009131
0.058171 -0.007214
0.019196 -0.005638
-0.010840 -0.004362
-0.033256 -0.003341
-0.049228 -0.002536
-0.059791 -0.001908
-0.065860 -0.001046
-0.068262 0.005666
-0.067753 0.031212
-0.065024 0.087284
-0.060701 0.176884
-0.055335 0.293810
-0.049396 0.426335
-0.043270 0.561842
-0.037255 0.689881
-0.031570 0.803075
-0.026360 0.892407
-0.021707 0.944162
-0.017645 0.947714
-0.014169 0.902086
-0.011247 0.815893
-0.008831 0.703152
-0.006862 0.578614
-0.005280 0.454577
-0.004025 0.339574
-0.003041 0.238423
-0.002278 0.153003
-0.001693 0.083224
-0.001248 0.027880
-0.000913 -0.014725
-0.000245 -0.046391
0.006311 -0.068825
0.031734 -0.083569
0.087709 -0.091993
0.177234 -0.095316
0.294062 -0.094623
0.426474 -0.090885
0.561522 -0.084965
0.683161 -0.077610
0.771467 -0.069458
0.811278 -0.061026
0.798855 -0.052720
0.741500 -0.044839
0.652904 -0.037586
0.548055 -0.031079
0.439746 -0.025370
0.337061 -0.020461
0.245331 -0.016313
0.166879 -0.012865
0.101987 -0.010041
0.049773 -0.007760
0.008832 -0.005941
-0.022369 -0.004130
-0.045284 0.003328
-0.061222 0.029455
-0.071338 0.086016
-0.076660 0.175986
-0.078118 0.293149
-0.076553 0.425852
-0.072729 0.561491
-0.067328 0.689250
-0.060943 0.796594
-0.054070 0.867082
-0.047111 0.888299
-0.040370 0.858270
-0.034065 0.785316
-0.028335 0.683481
-0.023253 0.567727
-0.018843 0.450633
-0.015088 0.341005
-0.011946 0.243900
-0.009357 0.161401
-0.007255 0.093589
-0.005571 0.039408
-0.004239 -0.002697
-0.003197 -0.034397
-0.002391 -0.057278
-0.001774 -0.072769
-0.001306 -0.082138
-0.000913 -0.086516
-0.000622 -0.086540
-0.000409 -0.077538
-0.000253 -0.047371
-0.000139 0.014912
-0.000058 0.111298
0.000000 0.229432
0.000000 0.344263
0.000000 0.431187
0.000000 0.476549
0.000000 0.479510
0.000000 0.448201
0.000000 0.394485
0.000000 0.329895
0.000000 0.263453
0.000000 0.201079
0.000000 0.145933
0.000000 0.099166
0.000000 0.060684
0.000000 0.029762
0.000000 0.005828
0.000000 -0.006475
0.000000 0.005009
0.000000 0.051166
0.000000 0.134350
0.000000 0.247738
0.000000 0.379124
0.000000 0.515391
0.000000 0.645626
0.000000 0.762450
0.000000 0.861588
0.000000 0.936440
0.000000 0.974836
0.000000 0.966915
0.000000 0.911912
0.000000 0.818327
0.000000 0.699915
0.000000 0.571132
0.000000 0.444015
0.000000 0.326883
0.000000 0.224387
0.000000 0.138277
0.000000 0.068354
0.000000 0.013315
0.000000 -0.028627
0.000378 -0.059361
0.006719 -0.080679
0.031986 -0.094198
0.087849 -0.101357
0.177292 -0.103429
0.294062 -0.101503
0.426096 -0.096633
0.555180 -0.089697
0.657895 -0.081451
0.715604 -0.072572
0.721834 -0.063520
0.682085 -0.054695
0.609088 -0.046386
0.517478 -0.038784
0.420074 -0.031998
0.326174 -0.026069
0.241387 -0.020987
0.168310 -0.016706
0.107464 -0.013156
0.058171 -0.010255
0.019196 -0.007916
-0.010463 -0.006054
-0.026536 -0.004589
-0.017242 -0.003450
0.028058 -0.002531
0.111432 -0.001832
0.225800 -0.001306
0.358721 -0.000913
0.496876 -0.000622
0.629180 -0.000409
0.747740 -0.000253
0.843011 -0.000139
0.900892 -0.000058
0.910459 0.000000
0.870516 0.000000
0.789533 0.000000
0.681445 0.000000
0.560968 0.000000
0.440408 0.000000
0.328326 0.000000
0.229592 0.000000
0.146141 0.000000
0.077944 0.000000
0.023855 0.000000
-0.017766 0.000000
-0.048669 0.000378
-0.070517 0.006719
-0.084817 0.031986
-0.092907 0.087849
-0.095938 0.177292
-0.095031 0.294062
-0.091138 0.426474
-0.085104 0.561900
-0.077669 0.689881
-0.069458 0.803453
-0.061026 0.898749
-0.052720 0.969428
-0.044839 1.003576
-0.037586 0.991530
-0.031079 0.932663
-0.025370 0.835564
-0.020461 0.714039
-0.016313 0.582558
-0.012865 0.453146
-0.010041 0.334096
-0.007760 0.230025
-0.005941 0.142639
-0.004508 0.071696
-0.003391 0.015851
-0.002531 -0.026719
-0.001454 -0.057938
0.005413 -0.079625
0.031073 -0.093424
0.087226 -0.100793
0.176884 -0.103021
0.293810 -0.101250
0.425957 -0.096493
0.555122 -0.089639
0.657895 -0.081451
0.715604 -0.072572
0.721834 -0.063520
0.682085 -0.054695
0.609088 -0.046386
0.517478 -0.038784
0.420074 -0.031998
0.326174 -0.026069
0.241387 -0.020987
0.168310 -0.016706
0.107464 -0.013156
0.058171 -0.010255
0.019196 -0.007916
-0.010840 -0.006054
-0.033256 -0.004589
-0.049228 -0.003450
-0.059791 -0.002531
-0.065860 -0.001832
-0.068262 -0.001306
-0.067753 -0.000913
-0.065024 -0.000622
-0.060701 -0.000409
-0.055335 -0.000253
-0.049396 -0.000139
-0.043270 -0.000058
-0.037255 0.000000
-0.031570 0.000000
-0.026360 0.000000
-0.021707 0.000000
-0.017645 0.000000
-0.014169 0.000000
-0.011247 0.000000
-0.008831 0.000000
-0.006862 0.000000
-0.005280 0.000000
-0.004025 0.000000
-0.003041 0.000000
-0.002278 0.000000
-0.001693 0.000000
-0.001248 0.000000
-0.000913 0.000000
-0.000622 0.000000
-0.000409 0.000000
-0.000253 0.000000
-0.000139 0.000000
-0.000058 0.000000
0.000000 0.000000
0.000000 0.000000
0.000000 0.000000
0.000000 0.000000
0.000000 0.000000
0.000000 0.000000
0.000000 0.000000
0.000000 0.000000
0.000000 0.000000
0.000000 0.000000
0.000000 0.000000
0.000000 0.000000
0.000000 0.000000
0.000000 0.000000
0.000000 0.000000
0.000000 0.000000
0.000000 0.000000
0.000000 0.000000
0.000000 0.000000
0.000000 0.000000
0.000000 0.000000
0.000000 0.000000
0.000000 0.000000
0.000000 0.000000
0.000000 0.000000
0.000000 0.000000
0.000000 0.000000
0.000000 0.000000
0.000000 0.000000
0.000000 0.000000
0.000000 0.000000
0.000000 0.000000
0.000000 0.000000
0.000000 0.000000
0.000000 0.000000
0.000000 0.000000
0.000000 0.000000
0.000000 0.000000
0.000000 0.000000
0.000000 0.000000
0.000000 0.000000
0.000000 0.000000
0.000000 0.000000
0.000000 0.000000
0.000000 0.000000
0.000000 0.000000
0.000000 0.000000
0.000000 0.000000
0.000000 0.000000
0.000000 0.000000
0.000000 0.000000
0.000000 0.000000
0.000000 0.000000
0.000000 0.000000
0.000000 0.000000
0.000000 0.000000
0.000000 0.000000
