0.000000 0.000000
0.000000 0.000000
0.000000 0.000000
0.000000 0.000000
0.000000 0.000000
0.000000 0.000000
0.000000 0.000000
0.000000 0.000000
0.000000 0.000000
0.000000 0.000000
0.000000 0.000000
0.000000 0.000000
0.000000 0.000000
0.000000 0.000000
0.000000 0.000000
0.000000 0.000000
0.000000 0.000000
0.000000 0.000000
0.000000 0.000000
0.000000 0.000000
0.000378 0.000000
0.006719 0.000000
0.031986 0.000000
0.087849 0.000000
0.177292 0.000000
0.294062 0.000000
0.426474 0.000000
0.561900 0.000000
0.689503 0.000000
0.796733 0.000000
0.867140 0.000000
0.888299 0.000000
0.858270 0.000000
0.785316 0.000000
0.683481 0.000000
0.567727 0.000000
0.450633 0.000000
0.341005 0.000000
0.243900 0.000000
0.161401 0.000000
0.093589 0.000000
0.039408 0.000000
-0.002697 0.000000
-0.034397 0.000378
-0.057278 0.006719
-0.072769 0.031986
-0.082138 0.087849
-0.086516 0.177292
-0.086918 0.294062
-0.084258 0.426474
-0.079357 0.561900
-0.072936 0.689503
-0.065617 0.796733
-0.057911 0.867140
-0.050225 0.888299
-0.042865 0.858270
-0.036040 0.785316
-0.029881 0.683481
-0.024451 0.567727
-0.019762 0.450633
-0.015787 0.341005
-0.012472 0.243900
-0.009750 0.161401
-0.007546 0.093589
-0.005785 0.039408
-0.004395 -0.002697
-0.002932 -0.034397
0.004247 -0.057278
0.030154 -0.072769
0.086542 -0.082138
0.176001 -0.086516
0.286720 -0.086918
0.394080 -0.084258
0.473799 -0.079357
0.512449 -0.072936
0.509332 -0.065617
0.472652 -0.057911
0.414248 -0.050225
0.345682 -0.042865
0.275925 -0.036040
0.210829 -0.029881
0.153479 -0.024451
0.104951 -0.019762
0.065079 -0.015787
0.033072 -0.012472
0.007922 -0.009372
-0.011363 -0.000827
-0.025671 0.026201
-0.035769 0.083453
-0.042320 0.173604
-0.045915 0.284870
-0.047097 0.392656
-0.046369 0.472745
-0.044196 0.511675
-0.041002 0.508768
-0.037160 0.472244
-0.032988 0.413995
-0.028740 0.345542
-0.024614 0.275867
-0.020750 0.210829
-0.017238 0.153479
-0.014124 0.104951
-0.011425 0.065079
-0.009131 0.033072
-0.007214 0.008300
-0.005638 -0.004643
-0.004362 0.006315
-0.003341 0.052080
-0.002536 0.134973
-0.001908 0.248147
-0.001424 0.379377
-0.001054 0.515531
-0.000774 0.645307
-0.000564 0.755731
-0.000409 0.829980
-0.000253 0.855311
-0.000139 0.829530
-0.000058 0.760701
0.000000 0.662730
0.000000 0.550489
0.000000 0.436509
0.000000 0.329580
0.000000 0.234770
0.000000 0.154188
0.000000 0.087951
0.000000 0.035047
0.000000 -0.006038
0.000000 -0.036933
0.000000 -0.059186
0.000000 -0.074192
0.000000 -0.083192
0.000000 -0.087290
0.000378 -0.087482
0.006719 -0.084666
0.031986 -0.079609
0.087849 -0.073076
0.176914 -0.065675
0.287343 -0.057911
0.394488 -0.050225
0.474051 -0.042865
0.512588 -0.036040
0.509391 -0.029881
0.472652 -0.024451
0.414248 -0.019762
0.345682 -0.015787
0.275925 -0.012472
0.210829 -0.009750
0.153479 -0.007546
0.104951 -0.005785
0.065079 -0.004395
0.033072 -0.003310
0.007922 -0.002095
-0.011363 0.004887
-0.025671 0.030680
-0.035769 0.086935
-0.042320 0.176670
-0.045915 0.293654
-0.047097 0.426222
-0.046369 0.561760
-0.044196 0.689822
-0.041002 0.803453
-0.037160 0.898749
-0.032988 0.969428
-0.028740 1.003576
-0.024614 0.991530
-0.020750 0.932663
-0.017238 0.835564
-0.014124 0.714039
-0.011425 0.582558
-0.009131 0.453146
-0.007214 0.334096
-0.005638 0.230025
-0.004362 0.142639
-0.003341 0.071696
-0.002536 0.015851
-0.001908 -0.026719
-0.001424 -0.057560
-0.001054 -0.072906
-0.000774 -0.061438
-0.000564 -0.012945
-0.000409 0.074272
-0.000253 0.192812
-0.000139 0.329981
-0.000058 0.472261
0.000000 0.608429
0.000000 0.730880
0.000000 0.835228
0.000000 0.914733
0.000000 0.957191
0.000000 0.952746
0.000000 0.900665
0.000000 0.809496
0.000000 0.693053
0.000000 0.565852
0.000000 0.439990
0.000000 0.323841
0.000000 0.222109
0.000000 0.136585
0.000000 0.067106
0.000000 0.012402
0.000000 -0.029250
0.000000 -0.059770
0.000000 -0.080931
0.000000 -0.094338
0.000000 -0.101038
0.000000 -0.096710
0.000000 -0.069516
0.000000 -0.008784
0.000000 0.087217
0.000000 0.205891
0.000000 0.321916
0.000000 0.410531
0.000000 0.457894
0.000000 0.463005
0.000000 0.433868
0.000000 0.382250
0.000000 0.319613
0.000000 0.254939
0.000000 0.194123
0.000000 0.140323
0.000000 0.094697
0.000000 0.057163
0.000000 0.027017
0.000000 0.003711
0.000000 -0.008093
0.000000 0.003784
0.000000 0.050248
0.000000 0.133289
0.000000 0.240514
0.000000 0.346768
0.000000 0.427274
0.000000 0.468140
0.000000 0.468249
0.000000 0.435433
0.000000 0.381260
0.000000 0.316941
0.000000 0.251311
0.000000 0.190078
0.000000 0.136241
0.000000 0.090827
0.000000 0.053654
0.000000 0.023941
0.000000 0.000709
0.000000 -0.017001
0.000378 -0.030033
0.006719 -0.039110
0.031986 -0.044856
0.087849 -0.047824
0.177292 -0.048521
0.294062 -0.047423
0.426096 -0.044970
0.555180 -0.041567
0.657895 -0.037569
0.715604 -0.033240
0.721834 -0.028880
0.682085 -0.024673
0.609088 -0.020750
0.517478 -0.017238
0.420074 -0.014124
0.326174 -0.011425
0.241387 -0.009131
0.168310 -0.007214
0.107464 -0.005638
0.058171 -0.004362
0.019196 -0.003341
-0.010463 -0.002536
-0.026536 -0.001908
-0.017242 -0.001424
0.028058 -0.001054
0.111432 -0.000774
0.225800 -0.000564
0.358343 -0.000409
0.490156 -0.000253
0.597194 -0.000139
0.660270 -0.000058
0.672438 0.000000
0.638816 0.000000
0.571833 0.000000
0.485908 0.000000
0.393714 0.000000
0.304467 0.000000
0.223742 0.000000
0.154141 0.000000
0.096217 0.000000
0.049340 0.000000
0.012334 0.000000
-0.016121 0.000000
-0.037281 0.000000
-0.052269 0.000000
-0.062069 0.000378
-0.067553 0.006719
-0.069510 0.031986
-0.068667 0.087849
-0.065647 0.177292
-0.061110 0.294062
-0.055587 0.426096
-0.049535 0.555180
-0.043328 0.657895
-0.037255 0.715604
-0.031570 0.721834
-0.026360 0.682085
-0.021707 0.609088
-0.017645 0.517478
-0.014169 0.420074
-0.011247 0.326174
-0.008831 0.241387
-0.006862 0.168310
-0.005280 0.107464
-0.004025 0.058171
-0.003041 0.019196
-0.001900 -0.010840
0.005027 -0.033256
0.030738 -0.049228
0.086935 -0.059791
0.176292 -0.065860
0.286934 -0.068262
0.394236 -0.067753
0.473912 -0.065024
0.512530 -0.060701
0.509391 -0.055335
0.472652 -0.049396
0.414248 -0.043270
0.345682 -0.037255
0.275925 -0.031570
0.210829 -0.026360
0.153479 -0.021707
0.104951 -0.017645
0.065079 -0.014169
0.033072 -0.011247
0.007922 -0.008453
-0.011363 -0.000143
-0.025671 0.026706
-0.035769 0.083823
-0.042320 0.174251
-0.045915 0.291784
-0.047097 0.424781
-0.046369 0.560652
-0.044196 0.688967
-0.041002 0.802453
-0.037160 0.891998
-0.032988 0.943909
-0.028740 0.947574
-0.024614 0.902028
-0.020750 0.815893
-0.017238 0.703152
-0.014124 0.578614
-0.011425 0.454577
-0.009131 0.339574
-0.007214 0.238423
-0.005638 0.153003
-0.004362 0.083224
-0.003341 0.027880
-0.002536 -0.014725
-0.001908 -0.046013
-0.001424 -0.062105
-0.001054 -0.051583
-0.000774 -0.004145
-0.000564 0.081599
-0.000409 0.192720
-0.000253 0.303603
-0.000139 0.389087
-0.000058 0.434978
0.000000 0.439933
0.000000 0.411627
0.000000 0.361528
0.000000 0.300842
0.000000 0.238339
0.000000 0.179750
0.000000 0.128109
0.000000 0.084491
0.000000 0.048767
0.000000 0.020207
0.000378 -0.002119
0.006719 -0.019123
0.031986 -0.031612
0.087849 -0.040277
0.177292 -0.045711
0.294062 -0.048446
0.426474 -0.048930
0.561900 -0.047675
0.689881 -0.045110
0.803453 -0.041625
0.898749 -0.037569
0.969428 -0.033240
1.003576 -0.028880
0.991530 -0.024673
0.932663 -0.020750
0.835564 -0.017238
0.714039 -0.014124
0.582558 -0.011425
0.453146 -0.009131
0.334096 -0.007214
0.230025 -0.005638
0.142639 -0.004362
0.071696 -0.003341
0.015851 -0.002536
-0.026719 -0.001908
-0.057938 -0.001424
-0.079625 -0.001054
-0.093424 -0.000774
-0.100793 -0.000564
-0.103021 -0.000031
-0.101250 0.006467
-0.096493 0.031847
-0.089639 0.087790
-0.081451 0.177292
-0.072572 0.294062
-0.063520 0.426474
-0.054695 0.561522
-0.046386 0.683161
-0.038784 0.771467
-0.031998 0.811278
-0.026069 0.798855
-0.020987 0.741500
-0.016706 0.652904
-0.013156 0.548055
-0.010255 0.439746
-0.007916 0.337061
-0.006054 0.245331
-0.004589 0.166879
-0.003450 0.101987
-0.002531 0.049773
-0.001832 0.008832
-0.001306 -0.022369
-0.000913 -0.045284
-0.000622 -0.061222
-0.000409 -0.071338
-0.000253 -0.076660
0.000238 -0.078118
0.006661 -0.076553
0.031986 -0.072729
0.087849 -0.067328
0.177292 -0.060943
0.294062 -0.054070
0.426096 -0.047111
0.555180 -0.040370
0.657895 -0.034065
0.715604 -0.028335
0.721834 -0.023253
0.682085 -0.018843
0.609088 -0.015088
0.517478 -0.011946
0.420074 -0.009357
0.326174 -0.007255
0.241387 -0.005571
0.168310 -0.004239
0.107464 -0.003197
0.058171 -0.002391
0.019196 -0.001774
-0.010840 -0.001306
-0.033256 -0.000913
-0.049228 -0.000245
-0.059791 0.006311
-0.065860 0.031734
-0.068262 0.087709
-0.067753 0.177234
-0.065024 0.294062
-0.060701 0.426474
-0.055335 0.561900
-0.049396 0.689503
-0.043270 0.796733
-0.037255 0.867140
-0.031570 0.888299
-0.026360 0.858270
-0.021707 0.785316
-0.017645 0.683481
-0.014169 0.567727
-0.011247 0.450633
-0.008831 0.341005
-0.006862 0.243900
-0.005280 0.161401
-0.004025 0.093589
-0.003041 0.039408
-0.002278 -0.002697
-0.001693 -0.034397
-0.001248 -0.057278
-0.000536 -0.072769
0.006097 -0.082138
0.031578 -0.086516
0.087596 -0.086918
0.177153 -0.084258
0.294004 -0.079357
0.426474 -0.072936
0.561900 -0.065617
0.689881 -0.057911
0.803453 -0.050225
0.898749 -0.042865
0.969428 -0.036040
1.003576 -0.029881
0.991530 -0.024451
0.932663 -0.019762
0.835564 -0.015787
0.714039 -0.012472
0.582558 -0.009750
0.453146 -0.007546
0.334096 -0.005785
0.230025 -0.004395
0.142639 -0.003310
0.071696 -0.002472
0.015851 -0.001832
-0.026719 -0.001306
-0.057938 -0.000536
-0.079625 0.006097
-0.093424 0.031578
-0.100793 0.087596
-0.103021 0.177153
-0.101250 0.294004
-0.096493 0.426474
-0.089639 0.561900
-0.081451 0.689503
-0.072572 0.796733
-0.063520 0.867140
-0.054695 0.888299
-0.046386 0.858270
-0.038784 0.785316
-0.031998 0.683481
-0.026069 0.567727
-0.020987 0.450633
-0.016706 0.341005
-0.013156 0.243900
-0.010255 0.161401
-0.007916 0.093589
-0.006054 0.039408
-0.004589 -0.002697
-0.003450 -0.034019
-0.002531 -0.050558
-0.001832 -0.040783
-0.001306 0.005711
-0.000913 0.090776
-0.000622 0.207145
-0.000409 0.342216
-0.000253 0.482543
-0.000139 0.616944
-0.000058 0.737836
0.000000 0.840838
0.000000 0.919203
0.000000 0.960712
0.000000 0.955490
0.000000 0.902782
0.000000 0.811113
0.000000 0.694277
0.000000 0.566771
0.000000 0.440674
0.000000 0.324346
0.000000 0.222479
0.000000 0.136854
0.000000 0.067301
0.000000 0.012541
0.000000 -0.029192
0.000000 -0.059770
0.000000 -0.080931
0.000378 -0.094338
0.006719 -0.101416
0.031986 -0.103429
0.087849 -0.101503
0.177292 -0.096633
0.294062 -0.089697
0.426474 -0.081451
0.561522 -0.072572
0.683161 -0.063520
0.771467 -0.054695
0.811278 -0.046386
0.798855 -0.038784
0.741500 -0.031998
0.652904 -0.026069
0.548055 -0.020987
0.439746 -0.016706
0.337061 -0.013156
0.245331 -0.010255
0.166879 -0.007916
0.101987 -0.006054
0.049773 -0.004589
0.008832 -0.003450
-0.022369 -0.002153
-0.045284 0.004887
-0.061222 0.030680
-0.071338 0.086935
-0.076660 0.176670
-0.078118 0.293654
-0.076553 0.425844
-0.072729 0.555041
-0.067328 0.657836
-0.060943 0.715604
-0.054070 0.721834
-0.047111 0.682085
-0.040370 0.609088
-0.034065 0.517478
-0.028335 0.420074
-0.023253 0.326174
-0.018843 0.241387
-0.015088 0.168310
-0.011946 0.107464
-0.009357 0.058171
-0.007255 0.019196
-0.005571 -0.010840
-0.004239 -0.033256
-0.003197 -0.049228
-0.002391 -0.059791
-0.001774 -0.065860
-0.001306 -0.067885
-0.000913 -0.061034
-0.000622 -0.033038
-0.000409 0.027148
-0.000253 0.121957
-0.000139 0.244666
-0.000058 0.383204
0.000000 0.524645
0.000000 0.658311
0.000000 0.777093
0.000000 0.877041
0.000000 0.951783
0.000000 0.989407
0.000000 0.980282
0.000000 0.923832
0.000000 0.828702
0.000000 0.708759
0.000000 0.578532
0.000000 0.450105
0.000000 0.331818
0.000000 0.228332
0.000000 0.141391
0.000000 0.070782
0.000000 0.015229
0.000000 -0.027128
0.000000 -0.057813
0.000000 -0.073045
0.000000 -0.061496
0.000000 -0.012945
0.000000 0.073894
0.000000 0.186093
0.000000 0.297995
0.000000 0.384413
0.000000 0.431137
0.000000 0.436818
0.000000 0.409132
0.000000 0.359553
0.000000 0.299296
0.000000 0.237142
0.000000 0.178831
0.000000 0.127410
0.000000 0.083965
0.000000 0.048374
0.000000 0.019916
0.000000 -0.001955
0.000000 -0.012559
0.000000 0.000261
0.000000 0.047490
0.000000 0.131523
0.000000 0.245616
0.000000 0.377544
0.000000 0.513847
0.000000 0.638051
0.000000 0.729842
0.000000 0.773709
0.000000 0.765615
0.000000 0.712620
0.000000 0.628231
0.000000 0.527305
0.000000 0.422508
0.000000 0.322937
0.000000 0.233906
0.000000 0.157748
0.000000 0.094773
0.000000 0.044135
0.000000 0.004470
0.000378 -0.025710
0.006719 -0.047820
0.031986 -0.063130
0.087849 -0.072761
0.176914 -0.077714
0.287343 -0.078892
0.394488 -0.077117
0.474051 -0.073138
0.512588 -0.067581
0.509391 -0.061082
0.472652 -0.054128
0.414248 -0.047111
0.345682 -0.040370
0.275925 -0.034065
0.210829 -0.028335
0.153479 -0.023253
0.104951 -0.018843
0.065079 -0.015088
0.033072 -0.011946
0.007922 -0.009357
-0.011363 -0.007255
-0.025671 -0.005571
-0.035769 -0.004239
-0.042320 -0.003197
-0.045538 -0.002391
-0.040378 -0.001774
-0.014383 -0.001306
0.043652 -0.000913
0.136290 -0.000622
0.256902 -0.000409
0.393109 -0.000253
0.526440 -0.000139
0.633280 -0.000058
0.694854 0.000000
0.704596 0.000000
0.667961 0.000000
0.597663 0.000000
0.508348 0.000000
0.412860 0.000000
0.320536 0.000000
0.237026 0.000000
0.164969 0.000000
0.104928 0.000000
0.056263 0.000000
0.017773 0.000000
-0.011516 0.000000
-0.027310 0.000000
-0.017806 0.000000
0.027649 0.000000
0.111179 0.000000
0.225660 0.000000
0.358285 0.000000
0.490156 0.000000
0.597194 0.000000
0.660270 0.000000
0.672438 0.000000
0.638816 0.000000
0.571833 0.000000
0.485908 0.000000
0.393714 0.000000
0.304467 0.000000
0.223742 0.000000
0.154141 0.000000
0.096217 0.000000
0.049340 0.000000
0.012334 0.000000
-0.015743 0.000000
-0.030562 0.000000
-0.020283 0.000000
0.025780 0.000000
0.109739 0.000000
0.224174 0.000000
0.351088 0.000000
0.464267 0.000000
0.540923 0.000000
0.570573 0.000000
0.555529 0.000000
0.506346 0.000000
0.436407 0.000000
0.357927 0.000000
0.280142 0.000000
0.208793 0.000000
0.146721 0.000000
0.094726 0.000000
0.052401 0.000000
0.018763 0.000000
-0.006960 0.000000
-0.020288 0.000000
-0.009239 0.000000
0.037010 0.000000
0.120323 0.000000
0.228188 0.000000
0.335342 0.000000
0.416913 0.000000
0.458970 0.000000
0.460275 0.000000
0.428612 0.000000
0.375512 0.000000
0.312209 0.000000
0.247470 0.000000
0.186963 0.000000
0.133747 0.000000
0.088852 0.000000
0.052108 0.000000
0.022743 0.000000
0.000167 0.000000
-0.010980 0.000000
0.001427 0.000000
0.048346 0.000000
0.131768 0.000000
0.239305 0.000000
0.345811 0.000000
0.426516 0.000000
0.467537 0.000000
0.467766 0.000000
0.435083 0.000000
0.381007 0.000000
0.316802 0.000000
0.251253 0.000000
0.190078 0.000000
0.136241 0.000000
0.090827 0.000000
0.053654 0.000000
0.023941 0.000000
0.001086 0.000000
-0.010281 0.000000
0.001953 0.000000
0.048738 0.000000
0.132436 0.000000
0.246239 0.000000
0.377953 0.000000
0.514099 0.000000
0.638191 0.000000
0.729900 0.000000
0.773709 0.000000
0.765615 0.000000
0.712620 0.000000
0.628231 0.000000
0.527305 0.000000
0.422508 0.000000
0.322937 0.000000
0.233906 0.000000
0.157748 0.000000
0.094773 0.000000
0.044135 0.000000
0.004470 0.000000
-0.025332 0.000000
-0.041101 0.000000
-0.031144 0.000000
0.015087 0.000000
0.099200 0.000000
0.208451 0.000000
0.317371 0.000000
0.400914 0.000000
0.445007 0.000000
0.448308 0.000000
0.418524 0.000000
0.367137 0.000000
0.305312 0.000000
0.241861 0.000000
0.182494 0.000000
0.130226 0.000000
0.086108 0.000000
0.049991 0.000000
0.021126 0.000000
-0.001435 0.000000
-0.018618 0.000000
-0.031242 0.000000
-0.040008 0.000000
-0.045517 0.000000
-0.048306 0.000000
-0.048872 0.000000
-0.047675 0.000000
-0.045110 0.000000
-0.041625 0.000000
-0.037569 0.000000
-0.033240 0.000000
-0.028880 0.000000
-0.024673 0.000000
-0.020750 0.000000
-0.017238 0.000000
-0.014124 0.000000
-0.011425 0.000000
-0.009131 0.000000
-0.007214 0.000000
-0.005638 0.000000
-0.004362 0.000000
-0.003341 0.000000
-0.002536 0.000000
-0.001908 0.000000
-0.001424 0.000000
-0.001054 0.000000
-0.000774 0.000000
-0.000564 0.000000
-0.000409 0.000000
-0.000253 0.000000
-0.000139 0.000000
-0.000058 0.000000
0.000000 0.000000
0.000000 0.000000
0.000000 0.000000
0.000000 0.000000
0.000000 0.000000
0.000000 0.000000
0.000000 0.000000
0.000000 0.000000
0.000000 0.000000
0.000000 0.000000
0.000000 0.000000
0.000000 0.000000
0.000000 0.000000
0.000000 0.000000
0.000000 0.000000
0.000000 0.000000
0.000000 0.000000
0.000000 0.000000
0.000000 0.000000
0.000000 0.000000
0.000000 0.000000
0.000000 0.000000
0.000000 0.000000
0.000000 0.000000
0.000000 0.000000
0.000000 0.000000
0.000000 0.000000
0.000000 0.000000
0.000000 0.000000
0.000000 0.000000
0.000000 0.000000
0.000000 0.000000
0.000000 0.000000
0.000000 0.000000
0.000000 0.000000
0.000000 0.000000
0.000000 0.000000
