0.000000 0.000000
0.000000 0.000000
0.000000 0.000000
0.000000 0.000000
0.000000 0.000000
0.000000 0.000000
0.000000 0.000000
0.000000 0.000000
0.000000 0.000000
0.000000 0.000000
0.000000 0.000000
0.000000 0.000000
0.000000 0.000000
0.000000 0.000000
0.000000 0.000000
0.000378 0.000000
0.006719 0.000000
0.031986 0.000000
0.087849 0.000000
0.177292 0.000000
0.294062 0.000000
0.426096 0.000000
0.555180 0.000000
0.657895 0.000000
0.715604 0.000000
0.721834 0.000000
0.682085 0.000000
0.609088 0.000000
0.517478 0.000000
0.420074 0.000000
0.326174 0.000000
0.241387 0.000000
0.168310 0.000000
0.107464 0.000000
0.058171 0.000000
0.019196 0.000000
-0.010840 0.000000
-0.033256 0.000000
-0.049228 0.000000
-0.059791 0.000378
-0.065860 0.006719
-0.068262 0.031986
-0.067753 0.087849
-0.065024 0.176914
-0.060701 0.287343
-0.055335 0.394488
-0.049396 0.474051
-0.043270 0.512588
-0.037255 0.509391
-0.031570 0.472652
-0.026360 0.414248
-0.021707 0.345682
-0.017645 0.275925
-0.014169 0.210829
-0.011247 0.153479
-0.008831 0.104951
-0.006862 0.065079
-0.005280 0.033072
-0.003647 0.007922
0.003678 -0.011363
0.029708 -0.025671
0.086156 -0.035769
0.175666 -0.042320
0.286429 -0.045915
0.393866 -0.047097
0.473643 -0.046369
0.512336 -0.044196
0.509251 -0.041002
0.472594 -0.037160
0.414248 -0.032988
0.345682 -0.028740
0.275925 -0.024614
0.210829 -0.020750
0.153479 -0.017238
0.104951 -0.014124
0.065079 -0.011425
0.033072 -0.009131
0.007922 -0.006836
-0.011363 0.001081
-0.025671 0.027625
-0.035769 0.084507
-0.042320 0.174756
-0.045915 0.292154
-0.047097 0.425050
-0.046369 0.560469
-0.044196 0.682387
-0.041002 0.770902
-0.037160 0.810869
-0.032988 0.798603
-0.028740 0.741361
-0.024614 0.652846
-0.020750 0.548055
-0.017238 0.439746
-0.014124 0.337061
-0.011425 0.245331
-0.009131 0.166879
-0.007214 0.101987
-0.005638 0.049773
-0.004362 0.008832
-0.002964 -0.022369
0.004183 -0.045284
0.030078 -0.061222
0.086425 -0.071338
0.176238 -0.076660
0.293288 -0.078118
0.425910 -0.076553
0.561114 -0.072729
0.682909 -0.067328
0.771327 -0.060943
0.811220 -0.054070
0.798855 -0.047111
0.741500 -0.040370
0.652904 -0.034065
0.548055 -0.028335
0.439746 -0.023253
0.337061 -0.018843
0.245331 -0.015088
0.166879 -0.011946
0.101987 -0.009357
0.049773 -0.007255
0.008832 -0.005571
-0.022369 -0.003861
-0.045284 0.003522
-0.061222 0.029595
-0.071338 0.086074
-0.076660 0.175986
-0.078118 0.293149
-0.076553 0.425852
-0.072729 0.561491
-0.067328 0.689628
-0.060943 0.803313
-0.054070 0.898690
-0.047111 0.969428
-0.040370 1.003576
-0.034065 0.991530
-0.028335 0.932663
-0.023253 0.835564
-0.018843 0.714039
-0.015088 0.582558
-0.011946 0.453146
-0.009357 0.334096
-0.007255 0.230025
-0.005571 0.142639
-0.004239 0.071696
-0.003197 0.015851
-0.002391 -0.026719
-0.001774 -0.057938
-0.001306 -0.079625
-0.000913 -0.093424
-0.000622 -0.100793
-0.000409 -0.103021
-0.000253 -0.100872
-0.000139 -0.089774
-0.000058 -0.057653
0.000000 0.006397
0.000000 0.104720
0.000000 0.230542
0.000000 0.371402
0.000000 0.508795
0.000000 0.619111
0.000000 0.683606
0.000000 0.695765
0.000000 0.661099
0.000000 0.592382
0.000000 0.504322
0.000000 0.409819
0.000000 0.318258
0.000000 0.235333
0.000000 0.163721
0.000000 0.104015
0.000000 0.055640
0.000000 0.017364
0.000000 -0.011769
0.000000 -0.027450
0.000000 -0.017864
0.000000 0.027649
0.000000 0.111179
0.000000 0.225660
0.000000 0.358663
0.000000 0.496876
0.000000 0.629180
0.000000 0.748118
0.000000 0.849353
0.000000 0.926158
0.000000 0.966321
0.000000 0.959960
0.000000 0.906303
0.000000 0.813857
0.000000 0.696394
0.000000 0.568388
0.000000 0.441898
0.000000 0.325265
0.000000 0.223162
0.000000 0.137358
0.000000 0.067670
0.000000 0.012810
0.000000 -0.028997
0.000378 -0.059630
0.006719 -0.080873
0.031986 -0.094338
0.087849 -0.101416
0.177292 -0.103429
0.293684 -0.101503
0.419755 -0.096633
0.529914 -0.089697
0.602032 -0.081451
0.626161 -0.072572
0.605064 -0.063520
0.549673 -0.054695
0.473662 -0.046386
0.389498 -0.038784
0.306502 -0.031998
0.230500 -0.026069
0.164366 -0.020987
0.108895 -0.016706
0.063648 -0.013156
0.027594 -0.010255
-0.000476 -0.007538
-0.021727 0.000665
-0.037200 0.027397
-0.047797 0.084399
-0.054313 0.174762
-0.057462 0.291852
-0.057898 0.418448
-0.056225 0.529001
-0.052996 0.601410
-0.048707 0.625752
-0.043788 0.604812
-0.038596 0.549534
-0.033414 0.473604
-0.028455 0.389498
-0.023865 0.306502
-0.019732 0.230500
-0.016099 0.164366
-0.012971 0.108895
-0.010328 0.063648
-0.008133 0.027594
-0.005959 -0.000476
0.001832 -0.021727
0.028252 -0.037200
0.085021 -0.047797
0.175170 -0.054313
0.292483 -0.057462
0.424930 -0.057898
0.554325 -0.056225
0.657272 -0.052996
0.715196 -0.048707
0.721582 -0.043788
0.681946 -0.038596
0.609030 -0.033414
0.517478 -0.028455
0.420074 -0.023865
0.326174 -0.019732
0.241387 -0.016099
0.168310 -0.012971
0.107464 -0.010328
0.058171 -0.008133
0.019196 -0.006336
-0.010463 -0.004888
-0.026536 -0.003734
-0.017242 -0.002827
0.028058 -0.002122
0.111432 -0.001580
0.225800 -0.001167
0.358721 -0.000855
0.496876 -0.000622
0.629180 -0.000409
0.748118 -0.000253
0.849353 -0.000139
0.926158 -0.000058
0.966321 0.000000
0.959960 0.000000
0.906303 0.000000
0.813857 0.000000
0.696394 0.000000
0.568388 0.000000
0.441898 0.000000
0.325265 0.000000
0.223162 0.000000
0.137358 0.000000
0.067670 0.000000
0.012810 0.000000
-0.028997 0.000000
-0.059253 0.000000
-0.074154 0.000000
-0.062352 0.000000
-0.013567 0.000000
0.073863 0.000000
0.192560 0.000000
0.329841 0.000000
0.471825 0.000000
0.601710 0.000000
0.698894 0.000000
0.747757 0.000000
0.744161 0.000000
0.695114 0.000000
0.614120 0.000000
0.516057 0.000000
0.413677 0.000000
0.316074 0.000000
0.228626 0.000000
0.153723 0.000000
0.091732 0.000000
0.041857 0.000000
0.002777 0.000000
-0.026581 0.000000
-0.042014 0.000000
-0.031766 0.000000
0.014679 0.000000
0.099326 0.000000
0.215031 0.000000
0.349299 0.000000
0.488384 0.000000
0.615580 0.000000
0.710384 0.000000
0.757150 0.000000
0.751745 0.000000
0.701130 0.000000
0.618839 0.000000
0.519720 0.000000
0.416493 0.000000
0.318218 0.000000
0.230243 0.000000
0.154933 0.000000
0.092630 0.000000
0.042518 0.000000
0.003260 0.000000
-0.026608 0.000000
-0.048481 0.000000
-0.063613 0.000000
-0.073112 0.000000
-0.077967 0.000000
-0.079031 0.000378
-0.077175 0.006719
-0.073138 0.031986
-0.067581 0.087849
-0.061082 0.177292
-0.054128 0.294062
-0.047111 0.426096
-0.040370 0.555180
-0.034065 0.657895
-0.028335 0.715604
-0.023253 0.721834
-0.018843 0.682085
-0.015088 0.609088
-0.011946 0.517478
-0.009357 0.420074
-0.007255 0.326174
-0.005571 0.241387
-0.004239 0.168310
-0.003197 0.107464
-0.002391 0.058171
-0.001774 0.019196
-0.001306 -0.010463
-0.000913 -0.026536
-0.000622 -0.017242
-0.000409 0.028058
-0.000253 0.111432
-0.000139 0.225800
-0.000058 0.358721
0.000000 0.496876
0.000000 0.629180
0.000000 0.748118
0.000000 0.849353
0.000000 0.926158
0.000000 0.966321
0.000000 0.959960
0.000000 0.906303
0.000000 0.813857
0.000000 0.696394
0.000000 0.568388
0.000000 0.441898
0.000000 0.325265
0.000000 0.223162
0.000000 0.137358
0.000000 0.067670
0.000000 0.012810
0.000000 -0.028997
0.000000 -0.059253
0.000000 -0.074154
0.000000 -0.062352
0.000000 -0.013567
0.000000 0.073485
0.000000 0.185840
0.000000 0.297855
0.000000 0.384354
0.000000 0.431137
0.000000 0.436818
0.000000 0.409132
0.000000 0.359553
0.000000 0.299296
0.000000 0.237142
0.000000 0.178831
0.000000 0.127410
0.000000 0.083965
0.000000 0.048374
0.000000 0.019916
0.000000 -0.001955
0.000000 -0.012559
0.000000 0.000261
0.000000 0.047490
0.000000 0.131523
0.000000 0.245616
0.000000 0.377167
0.000000 0.507505
0.000000 0.612785
0.000000 0.673980
0.000000 0.684265
0.000000 0.648845
0.000000 0.580208
0.000000 0.492806
0.000000 0.399324
0.000000 0.308936
0.000000 0.227263
0.000000 0.156885
0.000000 0.098334
0.000000 0.050957
0.000000 0.013558
0.000378 -0.015202
0.006719 -0.036597
0.031986 -0.051764
0.087849 -0.061699
0.177292 -0.067284
0.294062 -0.069316
0.426474 -0.068527
0.561900 -0.065589
0.689881 -0.061110
0.803453 -0.055587
0.898749 -0.049535
0.969428 -0.043328
1.003576 -0.037255
0.991530 -0.031570
0.932663 -0.026360
0.835564 -0.021707
0.714039 -0.017645
0.582558 -0.014169
0.453146 -0.011247
0.334096 -0.008831
0.230025 -0.006862
0.142639 -0.005280
0.071696 -0.004025
0.015851 -0.003041
-0.026719 -0.002278
-0.057560 -0.001693
-0.072906 -0.001248
-0.061438 -0.000913
-0.012945 -0.000622
0.074272 -0.000409
0.192812 -0.000253
0.329981 -0.000139
0.472261 -0.000058
0.608429 0.000000
0.730503 0.000000
0.828886 0.000000
0.889467 0.000000
0.901328 0.000000
0.863302 0.000000
0.783895 0.000000
0.677084 0.000000
0.557627 0.000000
0.437871 0.000000
0.326418 0.000000
0.228168 0.000000
0.145087 0.000000
0.077170 0.000000
0.023290 0.000000
-0.018175 0.000000
-0.048922 0.000000
-0.070657 0.000000
-0.084875 0.000000
-0.092907 0.000000
-0.095938 0.000000
-0.095031 0.000378
-0.091138 0.006719
-0.085104 0.031986
-0.077669 0.087849
-0.069458 0.177292
-0.061026 0.294062
-0.052720 0.426474
-0.044839 0.561522
-0.037586 0.683161
-0.031079 0.771467
-0.025370 0.811278
-0.020461 0.798855
-0.016313 0.741500
-0.012865 0.652904
-0.010041 0.548055
-0.007760 0.439746
-0.005941 0.337061
-0.004508 0.245331
-0.003391 0.166879
-0.002531 0.101987
-0.001832 0.049773
-0.001306 0.008832
-0.000913 -0.021991
-0.000622 -0.038565
-0.000409 -0.029236
-0.000253 0.016511
-0.000139 0.100254
-0.000058 0.209225
0.000000 0.317935
0.000000 0.401322
0.000000 0.445260
0.000000 0.448448
0.000000 0.418582
0.000000 0.367137
0.000000 0.305312
0.000000 0.241861
0.000000 0.182494
0.000000 0.130226
0.000000 0.086108
0.000000 0.049991
0.000000 0.021126
0.000000 -0.001435
0.000000 -0.018618
0.000000 -0.031242
0.000000 -0.040008
0.000000 -0.045517
0.000000 -0.047929
0.000000 -0.042152
0.000000 -0.015689
0.000000 0.042739
0.000000 0.135667
0.000000 0.256493
0.000000 0.393234
0.000000 0.532643
0.000000 0.658489
0.000000 0.750716
0.000000 0.794040
0.000000 0.784731
0.000000 0.730075
0.000000 0.643773
0.000000 0.540841
0.000000 0.434108
0.000000 0.332699
0.000000 0.241990
0.000000 0.164343
0.000000 0.100079
0.000000 0.048349
0.000000 0.007778
0.000378 -0.023143
0.006719 -0.045848
0.031986 -0.061630
0.087849 -0.071590
0.177292 -0.076800
0.294062 -0.078176
0.426474 -0.076553
0.561522 -0.072729
0.683161 -0.067328
0.771467 -0.060943
0.811278 -0.054070
0.798855 -0.047111
0.741500 -0.040370
0.652904 -0.034065
0.548055 -0.028335
0.439746 -0.023253
0.337061 -0.018843
0.245331 -0.015088
0.166879 -0.011946
0.101987 -0.009357
0.049773 -0.007255
0.008832 -0.005571
-0.022369 -0.004239
-0.045284 -0.002819
-0.061222 0.004328
-0.071338 0.030212
-0.076660 0.086542
-0.078118 0.176379
-0.076553 0.293440
-0.072729 0.426066
-0.067328 0.561647
-0.060943 0.689741
-0.054070 0.803017
-0.047111 0.892407
-0.040370 0.944162
-0.034065 0.947714
-0.028335 0.902086
-0.023253 0.815893
-0.018843 0.703152
-0.015088 0.578614
-0.011946 0.454577
-0.009357 0.339574
-0.007255 0.238423
-0.005571 0.153003
-0.004239 0.083224
-0.003197 0.027880
-0.002391 -0.014725
-0.001774 -0.046013
-0.001306 -0.062105
-0.000913 -0.051583
-0.000622 -0.004145
-0.000409 0.081976
-0.000253 0.199440
-0.000139 0.335589
-0.000058 0.476935
0.000000 0.612270
0.000000 0.733617
0.000000 0.831381
0.000000 0.891442
0.000000 0.902874
0.000000 0.864500
0.000000 0.784814
0.000000 0.677782
0.000000 0.558153
0.000000 0.438264
0.000000 0.326709
0.000000 0.228382
0.000000 0.145243
0.000000 0.077283
0.000000 0.023372
0.000000 -0.018117
0.000378 -0.048922
0.006719 -0.070657
0.031986 -0.084875
0.087849 -0.092907
0.177292 -0.095938
0.294062 -0.095031
0.426474 -0.091138
0.561900 -0.085104
0.689503 -0.077669
0.796733 -0.069458
0.867140 -0.061026
0.888299 -0.052720
0.858270 -0.044839
0.785316 -0.037586
0.683481 -0.031079
0.567727 -0.025370
0.450633 -0.020461
0.341005 -0.016313
0.243900 -0.012865
0.161401 -0.010041
0.093589 -0.007760
0.039408 -0.005941
-0.002697 -0.004508
-0.034019 -0.003391
-0.050558 -0.002531
-0.040783 -0.001832
0.005711 -0.001306
0.090776 -0.000913
0.207145 -0.000622
0.342216 -0.000409
0.482543 -0.000253
0.616566 -0.000139
0.731117 -0.000058
0.809229 0.000000
0.838074 0.000000
0.815406 0.000000
0.749276 0.000000
0.653600 0.000000
0.543275 0.000000
0.430871 0.000000
0.325218 0.000000
0.231428 0.000000
0.151652 0.000000
0.086043 0.000000
0.033623 0.000000
-0.007092 0.000000
-0.037330 0.000000
-0.053031 0.000000
-0.042615 0.000000
0.004404 0.000000
0.089863 0.000000
0.206522 0.000000
0.341808 0.000000
0.482291 0.000000
0.616427 0.000000
0.731058 0.000000
0.809229 0.000000
0.838074 0.000000
0.815406 0.000000
0.749276 0.000000
0.653600 0.000000
0.543275 0.000000
0.430871 0.000000
0.325218 0.000000
0.231428 0.000000
0.151652 0.000000
0.086043 0.000000
0.033623 0.000000
-0.007092 0.000000
-0.037707 0.000000
-0.059750 0.000000
-0.074601 0.000378
-0.083444 0.006719
-0.087429 0.031986
-0.087540 0.087849
-0.084666 0.177292
-0.079609 0.294062
-0.073076 0.426474
-0.065675 0.561900
-0.057911 0.689881
-0.050225 0.803075
-0.042865 0.892407
-0.036040 0.944162
-0.029881 0.947714
-0.024451 0.902086
-0.019762 0.815893
-0.015787 0.703152
-0.012472 0.578614
-0.009750 0.454577
-0.007546 0.339574
-0.005785 0.238423
-0.004395 0.153003
-0.003310 0.083224
-0.002472 0.027880
-0.001832 -0.014725
-0.001306 -0.046391
-0.000913 -0.068825
-0.000622 -0.083569
-0.000409 -0.091993
-0.000253 -0.095316
-0.000139 -0.094245
-0.000058 -0.084166
0.000000 -0.052979
0.000000 0.010238
0.000000 0.107835
0.000000 0.233037
0.000000 0.373376
0.000000 0.510341
0.000000 0.620309
0.000000 0.684525
0.000000 0.696464
0.000000 0.661625
0.000000 0.592775
0.000000 0.504613
0.000000 0.410033
0.000000 0.318414
0.000000 0.235446
0.000000 0.163802
0.000000 0.104073
0.000000 0.055640
0.000000 0.017364
0.000000 -0.011769
0.000000 -0.027450
0.000000 -0.017864
0.000000 0.027649
0.000000 0.110802
0.000000 0.218941
0.000000 0.326677
0.000000 0.409027
0.000000 0.451887
0.000000 0.454056
0.000000 0.423256
0.000000 0.370978
0.000000 0.308427
0.000000 0.244355
0.000000 0.184469
0.000000 0.131772
0.000000 0.087306
0.000000 0.050910
0.000000 0.021824
0.000378 -0.000909
0.006719 -0.018225
0.031986 -0.030951
0.087849 -0.039794
0.177292 -0.045361
0.294062 -0.048193
0.426474 -0.048790
0.561522 -0.047617
0.683161 -0.045110
0.771467 -0.041625
0.811278 -0.037569
0.798855 -0.033240
0.741500 -0.028880
0.652904 -0.024673
0.548055 -0.020750
0.439746 -0.017238
0.337061 -0.014124
0.245331 -0.011425
0.166879 -0.009131
0.101987 -0.007214
0.049773 -0.005638
0.008832 -0.004362
-0.022369 -0.003341
-0.044906 -0.002536
-0.054502 -0.001908
-0.039352 -0.001424
0.011188 -0.001054
0.099174 -0.000774
0.217509 -0.000564
0.353745 -0.000409
0.494572 -0.000253
0.628938 -0.000139
0.749005 -0.000058
0.845296 0.000000
0.903792 0.000000
0.913649 0.000000
0.873751 0.000000
0.792639 0.000000
0.684309 0.000000
0.563525 0.000000
0.442631 0.000000
0.330217 0.000000
0.231168 0.000000
0.147432 0.000000
0.078985 0.000000
0.024683 0.000000
-0.017117 0.000000
-0.047787 0.000000
-0.063411 0.000000
-0.052496 0.000000
-0.004767 0.000000
0.081568 0.000000
0.199187 0.000000
0.335449 0.000000
0.476877 0.000000
0.612270 0.000000
0.733617 0.000000
0.831381 0.000000
0.891442 0.000000
0.902874 0.000000
0.864500 0.000000
0.784814 0.000000
0.677782 0.000000
0.558153 0.000000
0.438264 0.000000
0.326709 0.000000
0.228382 0.000000
0.145243 0.000000
0.077283 0.000000
0.023372 0.000000
-0.018117 0.000000
-0.048544 0.000000
-0.063937 0.000000
-0.052889 0.000000
-0.005058 0.000000
0.081354 0.000000
0.199031 0.000000
0.335336 0.000000
0.476796 0.000000
0.611834 0.000000
0.727276 0.000000
0.806115 0.000000
0.835579 0.000000
0.813431 0.000000
0.747730 0.000000
0.652402 0.000000
0.542356 0.000000
0.430172 0.000000
0.324692 0.000000
0.231036 0.000000
0.151361 0.000000
0.085829 0.000000
0.033467 0.000000
-0.007205 0.000000
-0.037789 0.000000
-0.059809 0.000000
-0.074601 0.000000
-0.083444 0.000000
-0.087429 0.000000
-0.087540 0.000000
-0.084666 0.000000
-0.079609 0.000000
-0.073076 0.000000
-0.065675 0.000000
-0.057911 0.000000
-0.050225 0.000000
-0.042865 0.000000
-0.036040 0.000000
-0.029881 0.000000
-0.024451 0.000000
-0.019762 0.000000
-0.015787 0.000000
-0.012472 0.000000
-0.009750 0.000000
-0.007546 0.000000
-0.005785 0.000000
-0.004395 0.000000
-0.003310 0.000000
-0.002472 0.000000
-0.001832 0.000000
-0.001306 0.000000
-0.000913 0.000000
-0.000622 0.000000
-0.000409 0.000000
-0.000253 0.000000
-0.000139 0.000000
-0.000058 0.000000
0.000000 0.000000
0.000000 0.000000
0.000000 0.000000
0.000000 0.000000
0.000000 0.000000
0.000000 0.000000
0.000000 0.000000
0.000000 0.000000
0.000000 0.000000
0.000000 0.000000
0.000000 0.000000
0.000000 0.000000
0.000000 0.000000
0.000000 0.000000
0.000000 0.000000
0.000000 0.000000
0.000000 0.000000
0.000000 0.000000
0.000000 0.000000
0.000000 0.000000
0.000000 0.000000
0.000000 0.000000
