0.000000 0.000000
0.000000 0.000000
0.000000 0.000000
0.000000 0.000000
0.000000 0.000000
0.000000 0.000000
0.000000 0.086566
0.000000 0.461454
0.000000 0.759812
0.000000 0.601041
0.000000 0.292987
0.000000 0.078490
0.000000 -0.028988
0.086566 -0.067914
0.461454 -0.068143
0.846378 -0.051354
0.975929 -0.032160
0.677910 -0.017465
0.294607 -0.008439
0.047882 -0.003696
-0.066294 -0.001488
-0.098751 0.086009
-0.088660 0.461308
-0.062998 0.759812
-0.037981 0.601041
-0.020083 0.292987
-0.009516 0.078490
-0.004106 -0.028988
0.084932 -0.067914
0.374332 -0.068143
0.384777 -0.051354
0.216117 -0.032160
0.076870 -0.017465
0.001620 -0.008439
-0.030608 0.082870
-0.037306 0.459967
-0.030837 0.845821
-0.020516 0.975783
-0.011644 0.677910
-0.005821 0.294607
-0.002619 0.047882
-0.001077 -0.066294
-0.000410 -0.098751
0.086420 -0.088660
0.374888 -0.062998
0.384923 -0.037981
0.216117 -0.020083
0.076870 -0.009516
0.001620 -0.004106
0.055958 -0.001634
0.337582 -0.000557
0.354086 -0.000146
0.195601 0.000000
0.065225 0.000000
-0.004200 0.000000
0.053340 0.000000
0.423071 0.000000
0.815130 0.000000
0.955267 0.000000
0.666266 0.000000
0.288786 0.000000
0.045263 0.000000
-0.067371 0.000000
-0.012596 0.000000
0.372648 0.000000
0.783380 0.000000
0.937948 0.000000
0.657827 0.000000
0.285091 0.000000
0.043776 0.000000
-0.067928 0.000000
-0.012742 0.000000
0.372648 0.000000
0.783380 0.000000
0.937948 0.000000
0.657827 0.000000
0.285091 0.000000
0.043776 0.000000
-0.067928 0.000000
-0.099308 0.086566
-0.088806 0.461454
-0.062998 0.846378
-0.037981 0.975929
-0.020083 0.677910
-0.009516 0.294607
-0.004106 0.047882
-0.001634 -0.066294
-0.000557 -0.012185
-0.000146 0.372795
0.000000 0.696814
0.000000 0.563060
0.000000 0.272904
0.000000 0.068973
0.000000 -0.033094
0.000000 -0.069548
0.000000 0.017866
0.000000 0.409955
0.000000 0.727651
0.000000 0.583576
0.000000 0.284548
0.000000 0.074794
0.000000 -0.030475
0.000000 0.018095
0.000000 0.393165
0.000000 0.795024
0.000000 0.943769
0.000000 0.660445
0.000000 0.286168
0.000000 0.044186
0.000000 -0.067781
0.000000 -0.099308
0.000000 -0.002240
0.000000 0.398457
0.000000 0.721831
0.000000 0.580957
0.000000 0.283470
0.000000 0.074383
0.000000 -0.030622
0.000000 -0.068471
0.086566 -0.068290
0.461454 -0.051354
0.759812 -0.032160
0.601041 -0.017465
0.292987 -0.008439
0.078490 -0.003696
-0.028988 -0.001488
-0.067914 0.086009
-0.068143 0.461308
-0.051354 0.759812
-0.032160 0.601041
-0.017465 0.292987
-0.008439 0.078490
-0.003696 -0.028988
0.085078 -0.067914
0.460898 -0.068143
0.846231 -0.051354
0.975929 -0.032160
0.677910 -0.017465
0.294607 -0.008439
0.047882 -0.003696
-0.066294 -0.001488
-0.098751 -0.000557
-0.002094 -0.000146
0.398457 0.000000
0.808397 0.000000
0.955846 0.000000
0.668394 0.000000
0.290501 0.000000
0.046248 0.000000
-0.066850 0.000000
-0.098898 0.086566
-0.088660 0.461454
-0.062998 0.759812
-0.037981 0.601041
-0.020083 0.292987
-0.009516 0.078490
-0.004106 -0.028988
-0.001634 0.018652
-0.000557 0.306745
-0.000146 0.333570
0.000000 0.183957
0.000000 0.059405
0.000000 -0.006819
0.000000 0.052262
0.000000 0.336094
0.000000 0.353529
0.000000 0.195455
0.000000 0.065225
0.000000 -0.004200
0.086566 -0.033226
0.374888 -0.038383
0.384923 -0.031248
0.216117 -0.020662
0.076870 -0.011644
0.001620 -0.005821
-0.030608 0.083948
-0.037306 0.460377
-0.030837 0.845967
-0.020516 0.975783
-0.011644 0.677910
-0.005821 0.294607
-0.002619 0.047882
-0.001077 -0.066294
-0.000410 -0.098751
0.086420 -0.088660
0.461454 -0.062998
0.846378 -0.037981
0.975929 -0.020083
0.677910 -0.009516
0.294607 -0.004106
0.047882 -0.001634
-0.066294 -0.000557
-0.012185 -0.000146
0.286229 0.000000
0.321926 0.000000
0.178136 0.000000
0.056786 0.000000
-0.007896 0.000000
-0.034714 0.000000
-0.038940 0.000000
-0.031394 0.000000
-0.020662 0.000000
-0.011644 0.000000
-0.005821 0.000000
-0.002619 0.000000
-0.001077 0.000000
-0.000410 0.000000
-0.000146 0.000000
0.000000 0.000000
0.000000 0.000000
0.000000 0.000000
0.000000 0.000000
0.000000 0.000000
0.000000 0.000000
0.000000 0.000000
0.000000 0.000000
0.000000 0.000000
0.000000 0.000000
0.000000 0.000000
0.000000 0.000000
0.000000 0.000000
0.000000 0.000000
0.000000 0.000000
0.000000 0.000000
0.000000 0.000000
