0.000000 0.000000
0.000000 0.000000
0.000000 0.000000
0.000000 0.000000
0.000000 0.000000
0.086566 0.000000
0.461454 0.000000
0.846378 0.000000
0.975929 0.000000
0.677910 0.000000
0.294607 0.000000
0.047882 0.000000
-0.066294 0.000000
-0.098751 0.086566
-0.088660 0.374888
-0.062998 0.384923
-0.037981 0.216117
-0.020083 0.076870
-0.009516 0.001620
-0.004106 0.055958
-0.001634 0.424148
-0.000557 0.815540
-0.000146 0.955413
0.000000 0.666266
0.000000 0.288786
0.000000 0.045263
0.000000 -0.067371
0.000000 -0.012596
0.000000 0.286082
0.000000 0.321926
0.000000 0.178136
0.000000 0.056786
0.000000 -0.007896
0.000000 0.051852
0.000000 0.422514
0.000000 0.814984
0.000000 0.955267
0.000000 0.666266
0.000000 0.288786
0.000000 0.045263
0.000000 -0.067371
0.086566 -0.099162
0.374888 -0.088806
0.384923 -0.062998
0.216117 -0.037981
0.076870 -0.020083
0.001620 -0.009516
-0.030608 -0.004106
0.049260 -0.001634
0.344051 -0.000557
0.364407 -0.000146
0.204473 0.000000
0.071049 0.000000
-0.000998 0.000000
0.054881 0.000000
0.423738 0.000000
0.815394 0.000000
0.955413 0.000000
0.666266 0.000000
0.288786 0.000000
0.045263 0.000000
-0.067371 0.000000
-0.099162 0.000000
-0.002240 0.000000
0.398457 0.000000
0.721831 0.000000
0.580957 0.000000
0.283470 0.000000
0.074383 0.000000
-0.030622 0.000000
0.018095 0.000000
0.393165 0.000000
0.795024 0.000000
0.943769 0.000000
0.660445 0.000000
0.286168 0.000000
0.044186 0.000000
-0.067781 0.000000
-0.012742 0.000000
0.286082 0.000000
0.321926 0.000000
0.178136 0.000000
0.056786 0.000000
-0.007896 0.000000
0.051852 0.000000
0.335948 0.000000
0.353529 0.000000
0.195455 0.000000
0.065225 0.000000
-0.004200 0.000000
-0.033226 0.086566
-0.038383 0.461454
-0.031248 0.846378
-0.020662 0.975929
-0.011644 0.677910
-0.005821 0.294607
-0.002619 0.047882
-0.001077 -0.066294
-0.000410 -0.098751
-0.000146 -0.002094
0.000000 0.398457
0.000000 0.808397
0.000000 0.955846
0.000000 0.668394
0.000000 0.290501
0.000000 0.046248
0.000000 -0.066850
0.086566 -0.098898
0.374888 -0.088660
0.384923 -0.062998
0.216117 -0.037981
0.076870 -0.020083
0.001620 -0.009516
-0.030608 0.082460
-0.037306 0.459820
-0.030837 0.759255
-0.020516 0.600894
-0.011644 0.292987
-0.005821 0.078490
-0.002619 -0.028988
-0.001077 0.018652
-0.000410 0.393311
-0.000146 0.795024
0.000000 0.943769
0.000000 0.660445
0.000000 0.286168
0.000000 0.044186
0.000000 -0.067781
0.000000 -0.012742
0.000000 0.286082
0.000000 0.321926
0.000000 0.178136
0.000000 0.056786
0.000000 -0.007896
0.000000 0.051852
0.000000 0.422514
0.000000 0.814984
0.000000 0.955267
0.000000 0.666266
0.000000 0.288786
0.000000 0.045263
0.000000 -0.067371
0.086566 -0.099162
0.461454 -0.088806
0.759812 -0.062998
0.601041 -0.037981
0.292987 -0.020083
0.078490 -0.009516
-0.028988 -0.004106
0.018652 -0.001634
0.393311 -0.000557
0.708458 -0.000146
0.568880 0.000000
0.275522 0.000000
0.070051 0.000000
-0.032684 0.000000
-0.069402 0.000000
-0.068700 0.086566
-0.051500 0.374888
-0.032160 0.384923
-0.017465 0.216117
-0.008439 0.076870
-0.003696 0.001620
0.085078 -0.030608
0.460898 -0.037306
0.759665 -0.030837
0.601041 -0.020516
0.292987 -0.011644
0.078490 -0.005821
-0.028988 -0.002619
-0.067914 0.085489
-0.068143 0.374478
-0.051354 0.384777
-0.032160 0.216117
-0.017465 0.076870
-0.008439 0.001620
-0.003696 0.055958
-0.001488 0.424148
-0.000557 0.728974
-0.000146 0.580525
0.000000 0.281343
0.000000 0.072669
0.000000 -0.031606
0.086566 -0.068991
0.461454 -0.068554
0.846378 -0.051500
0.975929 -0.032160
0.677910 -0.017465
0.294607 -0.008439
0.047882 -0.003696
-0.066294 -0.001488
-0.098751 -0.000557
-0.088660 -0.000146
-0.062998 0.000000
-0.037981 0.000000
-0.020083 0.000000
-0.009516 0.000000
-0.004106 0.000000
-0.001634 0.000000
-0.000557 0.000000
-0.000146 0.000000
0.000000 0.000000
0.000000 0.000000
0.000000 0.000000
0.000000 0.000000
0.000000 0.000000
0.000000 0.000000
0.000000 0.000000
0.000000 0.000000
0.000000 0.000000
0.000000 0.000000
0.000000 0.000000
0.000000 0.000000
0.000000 0.000000
0.000000 0.000000
0.000000 0.000000
0.000000 0.000000
0.000000 0.000000
0.000000 0.000000
0.000000 0.000000
0.000000 0.000000
0.000000 0.000000
0.000000 0.000000
0.000000 0.000000
0.000000 0.000000
