0.000000 0.000000
0.000000 0.000000
0.000000 0.000000
0.000000 0.000000
0.000000 0.000000
0.086566 0.000000
0.461454 0.000000
0.759812 0.000000
0.601041 0.000000
0.292987 0.000000
0.078490 0.000000
-0.028988 0.000000
-0.067914 0.086566
-0.068143 0.374888
-0.051354 0.384923
-0.032160 0.216117
-0.017465 0.076870
-0.008439 0.001620
-0.003696 0.055958
-0.001488 0.337582
-0.000557 0.354086
-0.000146 0.195601
0.000000 0.065225
0.000000 -0.004200
0.000000 0.053340
0.000000 0.423071
0.000000 0.815130
0.000000 0.955267
0.000000 0.666266
0.000000 0.288786
0.000000 0.045263
0.000000 -0.067371
0.000000 -0.012596
0.000000 0.372648
0.000000 0.696814
0.000000 0.563060
0.000000 0.272904
0.000000 0.068973
0.000000 -0.033094
0.086566 -0.069548
0.374888 -0.068700
0.384923 -0.051500
0.216117 -0.032160
0.076870 -0.017465
0.001620 -0.008439
0.055958 -0.003696
0.424148 -0.001488
0.815540 -0.000557
0.955413 -0.000146
0.666266 0.000000
0.288786 0.000000
0.045263 0.000000
-0.067371 0.000000
-0.099162 0.086566
-0.088806 0.374888
-0.062998 0.384923
-0.037981 0.216117
-0.020083 0.076870
-0.009516 0.001620
-0.004106 0.055958
-0.001634 0.424148
-0.000557 0.815540
-0.000146 0.955413
0.000000 0.666266
0.000000 0.288786
0.000000 0.045263
0.000000 -0.067371
0.086566 -0.099162
0.461454 -0.088806
0.846378 -0.062998
0.975929 -0.037981
0.677910 -0.020083
0.294607 -0.009516
0.047882 -0.004106
-0.066294 -0.001634
-0.012185 -0.000557
0.372795 -0.000146
0.783380 0.000000
0.937948 0.000000
0.657827 0.000000
0.285091 0.000000
0.043776 0.000000
-0.067928 0.000000
-0.099308 0.086566
-0.088806 0.461454
-0.062998 0.846378
-0.037981 0.975929
-0.020083 0.677910
-0.009516 0.294607
-0.004106 0.047882
-0.001634 -0.066294
0.086009 -0.098751
0.461308 -0.088660
0.846378 -0.062998
0.975929 -0.037981
0.677910 -0.020083
0.294607 -0.009516
0.047882 -0.004106
-0.066294 -0.001634
-0.098751 0.086009
-0.088660 0.461308
-0.062998 0.846378
-0.037981 0.975929
-0.020083 0.677910
-0.009516 0.294607
-0.004106 0.047882
-0.001634 -0.066294
0.086009 -0.098751
0.461308 -0.088660
0.846378 -0.062998
0.975929 -0.037981
0.677910 -0.020083
0.294607 -0.009516
0.047882 -0.004106
-0.066294 -0.001634
-0.012185 -0.000557
0.286229 -0.000146
0.321926 0.000000
0.178136 0.000000
0.056786 0.000000
-0.007896 0.000000
0.051852 0.000000
0.422514 0.000000
0.814984 0.000000
0.955267 0.000000
0.666266 0.000000
0.288786 0.000000
0.045263 0.000000
-0.067371 0.000000
-0.012596 0.000000
0.372648 0.000000
0.696814 0.000000
0.563060 0.000000
0.272904 0.000000
0.068973 0.000000
-0.033094 0.000000
-0.069548 0.086566
-0.068700 0.374888
-0.051500 0.384923
-0.032160 0.216117
-0.017465 0.076870
-0.008439 0.001620
0.082870 -0.030608
0.459967 -0.037306
0.759255 -0.030837
0.600894 -0.020516
0.292987 -0.011644
0.078490 -0.005821
-0.028988 -0.002619
-0.067914 0.085489
-0.068143 0.374478
-0.051354 0.384777
-0.032160 0.216117
-0.017465 0.076870
-0.008439 0.001620
0.082870 -0.030608
0.373400 -0.037306
0.384367 -0.030837
0.215971 -0.020516
0.076870 -0.011644
0.001620 -0.005821
-0.030608 0.083948
-0.037306 0.460377
-0.030837 0.759401
-0.020516 0.600894
-0.011644 0.292987
-0.005821 0.078490
-0.002619 -0.028988
0.085489 -0.067914
0.461044 -0.068143
0.759665 -0.051354
0.601041 -0.032160
0.292987 -0.017465
0.078490 -0.008439
-0.028988 -0.003696
-0.067914 0.085078
-0.068143 0.374332
-0.051354 0.384777
-0.032160 0.216117
-0.017465 0.076870
-0.008439 0.001620
-0.003696 -0.030608
-0.001488 0.049260
-0.000557 0.344051
-0.000146 0.364407
0.000000 0.204473
0.000000 0.071049
0.000000 -0.000998
0.000000 -0.031685
0.000000 -0.037717
0.000000 -0.030984
0.000000 -0.020516
0.000000 -0.011644
0.000000 -0.005821
0.000000 -0.002619
0.000000 -0.001077
0.000000 -0.000410
0.000000 -0.000146
0.000000 0.000000
0.000000 0.000000
0.000000 0.000000
0.000000 0.000000
0.000000 0.000000
0.000000 0.000000
0.000000 0.000000
0.000000 0.000000
0.000000 0.000000
0.000000 0.000000
0.000000 0.000000
0.000000 0.000000
0.000000 0.000000
0.000000 0.000000
0.000000 0.000000
0.000000 0.000000
0.000000 0.000000
0.000000 0.000000
0.000000 0.000000
0.000000 0.000000
0.000000 0.000000
0.000000 0.000000
0.000000 0.000000
0.000000 0.000000
0.000000 0.000000
0.000000 0.000000
0.000000 0.000000
