0.000000 0.000000
0.000000 0.000000
0.000000 0.000000
0.000000 0.000000
0.000000 0.000000
0.000000 0.000000
0.000000 0.086566
0.000000 0.461454
0.000000 0.759812
0.000000 0.601041
0.000000 0.292987
0.000000 0.078490
0.000000 -0.028988
0.086566 -0.067914
0.461454 -0.068143
0.759812 -0.051354
0.601041 -0.032160
0.292987 -0.017465
0.078490 -0.008439
-0.028988 -0.003696
-0.067914 0.085078
-0.068143 0.460898
-0.051354 0.759665
-0.032160 0.601041
-0.017465 0.292987
-0.008439 0.078490
-0.003696 -0.028988
0.085078 -0.067914
0.460898 -0.068143
0.846231 -0.051354
0.975929 -0.032160
0.677910 -0.017465
0.294607 -0.008439
0.047882 -0.003696
-0.066294 -0.001488
-0.098751 -0.000557
-0.002094 -0.000146
0.311891 0.000000
0.346942 0.000000
0.196034 0.000000
0.067353 0.000000
-0.002486 0.000000
-0.032242 0.086566
-0.037863 0.461454
-0.030984 0.759812
-0.020516 0.601041
-0.011644 0.292987
-0.005821 0.078490
-0.002619 -0.028988
-0.001077 0.018652
-0.000410 0.393311
-0.000146 0.708458
0.000000 0.568880
0.000000 0.275522
0.000000 0.070051
0.000000 -0.032684
0.086566 -0.069402
0.374888 -0.068700
0.384923 -0.051500
0.216117 -0.032160
0.076870 -0.017465
0.001620 -0.008439
0.055958 -0.003696
0.337582 -0.001488
0.354086 -0.000557
0.195601 -0.000146
0.065225 0.000000
-0.004200 0.000000
-0.033226 0.000000
-0.038383 0.086566
-0.031248 0.461454
-0.020662 0.846378
-0.011644 0.975929
-0.005821 0.677910
-0.002619 0.294607
-0.001077 0.047882
-0.000410 -0.066294
0.086420 -0.098751
0.374888 -0.088660
0.384923 -0.062998
0.216117 -0.037981
0.076870 -0.020083
0.001620 -0.009516
0.055958 -0.004106
0.337582 -0.001634
0.354086 -0.000557
0.195601 -0.000146
0.065225 0.000000
-0.004200 0.000000
-0.033226 0.086566
-0.038383 0.461454
-0.031248 0.846378
-0.020662 0.975929
-0.011644 0.677910
-0.005821 0.294607
-0.002619 0.047882
-0.001077 -0.066294
0.086156 -0.098751
0.374742 -0.088660
0.384923 -0.062998
0.216117 -0.037981
0.076870 -0.020083
0.001620 -0.009516
-0.030608 0.082460
-0.037306 0.373254
-0.030837 0.384367
-0.020516 0.215971
-0.011644 0.076870
-0.005821 0.001620
-0.002619 0.055958
-0.001077 0.424148
-0.000410 0.815540
-0.000146 0.955413
0.000000 0.666266
0.000000 0.288786
0.000000 0.045263
0.000000 -0.067371
0.086566 -0.099162
0.461454 -0.088806
0.846378 -0.062998
0.975929 -0.037981
0.677910 -0.020083
0.294607 -0.009516
0.047882 -0.004106
-0.066294 -0.001634
-0.098751 -0.000557
-0.002094 -0.000146
0.311891 0.000000
0.346942 0.000000
0.196034 0.000000
0.067353 0.000000
-0.002486 0.000000
-0.032242 0.000000
0.048703 0.000000
0.343905 0.000000
0.364407 0.000000
0.204473 0.000000
0.071049 0.000000
-0.000998 0.000000
-0.031685 0.000000
-0.037717 0.086566
-0.030984 0.374888
-0.020516 0.384923
-0.011644 0.216117
-0.005821 0.076870
-0.002619 0.001620
0.085489 -0.030608
0.374478 -0.037306
0.384777 -0.030837
0.216117 -0.020516
0.076870 -0.011644
0.001620 -0.005821
-0.030608 0.083948
-0.037306 0.373811
-0.030837 0.384513
-0.020516 0.215971
-0.011644 0.076870
-0.005821 0.001620
-0.002619 -0.030608
-0.001077 0.049260
-0.000410 0.344051
-0.000146 0.364407
0.000000 0.204473
0.000000 0.071049
0.000000 -0.000998
0.086566 -0.031685
0.461454 -0.037717
0.846378 -0.030984
0.975929 -0.020516
0.677910 -0.011644
0.294607 -0.005821
0.047882 -0.002619
-0.066294 -0.001077
-0.098751 -0.000410
-0.088660 0.086420
-0.062998 0.374888
-0.037981 0.384923
-0.020083 0.216117
-0.009516 0.076870
-0.004106 0.001620
-0.001634 0.055958
-0.000557 0.337582
-0.000146 0.354086
0.000000 0.195601
0.000000 0.065225
0.000000 -0.004200
0.000000 -0.033226
0.000000 -0.038383
0.000000 -0.031248
0.000000 -0.020662
0.000000 -0.011644
0.000000 -0.005821
0.000000 -0.002619
0.000000 -0.001077
0.000000 -0.000410
0.000000 -0.000146
0.000000 0.000000
0.000000 0.000000
0.000000 0.000000
0.000000 0.000000
0.000000 0.000000
0.000000 0.000000
0.000000 0.000000
0.000000 0.000000
0.000000 0.000000
0.000000 0.000000
0.000000 0.000000
0.000000 0.000000
0.000000 0.000000
0.000000 0.000000
0.000000 0.000000
0.000000 0.000000
0.000000 0.000000
0.000000 0.000000
0.000000 0.000000
0.000000 0.000000
0.000000 0.000000
0.000000 0.000000
0.000000 0.000000
0.000000 0.000000
0.000000 0.000000
0.000000 0.000000
0.000000 0.000000
0.000000 0.000000
0.000000 0.000000
