0.000000 0.000000
0.000000 0.000000
0.000000 0.000000
0.000000 0.000000
0.000000 0.000000
0.086566 0.000000
0.461454 0.000000
0.846378 0.000000
0.975929 0.000000
0.677910 0.000000
0.294607 0.000000
0.047882 0.000000
-0.066294 0.000000
-0.098751 0.086566
-0.088660 0.374888
-0.062998 0.384923
-0.037981 0.216117
-0.020083 0.076870
-0.009516 0.001620
0.082460 -0.030608
0.459820 -0.037306
0.759255 -0.030837
0.600894 -0.020516
0.292987 -0.011644
0.078490 -0.005821
-0.028988 -0.002619
0.018652 -0.001077
0.393311 -0.000410
0.708458 -0.000146
0.568880 0.000000
0.275522 0.000000
0.070051 0.000000
-0.032684 0.000000
0.017164 0.000000
0.392754 0.000000
0.708312 0.000000
0.568880 0.000000
0.275522 0.000000
0.070051 0.000000
-0.032684 0.000000
-0.069402 0.000000
0.017866 0.000000
0.323388 0.000000
0.352763 0.000000
0.198653 0.000000
0.068430 0.000000
-0.002076 0.000000
-0.032096 0.086566
-0.037863 0.374888
-0.030984 0.384923
-0.020516 0.216117
-0.011644 0.076870
-0.005821 0.001620
0.083948 -0.030608
0.460377 -0.037306
0.845967 -0.030837
0.975783 -0.020516
0.677910 -0.011644
0.294607 -0.005821
0.047882 -0.002619
-0.066294 -0.001077
-0.098751 -0.000410
-0.002094 -0.000146
0.311891 0.000000
0.346942 0.000000
0.196034 0.000000
0.067353 0.000000
-0.002486 0.000000
0.054324 0.000000
0.337025 0.000000
0.353940 0.000000
0.195601 0.000000
0.065225 0.000000
-0.004200 0.000000
-0.033226 0.086566
-0.038383 0.461454
-0.031248 0.759812
-0.020662 0.601041
-0.011644 0.292987
-0.005821 0.078490
-0.002619 -0.028988
-0.001077 0.018652
-0.000410 0.393311
-0.000146 0.795024
0.000000 0.943769
0.000000 0.660445
0.000000 0.286168
0.000000 0.044186
0.000000 -0.067781
0.000000 -0.012742
0.000000 0.372648
0.000000 0.696814
0.000000 0.563060
0.000000 0.272904
0.000000 0.068973
0.000000 -0.033094
0.086566 -0.069548
0.461454 -0.068700
0.759812 -0.051500
0.601041 -0.032160
0.292987 -0.017465
0.078490 -0.008439
-0.028988 -0.003696
-0.067914 0.085078
-0.068143 0.374332
-0.051354 0.384777
-0.032160 0.216117
-0.017465 0.076870
-0.008439 0.001620
0.082870 -0.030608
0.373400 -0.037306
0.384367 -0.030837
0.215971 -0.020516
0.076870 -0.011644
0.001620 -0.005821
-0.030608 0.083948
-0.037306 0.373811
-0.030837 0.384513
-0.020516 0.215971
-0.011644 0.076870
-0.005821 0.001620
-0.002619 0.055958
-0.001077 0.337582
-0.000410 0.354086
-0.000146 0.195601
0.000000 0.065225
0.000000 -0.004200
0.000000 0.053340
0.000000 0.423071
0.000000 0.815130
0.000000 0.955267
0.000000 0.666266
0.000000 0.288786
0.000000 0.045263
0.000000 -0.067371
0.000000 -0.012596
0.000000 0.372648
0.000000 0.696814
0.000000 0.563060
0.000000 0.272904
0.000000 0.068973
0.000000 -0.033094
0.086566 -0.069548
0.461454 -0.068700
0.846378 -0.051500
0.975929 -0.032160
0.677910 -0.017465
0.294607 -0.008439
0.047882 -0.003696
-0.066294 -0.001488
-0.098751 -0.000557
-0.088660 0.086420
-0.062998 0.374888
-0.037981 0.384923
-0.020083 0.216117
-0.009516 0.076870
-0.004106 0.001620
-0.001634 0.055958
-0.000557 0.424148
-0.000146 0.728974
0.000000 0.580525
0.000000 0.281343
0.000000 0.072669
0.000000 -0.031606
0.086566 -0.068991
0.374888 -0.068554
0.384923 -0.051500
0.216117 -0.032160
0.076870 -0.017465
0.001620 -0.008439
-0.030608 -0.003696
0.049260 -0.001488
0.430617 -0.000557
0.739295 -0.000146
0.589397 0.000000
0.287166 0.000000
0.075871 0.000000
-0.030065 0.000000
-0.068324 0.086566
-0.068290 0.461454
-0.051354 0.846378
-0.032160 0.975929
-0.017465 0.677910
-0.008439 0.294607
-0.003696 0.047882
-0.001488 -0.066294
-0.000557 -0.098751
-0.000146 -0.088660
0.000000 -0.062998
0.000000 -0.037981
0.000000 -0.020083
0.000000 -0.009516
0.000000 -0.004106
0.000000 -0.001634
0.000000 -0.000557
0.000000 -0.000146
0.000000 0.000000
0.000000 0.000000
0.000000 0.000000
0.000000 0.000000
0.000000 0.000000
0.000000 0.000000
0.000000 0.000000
0.000000 0.000000
0.000000 0.000000
0.000000 0.000000
0.000000 0.000000
0.000000 0.000000
0.000000 0.000000
0.000000 0.000000
0.000000 0.000000
0.000000 0.000000
0.000000 0.000000
0.000000 0.000000
0.000000 0.000000
0.000000 0.000000
0.000000 0.000000
0.000000 0.000000
0.000000 0.000000
0.000000 0.000000
0.000000 0.000000
0.000000 0.000000
0.000000 0.000000
0.000000 0.000000
0.000000 0.000000
