0.000000 0.000000
0.000000 0.000000
0.000000 0.000000
0.000000 0.000000
0.000000 0.000000
0.086566 0.000000
0.461454 0.000000
0.759812 0.000000
0.601041 0.000000
0.292987 0.000000
0.078490 0.000000
-0.028988 0.000000
-0.067914 0.086566
-0.068143 0.461454
-0.051354 0.846378
-0.032160 0.975929
-0.017465 0.677910
-0.008439 0.294607
-0.003696 0.047882
-0.001488 -0.066294
0.086009 -0.098751
0.461308 -0.088660
0.759812 -0.062998
0.601041 -0.037981
0.292987 -0.020083
0.078490 -0.009516
-0.028988 -0.004106
0.018652 -0.001634
0.393311 -0.000557
0.708458 -0.000146
0.568880 0.000000
0.275522 0.000000
0.070051 0.000000
-0.032684 0.000000
-0.069402 0.086566
-0.068700 0.461454
-0.051500 0.759812
-0.032160 0.601041
-0.017465 0.292987
-0.008439 0.078490
-0.003696 -0.028988
-0.001488 0.018652
-0.000557 0.306745
-0.000146 0.333570
0.000000 0.183957
0.000000 0.059405
0.000000 -0.006819
0.086566 -0.034304
0.461454 -0.038794
0.846378 -0.031394
0.975929 -0.020662
0.677910 -0.011644
0.294607 -0.005821
0.047882 -0.002619
-0.066294 -0.001077
-0.098751 -0.000410
-0.088660 0.086420
-0.062998 0.461454
-0.037981 0.846378
-0.020083 0.975929
-0.009516 0.677910
-0.004106 0.294607
-0.001634 0.047882
-0.000557 -0.066294
0.086420 -0.098751
0.374888 -0.088660
0.384923 -0.062998
0.216117 -0.037981
0.076870 -0.020083
0.001620 -0.009516
0.055958 -0.004106
0.424148 -0.001634
0.815540 -0.000557
0.955413 -0.000146
0.666266 0.000000
0.288786 0.000000
0.045263 0.000000
-0.067371 0.000000
-0.012596 0.000000
0.286082 0.000000
0.321926 0.000000
0.178136 0.000000
0.056786 0.000000
-0.007896 0.000000
0.051852 0.000000
0.422514 0.000000
0.814984 0.000000
0.955267 0.000000
0.666266 0.000000
0.288786 0.000000
0.045263 0.000000
-0.067371 0.000000
-0.012596 0.000000
0.372648 0.000000
0.696814 0.000000
0.563060 0.000000
0.272904 0.000000
0.068973 0.000000
-0.033094 0.000000
-0.069548 0.086566
-0.068700 0.461454
-0.051500 0.759812
-0.032160 0.601041
-0.017465 0.292987
-0.008439 0.078490
-0.003696 -0.028988
0.085078 -0.067914
0.460898 -0.068143
0.846231 -0.051354
0.975929 -0.032160
0.677910 -0.017465
0.294607 -0.008439
0.047882 -0.003696
-0.066294 -0.001488
-0.098751 0.086009
-0.088660 0.374742
-0.062998 0.384923
-0.037981 0.216117
-0.020083 0.076870
-0.009516 0.001620
-0.004106 0.055958
-0.001634 0.424148
-0.000557 0.815540
-0.000146 0.955413
0.000000 0.666266
0.000000 0.288786
0.000000 0.045263
0.000000 -0.067371
0.086566 -0.099162
0.461454 -0.088806
0.759812 -0.062998
0.601041 -0.037981
0.292987 -0.020083
0.078490 -0.009516
-0.028988 -0.004106
0.018652 -0.001634
0.306745 -0.000557
0.333570 -0.000146
0.183957 0.000000
0.059405 0.000000
-0.006819 0.000000
-0.034304 0.000000
-0.038794 0.086566
-0.031394 0.461454
-0.020662 0.846378
-0.011644 0.975929
-0.005821 0.677910
-0.002619 0.294607
-0.001077 0.047882
-0.000410 -0.066294
0.086420 -0.098751
0.374888 -0.088660
0.384923 -0.062998
0.216117 -0.037981
0.076870 -0.020083
0.001620 -0.009516
-0.030608 0.082460
-0.037306 0.459820
-0.030837 0.845821
-0.020516 0.975783
-0.011644 0.677910
-0.005821 0.294607
-0.002619 0.047882
-0.001077 -0.066294
-0.000410 -0.098751
-0.000146 -0.002094
0.000000 0.311891
0.000000 0.346942
0.000000 0.196034
0.000000 0.067353
0.000000 -0.002486
0.000000 -0.032242
0.000000 0.048703
0.000000 0.430471
0.000000 0.739295
0.000000 0.589397
0.000000 0.287166
0.000000 0.075871
0.000000 -0.030065
0.000000 0.018242
0.000000 0.393165
0.000000 0.795024
0.000000 0.943769
0.000000 0.660445
0.000000 0.286168
0.000000 0.044186
0.000000 -0.067781
0.000000 -0.012742
0.000000 0.372648
0.000000 0.783380
0.000000 0.937948
0.000000 0.657827
0.000000 0.285091
0.000000 0.043776
0.000000 -0.067928
0.000000 -0.099308
0.000000 -0.088806
0.000000 -0.062998
0.000000 -0.037981
0.000000 -0.020083
0.000000 -0.009516
0.000000 -0.004106
0.000000 -0.001634
0.000000 -0.000557
0.000000 -0.000146
0.000000 0.000000
0.000000 0.000000
0.000000 0.000000
0.000000 0.000000
0.000000 0.000000
0.000000 0.000000
0.000000 0.000000
0.000000 0.000000
0.000000 0.000000
0.000000 0.000000
0.000000 0.000000
0.000000 0.000000
0.000000 0.000000
0.000000 0.000000
0.000000 0.000000
0.000000 0.000000
0.000000 0.000000
0.000000 0.000000
0.000000 0.000000
0.000000 0.000000
