0.000000 0.000000
0.000000 0.000000
0.000000 0.000000
0.000000 0.000000
0.000000 0.000000
0.086566 0.000000
0.374888 0.000000
0.384923 0.000000
0.216117 0.000000
0.076870 0.000000
0.001620 0.000000
-0.030608 0.086566
-0.037306 0.461454
-0.030837 0.846378
-0.020516 0.975929
-0.011644 0.677910
-0.005821 0.294607
-0.002619 0.047882
-0.001077 -0.066294
-0.000410 -0.012185
-0.000146 0.372795
0.000000 0.783380
0.000000 0.937948
0.000000 0.657827
0.000000 0.285091
0.000000 0.043776
0.000000 -0.067928
0.000000 -0.012742
0.000000 0.372648
0.000000 0.696814
0.000000 0.563060
0.000000 0.272904
0.000000 0.068973
0.000000 -0.033094
0.000000 0.017018
0.000000 0.306188
0.000000 0.333424
0.000000 0.183957
0.000000 0.059405
0.000000 -0.006819
0.000000 -0.034304
0.086566 -0.038794
0.461454 -0.031394
0.846378 -0.020662
0.975929 -0.011644
0.677910 -0.005821
0.294607 -0.002619
0.047882 -0.001077
-0.066294 -0.000410
-0.098751 0.086420
-0.088660 0.374888
-0.062998 0.384923
-0.037981 0.216117
-0.020083 0.076870
-0.009516 0.001620
0.082460 -0.030608
0.459820 -0.037306
0.845821 -0.030837
0.975783 -0.020516
0.677910 -0.011644
0.294607 -0.005821
0.047882 -0.002619
-0.066294 -0.001077
-0.012185 -0.000410
0.286229 -0.000146
0.321926 0.000000
0.178136 0.000000
0.056786 0.000000
-0.007896 0.000000
-0.034714 0.000000
-0.038940 0.086566
-0.031394 0.461454
-0.020662 0.846378
-0.011644 0.975929
-0.005821 0.677910
-0.002619 0.294607
-0.001077 0.047882
-0.000410 -0.066294
0.086420 -0.098751
0.374888 -0.088660
0.384923 -0.062998
0.216117 -0.037981
0.076870 -0.020083
0.001620 -0.009516
0.055958 -0.004106
0.337582 -0.001634
0.354086 -0.000557
0.195601 -0.000146
0.065225 0.000000
-0.004200 0.000000
0.053340 0.000000
0.423071 0.000000
0.728564 0.000000
0.580378 0.000000
0.281343 0.000000
0.072669 0.000000
-0.031606 0.000000
-0.068991 0.086566
-0.068554 0.374888
-0.051500 0.384923
-0.032160 0.216117
-0.017465 0.076870
-0.008439 0.001620
-0.003696 0.055958
-0.001488 0.424148
-0.000557 0.815540
-0.000146 0.955413
0.000000 0.666266
0.000000 0.288786
0.000000 0.045263
0.000000 -0.067371
0.086566 -0.099162
0.461454 -0.088806
0.759812 -0.062998
0.601041 -0.037981
0.292987 -0.020083
0.078490 -0.009516
-0.028988 -0.004106
0.018652 -0.001634
0.393311 -0.000557
0.708458 -0.000146
0.568880 0.000000
0.275522 0.000000
0.070051 0.000000
-0.032684 0.000000
-0.069402 0.000000
-0.068700 0.086566
-0.051500 0.461454
-0.032160 0.846378
-0.017465 0.975929
-0.008439 0.677910
-0.003696 0.294607
-0.001488 0.047882
-0.000557 -0.066294
-0.000146 -0.098751
0.086566 -0.088660
0.461454 -0.062998
0.846378 -0.037981
0.975929 -0.020083
0.677910 -0.009516
0.294607 -0.004106
0.047882 -0.001634
-0.066294 -0.000557
-0.012185 -0.000146
0.372795 0.000000
0.696814 0.000000
0.563060 0.000000
0.272904 0.000000
0.068973 0.000000
-0.033094 0.000000
0.017018 0.000000
0.306188 0.000000
0.333424 0.000000
0.183957 0.000000
0.059405 0.000000
-0.006819 0.000000
0.052262 0.000000
0.336094 0.000000
0.353529 0.000000
0.195455 0.000000
0.065225 0.000000
-0.004200 0.000000
-0.033226 0.086566
-0.038383 0.374888
-0.031248 0.384923
-0.020662 0.216117
-0.011644 0.076870
-0.005821 0.001620
-0.002619 0.055958
-0.001077 0.337582
-0.000410 0.354086
-0.000146 0.195601
0.000000 0.065225
0.000000 -0.004200
0.000000 -0.033226
0.000000 0.048183
0.000000 0.430207
0.000000 0.739149
0.000000 0.589397
0.000000 0.287166
0.000000 0.075871
0.000000 -0.030065
0.000000 0.018242
0.000000 0.306599
0.000000 0.333570
0.000000 0.183957
0.000000 0.059405
0.000000 -0.006819
0.000000 -0.034304
0.000000 -0.038794
0.000000 -0.031394
0.000000 -0.020662
0.000000 -0.011644
0.000000 -0.005821
0.000000 -0.002619
0.000000 -0.001077
0.000000 -0.000410
0.000000 -0.000146
0.000000 0.000000
0.000000 0.000000
0.000000 0.000000
0.000000 0.000000
0.000000 0.000000
0.000000 0.000000
0.000000 0.000000
0.000000 0.000000
0.000000 0.000000
0.000000 0.000000
0.000000 0.000000
0.000000 0.000000
0.000000 0.000000
0.000000 0.000000
0.000000 0.000000
0.000000 0.000000
0.000000 0.000000
0.000000 0.000000
0.000000 0.000000
0.000000 0.000000
0.000000 0.000000
0.000000 0.000000
0.000000 0.000000
0.000000 0.000000
0.000000 0.000000
0.000000 0.000000
0.000000 0.000000
