0.000000 0.000000
0.000000 0.000000
0.000000 0.000000
0.000000 0.000000
0.000000 0.000000
0.000000 0.086566
0.000000 0.461454
0.000000 0.759812
0.000000 0.601041
0.000000 0.292987
0.000000 0.078490
0.000000 -0.028988
0.086566 -0.067914
0.374888 -0.068143
0.384923 -0.051354
0.216117 -0.032160
0.076870 -0.017465
0.001620 -0.008439
-0.030608 0.082870
-0.037306 0.459967
-0.030837 0.845821
-0.020516 0.975783
-0.011644 0.677910
-0.005821 0.294607
-0.002619 0.047882
-0.001077 -0.066294
0.086156 -0.098751
0.461308 -0.088660
0.846378 -0.062998
0.975929 -0.037981
0.677910 -0.020083
0.294607 -0.009516
0.047882 -0.004106
-0.066294 -0.001634
-0.098751 -0.000557
-0.088660 0.086420
-0.062998 0.461454
-0.037981 0.759812
-0.020083 0.601041
-0.009516 0.292987
-0.004106 0.078490
-0.001634 -0.028988
-0.000557 0.018652
-0.000146 0.306745
0.000000 0.333570
0.000000 0.183957
0.000000 0.059405
0.000000 -0.006819
0.086566 -0.034304
0.374888 -0.038794
0.384923 -0.031394
0.216117 -0.020662
0.076870 -0.011644
0.001620 -0.005821
-0.030608 -0.002619
0.049260 -0.001077
0.430617 -0.000410
0.825862 -0.000146
0.964285 0.000000
0.672090 0.000000
0.291989 0.000000
0.046805 0.000000
-0.066704 0.000000
-0.098898 0.000000
-0.088660 0.086566
-0.062998 0.374888
-0.037981 0.384923
-0.020083 0.216117
-0.009516 0.076870
-0.004106 0.001620
0.084932 -0.030608
0.374332 -0.037306
0.384777 -0.030837
0.216117 -0.020516
0.076870 -0.011644
0.001620 -0.005821
0.055958 -0.002619
0.424148 -0.001077
0.815540 -0.000410
0.955413 -0.000146
0.666266 0.000000
0.288786 0.000000
0.045263 0.000000
-0.067371 0.000000
-0.012596 0.000000
0.372648 0.000000
0.783380 0.000000
0.937948 0.000000
0.657827 0.000000
0.285091 0.000000
0.043776 0.000000
-0.067928 0.000000
-0.099308 0.000000
-0.002240 0.000000
0.398457 0.000000
0.721831 0.000000
0.580957 0.000000
0.283470 0.000000
0.074383 0.000000
-0.030622 0.000000
-0.068471 0.000000
0.018276 0.000000
0.410101 0.000000
0.727651 0.000000
0.583576 0.000000
0.284548 0.000000
0.074794 0.000000
-0.030475 0.000000
-0.068471 0.000000
-0.068290 0.086566
-0.051354 0.374888
-0.032160 0.384923
-0.017465 0.216117
-0.008439 0.076870
-0.003696 0.001620
-0.001488 0.055958
-0.000557 0.424148
-0.000146 0.728974
0.000000 0.580525
0.000000 0.281343
0.000000 0.072669
0.000000 -0.031606
0.086566 -0.068991
0.461454 -0.068554
0.759812 -0.051500
0.601041 -0.032160
0.292987 -0.017465
0.078490 -0.008439
-0.028988 -0.003696
-0.067914 -0.001488
-0.068143 0.086009
-0.051354 0.374742
-0.032160 0.384923
-0.017465 0.216117
-0.008439 0.076870
-0.003696 0.001620
-0.001488 -0.030608
-0.000557 0.049260
-0.000146 0.344051
0.000000 0.364407
0.000000 0.204473
0.000000 0.071049
0.000000 -0.000998
0.086566 -0.031685
0.461454 -0.037717
0.846378 -0.030984
0.975929 -0.020516
0.677910 -0.011644
0.294607 -0.005821
0.047882 -0.002619
-0.066294 -0.001077
-0.098751 0.086156
-0.088660 0.461308
-0.062998 0.846378
-0.037981 0.975929
-0.020083 0.677910
-0.009516 0.294607
-0.004106 0.047882
-0.001634 -0.066294
-0.000557 -0.012185
-0.000146 0.372795
0.000000 0.696814
0.000000 0.563060
0.000000 0.272904
0.000000 0.068973
0.000000 -0.033094
0.000000 0.017018
0.000000 0.306188
0.000000 0.333424
0.000000 0.183957
0.000000 0.059405
0.000000 -0.006819
0.086566 -0.034304
0.374888 -0.038794
0.384923 -0.031394
0.216117 -0.020662
0.076870 -0.011644
0.001620 -0.005821
0.055958 -0.002619
0.424148 -0.001077
0.728974 -0.000410
0.580525 -0.000146
0.281343 0.000000
0.072669 0.000000
-0.031606 0.000000
-0.068991 0.086566
-0.068554 0.461454
-0.051500 0.846378
-0.032160 0.975929
-0.017465 0.677910
-0.008439 0.294607
-0.003696 0.047882
-0.001488 -0.066294
-0.000557 -0.098751
-0.000146 -0.088660
0.000000 -0.062998
0.000000 -0.037981
0.000000 -0.020083
0.000000 -0.009516
0.000000 -0.004106
0.000000 -0.001634
0.000000 -0.000557
0.000000 -0.000146
0.000000 0.000000
0.000000 0.000000
0.000000 0.000000
0.000000 0.000000
0.000000 0.000000
0.000000 0.000000
0.000000 0.000000
0.000000 0.000000
0.000000 0.000000
0.000000 0.000000
0.000000 0.000000
0.000000 0.000000
0.000000 0.000000
0.000000 0.000000
0.000000 0.000000
0.000000 0.000000
0.000000 0.000000
0.000000 0.000000
0.000000 0.000000
0.000000 0.000000
0.000000 0.000000
0.000000 0.000000
