0.000000 0.000000
0.000000 0.000000
0.000000 0.000000
0.000000 0.000000
0.000000 0.000000
0.000000 0.000000
0.000000 0.086566
0.000000 0.461454
0.000000 0.846378
0.000000 0.975929
0.000000 0.677910
0.000000 0.294607
0.000000 0.047882
0.000000 -0.066294
0.000000 -0.098751
0.086566 -0.088660
0.461454 -0.062998
0.759812 -0.037981
0.601041 -0.020083
0.292987 -0.009516
0.078490 -0.004106
-0.028988 -0.001634
0.018652 -0.000557
0.393311 -0.000146
0.795024 0.000000
0.943769 0.000000
0.660445 0.000000
0.286168 0.000000
0.044186 0.000000
-0.067781 0.000000
-0.099308 0.000000
-0.002240 0.000000
0.398457 0.000000
0.808397 0.000000
0.955846 0.000000
0.668394 0.000000
0.290501 0.000000
0.046248 0.000000
-0.066850 0.000000
-0.098898 0.086566
-0.088660 0.374888
-0.062998 0.384923
-0.037981 0.216117
-0.020083 0.076870
-0.009516 0.001620
-0.004106 0.055958
-0.001634 0.424148
-0.000557 0.728974
-0.000146 0.580525
0.000000 0.281343
0.000000 0.072669
0.000000 -0.031606
0.086566 -0.068991
0.461454 -0.068554
0.759812 -0.051500
0.601041 -0.032160
0.292987 -0.017465
0.078490 -0.008439
-0.028988 -0.003696
-0.067914 0.085078
-0.068143 0.460898
-0.051354 0.846231
-0.032160 0.975929
-0.017465 0.677910
-0.008439 0.294607
-0.003696 0.047882
-0.001488 -0.066294
-0.000557 -0.012185
-0.000146 0.286229
0.000000 0.321926
0.000000 0.178136
0.000000 0.056786
0.000000 -0.007896
0.000000 -0.034714
0.000000 0.047626
0.000000 0.430060
0.000000 0.739149
0.000000 0.589397
0.000000 0.287166
0.000000 0.075871
0.000000 -0.030065
0.000000 -0.068324
0.000000 0.018276
0.000000 0.410101
0.000000 0.727651
0.000000 0.583576
0.000000 0.284548
0.000000 0.074794
0.000000 -0.030475
0.000000 0.018095
0.000000 0.393165
0.000000 0.795024
0.000000 0.943769
0.000000 0.660445
0.000000 0.286168
0.000000 0.044186
0.000000 -0.067781
0.086566 -0.099308
0.461454 -0.088806
0.759812 -0.062998
0.601041 -0.037981
0.292987 -0.020083
0.078490 -0.009516
-0.028988 -0.004106
-0.067914 0.084932
-0.068143 0.460898
-0.051354 0.846231
-0.032160 0.975929
-0.017465 0.677910
-0.008439 0.294607
-0.003696 0.047882
-0.001488 -0.066294
-0.000557 -0.098751
0.086420 -0.088660
0.374888 -0.062998
0.384923 -0.037981
0.216117 -0.020083
0.076870 -0.009516
0.001620 -0.004106
-0.030608 -0.001634
0.049260 -0.000557
0.430617 -0.000146
0.825862 0.000000
0.964285 0.000000
0.672090 0.000000
0.291989 0.000000
0.046805 0.000000
-0.066704 0.000000
-0.098898 0.000000
-0.088660 0.086566
-0.062998 0.374888
-0.037981 0.384923
-0.020083 0.216117
-0.009516 0.076870
-0.004106 0.001620
-0.001634 0.055958
-0.000557 0.424148
-0.000146 0.815540
0.000000 0.955413
0.000000 0.666266
0.000000 0.288786
0.000000 0.045263
0.000000 -0.067371
0.000000 -0.012596
0.000000 0.286082
0.000000 0.321926
0.000000 0.178136
0.000000 0.056786
0.000000 -0.007896
0.086566 -0.034714
0.461454 -0.038940
0.846378 -0.031394
0.975929 -0.020662
0.677910 -0.011644
0.294607 -0.005821
0.047882 -0.002619
-0.066294 -0.001077
-0.098751 -0.000410
-0.088660 0.086420
-0.062998 0.374888
-0.037981 0.384923
-0.020083 0.216117
-0.009516 0.076870
-0.004106 0.001620
0.084932 -0.030608
0.460898 -0.037306
0.846231 -0.030837
0.975929 -0.020516
0.677910 -0.011644
0.294607 -0.005821
0.047882 -0.002619
-0.066294 -0.001077
-0.012185 -0.000410
0.286229 -0.000146
0.321926 0.000000
0.178136 0.000000
0.056786 0.000000
-0.007896 0.000000
-0.034714 0.000000
0.047626 0.000000
0.430060 0.000000
0.825715 0.000000
0.964285 0.000000
0.672090 0.000000
0.291989 0.000000
0.046805 0.000000
-0.066704 0.000000
-0.012331 0.000000
0.286229 0.000000
0.321926 0.000000
0.178136 0.000000
0.056786 0.000000
-0.007896 0.000000
0.051852 0.000000
0.335948 0.000000
0.353529 0.000000
0.195455 0.000000
0.065225 0.000000
-0.004200 0.000000
-0.033226 0.000000
-0.038383 0.000000
-0.031248 0.000000
-0.020662 0.000000
-0.011644 0.000000
-0.005821 0.000000
-0.002619 0.000000
-0.001077 0.000000
-0.000410 0.000000
-0.000146 0.000000
0.000000 0.000000
0.000000 0.000000
0.000000 0.000000
0.000000 0.000000
0.000000 0.000000
0.000000 0.000000
0.000000 0.000000
0.000000 0.000000
0.000000 0.000000
0.000000 0.000000
0.000000 0.000000
0.000000 0.000000
0.000000 0.000000
0.000000 0.000000
0.000000 0.000000
0.000000 0.000000
