0.000000 0.000000
0.000000 0.000000
0.000000 0.000000
0.000000 0.000000
0.000000 0.000000
0.086566 0.000000
0.374888 0.000000
0.384923 0.000000
0.216117 0.000000
0.076870 0.000000
0.001620 0.000000
-0.030608 0.086566
-0.037306 0.374888
-0.030837 0.384923
-0.020516 0.216117
-0.011644 0.076870
-0.005821 0.001620
0.083948 -0.030608
0.373811 -0.037306
0.384513 -0.030837
0.215971 -0.020516
0.076870 -0.011644
0.001620 -0.005821
0.055958 -0.002619
0.424148 -0.001077
0.815540 -0.000410
0.955413 -0.000146
0.666266 0.000000
0.288786 0.000000
0.045263 0.000000
-0.067371 0.000000
-0.099162 0.086566
-0.088806 0.461454
-0.062998 0.759812
-0.037981 0.601041
-0.020083 0.292987
-0.009516 0.078490
-0.004106 -0.028988
-0.001634 0.018652
-0.000557 0.393311
-0.000146 0.795024
0.000000 0.943769
0.000000 0.660445
0.000000 0.286168
0.000000 0.044186
0.000000 -0.067781
0.000000 -0.012742
0.000000 0.372648
0.000000 0.783380
0.000000 0.937948
0.000000 0.657827
0.000000 0.285091
0.000000 0.043776
0.000000 -0.067928
0.000000 -0.099308
0.086566 -0.088806
0.374888 -0.062998
0.384923 -0.037981
0.216117 -0.020083
0.076870 -0.009516
0.001620 -0.004106
-0.030608 0.084932
-0.037306 0.460898
-0.030837 0.846231
-0.020516 0.975929
-0.011644 0.677910
-0.005821 0.294607
-0.002619 0.047882
-0.001077 -0.066294
0.086156 -0.098751
0.461308 -0.088660
0.846378 -0.062998
0.975929 -0.037981
0.677910 -0.020083
0.294607 -0.009516
0.047882 -0.004106
-0.066294 -0.001634
-0.098751 0.086009
-0.088660 0.461308
-0.062998 0.846378
-0.037981 0.975929
-0.020083 0.677910
-0.009516 0.294607
-0.004106 0.047882
-0.001634 -0.066294
0.086009 -0.098751
0.461308 -0.088660
0.759812 -0.062998
0.601041 -0.037981
0.292987 -0.020083
0.078490 -0.009516
-0.028988 -0.004106
-0.067914 0.084932
-0.068143 0.460898
-0.051354 0.759665
-0.032160 0.601041
-0.017465 0.292987
-0.008439 0.078490
-0.003696 -0.028988
0.085078 -0.067914
0.374332 -0.068143
0.384777 -0.051354
0.216117 -0.032160
0.076870 -0.017465
0.001620 -0.008439
-0.030608 0.082870
-0.037306 0.459967
-0.030837 0.845821
-0.020516 0.975783
-0.011644 0.677910
-0.005821 0.294607
-0.002619 0.047882
-0.001077 -0.066294
-0.000410 -0.012185
-0.000146 0.286229
0.000000 0.321926
0.000000 0.178136
0.000000 0.056786
0.000000 -0.007896
0.000000 0.051852
0.000000 0.422514
0.000000 0.814984
0.000000 0.955267
0.000000 0.666266
0.000000 0.288786
0.000000 0.045263
0.000000 -0.067371
0.000000 -0.012596
0.000000 0.286082
0.000000 0.321926
0.000000 0.178136
0.000000 0.056786
0.000000 -0.007896
0.086566 -0.034714
0.461454 -0.038940
0.846378 -0.031394
0.975929 -0.020662
0.677910 -0.011644
0.294607 -0.005821
0.047882 -0.002619
-0.066294 -0.001077
-0.098751 0.086156
-0.088660 0.374742
-0.062998 0.384923
-0.037981 0.216117
-0.020083 0.076870
-0.009516 0.001620
-0.004106 -0.030608
0.084932 -0.037306
0.460898 -0.030837
0.759665 -0.020516
0.601041 -0.011644
0.292987 -0.005821
0.078490 -0.002619
-0.028988 -0.001077
0.018652 -0.000410
0.393311 -0.000146
0.795024 0.000000
0.943769 0.000000
0.660445 0.000000
0.286168 0.000000
0.044186 0.000000
-0.067781 0.000000
-0.099308 0.086566
-0.088806 0.461454
-0.062998 0.846378
-0.037981 0.975929
-0.020083 0.677910
-0.009516 0.294607
-0.004106 0.047882
-0.001634 -0.066294
0.086009 -0.098751
0.461308 -0.088660
0.759812 -0.062998
0.601041 -0.037981
0.292987 -0.020083
0.078490 -0.009516
-0.028988 -0.004106
0.018652 -0.001634
0.393311 -0.000557
0.795024 -0.000146
0.943769 0.000000
0.660445 0.000000
0.286168 0.000000
0.044186 0.000000
-0.067781 0.000000
-0.012742 0.000000
0.372648 0.000000
0.783380 0.000000
0.937948 0.000000
0.657827 0.000000
0.285091 0.000000
0.043776 0.000000
-0.067928 0.000000
-0.099308 0.000000
-0.088806 0.000000
-0.062998 0.000000
-0.037981 0.000000
-0.020083 0.000000
-0.009516 0.000000
-0.004106 0.000000
-0.001634 0.000000
-0.000557 0.000000
-0.000146 0.000000
0.000000 0.000000
0.000000 0.000000
0.000000 0.000000
0.000000 0.000000
0.000000 0.000000
0.000000 0.000000
0.000000 0.000000
0.000000 0.000000
0.000000 0.000000
0.000000 0.000000
0.000000 0.000000
0.000000 0.000000
0.000000 0.000000
0.000000 0.000000
0.000000 0.000000
0.000000 0.000000
0.000000 0.000000
0.000000 0.000000
0.000000 0.000000
0.000000 0.000000
0.000000 0.000000
