0.000000 0.000000
0.000000 0.000000
0.000000 0.000000
0.000000 0.000000
0.000000 0.000000
0.000000 0.000000
0.086566 0.000000
0.461454 0.000000
0.759812 0.000000
0.601041 0.000000
0.292987 0.000000
0.078490 0.000000
-0.028988 0.000000
-0.067914 0.086566
-0.068143 0.461454
-0.051354 0.759812
-0.032160 0.601041
-0.017465 0.292987
-0.008439 0.078490
-0.003696 -0.028988
0.085078 -0.067914
0.460898 -0.068143
0.846231 -0.051354
0.975929 -0.032160
0.677910 -0.017465
0.294607 -0.008439
0.047882 -0.003696
-0.066294 -0.001488
-0.098751 0.086009
-0.088660 0.461308
-0.062998 0.846378
-0.037981 0.975929
-0.020083 0.677910
-0.009516 0.294607
-0.004106 0.047882
-0.001634 -0.066294
-0.000557 -0.098751
0.086420 -0.088660
0.374888 -0.062998
0.384923 -0.037981
0.216117 -0.020083
0.076870 -0.009516
0.001620 -0.004106
0.055958 -0.001634
0.424148 -0.000557
0.728974 -0.000146
0.580525 0.000000
0.281343 0.000000
0.072669 0.000000
-0.031606 0.000000
0.017575 0.000000
0.306334 0.000000
0.333424 0.000000
0.183957 0.000000
0.059405 0.000000
-0.006819 0.000000
-0.034304 0.000000
-0.038794 0.086566
-0.031394 0.374888
-0.020662 0.384923
-0.011644 0.216117
-0.005821 0.076870
-0.002619 0.001620
-0.001077 0.055958
-0.000410 0.424148
-0.000146 0.728974
0.000000 0.580525
0.000000 0.281343
0.000000 0.072669
0.000000 -0.031606
0.000000 0.017575
0.000000 0.392900
0.000000 0.794878
0.000000 0.943769
0.000000 0.660445
0.000000 0.286168
0.000000 0.044186
0.000000 -0.067781
0.000000 -0.012742
0.000000 0.372648
0.000000 0.783380
0.000000 0.937948
0.000000 0.657827
0.000000 0.285091
0.000000 0.043776
0.000000 -0.067928
0.086566 -0.099308
0.374888 -0.088806
0.384923 -0.062998
0.216117 -0.037981
0.076870 -0.020083
0.001620 -0.009516
0.055958 -0.004106
0.337582 -0.001634
0.354086 -0.000557
0.195601 -0.000146
0.065225 0.000000
-0.004200 0.000000
-0.033226 0.086566
-0.038383 0.374888
-0.031248 0.384923
-0.020662 0.216117
-0.011644 0.076870
-0.005821 0.001620
-0.002619 -0.030608
-0.001077 0.049260
-0.000410 0.344051
-0.000146 0.364407
0.000000 0.204473
0.000000 0.071049
0.000000 -0.000998
0.086566 -0.031685
0.374888 -0.037717
0.384923 -0.030984
0.216117 -0.020516
0.076870 -0.011644
0.001620 -0.005821
-0.030608 0.083948
-0.037306 0.460377
-0.030837 0.759401
-0.020516 0.600894
-0.011644 0.292987
-0.005821 0.078490
-0.002619 -0.028988
-0.001077 -0.067914
0.086156 -0.068143
0.461308 -0.051354
0.759812 -0.032160
0.601041 -0.017465
0.292987 -0.008439
0.078490 -0.003696
-0.028988 -0.001488
-0.067914 0.086009
-0.068143 0.461308
-0.051354 0.846378
-0.032160 0.975929
-0.017465 0.677910
-0.008439 0.294607
-0.003696 0.047882
-0.001488 -0.066294
-0.000557 -0.012185
-0.000146 0.372795
0.000000 0.783380
0.000000 0.937948
0.000000 0.657827
0.000000 0.285091
0.000000 0.043776
0.000000 -0.067928
0.000000 -0.099308
0.000000 -0.002240
0.000000 0.398457
0.000000 0.721831
0.000000 0.580957
0.000000 0.283470
0.000000 0.074383
0.000000 -0.030622
0.000000 0.018095
0.000000 0.306599
0.000000 0.333570
0.000000 0.183957
0.000000 0.059405
0.000000 -0.006819
0.086566 -0.034304
0.461454 -0.038794
0.846378 -0.031394
0.975929 -0.020662
0.677910 -0.011644
0.294607 -0.005821
0.047882 -0.002619
-0.066294 -0.001077
-0.012185 -0.000410
0.372795 -0.000146
0.696814 0.000000
0.563060 0.000000
0.272904 0.000000
0.068973 0.000000
-0.033094 0.000000
0.017018 0.000000
0.392754 0.000000
0.794878 0.000000
0.943769 0.000000
0.660445 0.000000
0.286168 0.000000
0.044186 0.000000
-0.067781 0.000000
-0.012742 0.000000
0.372648 0.000000
0.783380 0.000000
0.937948 0.000000
0.657827 0.000000
0.285091 0.000000
0.043776 0.000000
-0.067928 0.000000
-0.099308 0.000000
-0.088806 0.000000
-0.062998 0.000000
-0.037981 0.000000
-0.020083 0.000000
-0.009516 0.000000
-0.004106 0.000000
-0.001634 0.000000
-0.000557 0.000000
-0.000146 0.000000
0.000000 0.000000
0.000000 0.000000
0.000000 0.000000
0.000000 0.000000
0.000000 0.000000
0.000000 0.000000
0.000000 0.000000
0.000000 0.000000
0.000000 0.000000
0.000000 0.000000
0.000000 0.000000
0.000000 0.000000
0.000000 0.000000
0.000000 0.000000
0.000000 0.000000
0.000000 0.000000
0.000000 0.000000
0.000000 0.000000
0.000000 0.000000
0.000000 0.000000
0.000000 0.000000
0.000000 0.000000
