0.000000 0.000000
0.000000 0.000000
0.000000 0.000000
0.000000 0.000000
0.000000 0.000000
0.086566 0.000000
0.461454 0.000000
0.846378 0.000000
0.975929 0.000000
0.677910 0.000000
0.294607 0.000000
0.047882 0.000000
-0.066294 0.000000
-0.098751 0.086566
-0.088660 0.461454
-0.062998 0.846378
-0.037981 0.975929
-0.020083 0.677910
-0.009516 0.294607
-0.004106 0.047882
-0.001634 -0.066294
-0.000557 -0.012185
-0.000146 0.286229
0.000000 0.321926
0.000000 0.178136
0.000000 0.056786
0.000000 -0.007896
0.000000 0.051852
0.000000 0.335948
0.000000 0.353529
0.000000 0.195455
0.000000 0.065225
0.000000 -0.004200
0.086566 -0.033226
0.461454 -0.038383
0.759812 -0.031248
0.601041 -0.020662
0.292987 -0.011644
0.078490 -0.005821
-0.028988 -0.002619
0.018652 -0.001077
0.393311 -0.000410
0.708458 -0.000146
0.568880 0.000000
0.275522 0.000000
0.070051 0.000000
-0.032684 0.000000
0.017164 0.000000
0.392754 0.000000
0.794878 0.000000
0.943769 0.000000
0.660445 0.000000
0.286168 0.000000
0.044186 0.000000
-0.067781 0.000000
-0.012742 0.000000
0.372648 0.000000
0.783380 0.000000
0.937948 0.000000
0.657827 0.000000
0.285091 0.000000
0.043776 0.000000
-0.067928 0.000000
-0.012742 0.000000
0.372648 0.000000
0.783380 0.000000
0.937948 0.000000
0.657827 0.000000
0.285091 0.000000
0.043776 0.000000
-0.067928 0.000000
-0.012742 0.000000
0.372648 0.000000
0.783380 0.000000
0.937948 0.000000
0.657827 0.000000
0.285091 0.000000
0.043776 0.000000
-0.067928 0.000000
-0.099308 0.000000
-0.002240 0.000000
0.398457 0.000000
0.808397 0.000000
0.955846 0.000000
0.668394 0.000000
0.290501 0.000000
0.046248 0.000000
-0.066850 0.000000
-0.012331 0.000000
0.286229 0.000000
0.321926 0.000000
0.178136 0.000000
0.056786 0.000000
-0.007896 0.000000
-0.034714 0.086566
-0.038940 0.461454
-0.031394 0.759812
-0.020662 0.601041
-0.011644 0.292987
-0.005821 0.078490
-0.002619 -0.028988
-0.001077 -0.067914
-0.000410 0.018423
-0.000146 0.410101
0.000000 0.814217
0.000000 0.958464
0.000000 0.669471
0.000000 0.290911
0.000000 0.046394
0.000000 -0.066850
0.086566 -0.098898
0.461454 -0.088660
0.759812 -0.062998
0.601041 -0.037981
0.292987 -0.020083
0.078490 -0.009516
-0.028988 -0.004106
0.018652 -0.001634
0.393311 -0.000557
0.795024 -0.000146
0.943769 0.000000
0.660445 0.000000
0.286168 0.000000
0.044186 0.000000
-0.067781 0.000000
-0.099308 0.086566
-0.088806 0.461454
-0.062998 0.846378
-0.037981 0.975929
-0.020083 0.677910
-0.009516 0.294607
-0.004106 0.047882
-0.001634 -0.066294
-0.000557 -0.098751
0.086420 -0.088660
0.374888 -0.062998
0.384923 -0.037981
0.216117 -0.020083
0.076870 -0.009516
0.001620 -0.004106
0.055958 -0.001634
0.424148 -0.000557
0.815540 -0.000146
0.955413 0.000000
0.666266 0.000000
0.288786 0.000000
0.045263 0.000000
-0.067371 0.000000
-0.099162 0.000000
-0.088806 0.086566
-0.062998 0.461454
-0.037981 0.759812
-0.020083 0.601041
-0.009516 0.292987
-0.004106 0.078490
-0.001634 -0.028988
-0.000557 0.018652
-0.000146 0.306745
0.000000 0.333570
0.000000 0.183957
0.000000 0.059405
0.000000 -0.006819
0.000000 0.052262
0.000000 0.422660
0.000000 0.728418
0.000000 0.580378
0.000000 0.281343
0.000000 0.072669
0.000000 -0.031606
0.000000 0.017575
0.000000 0.306334
0.000000 0.333424
0.000000 0.183957
0.000000 0.059405
0.000000 -0.006819
0.000000 0.052262
0.000000 0.336094
0.000000 0.353529
0.000000 0.195455
0.000000 0.065225
0.000000 -0.004200
0.000000 0.053340
0.000000 0.423071
0.000000 0.815130
0.000000 0.955267
0.000000 0.666266
0.000000 0.288786
0.000000 0.045263
0.000000 -0.067371
0.000000 -0.099162
0.000000 -0.002240
0.000000 0.398457
0.000000 0.808397
0.000000 0.955846
0.000000 0.668394
0.000000 0.290501
0.000000 0.046248
0.000000 -0.066850
0.000000 -0.098898
0.000000 -0.088660
0.000000 -0.062998
0.000000 -0.037981
0.000000 -0.020083
0.000000 -0.009516
0.000000 -0.004106
0.000000 -0.001634
0.000000 -0.000557
0.000000 -0.000146
0.000000 0.000000
0.000000 0.000000
0.000000 0.000000
0.000000 0.000000
0.000000 0.000000
0.000000 0.000000
0.000000 0.000000
0.000000 0.000000
0.000000 0.000000
0.000000 0.000000
0.000000 0.000000
0.000000 0.000000
0.000000 0.000000
0.000000 0.000000
0.000000 0.000000
0.000000 0.000000
0.000000 0.000000
