0.000000 0.000000
0.000000 0.000000
0.000000 0.000000
0.000000 0.000000
0.000000 0.000000
0.086566 0.000000
0.461454 0.000000
0.846378 0.000000
0.975929 0.000000
0.677910 0.000000
0.294607 0.000000
0.047882 0.000000
-0.066294 0.000000
-0.012185 0.000000
0.372795 0.000000
0.783380 0.000000
0.937948 0.000000
0.657827 0.000000
0.285091 0.000000
0.043776 0.000000
-0.067928 0.000000
-0.099308 0.000000
-0.002240 0.000000
0.311891 0.000000
0.346942 0.000000
0.196034 0.000000
0.067353 0.000000
-0.002486 0.000000
-0.032242 0.086566
-0.037863 0.461454
-0.030984 0.759812
-0.020516 0.601041
-0.011644 0.292987
-0.005821 0.078490
-0.002619 -0.028988
0.085489 -0.067914
0.374478 -0.068143
0.384777 -0.051354
0.216117 -0.032160
0.076870 -0.017465
0.001620 -0.008439
-0.030608 0.082870
-0.037306 0.459967
-0.030837 0.845821
-0.020516 0.975783
-0.011644 0.677910
-0.005821 0.294607
-0.002619 0.047882
-0.001077 -0.066294
-0.000410 -0.012185
-0.000146 0.372795
0.000000 0.783380
0.000000 0.937948
0.000000 0.657827
0.000000 0.285091
0.000000 0.043776
0.000000 -0.067928
0.086566 -0.099308
0.461454 -0.088806
0.846378 -0.062998
0.975929 -0.037981
0.677910 -0.020083
0.294607 -0.009516
0.047882 -0.004106
-0.066294 -0.001634
-0.098751 -0.000557
-0.088660 0.086420
-0.062998 0.461454
-0.037981 0.846378
-0.020083 0.975929
-0.009516 0.677910
-0.004106 0.294607
-0.001634 0.047882
-0.000557 -0.066294
0.086420 -0.098751
0.461454 -0.088660
0.759812 -0.062998
0.601041 -0.037981
0.292987 -0.020083
0.078490 -0.009516
-0.028988 -0.004106
-0.067914 0.084932
-0.068143 0.460898
-0.051354 0.846231
-0.032160 0.975929
-0.017465 0.677910
-0.008439 0.294607
-0.003696 0.047882
-0.001488 -0.066294
0.086009 -0.098751
0.461308 -0.088660
0.759812 -0.062998
0.601041 -0.037981
0.292987 -0.020083
0.078490 -0.009516
-0.028988 -0.004106
-0.067914 0.084932
-0.068143 0.460898
-0.051354 0.759665
-0.032160 0.601041
-0.017465 0.292987
-0.008439 0.078490
-0.003696 -0.028988
-0.001488 0.018652
-0.000557 0.393311
-0.000146 0.795024
0.000000 0.943769
0.000000 0.660445
0.000000 0.286168
0.000000 0.044186
0.000000 -0.067781
0.000000 -0.012742
0.000000 0.372648
0.000000 0.696814
0.000000 0.563060
0.000000 0.272904
0.000000 0.068973
0.000000 -0.033094
0.086566 -0.069548
0.461454 -0.068700
0.846378 -0.051500
0.975929 -0.032160
0.677910 -0.017465
0.294607 -0.008439
0.047882 -0.003696
-0.066294 -0.001488
-0.012185 -0.000557
0.372795 -0.000146
0.783380 0.000000
0.937948 0.000000
0.657827 0.000000
0.285091 0.000000
0.043776 0.000000
-0.067928 0.000000
-0.099308 0.086566
-0.088806 0.461454
-0.062998 0.759812
-0.037981 0.601041
-0.020083 0.292987
-0.009516 0.078490
-0.004106 -0.028988
0.084932 -0.067914
0.374332 -0.068143
0.384777 -0.051354
0.216117 -0.032160
0.076870 -0.017465
0.001620 -0.008439
-0.030608 0.082870
-0.037306 0.459967
-0.030837 0.759255
-0.020516 0.600894
-0.011644 0.292987
-0.005821 0.078490
-0.002619 -0.028988
-0.001077 0.018652
-0.000410 0.393311
-0.000146 0.708458
0.000000 0.568880
0.000000 0.275522
0.000000 0.070051
0.000000 -0.032684
0.000000 0.017164
0.000000 0.306188
0.000000 0.333424
0.000000 0.183957
0.000000 0.059405
0.000000 -0.006819
0.000000 -0.034304
0.000000 0.047772
0.000000 0.430060
0.000000 0.739149
0.000000 0.589397
0.000000 0.287166
0.000000 0.075871
0.000000 -0.030065
0.086566 -0.068324
0.461454 -0.068290
0.846378 -0.051354
0.975929 -0.032160
0.677910 -0.017465
0.294607 -0.008439
0.047882 -0.003696
-0.066294 -0.001488
-0.012185 -0.000557
0.372795 -0.000146
0.783380 0.000000
0.937948 0.000000
0.657827 0.000000
0.285091 0.000000
0.043776 0.000000
-0.067928 0.000000
-0.012742 0.000000
0.286082 0.000000
0.321926 0.000000
0.178136 0.000000
0.056786 0.000000
-0.007896 0.000000
-0.034714 0.000000
-0.038940 0.000000
-0.031394 0.000000
-0.020662 0.000000
-0.011644 0.000000
-0.005821 0.000000
-0.002619 0.000000
-0.001077 0.000000
-0.000410 0.000000
-0.000146 0.000000
0.000000 0.000000
0.000000 0.000000
0.000000 0.000000
0.000000 0.000000
0.000000 0.000000
0.000000 0.000000
0.000000 0.000000
0.000000 0.000000
0.000000 0.000000
0.000000 0.000000
0.000000 0.000000
0.000000 0.000000
0.000000 0.000000
0.000000 0.000000
0.000000 0.000000
0.000000 0.000000
0.000000 0.000000
0.000000 0.000000
