0.000000 0.000000
0.000000 0.000000
0.000000 0.000000
0.000000 0.000000
0.000000 0.000000
0.086566 0.000000
0.374888 0.000000
0.384923 0.000000
0.216117 0.000000
0.076870 0.000000
0.001620 0.000000
-0.030608 0.000000
0.049260 0.000000
0.430617 0.000000
0.825862 0.000000
0.964285 0.000000
0.672090 0.000000
0.291989 0.000000
0.046805 0.000000
-0.066704 0.000000
-0.012331 0.000000
0.372795 0.000000
0.696814 0.000000
0.563060 0.000000
0.272904 0.000000
0.068973 0.000000
-0.033094 0.000000
-0.069548 0.086566
-0.068700 0.461454
-0.051500 0.846378
-0.032160 0.975929
-0.017465 0.677910
-0.008439 0.294607
-0.003696 0.047882
-0.001488 -0.066294
0.086009 -0.098751
0.461308 -0.088660
0.759812 -0.062998
0.601041 -0.037981
0.292987 -0.020083
0.078490 -0.009516
-0.028988 -0.004106
0.018652 -0.001634
0.393311 -0.000557
0.708458 -0.000146
0.568880 0.000000
0.275522 0.000000
0.070051 0.000000
-0.032684 0.000000
-0.069402 0.000000
0.017866 0.000000
0.409955 0.000000
0.727651 0.000000
0.583576 0.000000
0.284548 0.000000
0.074794 0.000000
-0.030475 0.000000
-0.068471 0.086566
-0.068290 0.461454
-0.051354 0.846378
-0.032160 0.975929
-0.017465 0.677910
-0.008439 0.294607
-0.003696 0.047882
-0.001488 -0.066294
0.086009 -0.098751
0.461308 -0.088660
0.759812 -0.062998
0.601041 -0.037981
0.292987 -0.020083
0.078490 -0.009516
-0.028988 -0.004106
-0.067914 -0.001634
-0.068143 0.086009
-0.051354 0.461308
-0.032160 0.759812
-0.017465 0.601041
-0.008439 0.292987
-0.003696 0.078490
-0.001488 -0.028988
-0.000557 0.018652
-0.000146 0.306745
0.000000 0.333570
0.000000 0.183957
0.000000 0.059405
0.000000 -0.006819
0.000000 -0.034304
0.086566 -0.038794
0.461454 -0.031394
0.846378 -0.020662
0.975929 -0.011644
0.677910 -0.005821
0.294607 -0.002619
0.047882 -0.001077
-0.066294 -0.000410
-0.098751 0.086420
-0.088660 0.461454
-0.062998 0.759812
-0.037981 0.601041
-0.020083 0.292987
-0.009516 0.078490
-0.004106 -0.028988
-0.001634 -0.067914
-0.000557 0.018423
-0.000146 0.323535
0.000000 0.352763
0.000000 0.198653
0.000000 0.068430
0.000000 -0.002076
0.000000 0.054471
0.000000 0.337025
0.000000 0.353940
0.000000 0.195601
0.000000 0.065225
0.000000 -0.004200
0.000000 0.053340
0.000000 0.423071
0.000000 0.728564
0.000000 0.580378
0.000000 0.281343
0.000000 0.072669
0.000000 -0.031606
0.086566 -0.068991
0.461454 -0.068554
0.759812 -0.051500
0.601041 -0.032160
0.292987 -0.017465
0.078490 -0.008439
-0.028988 -0.003696
-0.067914 0.085078
-0.068143 0.460898
-0.051354 0.759665
-0.032160 0.601041
-0.017465 0.292987
-0.008439 0.078490
-0.003696 -0.028988
0.085078 -0.067914
0.374332 -0.068143
0.384777 -0.051354
0.216117 -0.032160
0.076870 -0.017465
0.001620 -0.008439
-0.030608 -0.003696
0.049260 -0.001488
0.344051 -0.000557
0.364407 -0.000146
0.204473 0.000000
0.071049 0.000000
-0.000998 0.000000
-0.031685 0.086566
-0.037717 0.374888
-0.030984 0.384923
-0.020516 0.216117
-0.011644 0.076870
-0.005821 0.001620
0.083948 -0.030608
0.460377 -0.037306
0.759401 -0.030837
0.600894 -0.020516
0.292987 -0.011644
0.078490 -0.005821
-0.028988 -0.002619
0.018652 -0.001077
0.393311 -0.000410
0.795024 -0.000146
0.943769 0.000000
0.660445 0.000000
0.286168 0.000000
0.044186 0.000000
-0.067781 0.000000
-0.099308 0.000000
-0.088806 0.086566
-0.062998 0.461454
-0.037981 0.759812
-0.020083 0.601041
-0.009516 0.292987
-0.004106 0.078490
-0.001634 -0.028988
-0.000557 0.018652
-0.000146 0.393311
0.000000 0.708458
0.000000 0.568880
0.000000 0.275522
0.000000 0.070051
0.000000 -0.032684
0.000000 0.017164
0.000000 0.306188
0.000000 0.333424
0.000000 0.183957
0.000000 0.059405
0.000000 -0.006819
0.000000 -0.034304
0.000000 -0.038794
0.000000 -0.031394
0.000000 -0.020662
0.000000 -0.011644
0.000000 -0.005821
0.000000 -0.002619
0.000000 -0.001077
0.000000 -0.000410
0.000000 -0.000146
0.000000 0.000000
0.000000 0.000000
0.000000 0.000000
0.000000 0.000000
0.000000 0.000000
0.000000 0.000000
0.000000 0.000000
0.000000 0.000000
0.000000 0.000000
0.000000 0.000000
0.000000 0.000000
0.000000 0.000000
0.000000 0.000000
0.000000 0.000000
0.000000 0.000000
0.000000 0.000000
0.000000 0.000000
0.000000 0.000000
0.000000 0.000000
0.000000 0.000000
0.000000 0.000000
0.000000 0.000000
0.000000 0.000000
0.000000 0.000000
