0.000000 0.000000
0.000000 0.000000
0.000000 0.000000
0.000000 0.000000
0.000000 0.000000
0.086566 0.000000
0.374888 0.000000
0.384923 0.000000
0.216117 0.000000
0.076870 0.000000
0.001620 0.000000
-0.030608 0.000000
-0.037306 0.086566
-0.030837 0.374888
-0.020516 0.384923
-0.011644 0.216117
-0.005821 0.076870
-0.002619 0.001620
0.085489 -0.030608
0.461044 -0.037306
0.846231 -0.030837
0.975929 -0.020516
0.677910 -0.011644
0.294607 -0.005821
0.047882 -0.002619
-0.066294 -0.001077
-0.098751 0.086156
-0.088660 0.461308
-0.062998 0.846378
-0.037981 0.975929
-0.020083 0.677910
-0.009516 0.294607
-0.004106 0.047882
-0.001634 -0.066294
-0.000557 -0.098751
0.086420 -0.088660
0.461454 -0.062998
0.759812 -0.037981
0.601041 -0.020083
0.292987 -0.009516
0.078490 -0.004106
-0.028988 -0.001634
-0.067914 0.086009
-0.068143 0.374742
-0.051354 0.384923
-0.032160 0.216117
-0.017465 0.076870
-0.008439 0.001620
-0.003696 0.055958
-0.001488 0.424148
-0.000557 0.728974
-0.000146 0.580525
0.000000 0.281343
0.000000 0.072669
0.000000 -0.031606
0.000000 0.017575
0.000000 0.392900
0.000000 0.794878
0.000000 0.943769
0.000000 0.660445
0.000000 0.286168
0.000000 0.044186
0.000000 -0.067781
0.000000 -0.012742
0.000000 0.372648
0.000000 0.696814
0.000000 0.563060
0.000000 0.272904
0.000000 0.068973
0.000000 -0.033094
0.086566 -0.069548
0.461454 -0.068700
0.759812 -0.051500
0.601041 -0.032160
0.292987 -0.017465
0.078490 -0.008439
-0.028988 -0.003696
-0.067914 0.085078
-0.068143 0.460898
-0.051354 0.846231
-0.032160 0.975929
-0.017465 0.677910
-0.008439 0.294607
-0.003696 0.047882
-0.001488 -0.066294
-0.000557 -0.012185
-0.000146 0.372795
0.000000 0.696814
0.000000 0.563060
0.000000 0.272904
0.000000 0.068973
0.000000 -0.033094
0.000000 -0.069548
0.086566 -0.068700
0.461454 -0.051500
0.846378 -0.032160
0.975929 -0.017465
0.677910 -0.008439
0.294607 -0.003696
0.047882 -0.001488
-0.066294 -0.000557
-0.098751 0.086420
-0.088660 0.461454
-0.062998 0.846378
-0.037981 0.975929
-0.020083 0.677910
-0.009516 0.294607
-0.004106 0.047882
-0.001634 -0.066294
-0.000557 -0.098751
-0.000146 -0.002094
0.000000 0.398457
0.000000 0.721831
0.000000 0.580957
0.000000 0.283470
0.000000 0.074383
0.000000 -0.030622
0.086566 -0.068471
0.461454 -0.068290
0.759812 -0.051354
0.601041 -0.032160
0.292987 -0.017465
0.078490 -0.008439
-0.028988 -0.003696
-0.067914 0.085078
-0.068143 0.460898
-0.051354 0.846231
-0.032160 0.975929
-0.017465 0.677910
-0.008439 0.294607
-0.003696 0.047882
-0.001488 -0.066294
-0.000557 -0.098751
-0.000146 -0.002094
0.000000 0.398457
0.000000 0.721831
0.000000 0.580957
0.000000 0.283470
0.000000 0.074383
0.000000 -0.030622
0.000000 0.018095
0.000000 0.393165
0.000000 0.795024
0.000000 0.943769
0.000000 0.660445
0.000000 0.286168
0.000000 0.044186
0.000000 -0.067781
0.086566 -0.099308
0.461454 -0.088806
0.759812 -0.062998
0.601041 -0.037981
0.292987 -0.020083
0.078490 -0.009516
-0.028988 -0.004106
-0.067914 -0.001634
0.018423 -0.000557
0.323535 -0.000146
0.352763 0.000000
0.198653 0.000000
0.068430 0.000000
-0.002076 0.000000
0.054471 0.000000
0.423592 0.000000
0.728828 0.000000
0.580525 0.000000
0.281343 0.000000
0.072669 0.000000
-0.031606 0.000000
0.017575 0.000000
0.392900 0.000000
0.794878 0.000000
0.943769 0.000000
0.660445 0.000000
0.286168 0.000000
0.044186 0.000000
-0.067781 0.000000
-0.099308 0.000000
-0.002240 0.000000
0.398457 0.000000
0.808397 0.000000
0.955846 0.000000
0.668394 0.000000
0.290501 0.000000
0.046248 0.000000
-0.066850 0.000000
-0.012331 0.000000
0.372795 0.000000
0.696814 0.000000
0.563060 0.000000
0.272904 0.000000
0.068973 0.000000
-0.033094 0.000000
0.017018 0.000000
0.306188 0.000000
0.333424 0.000000
0.183957 0.000000
0.059405 0.000000
-0.006819 0.000000
-0.034304 0.000000
-0.038794 0.000000
-0.031394 0.000000
-0.020662 0.000000
-0.011644 0.000000
-0.005821 0.000000
-0.002619 0.000000
-0.001077 0.000000
-0.000410 0.000000
-0.000146 0.000000
0.000000 0.000000
0.000000 0.000000
0.000000 0.000000
0.000000 0.000000
0.000000 0.000000
0.000000 0.000000
0.000000 0.000000
0.000000 0.000000
0.000000 0.000000
0.000000 0.000000
0.000000 0.000000
0.000000 0.000000
0.000000 0.000000
0.000000 0.000000
0.000000 0.000000
0.000000 0.000000
