0.000000 0.000000
0.000000 0.000000
0.000000 0.000000
0.000000 0.000000
0.000000 0.000000
0.000000 0.086566
0.000000 0.374888
0.000000 0.384923
0.000000 0.216117
0.000000 0.076870
0.000000 0.001620
0.000000 -0.030608
0.000000 0.049260
0.000000 0.430617
0.000000 0.825862
0.000000 0.964285
0.000000 0.672090
0.000000 0.291989
0.000000 0.046805
0.000000 -0.066704
0.000000 -0.012331
0.000000 0.372795
0.000000 0.696814
0.000000 0.563060
0.000000 0.272904
0.000000 0.068973
0.000000 -0.033094
0.000000 0.017018
0.000000 0.392754
0.000000 0.794878
0.000000 0.943769
0.000000 0.660445
0.000000 0.286168
0.000000 0.044186
0.000000 -0.067781
0.000000 -0.012742
0.000000 0.372648
0.000000 0.783380
0.000000 0.937948
0.000000 0.657827
0.000000 0.285091
0.000000 0.043776
0.000000 -0.067928
0.086566 -0.099308
0.461454 -0.088806
0.846378 -0.062998
0.975929 -0.037981
0.677910 -0.020083
0.294607 -0.009516
0.047882 -0.004106
-0.066294 -0.001634
-0.098751 0.086009
-0.088660 0.461308
-0.062998 0.846378
-0.037981 0.975929
-0.020083 0.677910
-0.009516 0.294607
-0.004106 0.047882
-0.001634 -0.066294
0.086009 -0.098751
0.461308 -0.088660
0.759812 -0.062998
0.601041 -0.037981
0.292987 -0.020083
0.078490 -0.009516
-0.028988 -0.004106
-0.067914 0.084932
-0.068143 0.460898
-0.051354 0.846231
-0.032160 0.975929
-0.017465 0.677910
-0.008439 0.294607
-0.003696 0.047882
-0.001488 -0.066294
0.086009 -0.098751
0.461308 -0.088660
0.759812 -0.062998
0.601041 -0.037981
0.292987 -0.020083
0.078490 -0.009516
-0.028988 -0.004106
0.018652 -0.001634
0.393311 -0.000557
0.708458 -0.000146
0.568880 0.000000
0.275522 0.000000
0.070051 0.000000
-0.032684 0.000000
0.017164 0.000000
0.392754 0.000000
0.708312 0.000000
0.568880 0.000000
0.275522 0.000000
0.070051 0.000000
-0.032684 0.000000
0.017164 0.000000
0.392754 0.000000
0.708312 0.000000
0.568880 0.000000
0.275522 0.000000
0.070051 0.000000
-0.032684 0.000000
0.017164 0.000000
0.392754 0.000000
0.708312 0.000000
0.568880 0.000000
0.275522 0.000000
0.070051 0.000000
-0.032684 0.000000
-0.069402 0.086566
-0.068700 0.461454
-0.051500 0.759812
-0.032160 0.601041
-0.017465 0.292987
-0.008439 0.078490
-0.003696 -0.028988
0.085078 -0.067914
0.460898 -0.068143
0.846231 -0.051354
0.975929 -0.032160
0.677910 -0.017465
0.294607 -0.008439
0.047882 -0.003696
-0.066294 -0.001488
-0.098751 0.086009
-0.088660 0.461308
-0.062998 0.846378
-0.037981 0.975929
-0.020083 0.677910
-0.009516 0.294607
-0.004106 0.047882
-0.001634 -0.066294
-0.000557 -0.012185
-0.000146 0.372795
0.000000 0.696814
0.000000 0.563060
0.000000 0.272904
0.000000 0.068973
0.000000 -0.033094
0.086566 -0.069548
0.374888 -0.068700
0.384923 -0.051500
0.216117 -0.032160
0.076870 -0.017465
0.001620 -0.008439
-0.030608 -0.003696
0.049260 -0.001488
0.344051 -0.000557
0.364407 -0.000146
0.204473 0.000000
0.071049 0.000000
-0.000998 0.000000
-0.031685 0.086566
-0.037717 0.461454
-0.030984 0.759812
-0.020516 0.601041
-0.011644 0.292987
-0.005821 0.078490
-0.002619 -0.028988
0.085489 -0.067914
0.461044 -0.068143
0.846231 -0.051354
0.975929 -0.032160
0.677910 -0.017465
0.294607 -0.008439
0.047882 -0.003696
-0.066294 -0.001488
-0.098751 0.086009
-0.088660 0.461308
-0.062998 0.759812
-0.037981 0.601041
-0.020083 0.292987
-0.009516 0.078490
-0.004106 -0.028988
-0.001634 -0.067914
0.086009 -0.068143
0.461308 -0.051354
0.846378 -0.032160
0.975929 -0.017465
0.677910 -0.008439
0.294607 -0.003696
0.047882 -0.001488
-0.066294 -0.000557
-0.012185 -0.000146
0.372795 0.000000
0.696814 0.000000
0.563060 0.000000
0.272904 0.000000
0.068973 0.000000
-0.033094 0.000000
-0.069548 0.086566
-0.068700 0.461454
-0.051500 0.846378
-0.032160 0.975929
-0.017465 0.677910
-0.008439 0.294607
-0.003696 0.047882
-0.001488 -0.066294
-0.000557 -0.098751
-0.000146 -0.088660
0.000000 -0.062998
0.000000 -0.037981
0.000000 -0.020083
0.000000 -0.009516
0.000000 -0.004106
0.000000 -0.001634
0.000000 -0.000557
0.000000 -0.000146
0.000000 0.000000
0.000000 0.000000
0.000000 0.000000
0.000000 0.000000
0.000000 0.000000
0.000000 0.000000
0.000000 0.000000
0.000000 0.000000
0.000000 0.000000
0.000000 0.000000
0.000000 0.000000
0.000000 0.000000
0.000000 0.000000
0.000000 0.000000
0.000000 0.000000
0.000000 0.000000
0.000000 0.000000
