0.000000 0.000000
0.000000 0.000000
0.000000 0.000000
0.000000 0.000000
0.000000 0.000000
0.086566 0.000000
0.374888 0.000000
0.384923 0.000000
0.216117 0.000000
0.076870 0.000000
0.001620 0.000000
-0.030608 0.086566
-0.037306 0.461454
-0.030837 0.759812
-0.020516 0.601041
-0.011644 0.292987
-0.005821 0.078490
-0.002619 -0.028988
0.085489 -0.067914
0.461044 -0.068143
0.759665 -0.051354
0.601041 -0.032160
0.292987 -0.017465
0.078490 -0.008439
-0.028988 -0.003696
-0.067914 0.085078
-0.068143 0.374332
-0.051354 0.384777
-0.032160 0.216117
-0.017465 0.076870
-0.008439 0.001620
0.082870 -0.030608
0.459967 -0.037306
0.759255 -0.030837
0.600894 -0.020516
0.292987 -0.011644
0.078490 -0.005821
-0.028988 -0.002619
-0.067914 -0.001077
0.018423 -0.000410
0.410101 -0.000146
0.727651 0.000000
0.583576 0.000000
0.284548 0.000000
0.074794 0.000000
-0.030475 0.000000
-0.068471 0.086566
-0.068290 0.374888
-0.051354 0.384923
-0.032160 0.216117
-0.017465 0.076870
-0.008439 0.001620
0.082870 -0.030608
0.373400 -0.037306
0.384367 -0.030837
0.215971 -0.020516
0.076870 -0.011644
0.001620 -0.005821
0.055958 -0.002619
0.424148 -0.001077
0.815540 -0.000410
0.955413 -0.000146
0.666266 0.000000
0.288786 0.000000
0.045263 0.000000
-0.067371 0.000000
-0.099162 0.086566
-0.088806 0.461454
-0.062998 0.759812
-0.037981 0.601041
-0.020083 0.292987
-0.009516 0.078490
-0.004106 -0.028988
0.084932 -0.067914
0.460898 -0.068143
0.759665 -0.051354
0.601041 -0.032160
0.292987 -0.017465
0.078490 -0.008439
-0.028988 -0.003696
0.018652 -0.001488
0.393311 -0.000557
0.795024 -0.000146
0.943769 0.000000
0.660445 0.000000
0.286168 0.000000
0.044186 0.000000
-0.067781 0.000000
-0.099308 0.086566
-0.088806 0.461454
-0.062998 0.846378
-0.037981 0.975929
-0.020083 0.677910
-0.009516 0.294607
-0.004106 0.047882
-0.001634 -0.066294
-0.000557 -0.012185
-0.000146 0.372795
0.000000 0.783380
0.000000 0.937948
0.000000 0.657827
0.000000 0.285091
0.000000 0.043776
0.000000 -0.067928
0.086566 -0.099308
0.461454 -0.088806
0.759812 -0.062998
0.601041 -0.037981
0.292987 -0.020083
0.078490 -0.009516
-0.028988 -0.004106
0.018652 -0.001634
0.393311 -0.000557
0.795024 -0.000146
0.943769 0.000000
0.660445 0.000000
0.286168 0.000000
0.044186 0.000000
-0.067781 0.000000
-0.012742 0.000000
0.372648 0.000000
0.783380 0.000000
0.937948 0.000000
0.657827 0.000000
0.285091 0.000000
0.043776 0.000000
-0.067928 0.000000
-0.099308 0.086566
-0.088806 0.374888
-0.062998 0.384923
-0.037981 0.216117
-0.020083 0.076870
-0.009516 0.001620
-0.004106 0.055958
-0.001634 0.424148
-0.000557 0.815540
-0.000146 0.955413
0.000000 0.666266
0.000000 0.288786
0.000000 0.045263
0.000000 -0.067371
0.086566 -0.099162
0.461454 -0.088806
0.846378 -0.062998
0.975929 -0.037981
0.677910 -0.020083
0.294607 -0.009516
0.047882 -0.004106
-0.066294 -0.001634
-0.098751 -0.000557
-0.002094 -0.000146
0.398457 0.000000
0.808397 0.000000
0.955846 0.000000
0.668394 0.000000
0.290501 0.000000
0.046248 0.000000
-0.066850 0.000000
-0.098898 0.086566
-0.088660 0.461454
-0.062998 0.846378
-0.037981 0.975929
-0.020083 0.677910
-0.009516 0.294607
-0.004106 0.047882
-0.001634 -0.066294
-0.000557 -0.098751
-0.000146 -0.002094
0.000000 0.398457
0.000000 0.808397
0.000000 0.955846
0.000000 0.668394
0.000000 0.290501
0.000000 0.046248
0.000000 -0.066850
0.000000 -0.012331
0.000000 0.372795
0.000000 0.696814
0.000000 0.563060
0.000000 0.272904
0.000000 0.068973
0.000000 -0.033094
0.000000 0.017018
0.000000 0.392754
0.000000 0.794878
0.000000 0.943769
0.000000 0.660445
0.000000 0.286168
0.000000 0.044186
0.000000 -0.067781
0.000000 -0.012742
0.000000 0.372648
0.000000 0.783380
0.000000 0.937948
0.000000 0.657827
0.000000 0.285091
0.000000 0.043776
0.000000 -0.067928
0.000000 -0.099308
0.000000 -0.088806
0.000000 -0.062998
0.000000 -0.037981
0.000000 -0.020083
0.000000 -0.009516
0.000000 -0.004106
0.000000 -0.001634
0.000000 -0.000557
0.000000 -0.000146
0.000000 0.000000
0.000000 0.000000
0.000000 0.000000
0.000000 0.000000
0.000000 0.000000
0.000000 0.000000
0.000000 0.000000
0.000000 0.000000
0.000000 0.000000
0.000000 0.000000
0.000000 0.000000
0.000000 0.000000
0.000000 0.000000
0.000000 0.000000
0.000000 0.000000
0.000000 0.000000
0.000000 0.000000
