0.000000 0.000000
0.000000 0.000000
0.000000 0.000000
0.000000 0.000000
0.000000 0.000000
0.086566 0.000000
0.461454 0.000000
0.846378 0.000000
0.975929 0.000000
0.677910 0.000000
0.294607 0.000000
0.047882 0.000000
-0.066294 0.000000
-0.098751 0.086566
-0.088660 0.374888
-0.062998 0.384923
-0.037981 0.216117
-0.020083 0.076870
-0.009516 0.001620
-0.004106 0.055958
-0.001634 0.424148
-0.000557 0.728974
-0.000146 0.580525
0.000000 0.281343
0.000000 0.072669
0.000000 -0.031606
0.000000 -0.068991
0.000000 0.018012
0.000000 0.409955
0.000000 0.727651
0.000000 0.583576
0.000000 0.284548
0.000000 0.074794
0.000000 -0.030475
0.000000 0.018095
0.000000 0.393165
0.000000 0.708458
0.000000 0.568880
0.000000 0.275522
0.000000 0.070051
0.000000 -0.032684
0.086566 -0.069402
0.461454 -0.068700
0.846378 -0.051500
0.975929 -0.032160
0.677910 -0.017465
0.294607 -0.008439
0.047882 -0.003696
-0.066294 -0.001488
-0.098751 -0.000557
-0.002094 -0.000146
0.311891 0.000000
0.346942 0.000000
0.196034 0.000000
0.067353 0.000000
-0.002486 0.000000
-0.032242 0.086566
-0.037863 0.374888
-0.030984 0.384923
-0.020516 0.216117
-0.011644 0.076870
-0.005821 0.001620
-0.002619 0.055958
-0.001077 0.424148
-0.000410 0.728974
-0.000146 0.580525
0.000000 0.281343
0.000000 0.072669
0.000000 -0.031606
0.086566 -0.068991
0.461454 -0.068554
0.846378 -0.051500
0.975929 -0.032160
0.677910 -0.017465
0.294607 -0.008439
0.047882 -0.003696
-0.066294 -0.001488
-0.098751 -0.000557
-0.002094 -0.000146
0.398457 0.000000
0.721831 0.000000
0.580957 0.000000
0.283470 0.000000
0.074383 0.000000
-0.030622 0.000000
0.018095 0.000000
0.306599 0.000000
0.333570 0.000000
0.183957 0.000000
0.059405 0.000000
-0.006819 0.000000
0.052262 0.000000
0.422660 0.000000
0.814984 0.000000
0.955267 0.000000
0.666266 0.000000
0.288786 0.000000
0.045263 0.000000
-0.067371 0.000000
-0.099162 0.000000
-0.088806 0.086566
-0.062998 0.374888
-0.037981 0.384923
-0.020083 0.216117
-0.009516 0.076870
-0.004106 0.001620
-0.001634 0.055958
-0.000557 0.424148
-0.000146 0.728974
0.000000 0.580525
0.000000 0.281343
0.000000 0.072669
0.000000 -0.031606
0.086566 -0.068991
0.461454 -0.068554
0.846378 -0.051500
0.975929 -0.032160
0.677910 -0.017465
0.294607 -0.008439
0.047882 -0.003696
-0.066294 -0.001488
-0.098751 0.086009
-0.088660 0.461308
-0.062998 0.846378
-0.037981 0.975929
-0.020083 0.677910
-0.009516 0.294607
-0.004106 0.047882
-0.001634 -0.066294
-0.000557 -0.012185
-0.000146 0.286229
0.000000 0.321926
0.000000 0.178136
0.000000 0.056786
0.000000 -0.007896
0.000000 0.051852
0.000000 0.422514
0.000000 0.814984
0.000000 0.955267
0.000000 0.666266
0.000000 0.288786
0.000000 0.045263
0.000000 -0.067371
0.000000 -0.099162
0.086566 -0.088806
0.461454 -0.062998
0.846378 -0.037981
0.975929 -0.020083
0.677910 -0.009516
0.294607 -0.004106
0.047882 -0.001634
-0.066294 -0.000557
-0.098751 -0.000146
-0.088660 0.086566
-0.062998 0.461454
-0.037981 0.759812
-0.020083 0.601041
-0.009516 0.292987
-0.004106 0.078490
-0.001634 -0.028988
-0.000557 -0.067914
0.086420 -0.068143
0.374888 -0.051354
0.384923 -0.032160
0.216117 -0.017465
0.076870 -0.008439
0.001620 -0.003696
0.055958 -0.001488
0.424148 -0.000557
0.815540 -0.000146
0.955413 0.000000
0.666266 0.000000
0.288786 0.000000
0.045263 0.000000
-0.067371 0.000000
-0.099162 0.086566
-0.088806 0.461454
-0.062998 0.759812
-0.037981 0.601041
-0.020083 0.292987
-0.009516 0.078490
-0.004106 -0.028988
0.084932 -0.067914
0.374332 -0.068143
0.384777 -0.051354
0.216117 -0.032160
0.076870 -0.017465
0.001620 -0.008439
0.055958 -0.003696
0.337582 -0.001488
0.354086 -0.000557
0.195601 -0.000146
0.065225 0.000000
-0.004200 0.000000
-0.033226 0.000000
-0.038383 0.000000
-0.031248 0.000000
-0.020662 0.000000
-0.011644 0.000000
-0.005821 0.000000
-0.002619 0.000000
-0.001077 0.000000
-0.000410 0.000000
-0.000146 0.000000
0.000000 0.000000
0.000000 0.000000
0.000000 0.000000
0.000000 0.000000
0.000000 0.000000
0.000000 0.000000
0.000000 0.000000
0.000000 0.000000
0.000000 0.000000
0.000000 0.000000
0.000000 0.000000
0.000000 0.000000
0.000000 0.000000
0.000000 0.000000
0.000000 0.000000
0.000000 0.000000
0.000000 0.000000
0.000000 0.000000
0.000000 0.000000
0.000000 0.000000
0.000000 0.000000
