0.000000 0.000000
0.000000 0.000000
0.000000 0.000000
0.000000 0.000000
0.000000 0.000000
0.000000 0.086566
0.000000 0.461454
0.000000 0.846378
0.000000 0.975929
0.000000 0.677910
0.000000 0.294607
0.000000 0.047882
0.000000 -0.066294
0.000000 -0.098751
0.086566 -0.088660
0.461454 -0.062998
0.846378 -0.037981
0.975929 -0.020083
0.677910 -0.009516
0.294607 -0.004106
0.047882 -0.001634
-0.066294 -0.000557
-0.012185 -0.000146
0.372795 0.000000
0.696814 0.000000
0.563060 0.000000
0.272904 0.000000
0.068973 0.000000
-0.033094 0.000000
-0.069548 0.086566
-0.068700 0.374888
-0.051500 0.384923
-0.032160 0.216117
-0.017465 0.076870
-0.008439 0.001620
-0.003696 -0.030608
0.085078 -0.037306
0.374332 -0.030837
0.384777 -0.020516
0.216117 -0.011644
0.076870 -0.005821
0.001620 -0.002619
0.055958 -0.001077
0.424148 -0.000410
0.815540 -0.000146
0.955413 0.000000
0.666266 0.000000
0.288786 0.000000
0.045263 0.000000
-0.067371 0.000000
-0.099162 0.000000
-0.088806 0.086566
-0.062998 0.461454
-0.037981 0.846378
-0.020083 0.975929
-0.009516 0.677910
-0.004106 0.294607
-0.001634 0.047882
-0.000557 -0.066294
-0.000146 -0.098751
0.000000 -0.002094
0.000000 0.398457
0.000000 0.721831
0.000000 0.580957
0.000000 0.283470
0.000000 0.074383
0.000000 -0.030622
0.086566 -0.068471
0.461454 -0.068290
0.846378 -0.051354
0.975929 -0.032160
0.677910 -0.017465
0.294607 -0.008439
0.047882 -0.003696
-0.066294 -0.001488
-0.098751 0.086009
-0.088660 0.461308
-0.062998 0.759812
-0.037981 0.601041
-0.020083 0.292987
-0.009516 0.078490
-0.004106 -0.028988
-0.001634 0.018652
-0.000557 0.306745
-0.000146 0.333570
0.000000 0.183957
0.000000 0.059405
0.000000 -0.006819
0.086566 -0.034304
0.461454 -0.038794
0.759812 -0.031394
0.601041 -0.020662
0.292987 -0.011644
0.078490 -0.005821
-0.028988 -0.002619
-0.067914 -0.001077
-0.068143 0.086156
-0.051354 0.374742
-0.032160 0.384923
-0.017465 0.216117
-0.008439 0.076870
-0.003696 0.001620
0.085078 -0.030608
0.374332 -0.037306
0.384777 -0.030837
0.216117 -0.020516
0.076870 -0.011644
0.001620 -0.005821
0.055958 -0.002619
0.337582 -0.001077
0.354086 -0.000410
0.195601 -0.000146
0.065225 0.000000
-0.004200 0.000000
0.053340 0.000000
0.336505 0.000000
0.353676 0.000000
0.195455 0.000000
0.065225 0.000000
-0.004200 0.000000
0.053340 0.000000
0.423071 0.000000
0.728564 0.000000
0.580378 0.000000
0.281343 0.000000
0.072669 0.000000
-0.031606 0.000000
-0.068991 0.000000
0.018012 0.000000
0.323388 0.000000
0.352763 0.000000
0.198653 0.000000
0.068430 0.000000
-0.002076 0.000000
-0.032096 0.000000
-0.037863 0.086566
-0.030984 0.461454
-0.020516 0.846378
-0.011644 0.975929
-0.005821 0.677910
-0.002619 0.294607
-0.001077 0.047882
-0.000410 -0.066294
-0.000146 -0.098751
0.086566 -0.088660
0.461454 -0.062998
0.846378 -0.037981
0.975929 -0.020083
0.677910 -0.009516
0.294607 -0.004106
0.047882 -0.001634
-0.066294 -0.000557
-0.012185 -0.000146
0.372795 0.000000
0.783380 0.000000
0.937948 0.000000
0.657827 0.000000
0.285091 0.000000
0.043776 0.000000
-0.067928 0.000000
-0.099308 0.086566
-0.088806 0.461454
-0.062998 0.759812
-0.037981 0.601041
-0.020083 0.292987
-0.009516 0.078490
-0.004106 -0.028988
-0.001634 0.018652
-0.000557 0.393311
-0.000146 0.795024
0.000000 0.943769
0.000000 0.660445
0.000000 0.286168
0.000000 0.044186
0.000000 -0.067781
0.000000 -0.012742
0.000000 0.372648
0.000000 0.696814
0.000000 0.563060
0.000000 0.272904
0.000000 0.068973
0.000000 -0.033094
0.000000 0.017018
0.000000 0.392754
0.000000 0.708312
0.000000 0.568880
0.000000 0.275522
0.000000 0.070051
0.000000 -0.032684
0.000000 0.017164
0.000000 0.392754
0.000000 0.794878
0.000000 0.943769
0.000000 0.660445
0.000000 0.286168
0.000000 0.044186
0.000000 -0.067781
0.000000 -0.099308
0.000000 -0.088806
0.000000 -0.062998
0.000000 -0.037981
0.000000 -0.020083
0.000000 -0.009516
0.000000 -0.004106
0.000000 -0.001634
0.000000 -0.000557
0.000000 -0.000146
0.000000 0.000000
0.000000 0.000000
0.000000 0.000000
0.000000 0.000000
0.000000 0.000000
0.000000 0.000000
0.000000 0.000000
0.000000 0.000000
0.000000 0.000000
0.000000 0.000000
0.000000 0.000000
0.000000 0.000000
0.000000 0.000000
0.000000 0.000000
0.000000 0.000000
0.000000 0.000000
0.000000 0.000000
0.000000 0.000000
