0.000000 0.000000
0.000000 0.000000
0.000000 0.000000
0.000000 0.000000
0.000000 0.000000
0.086566 0.000000
0.374888 0.000000
0.384923 0.000000
0.216117 0.000000
0.076870 0.000000
0.001620 0.000000
0.055958 0.000000
0.424148 0.000000
0.728974 0.000000
0.580525 0.000000
0.281343 0.000000
0.072669 0.000000
-0.031606 0.000000
-0.068991 0.086566
-0.068554 0.461454
-0.051500 0.846378
-0.032160 0.975929
-0.017465 0.677910
-0.008439 0.294607
-0.003696 0.047882
-0.001488 -0.066294
-0.000557 -0.012185
-0.000146 0.372795
0.000000 0.783380
0.000000 0.937948
0.000000 0.657827
0.000000 0.285091
0.000000 0.043776
0.000000 -0.067928
0.000000 -0.012742
0.000000 0.372648
0.000000 0.696814
0.000000 0.563060
0.000000 0.272904
0.000000 0.068973
0.000000 -0.033094
0.086566 -0.069548
0.374888 -0.068700
0.384923 -0.051500
0.216117 -0.032160
0.076870 -0.017465
0.001620 -0.008439
0.055958 -0.003696
0.424148 -0.001488
0.728974 -0.000557
0.580525 -0.000146
0.281343 0.000000
0.072669 0.000000
-0.031606 0.000000
-0.068991 0.086566
-0.068554 0.374888
-0.051500 0.384923
-0.032160 0.216117
-0.017465 0.076870
-0.008439 0.001620
-0.003696 0.055958
-0.001488 0.337582
-0.000557 0.354086
-0.000146 0.195601
0.000000 0.065225
0.000000 -0.004200
0.000000 0.053340
0.000000 0.336505
0.000000 0.353676
0.000000 0.195455
0.000000 0.065225
0.000000 -0.004200
0.086566 -0.033226
0.461454 -0.038383
0.846378 -0.031248
0.975929 -0.020662
0.677910 -0.011644
0.294607 -0.005821
0.047882 -0.002619
-0.066294 -0.001077
-0.012185 -0.000410
0.372795 -0.000146
0.783380 0.000000
0.937948 0.000000
0.657827 0.000000
0.285091 0.000000
0.043776 0.000000
-0.067928 0.000000
-0.012742 0.000000
0.372648 0.000000
0.696814 0.000000
0.563060 0.000000
0.272904 0.000000
0.068973 0.000000
-0.033094 0.000000
-0.069548 0.086566
-0.068700 0.374888
-0.051500 0.384923
-0.032160 0.216117
-0.017465 0.076870
-0.008439 0.001620
0.082870 -0.030608
0.459967 -0.037306
0.759255 -0.030837
0.600894 -0.020516
0.292987 -0.011644
0.078490 -0.005821
-0.028988 -0.002619
-0.067914 -0.001077
-0.068143 0.086156
-0.051354 0.461308
-0.032160 0.846378
-0.017465 0.975929
-0.008439 0.677910
-0.003696 0.294607
-0.001488 0.047882
-0.000557 -0.066294
-0.000146 -0.012185
0.000000 0.372795
0.000000 0.696814
0.000000 0.563060
0.000000 0.272904
0.000000 0.068973
0.000000 -0.033094
0.000000 -0.069548
0.000000 0.017866
0.000000 0.409955
0.000000 0.814217
0.000000 0.958464
0.000000 0.669471
0.000000 0.290911
0.000000 0.046394
0.000000 -0.066850
0.086566 -0.098898
0.461454 -0.088660
0.846378 -0.062998
0.975929 -0.037981
0.677910 -0.020083
0.294607 -0.009516
0.047882 -0.004106
-0.066294 -0.001634
-0.012185 -0.000557
0.286229 -0.000146
0.321926 0.000000
0.178136 0.000000
0.056786 0.000000
-0.007896 0.000000
0.051852 0.000000
0.422514 0.000000
0.728418 0.000000
0.580378 0.000000
0.281343 0.000000
0.072669 0.000000
-0.031606 0.000000
-0.068991 0.086566
-0.068554 0.374888
-0.051500 0.384923
-0.032160 0.216117
-0.017465 0.076870
-0.008439 0.001620
0.082870 -0.030608
0.373400 -0.037306
0.384367 -0.030837
0.215971 -0.020516
0.076870 -0.011644
0.001620 -0.005821
0.055958 -0.002619
0.337582 -0.001077
0.354086 -0.000410
0.195601 -0.000146
0.065225 0.000000
-0.004200 0.000000
-0.033226 0.086566
-0.038383 0.461454
-0.031248 0.846378
-0.020662 0.975929
-0.011644 0.677910
-0.005821 0.294607
-0.002619 0.047882
-0.001077 -0.066294
-0.000410 -0.012185
-0.000146 0.372795
0.000000 0.783380
0.000000 0.937948
0.000000 0.657827
0.000000 0.285091
0.000000 0.043776
0.000000 -0.067928
0.000000 -0.099308
0.000000 -0.088806
0.000000 -0.062998
0.000000 -0.037981
0.000000 -0.020083
0.000000 -0.009516
0.000000 -0.004106
0.000000 -0.001634
0.000000 -0.000557
0.000000 -0.000146
0.000000 0.000000
0.000000 0.000000
0.000000 0.000000
0.000000 0.000000
0.000000 0.000000
0.000000 0.000000
0.000000 0.000000
0.000000 0.000000
0.000000 0.000000
0.000000 0.000000
0.000000 0.000000
0.000000 0.000000
0.000000 0.000000
0.000000 0.000000
0.000000 0.000000
0.000000 0.000000
0.000000 0.000000
0.000000 0.000000
0.000000 0.000000
0.000000 0.000000
0.000000 0.000000
0.000000 0.000000
0.000000 0.000000
0.000000 0.000000
0.000000 0.000000
0.000000 0.000000
0.000000 0.000000
