0.000000 0.000000
0.000000 0.000000
0.000000 0.000000
0.000000 0.000000
0.000000 0.000000
0.086566 0.000000
0.461454 0.000000
0.846378 0.000000
0.975929 0.000000
0.677910 0.000000
0.294607 0.000000
0.047882 0.000000
-0.066294 0.000000
-0.012185 0.000000
0.372795 0.000000
0.696814 0.000000
0.563060 0.000000
0.272904 0.000000
0.068973 0.000000
-0.033094 0.000000
-0.069548 0.086566
-0.068700 0.461454
-0.051500 0.759812
-0.032160 0.601041
-0.017465 0.292987
-0.008439 0.078490
-0.003696 -0.028988
0.085078 -0.067914
0.460898 -0.068143
0.759665 -0.051354
0.601041 -0.032160
0.292987 -0.017465
0.078490 -0.008439
-0.028988 -0.003696
0.018652 -0.001488
0.306745 -0.000557
0.333570 -0.000146
0.183957 0.000000
0.059405 0.000000
-0.006819 0.000000
-0.034304 0.086566
-0.038794 0.461454
-0.031394 0.846378
-0.020662 0.975929
-0.011644 0.677910
-0.005821 0.294607
-0.002619 0.047882
-0.001077 -0.066294
0.086156 -0.098751
0.461308 -0.088660
0.846378 -0.062998
0.975929 -0.037981
0.677910 -0.020083
0.294607 -0.009516
0.047882 -0.004106
-0.066294 -0.001634
-0.098751 0.086009
-0.088660 0.461308
-0.062998 0.846378
-0.037981 0.975929
-0.020083 0.677910
-0.009516 0.294607
-0.004106 0.047882
-0.001634 -0.066294
0.086009 -0.098751
0.461308 -0.088660
0.846378 -0.062998
0.975929 -0.037981
0.677910 -0.020083
0.294607 -0.009516
0.047882 -0.004106
-0.066294 -0.001634
-0.098751 0.086009
-0.088660 0.461308
-0.062998 0.846378
-0.037981 0.975929
-0.020083 0.677910
-0.009516 0.294607
-0.004106 0.047882
-0.001634 -0.066294
-0.000557 -0.012185
-0.000146 0.372795
0.000000 0.783380
0.000000 0.937948
0.000000 0.657827
0.000000 0.285091
0.000000 0.043776
0.000000 -0.067928
0.000000 -0.099308
0.086566 -0.088806
0.461454 -0.062998
0.846378 -0.037981
0.975929 -0.020083
0.677910 -0.009516
0.294607 -0.004106
0.047882 -0.001634
-0.066294 -0.000557
-0.098751 0.086420
-0.088660 0.461454
-0.062998 0.759812
-0.037981 0.601041
-0.020083 0.292987
-0.009516 0.078490
-0.004106 -0.028988
-0.001634 -0.067914
-0.000557 0.018423
-0.000146 0.323535
0.000000 0.352763
0.000000 0.198653
0.000000 0.068430
0.000000 -0.002076
0.000000 -0.032096
0.000000 0.048703
0.000000 0.343905
0.000000 0.364407
0.000000 0.204473
0.000000 0.071049
0.000000 -0.000998
0.000000 0.054881
0.000000 0.423738
0.000000 0.728828
0.000000 0.580525
0.000000 0.281343
0.000000 0.072669
0.000000 -0.031606
0.000000 0.017575
0.000000 0.306334
0.000000 0.333424
0.000000 0.183957
0.000000 0.059405
0.000000 -0.006819
0.000000 -0.034304
0.086566 -0.038794
0.461454 -0.031394
0.846378 -0.020662
0.975929 -0.011644
0.677910 -0.005821
0.294607 -0.002619
0.047882 -0.001077
-0.066294 -0.000410
-0.012185 -0.000146
0.286229 0.000000
0.321926 0.000000
0.178136 0.000000
0.056786 0.000000
-0.007896 0.000000
-0.034714 0.086566
-0.038940 0.374888
-0.031394 0.384923
-0.020662 0.216117
-0.011644 0.076870
-0.005821 0.001620
-0.002619 -0.030608
0.085489 -0.037306
0.461044 -0.030837
0.759665 -0.020516
0.601041 -0.011644
0.292987 -0.005821
0.078490 -0.002619
-0.028988 -0.001077
-0.067914 -0.000410
0.018423 -0.000146
0.323535 0.000000
0.352763 0.000000
0.198653 0.000000
0.068430 0.000000
-0.002076 0.000000
-0.032096 0.086566
-0.037863 0.461454
-0.030984 0.759812
-0.020516 0.601041
-0.011644 0.292987
-0.005821 0.078490
-0.002619 -0.028988
0.085489 -0.067914
0.374478 -0.068143
0.384777 -0.051354
0.216117 -0.032160
0.076870 -0.017465
0.001620 -0.008439
-0.030608 0.082870
-0.037306 0.459967
-0.030837 0.845821
-0.020516 0.975783
-0.011644 0.677910
-0.005821 0.294607
-0.002619 0.047882
-0.001077 -0.066294
0.086156 -0.098751
0.461308 -0.088660
0.759812 -0.062998
0.601041 -0.037981
0.292987 -0.020083
0.078490 -0.009516
-0.028988 -0.004106
-0.067914 -0.001634
-0.068143 -0.000557
-0.051354 -0.000146
-0.032160 0.000000
-0.017465 0.000000
-0.008439 0.000000
-0.003696 0.000000
-0.001488 0.000000
-0.000557 0.000000
-0.000146 0.000000
0.000000 0.000000
0.000000 0.000000
0.000000 0.000000
0.000000 0.000000
0.000000 0.000000
0.000000 0.000000
0.000000 0.000000
0.000000 0.000000
0.000000 0.000000
0.000000 0.000000
0.000000 0.000000
0.000000 0.000000
0.000000 0.000000
0.000000 0.000000
0.000000 0.000000
0.000000 0.000000
0.000000 0.000000
0.000000 0.000000
0.000000 0.000000
0.000000 0.000000
