0.000000 0.000000
0.000000 0.000000
0.000000 0.000000
0.000000 0.000000
0.000000 0.000000
0.000000 0.000000
0.086566 0.000000
0.461454 0.000000
0.846378 0.000000
0.975929 0.000000
0.677910 0.000000
0.294607 0.000000
0.047882 0.000000
-0.066294 0.000000
-0.098751 0.086566
-0.088660 0.461454
-0.062998 0.846378
-0.037981 0.975929
-0.020083 0.677910
-0.009516 0.294607
-0.004106 0.047882
-0.001634 -0.066294
-0.000557 -0.098751
-0.000146 -0.002094
0.000000 0.398457
0.000000 0.721831
0.000000 0.580957
0.000000 0.283470
0.000000 0.074383
0.000000 -0.030622
0.000000 -0.068471
0.000000 0.018276
0.000000 0.410101
0.000000 0.814217
0.000000 0.958464
0.000000 0.669471
0.000000 0.290911
0.000000 0.046394
0.000000 -0.066850
0.086566 -0.098898
0.461454 -0.088660
0.846378 -0.062998
0.975929 -0.037981
0.677910 -0.020083
0.294607 -0.009516
0.047882 -0.004106
-0.066294 -0.001634
-0.098751 0.086009
-0.088660 0.461308
-0.062998 0.846378
-0.037981 0.975929
-0.020083 0.677910
-0.009516 0.294607
-0.004106 0.047882
-0.001634 -0.066294
0.086009 -0.098751
0.461308 -0.088660
0.846378 -0.062998
0.975929 -0.037981
0.677910 -0.020083
0.294607 -0.009516
0.047882 -0.004106
-0.066294 -0.001634
-0.098751 -0.000557
-0.088660 0.086420
-0.062998 0.461454
-0.037981 0.846378
-0.020083 0.975929
-0.009516 0.677910
-0.004106 0.294607
-0.001634 0.047882
-0.000557 -0.066294
-0.000146 -0.012185
0.000000 0.286229
0.000000 0.321926
0.000000 0.178136
0.000000 0.056786
0.000000 -0.007896
0.086566 -0.034714
0.461454 -0.038940
0.759812 -0.031394
0.601041 -0.020662
0.292987 -0.011644
0.078490 -0.005821
-0.028988 -0.002619
-0.067914 -0.001077
-0.068143 0.086156
-0.051354 0.374742
-0.032160 0.384923
-0.017465 0.216117
-0.008439 0.076870
-0.003696 0.001620
-0.001488 -0.030608
-0.000557 0.049260
-0.000146 0.430617
0.000000 0.739295
0.000000 0.589397
0.000000 0.287166
0.000000 0.075871
0.000000 -0.030065
0.086566 -0.068324
0.461454 -0.068290
0.759812 -0.051354
0.601041 -0.032160
0.292987 -0.017465
0.078490 -0.008439
-0.028988 -0.003696
0.018652 -0.001488
0.306745 -0.000557
0.333570 -0.000146
0.183957 0.000000
0.059405 0.000000
-0.006819 0.000000
-0.034304 0.086566
-0.038794 0.461454
-0.031394 0.759812
-0.020662 0.601041
-0.011644 0.292987
-0.005821 0.078490
-0.002619 -0.028988
-0.001077 0.018652
-0.000410 0.306745
-0.000146 0.333570
0.000000 0.183957
0.000000 0.059405
0.000000 -0.006819
0.086566 -0.034304
0.374888 -0.038794
0.384923 -0.031394
0.216117 -0.020662
0.076870 -0.011644
0.001620 -0.005821
-0.030608 -0.002619
-0.037306 0.085489
-0.030837 0.461044
-0.020516 0.846231
-0.011644 0.975929
-0.005821 0.677910
-0.002619 0.294607
-0.001077 0.047882
-0.000410 -0.066294
-0.000146 -0.012185
0.000000 0.286229
0.000000 0.321926
0.000000 0.178136
0.000000 0.056786
0.000000 -0.007896
0.086566 -0.034714
0.374888 -0.038940
0.384923 -0.031394
0.216117 -0.020662
0.076870 -0.011644
0.001620 -0.005821
-0.030608 -0.002619
0.049260 -0.001077
0.430617 -0.000410
0.739295 -0.000146
0.589397 0.000000
0.287166 0.000000
0.075871 0.000000
-0.030065 0.000000
0.018242 0.000000
0.393165 0.000000
0.795024 0.000000
0.943769 0.000000
0.660445 0.000000
0.286168 0.000000
0.044186 0.000000
-0.067781 0.000000
-0.099308 0.086566
-0.088806 0.461454
-0.062998 0.759812
-0.037981 0.601041
-0.020083 0.292987
-0.009516 0.078490
-0.004106 -0.028988
-0.001634 -0.067914
0.086009 -0.068143
0.374742 -0.051354
0.384923 -0.032160
0.216117 -0.017465
0.076870 -0.008439
0.001620 -0.003696
0.055958 -0.001488
0.424148 -0.000557
0.728974 -0.000146
0.580525 0.000000
0.281343 0.000000
0.072669 0.000000
-0.031606 0.000000
0.017575 0.000000
0.392900 0.000000
0.708312 0.000000
0.568880 0.000000
0.275522 0.000000
0.070051 0.000000
-0.032684 0.000000
-0.069402 0.000000
-0.068700 0.000000
-0.051500 0.000000
-0.032160 0.000000
-0.017465 0.000000
-0.008439 0.000000
-0.003696 0.000000
-0.001488 0.000000
-0.000557 0.000000
-0.000146 0.000000
0.000000 0.000000
0.000000 0.000000
0.000000 0.000000
0.000000 0.000000
0.000000 0.000000
0.000000 0.000000
0.000000 0.000000
0.000000 0.000000
0.000000 0.000000
0.000000 0.000000
0.000000 0.000000
0.000000 0.000000
0.000000 0.000000
0.000000 0.000000
0.000000 0.000000
0.000000 0.000000
0.000000 0.000000
0.000000 0.000000
