0.000000 0.000000
0.000000 0.000000
0.000000 0.000000
0.000000 0.000000
0.000000 0.000000
0.086566 0.000000
0.374888 0.000000
0.384923 0.000000
0.216117 0.000000
0.076870 0.000000
0.001620 0.000000
0.055958 0.000000
0.424148 0.000000
0.728974 0.000000
0.580525 0.000000
0.281343 0.000000
0.072669 0.000000
-0.031606 0.000000
-0.068991 0.086566
-0.068554 0.461454
-0.051500 0.759812
-0.032160 0.601041
-0.017465 0.292987
-0.008439 0.078490
-0.003696 -0.028988
-0.001488 0.018652
-0.000557 0.306745
-0.000146 0.333570
0.000000 0.183957
0.000000 0.059405
0.000000 -0.006819
0.086566 -0.034304
0.461454 -0.038794
0.846378 -0.031394
0.975929 -0.020662
0.677910 -0.011644
0.294607 -0.005821
0.047882 -0.002619
-0.066294 -0.001077
-0.098751 0.086156
-0.088660 0.374742
-0.062998 0.384923
-0.037981 0.216117
-0.020083 0.076870
-0.009516 0.001620
-0.004106 0.055958
-0.001634 0.424148
-0.000557 0.815540
-0.000146 0.955413
0.000000 0.666266
0.000000 0.288786
0.000000 0.045263
0.000000 -0.067371
0.000000 -0.099162
0.000000 -0.002240
0.000000 0.398457
0.000000 0.808397
0.000000 0.955846
0.000000 0.668394
0.000000 0.290501
0.000000 0.046248
0.000000 -0.066850
0.086566 -0.098898
0.461454 -0.088660
0.759812 -0.062998
0.601041 -0.037981
0.292987 -0.020083
0.078490 -0.009516
-0.028988 -0.004106
0.018652 -0.001634
0.306745 -0.000557
0.333570 -0.000146
0.183957 0.000000
0.059405 0.000000
-0.006819 0.000000
0.052262 0.000000
0.422660 0.000000
0.814984 0.000000
0.955267 0.000000
0.666266 0.000000
0.288786 0.000000
0.045263 0.000000
-0.067371 0.000000
-0.099162 0.000000
-0.088806 0.086566
-0.062998 0.461454
-0.037981 0.759812
-0.020083 0.601041
-0.009516 0.292987
-0.004106 0.078490
-0.001634 -0.028988
0.086009 -0.067914
0.374742 -0.068143
0.384923 -0.051354
0.216117 -0.032160
0.076870 -0.017465
0.001620 -0.008439
-0.030608 0.082870
-0.037306 0.373400
-0.030837 0.384367
-0.020516 0.215971
-0.011644 0.076870
-0.005821 0.001620
-0.002619 0.055958
-0.001077 0.424148
-0.000410 0.815540
-0.000146 0.955413
0.000000 0.666266
0.000000 0.288786
0.000000 0.045263
0.000000 -0.067371
0.000000 -0.012596
0.000000 0.372648
0.000000 0.783380
0.000000 0.937948
0.000000 0.657827
0.000000 0.285091
0.000000 0.043776
0.000000 -0.067928
0.000000 -0.012742
0.000000 0.286082
0.000000 0.321926
0.000000 0.178136
0.000000 0.056786
0.000000 -0.007896
0.000000 -0.034714
0.000000 0.047626
0.000000 0.430060
0.000000 0.825715
0.000000 0.964285
0.000000 0.672090
0.000000 0.291989
0.000000 0.046805
0.000000 -0.066704
0.086566 -0.098898
0.374888 -0.088660
0.384923 -0.062998
0.216117 -0.037981
0.076870 -0.020083
0.001620 -0.009516
0.055958 -0.004106
0.424148 -0.001634
0.728974 -0.000557
0.580525 -0.000146
0.281343 0.000000
0.072669 0.000000
-0.031606 0.000000
-0.068991 0.086566
-0.068554 0.374888
-0.051500 0.384923
-0.032160 0.216117
-0.017465 0.076870
-0.008439 0.001620
-0.003696 0.055958
-0.001488 0.424148
-0.000557 0.815540
-0.000146 0.955413
0.000000 0.666266
0.000000 0.288786
0.000000 0.045263
0.000000 -0.067371
0.086566 -0.099162
0.461454 -0.088806
0.759812 -0.062998
0.601041 -0.037981
0.292987 -0.020083
0.078490 -0.009516
-0.028988 -0.004106
0.018652 -0.001634
0.306745 -0.000557
0.333570 -0.000146
0.183957 0.000000
0.059405 0.000000
-0.006819 0.000000
0.052262 0.000000
0.422660 0.000000
0.728418 0.000000
0.580378 0.000000
0.281343 0.000000
0.072669 0.000000
-0.031606 0.000000
-0.068991 0.000000
0.018012 0.000000
0.409955 0.000000
0.814217 0.000000
0.958464 0.000000
0.669471 0.000000
0.290911 0.000000
0.046394 0.000000
-0.066850 0.000000
-0.098898 0.000000
-0.088660 0.000000
-0.062998 0.000000
-0.037981 0.000000
-0.020083 0.000000
-0.009516 0.000000
-0.004106 0.000000
-0.001634 0.000000
-0.000557 0.000000
-0.000146 0.000000
0.000000 0.000000
0.000000 0.000000
0.000000 0.000000
0.000000 0.000000
0.000000 0.000000
0.000000 0.000000
0.000000 0.000000
0.000000 0.000000
0.000000 0.000000
0.000000 0.000000
0.000000 0.000000
0.000000 0.000000
0.000000 0.000000
0.000000 0.000000
0.000000 0.000000
0.000000 0.000000
0.000000 0.000000
0.000000 0.000000
0.000000 0.000000
0.000000 0.000000
0.000000 0.000000
0.000000 0.000000
0.000000 0.000000
0.000000 0.000000
0.000000 0.000000
