0.000000 0.000000
0.000000 0.000000
0.000000 0.000000
0.000000 0.000000
0.000000 0.000000
0.000000 0.086566
0.000000 0.374888
0.000000 0.384923
0.000000 0.216117
0.000000 0.076870
0.000000 0.001620
0.000000 0.055958
0.000000 0.337582
0.000000 0.354086
0.000000 0.195601
0.000000 0.065225
0.000000 -0.004200
0.000000 0.053340
0.000000 0.336505
0.000000 0.353676
0.000000 0.195455
0.000000 0.065225
0.000000 -0.004200
0.086566 -0.033226
0.461454 -0.038383
0.759812 -0.031248
0.601041 -0.020662
0.292987 -0.011644
0.078490 -0.005821
-0.028988 -0.002619
0.018652 -0.001077
0.306745 -0.000410
0.333570 -0.000146
0.183957 0.000000
0.059405 0.000000
-0.006819 0.000000
0.052262 0.000000
0.336094 0.000000
0.353529 0.000000
0.195455 0.000000
0.065225 0.000000
-0.004200 0.000000
-0.033226 0.086566
-0.038383 0.374888
-0.031248 0.384923
-0.020662 0.216117
-0.011644 0.076870
-0.005821 0.001620
-0.002619 0.055958
-0.001077 0.424148
-0.000410 0.815540
-0.000146 0.955413
0.000000 0.666266
0.000000 0.288786
0.000000 0.045263
0.000000 -0.067371
0.000000 -0.099162
0.086566 -0.088806
0.461454 -0.062998
0.846378 -0.037981
0.975929 -0.020083
0.677910 -0.009516
0.294607 -0.004106
0.047882 -0.001634
-0.066294 -0.000557
-0.098751 -0.000146
-0.088660 0.086566
-0.062998 0.461454
-0.037981 0.759812
-0.020083 0.601041
-0.009516 0.292987
-0.004106 0.078490
-0.001634 -0.028988
-0.000557 0.018652
-0.000146 0.393311
0.000000 0.795024
0.000000 0.943769
0.000000 0.660445
0.000000 0.286168
0.000000 0.044186
0.000000 -0.067781
0.000000 -0.012742
0.000000 0.372648
0.000000 0.783380
0.000000 0.937948
0.000000 0.657827
0.000000 0.285091
0.000000 0.043776
0.000000 -0.067928
0.000000 -0.012742
0.000000 0.372648
0.000000 0.696814
0.000000 0.563060
0.000000 0.272904
0.000000 0.068973
0.000000 -0.033094
0.086566 -0.069548
0.374888 -0.068700
0.384923 -0.051500
0.216117 -0.032160
0.076870 -0.017465
0.001620 -0.008439
0.055958 -0.003696
0.424148 -0.001488
0.815540 -0.000557
0.955413 -0.000146
0.666266 0.000000
0.288786 0.000000
0.045263 0.000000
-0.067371 0.000000
-0.099162 0.000000
-0.002240 0.000000
0.311891 0.000000
0.346942 0.000000
0.196034 0.000000
0.067353 0.000000
-0.002486 0.000000
-0.032242 0.000000
0.048703 0.000000
0.430471 0.000000
0.739295 0.000000
0.589397 0.000000
0.287166 0.000000
0.075871 0.000000
-0.030065 0.000000
0.018242 0.000000
0.306599 0.000000
0.333570 0.000000
0.183957 0.000000
0.059405 0.000000
-0.006819 0.000000
0.052262 0.000000
0.422660 0.000000
0.728418 0.000000
0.580378 0.000000
0.281343 0.000000
0.072669 0.000000
-0.031606 0.000000
0.017575 0.000000
0.306334 0.000000
0.333424 0.000000
0.183957 0.000000
0.059405 0.000000
-0.006819 0.000000
-0.034304 0.086566
-0.038794 0.461454
-0.031394 0.759812
-0.020662 0.601041
-0.011644 0.292987
-0.005821 0.078490
-0.002619 -0.028988
-0.001077 0.018652
-0.000410 0.393311
-0.000146 0.708458
0.000000 0.568880
0.000000 0.275522
0.000000 0.070051
0.000000 -0.032684
0.000000 -0.069402
0.086566 -0.068700
0.374888 -0.051500
0.384923 -0.032160
0.216117 -0.017465
0.076870 -0.008439
0.001620 -0.003696
-0.030608 0.085078
-0.037306 0.374332
-0.030837 0.384777
-0.020516 0.216117
-0.011644 0.076870
-0.005821 0.001620
0.083948 -0.030608
0.460377 -0.037306
0.759401 -0.030837
0.600894 -0.020516
0.292987 -0.011644
0.078490 -0.005821
-0.028988 -0.002619
-0.067914 0.085489
-0.068143 0.461044
-0.051354 0.759665
-0.032160 0.601041
-0.017465 0.292987
-0.008439 0.078490
-0.003696 -0.028988
-0.001488 -0.067914
-0.000557 -0.068143
-0.000146 -0.051354
0.000000 -0.032160
0.000000 -0.017465
0.000000 -0.008439
0.000000 -0.003696
0.000000 -0.001488
0.000000 -0.000557
0.000000 -0.000146
0.000000 0.000000
0.000000 0.000000
0.000000 0.000000
0.000000 0.000000
0.000000 0.000000
0.000000 0.000000
0.000000 0.000000
0.000000 0.000000
0.000000 0.000000
0.000000 0.000000
0.000000 0.000000
0.000000 0.000000
0.000000 0.000000
0.000000 0.000000
0.000000 0.000000
0.000000 0.000000
0.000000 0.000000
0.000000 0.000000
0.000000 0.000000
0.000000 0.000000
0.000000 0.000000
0.000000 0.000000
0.000000 0.000000
0.000000 0.000000
0.000000 0.000000
0.000000 0.000000
0.000000 0.000000
0.000000 0.000000
0.000000 0.000000
0.000000 0.000000
