0.000000 0.000000
0.000000 0.000000
0.000000 0.000000
0.000000 0.000000
0.000000 0.000000
0.000000 0.000000
0.000000 0.000000
0.000000 0.000000
0.000000 0.000000
0.000000 0.000000
0.000000 0.000000
0.000000 0.000000
0.000000 0.000000
0.000000 0.000000
0.000000 0.000678
0.000000 0.011239
0.000000 0.050276
0.000000 0.130346
0.000000 0.248608
0.000000 0.382103
0.000000 0.494603
0.000000 0.558275
0.000000 0.565244
0.000000 0.524590
0.000000 0.453368
0.000000 0.368763
0.000000 0.283870
0.000000 0.206665
0.000000 0.140804
0.000000 0.087038
0.000000 0.044547
0.000000 0.011882
0.000678 -0.012487
0.011239 -0.029943
0.050276 -0.041666
0.130346 -0.048669
0.248608 -0.051847
0.382103 -0.052016
0.494603 -0.049924
0.558275 -0.046248
0.565244 -0.041584
0.524590 -0.036431
0.453368 -0.031185
0.368763 -0.026139
0.283870 -0.021491
0.206665 -0.017358
0.140804 -0.013790
0.087038 -0.010787
0.044547 -0.008317
0.011882 -0.006327
-0.012487 -0.004073
-0.029943 0.007714
-0.041666 0.047690
-0.048669 0.128470
-0.051847 0.247261
-0.052016 0.381144
-0.049924 0.493927
-0.046248 0.557804
-0.041584 0.564960
-0.036431 0.524437
-0.031185 0.453306
-0.026139 0.368763
-0.021491 0.283870
-0.017358 0.206665
-0.013790 0.140804
-0.010787 0.087038
-0.008317 0.044547
-0.006327 0.011882
-0.004751 -0.011809
-0.003525 -0.018704
-0.002586 0.008610
-0.001876 0.081678
-0.001348 0.196761
-0.000958 0.330087
-0.000675 0.444679
-0.000472 0.512027
-0.000284 0.523660
-0.000153 0.488159
-0.000062 0.422184
0.000000 0.342624
0.000000 0.262379
0.000000 0.189307
0.000000 0.127014
0.000000 0.076251
0.000000 0.036229
0.000000 0.005556
0.000000 -0.016560
0.000000 -0.022229
0.000000 0.006024
0.000000 0.079801
0.000000 0.195414
0.000000 0.329129
0.000000 0.444004
0.000000 0.511555
0.000000 0.523376
0.000000 0.488006
0.000000 0.422121
0.000000 0.342624
0.000000 0.262379
0.000000 0.189307
0.000000 0.127014
0.000000 0.076251
0.000000 0.036229
0.000000 0.005556
0.000000 -0.016560
0.000000 -0.022229
0.000000 0.006024
0.000000 0.079801
0.000000 0.195414
0.000000 0.329129
0.000000 0.444004
0.000000 0.511555
0.000000 0.523376
0.000000 0.488006
0.000000 0.422121
0.000000 0.342624
0.000000 0.262379
0.000000 0.189307
0.000000 0.127014
0.000000 0.076251
0.000000 0.036229
0.000000 0.005556
0.000678 -0.017238
0.011239 -0.033468
0.050276 -0.044252
0.130346 -0.050545
0.248608 -0.053194
0.382103 -0.052974
0.494603 -0.050599
0.558275 -0.046720
0.565244 -0.041869
0.524590 -0.036585
0.453368 -0.031247
0.368763 -0.026139
0.283870 -0.021491
0.206665 -0.017358
0.140804 -0.013790
0.087038 -0.010787
0.044547 -0.008317
0.011882 -0.006327
-0.011809 -0.004751
-0.018704 -0.003525
0.008610 -0.002586
0.081678 -0.001876
0.196761 -0.001348
0.330087 -0.000958
0.444679 -0.000675
0.512027 -0.000472
0.523660 -0.000284
0.488159 -0.000153
0.422184 -0.000062
0.342624 0.000000
0.262379 0.000000
0.189307 0.000000
0.127014 0.000000
0.076251 0.000000
0.036229 0.000000
0.005556 0.000000
-0.016560 0.000000
-0.022229 0.000000
0.006024 0.000000
0.079801 0.000000
0.195414 0.000000
0.329129 0.000000
0.444004 0.000000
0.511555 0.000000
0.523376 0.000000
0.488006 0.000000
0.422121 0.000000
0.342624 0.000000
0.262379 0.000000
0.189307 0.000000
0.127014 0.000000
0.076251 0.000000
0.036229 0.000000
0.005556 0.000000
-0.016560 0.000000
-0.022229 0.000000
0.006024 0.000000
0.079801 0.000000
0.195414 0.000000
0.329129 0.000000
0.444004 0.000000
0.511555 0.000000
0.523376 0.000000
0.488006 0.000000
0.422121 0.000000
0.342624 0.000000
0.262379 0.000000
0.189307 0.000000
0.127014 0.000000
0.076251 0.000000
0.036229 0.000000
0.005556 0.000000
-0.016560 0.000000
-0.022229 0.000000
0.006024 0.000000
0.079801 0.000000
0.195414 0.000000
0.329129 0.000000
0.444004 0.000000
0.511555 0.000000
0.523376 0.000000
0.488006 0.000000
0.422121 0.000000
0.342624 0.000000
0.262379 0.000000
0.189307 0.000000
0.127014 0.000000
0.076251 0.000000
0.036229 0.000000
0.005556 0.000000
-0.016560 0.000000
-0.022229 0.000000
0.006024 0.000000
0.079801 0.000000
0.195414 0.000000
0.329129 0.000000
0.444004 0.000000
0.511555 0.000000
0.523376 0.000000
0.488006 0.000000
0.422121 0.000000
0.342624 0.000000
0.262379 0.000000
0.189307 0.000000
0.127014 0.000000
0.076251 0.000000
0.036229 0.000000
0.005556 0.000000
-0.017238 0.000678
-0.033468 0.011239
-0.044252 0.050276
-0.050545 0.130346
-0.053194 0.248608
-0.052974 0.382103
-0.050599 0.494603
-0.046720 0.558275
-0.041869 0.565244
-0.036585 0.524590
-0.031247 0.453368
-0.026139 0.368763
-0.021491 0.283870
-0.017358 0.206665
-0.013790 0.140804
-0.010787 0.087038
-0.008317 0.044547
-0.006327 0.011882
-0.004073 -0.012487
0.007714 -0.029943
0.047690 -0.041666
0.128470 -0.048669
0.247261 -0.051847
0.381144 -0.052016
0.493927 -0.049924
0.557804 -0.046248
0.564960 -0.041584
0.524437 -0.036431
0.453306 -0.031185
0.368763 -0.026139
0.283870 -0.021491
0.206665 -0.017358
0.140804 -0.013790
0.087038 -0.010787
0.044547 -0.008317
0.011882 -0.006327
-0.012487 -0.004073
-0.029943 0.007714
-0.041666 0.047690
-0.048669 0.128470
-0.051847 0.247261
-0.052016 0.381144
-0.049924 0.493927
-0.046248 0.557804
-0.041584 0.564960
-0.036431 0.524437
-0.031185 0.453306
-0.026139 0.368763
-0.021491 0.283870
-0.017358 0.206665
-0.013790 0.140804
-0.010787 0.087038
-0.008317 0.044547
-0.006327 0.011882
-0.004073 -0.012487
0.007714 -0.029943
0.047690 -0.041666
0.128470 -0.048669
0.247261 -0.051847
0.381144 -0.052016
0.493927 -0.049924
0.557804 -0.046248
0.564960 -0.041584
0.524437 -0.036431
0.453306 -0.031185
0.368763 -0.026139
0.283870 -0.021491
0.206665 -0.017358
0.140804 -0.013790
0.087038 -0.010787
0.044547 -0.008317
0.011882 -0.006327
-0.011809 -0.004751
-0.018704 -0.003525
0.008610 -0.002586
0.081678 -0.001876
0.196761 -0.001348
0.330087 -0.000958
0.444679 -0.000675
0.512027 -0.000472
0.523660 -0.000284
0.488159 -0.000153
0.422184 -0.000062
0.342624 0.000000
0.262379 0.000000
0.189307 0.000000
0.127014 0.000000
0.076251 0.000000
0.036229 0.000000
0.005556 0.000000
-0.016560 0.000000
-0.022229 0.000000
0.006024 0.000000
0.079801 0.000000
0.195414 0.000000
0.329129 0.000000
0.444004 0.000000
0.511555 0.000000
0.523376 0.000000
0.488006 0.000000
0.422121 0.000000
0.342624 0.000000
0.262379 0.000000
0.189307 0.000000
0.127014 0.000000
0.076251 0.000000
0.036229 0.000000
0.005556 0.000000
-0.016560 0.000000
-0.022229 0.000000
0.006024 0.000000
0.079801 0.000000
0.195414 0.000000
0.329129 0.000000
0.444004 0.000000
0.511555 0.000000
0.523376 0.000000
0.488006 0.000000
0.422121 0.000000
0.342624 0.000000
0.262379 0.000000
0.189307 0.000000
0.127014 0.000000
0.076251 0.000000
0.036229 0.000000
0.005556 0.000000
-0.016560 0.000000
-0.022229 0.000000
0.006024 0.000000
0.079801 0.000000
0.195414 0.000000
0.329129 0.000000
0.444004 0.000000
0.511555 0.000000
0.523376 0.000000
0.488006 0.000000
0.422121 0.000000
0.342624 0.000000
0.262379 0.000000
0.189307 0.000000
0.127014 0.000000
0.076251 0.000000
0.036229 0.000000
0.005556 0.000000
-0.016560 0.000000
-0.022229 0.000000
0.006024 0.000000
0.079801 0.000000
0.195414 0.000000
0.329129 0.000000
0.444004 0.000000
0.511555 0.000000
0.523376 0.000000
0.488006 0.000000
0.422121 0.000000
0.342624 0.000000
0.262379 0.000000
0.189307 0.000000
0.127014 0.000000
0.076251 0.000000
0.036229 0.000000
0.005556 0.000000
-0.017238 0.000678
-0.033468 0.011239
-0.044252 0.050276
-0.050545 0.130346
-0.053194 0.248608
-0.052974 0.382103
-0.050599 0.494603
-0.046720 0.558275
-0.041869 0.565244
-0.036585 0.524590
-0.031247 0.453368
-0.026139 0.368763
-0.021491 0.283870
-0.017358 0.206665
-0.013790 0.140804
-0.010787 0.087038
-0.008317 0.044547
-0.006327 0.011882
-0.004751 -0.011809
-0.003525 -0.018704
-0.002586 0.008610
-0.001876 0.081678
-0.001348 0.196761
-0.000958 0.330087
-0.000675 0.444679
-0.000472 0.512027
-0.000284 0.523660
-0.000153 0.488159
-0.000062 0.422184
0.000000 0.342624
0.000000 0.262379
0.000000 0.189307
0.000000 0.127014
0.000000 0.076251
0.000000 0.036229
0.000000 0.005556
0.000000 -0.016560
0.000000 -0.022229
0.000000 0.006024
0.000000 0.079801
0.000000 0.195414
0.000000 0.329129
0.000000 0.444004
0.000000 0.511555
0.000000 0.523376
0.000000 0.488006
0.000000 0.422121
0.000000 0.342624
0.000000 0.262379
0.000000 0.189307
0.000000 0.127014
0.000000 0.076251
0.000000 0.036229
0.000000 0.005556
0.000000 -0.016560
0.000000 -0.022229
0.000000 0.006024
0.000000 0.079801
0.000000 0.195414
0.000000 0.329129
0.000000 0.444004
0.000000 0.511555
0.000000 0.523376
0.000000 0.488006
0.000000 0.422121
0.000000 0.342624
0.000000 0.262379
0.000000 0.189307
0.000000 0.127014
0.000000 0.076251
0.000000 0.036229
0.000000 0.005556
0.000678 -0.017238
0.011239 -0.033468
0.050276 -0.044252
0.130346 -0.050545
0.248608 -0.053194
0.382103 -0.052974
0.494603 -0.050599
0.558275 -0.046720
0.565244 -0.041869
0.524590 -0.036585
0.453368 -0.031247
0.368763 -0.026139
0.283870 -0.021491
0.206665 -0.017358
0.140804 -0.013790
0.087038 -0.010787
0.044547 -0.008317
0.011882 -0.006327
-0.012487 -0.004073
-0.029943 0.007714
-0.041666 0.047690
-0.048669 0.128470
-0.051847 0.247261
-0.052016 0.381144
-0.049924 0.493927
-0.046248 0.557804
-0.041584 0.564960
-0.036431 0.524437
-0.031185 0.453306
-0.026139 0.368763
-0.021491 0.283870
-0.017358 0.206665
-0.013790 0.140804
-0.010787 0.087038
-0.008317 0.044547
-0.006327 0.011882
-0.004751 -0.011809
-0.003525 -0.018704
-0.002586 0.008610
-0.001876 0.081678
-0.001348 0.196761
-0.000958 0.330087
-0.000675 0.444679
-0.000472 0.512027
-0.000284 0.523660
-0.000153 0.488159
-0.000062 0.422184
0.000000 0.342624
0.000000 0.262379
0.000000 0.189307
0.000000 0.127014
0.000000 0.076251
0.000000 0.036229
0.000000 0.005556
0.000678 -0.017238
0.011239 -0.033468
0.050276 -0.044252
0.130346 -0.050545
0.248608 -0.053194
0.382103 -0.052974
0.494603 -0.050599
0.558275 -0.046720
0.565244 -0.041869
0.524590 -0.036585
0.453368 -0.031247
0.368763 -0.026139
0.283870 -0.021491
0.206665 -0.017358
0.140804 -0.013790
0.087038 -0.010787
0.044547 -0.008317
0.011882 -0.006327
-0.011809 -0.004751
-0.018704 -0.003525
0.008610 -0.002586
0.081678 -0.001876
0.196761 -0.001348
0.330087 -0.000958
0.444679 -0.000675
0.512027 -0.000472
0.523660 -0.000284
0.488159 -0.000153
0.422184 -0.000062
0.342624 0.000000
0.262379 0.000000
0.189307 0.000000
0.127014 0.000000
0.076251 0.000000
0.036229 0.000000
0.005556 0.000000
-0.016560 0.000000
-0.022229 0.000000
0.006024 0.000000
0.079801 0.000000
0.195414 0.000000
0.329129 0.000000
0.444004 0.000000
0.511555 0.000000
0.523376 0.000000
0.488006 0.000000
0.422121 0.000000
0.342624 0.000000
0.262379 0.000000
0.189307 0.000000
0.127014 0.000000
0.076251 0.000000
0.036229 0.000000
0.005556 0.000000
-0.017238 0.000678
-0.033468 0.011239
-0.044252 0.050276
-0.050545 0.130346
-0.053194 0.248608
-0.052974 0.382103
-0.050599 0.494603
-0.046720 0.558275
-0.041869 0.565244
-0.036585 0.524590
-0.031247 0.453368
-0.026139 0.368763
-0.021491 0.283870
-0.017358 0.206665
-0.013790 0.140804
-0.010787 0.087038
-0.008317 0.044547
-0.006327 0.011882
-0.004073 -0.012487
0.007714 -0.029943
0.047690 -0.041666
0.128470 -0.048669
0.247261 -0.051847
0.381144 -0.052016
0.493927 -0.049924
0.557804 -0.046248
0.564960 -0.041584
0.524437 -0.036431
0.453306 -0.031185
0.368763 -0.026139
0.283870 -0.021491
0.206665 -0.017358
0.140804 -0.013790
0.087038 -0.010787
0.044547 -0.008317
0.011882 -0.006327
-0.012487 -0.004073
-0.029943 0.007714
-0.041666 0.047690
-0.048669 0.128470
-0.051847 0.247261
-0.052016 0.381144
-0.049924 0.493927
-0.046248 0.557804
-0.041584 0.564960
-0.036431 0.524437
-0.031185 0.453306
-0.026139 0.368763
-0.021491 0.283870
-0.017358 0.206665
-0.013790 0.140804
-0.010787 0.087038
-0.008317 0.044547
-0.006327 0.011882
-0.004073 -0.012487
0.007714 -0.029943
0.047690 -0.041666
0.128470 -0.048669
0.247261 -0.051847
0.381144 -0.052016
0.493927 -0.049924
0.557804 -0.046248
0.564960 -0.041584
0.524437 -0.036431
0.453306 -0.031185
0.368763 -0.026139
0.283870 -0.021491
0.206665 -0.017358
0.140804 -0.013790
0.087038 -0.010787
0.044547 -0.008317
0.011882 -0.006327
-0.011809 -0.004751
-0.018704 -0.003525
0.008610 -0.002586
0.081678 -0.001876
0.196761 -0.001348
0.330087 -0.000958
0.444679 -0.000675
0.512027 -0.000472
0.523660 -0.000284
0.488159 -0.000153
0.422184 -0.000062
0.342624 0.000000
0.262379 0.000000
0.189307 0.000000
0.127014 0.000000
0.076251 0.000000
0.036229 0.000000
0.005556 0.000000
-0.017238 0.000678
-0.033468 0.011239
-0.044252 0.050276
-0.050545 0.130346
-0.053194 0.248608
-0.052974 0.382103
-0.050599 0.494603
-0.046720 0.558275
-0.041869 0.565244
-0.036585 0.524590
-0.031247 0.453368
-0.026139 0.368763
-0.021491 0.283870
-0.017358 0.206665
-0.013790 0.140804
-0.010787 0.087038
-0.008317 0.044547
-0.006327 0.011882
-0.004073 -0.012487
0.007714 -0.029943
0.047690 -0.041666
0.128470 -0.048669
0.247261 -0.051847
0.381144 -0.052016
0.493927 -0.049924
0.557804 -0.046248
0.564960 -0.041584
0.524437 -0.036431
0.453306 -0.031185
0.368763 -0.026139
0.283870 -0.021491
0.206665 -0.017358
0.140804 -0.013790
0.087038 -0.010787
0.044547 -0.008317
0.011882 -0.006327
-0.011809 -0.004751
-0.018704 -0.003525
0.008610 -0.002586
0.081678 -0.001876
0.196761 -0.001348
0.330087 -0.000958
0.444679 -0.000675
0.512027 -0.000472
0.523660 -0.000284
0.488159 -0.000153
0.422184 -0.000062
0.342624 0.000000
0.262379 0.000000
0.189307 0.000000
0.127014 0.000000
0.076251 0.000000
0.036229 0.000000
0.005556 0.000000
-0.017238 0.000678
-0.033468 0.011239
-0.044252 0.050276
-0.050545 0.130346
-0.053194 0.248608
-0.052974 0.382103
-0.050599 0.494603
-0.046720 0.558275
-0.041869 0.565244
-0.036585 0.524590
-0.031247 0.453368
-0.026139 0.368763
-0.021491 0.283870
-0.017358 0.206665
-0.013790 0.140804
-0.010787 0.087038
-0.008317 0.044547
-0.006327 0.011882
-0.004073 -0.012487
0.007714 -0.029943
0.047690 -0.041666
0.128470 -0.048669
0.247261 -0.051847
0.381144 -0.052016
0.493927 -0.049924
0.557804 -0.046248
0.564960 -0.041584
0.524437 -0.036431
0.453306 -0.031185
0.368763 -0.026139
0.283870 -0.021491
0.206665 -0.017358
0.140804 -0.013790
0.087038 -0.010787
0.044547 -0.008317
0.011882 -0.006327
-0.012487 -0.004073
-0.029943 0.007714
-0.041666 0.047690
-0.048669 0.128470
-0.051847 0.247261
-0.052016 0.381144
-0.049924 0.493927
-0.046248 0.557804
-0.041584 0.564960
-0.036431 0.524437
-0.031185 0.453306
-0.026139 0.368763
-0.021491 0.283870
-0.017358 0.206665
-0.013790 0.140804
-0.010787 0.087038
-0.008317 0.044547
-0.006327 0.011882
-0.004073 -0.012487
0.007714 -0.029943
0.047690 -0.041666
0.128470 -0.048669
0.247261 -0.051847
0.381144 -0.052016
0.493927 -0.049924
0.557804 -0.046248
0.564960 -0.041584
0.524437 -0.036431
0.453306 -0.031185
0.368763 -0.026139
0.283870 -0.021491
0.206665 -0.017358
0.140804 -0.013790
0.087038 -0.010787
0.044547 -0.008317
0.011882 -0.006327
-0.012487 -0.004073
-0.029943 0.007714
-0.041666 0.047690
-0.048669 0.128470
-0.051847 0.247261
-0.052016 0.381144
-0.049924 0.493927
-0.046248 0.557804
-0.041584 0.564960
-0.036431 0.524437
-0.031185 0.453306
-0.026139 0.368763
-0.021491 0.283870
-0.017358 0.206665
-0.013790 0.140804
-0.010787 0.087038
-0.008317 0.044547
-0.006327 0.011882
-0.004751 -0.011809
-0.003525 -0.018704
-0.002586 0.008610
-0.001876 0.081678
-0.001348 0.196761
-0.000958 0.330087
-0.000675 0.444679
-0.000472 0.512027
-0.000284 0.523660
-0.000153 0.488159
-0.000062 0.422184
0.000000 0.342624
0.000000 0.262379
0.000000 0.189307
0.000000 0.127014
0.000000 0.076251
0.000000 0.036229
0.000000 0.005556
0.000000 -0.016560
0.000000 -0.022229
0.000000 0.006024
0.000000 0.079801
0.000000 0.195414
0.000000 0.329129
0.000000 0.444004
0.000000 0.511555
0.000000 0.523376
0.000000 0.488006
0.000000 0.422121
0.000000 0.342624
0.000000 0.262379
0.000000 0.189307
0.000000 0.127014
0.000000 0.076251
0.000000 0.036229
0.000000 0.005556
0.000000 -0.016560
0.000000 -0.022229
0.000000 0.006024
0.000000 0.079801
0.000000 0.195414
0.000000 0.329129
0.000000 0.444004
0.000000 0.511555
0.000000 0.523376
0.000000 0.488006
0.000000 0.422121
0.000000 0.342624
0.000000 0.262379
0.000000 0.189307
0.000000 0.127014
0.000000 0.076251
0.000000 0.036229
0.000000 0.005556
0.000678 -0.017238
0.011239 -0.033468
0.050276 -0.044252
0.130346 -0.050545
0.248608 -0.053194
0.382103 -0.052974
0.494603 -0.050599
0.558275 -0.046720
0.565244 -0.041869
0.524590 -0.036585
0.453368 -0.031247
0.368763 -0.026139
0.283870 -0.021491
0.206665 -0.017358
0.140804 -0.013790
0.087038 -0.010787
0.044547 -0.008317
0.011882 -0.006327
-0.012487 -0.004073
-0.029943 0.007714
-0.041666 0.047690
-0.048669 0.128470
-0.051847 0.247261
-0.052016 0.381144
-0.049924 0.493927
-0.046248 0.557804
-0.041584 0.564960
-0.036431 0.524437
-0.031185 0.453306
-0.026139 0.368763
-0.021491 0.283870
-0.017358 0.206665
-0.013790 0.140804
-0.010787 0.087038
-0.008317 0.044547
-0.006327 0.011882
-0.004751 -0.011809
-0.003525 -0.018704
-0.002586 0.008610
-0.001876 0.081678
-0.001348 0.196761
-0.000958 0.330087
-0.000675 0.444679
-0.000472 0.512027
-0.000284 0.523660
-0.000153 0.488159
-0.000062 0.422184
0.000000 0.342624
0.000000 0.262379
0.000000 0.189307
0.000000 0.127014
0.000000 0.076251
0.000000 0.036229
0.000000 0.005556
0.000678 -0.017238
0.011239 -0.033468
0.050276 -0.044252
0.130346 -0.050545
0.248608 -0.053194
0.382103 -0.052974
0.494603 -0.050599
0.558275 -0.046720
0.565244 -0.041869
0.524590 -0.036585
0.453368 -0.031247
0.368763 -0.026139
0.283870 -0.021491
0.206665 -0.017358
0.140804 -0.013790
0.087038 -0.010787
0.044547 -0.008317
0.011882 -0.006327
-0.012487 -0.004073
-0.029943 0.007714
-0.041666 0.047690
-0.048669 0.128470
-0.051847 0.247261
-0.052016 0.381144
-0.049924 0.493927
-0.046248 0.557804
-0.041584 0.564960
-0.036431 0.524437
-0.031185 0.453306
-0.026139 0.368763
-0.021491 0.283870
-0.017358 0.206665
-0.013790 0.140804
-0.010787 0.087038
-0.008317 0.044547
-0.006327 0.011882
-0.004073 -0.012487
0.007714 -0.029943
0.047690 -0.041666
0.128470 -0.048669
0.247261 -0.051847
0.381144 -0.052016
0.493927 -0.049924
0.557804 -0.046248
0.564960 -0.041584
0.524437 -0.036431
0.453306 -0.031185
0.368763 -0.026139
0.283870 -0.021491
0.206665 -0.017358
0.140804 -0.013790
0.087038 -0.010787
0.044547 -0.008317
0.011882 -0.006327
-0.012487 -0.004073
-0.029943 0.007714
-0.041666 0.047690
-0.048669 0.128470
-0.051847 0.247261
-0.052016 0.381144
-0.049924 0.493927
-0.046248 0.557804
-0.041584 0.564960
-0.036431 0.524437
-0.031185 0.453306
-0.026139 0.368763
-0.021491 0.283870
-0.017358 0.206665
-0.013790 0.140804
-0.010787 0.087038
-0.008317 0.044547
-0.006327 0.011882
-0.004073 -0.012487
0.007714 -0.029943
0.047690 -0.041666
0.128470 -0.048669
0.247261 -0.051847
0.381144 -0.052016
0.493927 -0.049924
0.557804 -0.046248
0.564960 -0.041584
0.524437 -0.036431
0.453306 -0.031185
0.368763 -0.026139
0.283870 -0.021491
0.206665 -0.017358
0.140804 -0.013790
0.087038 -0.010787
0.044547 -0.008317
0.011882 -0.006327
-0.012487 -0.004073
-0.029943 0.007714
-0.041666 0.047690
-0.048669 0.128470
-0.051847 0.247261
-0.052016 0.381144
-0.049924 0.493927
-0.046248 0.557804
-0.041584 0.564960
-0.036431 0.524437
-0.031185 0.453306
-0.026139 0.368763
-0.021491 0.283870
-0.017358 0.206665
-0.013790 0.140804
-0.010787 0.087038
-0.008317 0.044547
-0.006327 0.011882
-0.004751 -0.011809
-0.003525 -0.018704
-0.002586 0.008610
-0.001876 0.081678
-0.001348 0.196761
-0.000958 0.330087
-0.000675 0.444679
-0.000472 0.512027
-0.000284 0.523660
-0.000153 0.488159
-0.000062 0.422184
0.000000 0.342624
0.000000 0.262379
0.000000 0.189307
0.000000 0.127014
0.000000 0.076251
0.000000 0.036229
0.000000 0.005556
0.000678 -0.017238
0.011239 -0.033468
0.050276 -0.044252
0.130346 -0.050545
0.248608 -0.053194
0.382103 -0.052974
0.494603 -0.050599
0.558275 -0.046720
0.565244 -0.041869
0.524590 -0.036585
0.453368 -0.031247
0.368763 -0.026139
0.283870 -0.021491
0.206665 -0.017358
0.140804 -0.013790
0.087038 -0.010787
0.044547 -0.008317
0.011882 -0.006327
-0.012487 -0.004073
-0.029943 0.007714
-0.041666 0.047690
-0.048669 0.128470
-0.051847 0.247261
-0.052016 0.381144
-0.049924 0.493927
-0.046248 0.557804
-0.041584 0.564960
-0.036431 0.524437
-0.031185 0.453306
-0.026139 0.368763
-0.021491 0.283870
-0.017358 0.206665
-0.013790 0.140804
-0.010787 0.087038
-0.008317 0.044547
-0.006327 0.011882
-0.004073 -0.012487
0.007714 -0.029943
0.047690 -0.041666
0.128470 -0.048669
0.247261 -0.051847
0.381144 -0.052016
0.493927 -0.049924
0.557804 -0.046248
0.564960 -0.041584
0.524437 -0.036431
0.453306 -0.031185
0.368763 -0.026139
0.283870 -0.021491
0.206665 -0.017358
0.140804 -0.013790
0.087038 -0.010787
0.044547 -0.008317
0.011882 -0.006327
-0.011809 -0.004751
-0.018704 -0.003525
0.008610 -0.002586
0.081678 -0.001876
0.196761 -0.001348
0.330087 -0.000958
0.444679 -0.000675
0.512027 -0.000472
0.523660 -0.000284
0.488159 -0.000153
0.422184 -0.000062
0.342624 0.000000
0.262379 0.000000
0.189307 0.000000
0.127014 0.000000
0.076251 0.000000
0.036229 0.000000
0.005556 0.000000
-0.017238 0.000678
-0.033468 0.011239
-0.044252 0.050276
-0.050545 0.130346
-0.053194 0.248608
-0.052974 0.382103
-0.050599 0.494603
-0.046720 0.558275
-0.041869 0.565244
-0.036585 0.524590
-0.031247 0.453368
-0.026139 0.368763
-0.021491 0.283870
-0.017358 0.206665
-0.013790 0.140804
-0.010787 0.087038
-0.008317 0.044547
-0.006327 0.011882
-0.004751 -0.011809
-0.003525 -0.018704
-0.002586 0.008610
-0.001876 0.081678
-0.001348 0.196761
-0.000958 0.330087
-0.000675 0.444679
-0.000472 0.512027
-0.000284 0.523660
-0.000153 0.488159
-0.000062 0.422184
0.000000 0.342624
0.000000 0.262379
0.000000 0.189307
0.000000 0.127014
0.000000 0.076251
0.000000 0.036229
0.000000 0.005556
0.000000 -0.016560
0.000000 -0.022229
0.000000 0.006024
0.000000 0.079801
0.000000 0.195414
0.000000 0.329129
0.000000 0.444004
0.000000 0.511555
0.000000 0.523376
0.000000 0.488006
0.000000 0.422121
0.000000 0.342624
0.000000 0.262379
0.000000 0.189307
0.000000 0.127014
0.000000 0.076251
0.000000 0.036229
0.000000 0.005556
0.000000 -0.017238
0.000000 -0.033468
0.000000 -0.044252
0.000000 -0.050545
0.000000 -0.053194
0.000000 -0.052974
0.000000 -0.050599
0.000000 -0.046720
0.000000 -0.041869
0.000000 -0.036585
0.000000 -0.031247
0.000000 -0.026139
0.000000 -0.021491
0.000000 -0.017358
0.000000 -0.013790
0.000000 -0.010787
0.000000 -0.008317
0.000000 -0.006327
0.000000 -0.004751
0.000000 -0.003525
0.000000 -0.002586
0.000000 -0.001876
0.000000 -0.001348
0.000000 -0.000958
0.000000 -0.000675
0.000000 -0.000472
0.000000 -0.000284
0.000000 -0.000153
0.000000 -0.000062
0.000000 0.000000
0.000000 0.000000
0.000000 0.000000
0.000000 0.000000
0.000000 0.000000
