0.000000
0.000000
0.000000
0.000000
0.000000
0.000000
0.000000
0.000000
0.000000
0.000000
0.000000
0.000678
0.011239
0.050276
0.130346
0.249286
0.393342
0.544878
0.688622
0.814531
0.917932
0.998247
1.057385
1.098400
1.124597
1.139051
1.144423
1.142947
1.136480
1.126563
1.114480
1.101281
1.087811
1.074716
1.062464
1.051358
1.041563
1.033132
1.026033
1.020173
1.015424
1.011641
1.008675
1.006383
1.004637
1.003324
1.002348
1.001632
1.001112
1.000738
1.000472
0.999606
0.988914
0.949787
0.869654
0.750714
0.606658
0.455122
0.311378
0.185469
0.082068
0.001753
-0.057385
-0.098400
-0.124597
-0.139051
-0.144423
-0.142947
-0.136480
-0.126563
-0.114480
-0.101281
-0.087811
-0.074716
-0.062464
-0.051358
-0.041563
-0.033132
-0.026033
-0.020173
-0.015424
-0.011641
-0.008675
-0.006383
-0.004637
-0.003324
-0.002348
-0.001632
-0.001112
-0.000738
-0.000472
-0.000284
-0.000153
-0.000062
0.000000
0.000000
0.000000
0.000000
0.000000
0.000000
0.000000
0.000000
0.000000
0.000000
0.000000
0.000000
0.000000
0.000000
0.000000
0.000000
0.000000
0.000000
0.000000
0.000000
0.000000
0.000000
0.000000
0.000000
0.000000
0.000000
0.000000
0.000000
0.000000
0.000000
0.000000
0.000000
0.000000
0.000000
0.000000
0.000000
0.000000
0.000000
0.000000
0.000678
0.011239
0.050276
0.130346
0.249286
0.393342
0.544878
0.688622
0.814531
0.917932
0.998247
1.057385
1.098400
1.124597
1.139051
1.144423
1.142947
1.136480
1.126563
1.114480
1.101281
1.087811
1.074716
1.062464
1.051358
1.041563
1.033132
1.026033
1.020173
1.015424
1.011641
1.008675
1.006383
1.004637
1.003324
1.002348
1.001632
1.001112
1.000738
1.000472
0.999606
0.988914
0.949787
0.869654
0.750714
0.606658
0.455122
0.311378
0.185469
0.082068
0.001753
-0.057385
-0.098400
-0.124597
-0.139051
-0.144423
-0.142947
-0.136480
-0.126563
-0.114480
-0.101281
-0.087811
-0.074716
-0.062464
-0.051358
-0.041563
-0.033132
-0.026033
-0.020173
-0.015424
-0.011641
-0.008675
-0.006383
-0.004637
-0.003324
-0.002348
-0.001632
-0.001112
-0.000738
-0.000472
-0.000284
-0.000153
-0.000062
0.000000
0.000000
0.000000
0.000000
0.000000
0.000000
0.000000
0.000000
0.000000
0.000000
0.000000
0.000000
0.000000
0.000000
0.000000
0.000000
0.000000
0.000000
0.000000
0.000000
0.000000
0.000000
0.000000
0.000000
0.000000
0.000000
0.000000
0.000000
0.000000
0.000000
0.000000
0.000000
0.000000
0.000000
0.000000
0.000000
0.000000
