0.000000
0.000000
0.000000
0.000000
0.000000
0.000000
0.000000
0.000000
0.000000
0.000000
0.000000
0.000678
0.011239
0.050276
0.130346
0.249286
0.393342
0.544878
0.688622
0.814531
0.917932
0.998247
1.056707
1.087161
1.074322
1.008705
0.895815
0.760844
0.641877
0.568288
0.549235
0.576691
0.633765
0.694714
0.728319
0.714346
0.652151
0.563991
0.486883
0.450015
0.462667
0.516994
0.596972
0.686288
0.772614
0.848674
0.911468
0.960842
0.998149
1.025287
1.044144
1.056366
1.062632
1.054850
1.015361
0.932457
0.808955
0.659233
0.501457
0.351335
0.219240
0.110083
0.024592
-0.039068
-0.083935
-0.113338
-0.130449
-0.137943
-0.138134
-0.132955
-0.123978
-0.112603
-0.099934
-0.086853
-0.074041
-0.061992
-0.051073
-0.041410
-0.033070
-0.026033
-0.020173
-0.015424
-0.011641
-0.008675
-0.006383
-0.004637
-0.003324
-0.002348
-0.001632
-0.001112
-0.000738
-0.000472
-0.000284
-0.000153
-0.000062
0.000000
0.000000
0.000000
0.000000
0.000000
0.000000
0.000000
0.000000
0.000000
0.000000
0.000000
0.000000
0.000000
0.000000
0.000000
0.000000
0.000000
0.000000
0.000000
0.000000
0.000000
0.000000
0.000000
0.000000
0.000000
0.000000
0.000000
0.000000
0.000000
0.000000
0.000000
0.000000
0.000000
0.000000
0.000000
0.000000
0.000000
0.000000
0.000678
0.011239
0.050276
0.130346
0.249286
0.393342
0.544878
0.688622
0.814531
0.917932
0.998247
1.056707
1.087161
1.074322
1.008705
0.895815
0.760844
0.641877
0.568288
0.549235
0.576691
0.633765
0.694714
0.728319
0.714346
0.652151
0.563991
0.486883
0.450015
0.462667
0.516994
0.596972
0.686288
0.772614
0.848674
0.911468
0.960842
0.998149
1.025287
1.044144
1.056366
1.062632
1.054850
1.015361
0.932457
0.808955
0.659233
0.501457
0.351335
0.219240
0.110083
0.024592
-0.039068
-0.083935
-0.113338
-0.130449
-0.137943
-0.138134
-0.132955
-0.123978
-0.112603
-0.099934
-0.086853
-0.074041
-0.061992
-0.051073
-0.041410
-0.033070
-0.026033
-0.020173
-0.015424
-0.010963
0.002564
0.043893
0.125709
0.245963
0.390994
0.542568
0.676271
0.763517
0.787114
0.749354
0.675129
0.603735
0.566322
0.573806
0.619833
0.688901
0.756478
0.792418
0.777468
0.711191
0.607431
0.485291
0.361960
0.249314
0.153574
0.076551
0.017317
-0.026381
-0.057158
-0.077486
-0.089500
-0.094980
-0.095412
-0.092055
-0.085993
-0.078158
-0.069341
-0.060189
-0.051205
-0.042756
-0.035083
-0.028319
-0.022508
-0.017587
-0.013548
-0.010293
-0.007716
-0.005707
