0.000000
0.000000
0.000000
0.000000
0.000000
0.000000
0.000000
0.000000
0.000000
0.000000
0.000000
0.000000
0.000000
0.000000
0.000000
0.000000
0.000000
0.000000
0.000000
0.000000
0.000000
0.000678
0.011239
0.050276
0.130346
0.249286
0.393342
0.544200
0.677382
0.764255
0.787586
0.749638
0.675282
0.603798
0.566322
0.573806
0.619833
0.688901
0.756478
0.792418
0.777468
0.711191
0.607431
0.485291
0.361960
0.249314
0.153574
0.076551
0.017317
-0.026381
-0.057158
-0.077486
-0.089500
-0.094980
-0.095412
-0.092055
-0.085993
-0.078158
-0.069341
-0.060189
-0.051205
-0.042756
-0.035083
-0.028319
-0.022508
-0.017587
-0.013548
-0.010293
-0.007716
-0.005707
-0.004165
-0.003039
-0.001517
0.009670
0.049164
0.129608
0.248815
0.393058
0.544047
0.677320
0.764255
0.787586
0.749638
0.675282
0.603798
0.566322
0.573806
0.619833
0.689579
0.767717
0.842694
0.907815
0.960477
1.000773
1.030170
1.050582
1.063845
1.071506
1.074798
1.074701
1.072019
1.067440
1.061565
1.054245
1.036728
0.990792
0.904162
0.779879
0.641020
0.523867
0.456252
0.446015
0.484011
0.552433
0.624811
0.669380
0.665574
0.611786
0.520967
0.411533
0.300172
0.198428
0.112295
0.043572
-0.008654
-0.046554
-0.072582
-0.089127
-0.098175
-0.101363
-0.100048
-0.095378
-0.088341
-0.079790
-0.070453
-0.060927
-0.051677
-0.043040
-0.035236
-0.028381
-0.022508
-0.017587
-0.013548
-0.009615
0.003523
0.044568
0.126181
0.246247
0.391147
0.542631
0.676271
0.763517
0.787114
0.749354
0.675129
0.603735
0.566322
0.573806
0.619833
0.688901
0.756478
0.792418
0.777468
0.711191
0.607431
0.485291
0.361960
0.249314
0.153574
0.076551
0.017317
-0.026381
-0.057158
-0.077486
-0.089500
-0.094980
-0.095412
-0.092055
-0.085993
-0.078158
-0.069341
-0.060189
-0.051205
-0.042756
-0.035083
-0.028319
-0.022508
-0.017587
-0.013548
-0.010293
-0.007716
-0.005707
-0.004165
-0.003039
-0.001517
0.009670
0.049164
0.129608
0.248815
0.393058
0.544725
0.688559
0.814531
0.917932
0.998247
1.056707
1.087161
1.074322
1.008705
0.895815
0.760844
0.641877
0.568288
0.549235
0.576691
0.633765
0.694714
0.728319
0.714346
0.652151
0.563991
0.486883
0.450015
0.462667
0.516994
0.596972
0.686288
0.772614
0.848674
0.911468
0.960842
0.998149
1.025287
1.044144
1.056366
1.062632
1.054850
1.015361
0.932457
0.808955
0.659233
0.501457
0.351335
0.219240
0.110083
0.024592
-0.039068
-0.083935
-0.113338
-0.130449
-0.137943
-0.138134
-0.132955
